/*--------------------------------*- C++ -*----------------------------------*\
  =========                 |
  \\      /  F ield         | OpenFOAM: The Open Source CFD Toolbox
   \\    /   O peration     | Website:  https://openfoam.org
    \\  /    A nd           | Version:  6
     \\/     M anipulation  |
\*---------------------------------------------------------------------------*/
FoamFile
{
    version     2.0;
    format      ascii;
    class       volScalarField;
    location    "0.1";
    object      nut;
}
// * * * * * * * * * * * * * * * * * * * * * * * * * * * * * * * * * * * * * //

dimensions      [0 2 -1 0 0 0 0];

internalField   nonuniform List<scalar> 
12225
(
0
0
0
0
0
0
0
0
0
0
0
0
0
0
0
0
0
0
0
0
0
0
0
0
0
0
0
0
0
0
0
0
0
0
0
0
0
0
0
0
0
0
0
0
0
5.58935e-10
8.22306e-10
1.6634e-10
0
0
0
0
0
0
4.92262e-08
3.13627e-09
0
0
0
0
0
0
1.07339e-09
2.96863e-09
1.69001e-09
0
0
0
0
0
0
0
3.8335e-07
6.32819e-09
0
0
0
0
0
0
0
0
0
0
0
0
0
3.9511e-08
3.90932e-08
3.21713e-08
2.3362e-07
5.56177e-08
1.01327e-07
4.4442e-08
1.01933e-07
1.28365e-07
0
0
0
0
0
0
0
0
0
0
0
0
3.88181e-07
1.6742e-07
4.75482e-07
2.8332e-07
1.57149e-07
1.75993e-07
3.52093e-08
0
5.05303e-08
1.88909e-07
2.20553e-07
1.88294e-07
8.59327e-08
0
0
0
0
0
4.18442e-07
0
9.93334e-07
1.44951e-06
3.89463e-07
2.56064e-07
4.19868e-08
1.28486e-07
1.41017e-06
2.66764e-06
3.02693e-06
2.6103e-06
1.75862e-06
9.24705e-07
4.41512e-08
0
0
0
0
0
0
0
0
0
0
2.56041e-07
1.98052e-06
3.76083e-06
5.26933e-06
6.05513e-06
5.34813e-06
2.33061e-06
0
0
0
0
0
0
0
0
0
0
0
4.99994e-07
1.47426e-06
2.43575e-06
3.60709e-06
4.52907e-06
1.89749e-06
0
0
0
0
0
0
0
0
0
0
0
0
4.82742e-07
1.10233e-06
1.6277e-06
1.40266e-06
4.13823e-07
0
0
0
0
0
0
1.43245e-07
0
0
0
0
0
0
3.79003e-07
6.56782e-07
4.14771e-09
8.36078e-08
2.17275e-07
1.28627e-07
0
0
0
0
0
5.46366e-07
8.42622e-07
0
0
0
0
0
1.1741e-07
2.32676e-08
0
0
5.35779e-08
3.02293e-07
3.07158e-07
0
0
0
0
1.48781e-06
3.23243e-06
1.47042e-06
7.4038e-07
1.20801e-07
0
0
2.46782e-07
1.94639e-07
4.84745e-08
2.88453e-09
1.76262e-07
5.20586e-07
7.90542e-07
8.28124e-07
5.92614e-07
0
0
1.14921e-06
1.73469e-06
8.34494e-07
1.67349e-07
1.73245e-07
0
3.21288e-07
6.88289e-07
6.1294e-07
6.13333e-07
8.0887e-07
8.28895e-07
5.91763e-07
3.22273e-07
9.70274e-08
0
0
0
1.10793e-06
1.52289e-06
1.7947e-06
2.49841e-07
0
0
0
3.33847e-07
4.21178e-07
4.14472e-07
5.33239e-07
3.52067e-07
0
0
0
0
0
0
7.93533e-07
2.35474e-06
3.38451e-06
1.68046e-06
1.74055e-07
3.65045e-07
7.54829e-07
5.50596e-07
0
0
1.30273e-08
0
0
0
0
0
0
0
0
0
0
0
0
0
0
0
0
0
0
0
0
0
0
0
0
0
0
0
7.94808e-06
6.78064e-06
3.46358e-06
1.58095e-06
1.4258e-06
3.57268e-06
4.83479e-06
2.74862e-06
1.11944e-06
1.22203e-07
0
0
0
0
0
0
1.12941e-06
1.9148e-06
0
0
0
0
0
0
1.51889e-06
1.14844e-06
5.44832e-07
1.55971e-07
0
0
0
0
0
0
0
0
0
0
0
0
0
0
6.22252e-07
4.28744e-07
1.61852e-07
1.39413e-07
0
0
0
0
0
0
0
0
0
0
0
0
0
0
0
0
2.29463e-07
7.43069e-08
0
0
0
0
0
0
0
0
0
0
0
0
0
0
0
0
0
0
0
0
0
0
0
0
0
1.54153e-06
7.60139e-07
0
0
0
0
0
3.45797e-07
7.23567e-07
4.67693e-07
0
0
0
0
0
0
0
0
1.70133e-06
1.41629e-06
0
0
0
0
1.91293e-07
5.2884e-07
6.93952e-07
6.81584e-07
3.22614e-07
3.66497e-07
4.2604e-07
4.87695e-07
7.87002e-07
7.06362e-07
0
0
0
0
0
0
0
8.77873e-08
1.85822e-07
2.57498e-07
2.57495e-07
1.0006e-07
3.66116e-08
3.96375e-07
3.56243e-07
2.18518e-07
2.46714e-07
3.11891e-07
1.41708e-07
1.59454e-07
9.15097e-08
1.56932e-08
5.26066e-09
8.62572e-09
5.21631e-09
0
0
0
0
0
0
0
9.36376e-11
2.14809e-09
2.1091e-09
1.03961e-09
0
0
0
0
0
0
0
0
0
0
0
0
0
0
0
0
1.59768e-10
1.28799e-10
0
0
0
0
0
0
0
0
0
0
0
0
0
0
0
0
0
0
0
0
0
0
0
0
0
0
0
0
0
0
0
0
0
0
0
0
0
0
6.55514e-06
1.16215e-05
7.24923e-06
0
0
0
0
0
3.76546e-06
4.87361e-06
3.48008e-06
1.42419e-06
0
0
0
0
0
0
0
0
0
0
2.92732e-07
2.27169e-06
1.49504e-06
0
0
0
0
0
8.9765e-07
2.71135e-06
0
0
0
0
0
0
0
0
3.39184e-06
5.51206e-06
4.34371e-06
6.88633e-07
0
0
0
0
0
0
0
0
7.12098e-07
1.48747e-06
2.0728e-06
2.45829e-06
4.30431e-06
1.66047e-05
4.77337e-05
8.07678e-05
0.000106939
0.000102036
5.08178e-05
1.25e-05
3.19386e-06
6.11114e-07
2.90091e-07
2.23917e-07
2.19971e-07
2.62128e-07
2.79406e-07
2.8794e-07
2.86953e-07
2.73971e-07
2.52038e-07
2.21716e-07
1.82036e-07
1.3511e-07
8.65446e-08
4.20629e-08
0
0
0
0
0
0
0
0
0
0
0
0
0
0
0
0
0
0
0
0
0
5.11281e-07
1.05791e-05
2.05036e-05
7.52737e-06
1.25898e-06
6.8847e-06
1.38648e-05
6.10018e-06
2.45857e-06
1.48189e-06
9.23976e-07
5.51991e-07
2.71822e-07
6.53414e-08
0
0
0
0
0
0
0
0
0
0
0
0
0
0
0
0
0
0
0
0
0
0
0
0
6.81443e-08
1.24155e-07
1.19437e-07
9.1261e-08
6.2688e-08
4.25848e-08
2.79243e-08
1.24143e-08
0
0
0
0
0
0
0
0
0
8.77127e-10
2.91788e-08
1.90776e-08
0
0
0
0
0
4.80435e-07
1.77031e-06
4.84678e-08
0
1.12357e-06
1.99757e-06
1.62089e-06
2.3819e-06
1.55723e-06
0
0
0
0
0
0
0
0
0
0
0
0
0
0
2.61457e-06
3.83591e-06
4.09983e-06
3.66895e-06
2.63512e-06
1.25158e-06
2.32432e-08
0
0
0
0
0
0
0
0
0
3.89374e-07
0
0
0
0
0
0
0
0
0
0
0
0
0
0
0
0
1.93727e-06
3.95527e-06
2.8499e-06
0
0
0
0
0
0
0
0
1.1557e-07
1.56352e-06
3.19111e-06
4.93712e-06
7.67302e-06
1.44546e-05
1.98107e-05
2.40337e-05
2.21344e-05
1.70463e-05
1.21619e-05
1.00734e-05
6.39086e-06
2.67485e-06
7.31164e-07
4.3877e-07
2.45743e-07
1.80861e-07
1.77377e-07
1.55036e-07
1.42719e-07
1.32585e-07
1.22384e-07
1.11555e-07
9.93585e-08
8.39652e-08
6.4982e-08
4.34034e-08
1.98926e-08
0
0
0
0
0
0
0
0
0
0
0
0
0
0
0
0
0
0
0
0
0
0
4.666e-06
1.76871e-06
2.89362e-06
6.1034e-06
7.29958e-06
1.28189e-05
5.61884e-06
2.52286e-06
1.82539e-06
1.2451e-06
7.8742e-07
3.7522e-07
5.32176e-08
0
0
0
0
0
0
0
0
0
0
0
0
0
0
0
0
0
0
0
0
0
0
0
0
1.57424e-07
3.32712e-07
3.41345e-07
2.95015e-07
2.44819e-07
2.08126e-07
1.82193e-07
1.57859e-07
1.27574e-07
8.8157e-08
4.24617e-08
0
0
0
0
0
0
0
1.95258e-08
9.92449e-09
0
0
0
0
0
5.44942e-07
1.87784e-06
0
0
1.55176e-07
2.09625e-07
0
0
0
0
0
0
0
0
0
0
0
0
0
0
0
0
0
1.35238e-06
1.73976e-06
1.71522e-06
1.54987e-06
1.27782e-06
7.92194e-07
4.73885e-08
0
0
0
0
0
0
0
0
0
0
0
0
0
0
0
3.71586e-07
3.64627e-06
7.03024e-06
7.84208e-06
0
0
2.0564e-06
5.4019e-07
0
0
0
0
0
0
0
0
0
2.39162e-06
4.85936e-06
5.60332e-06
4.92915e-06
3.53903e-06
2.43252e-06
1.13786e-06
0
0
2.58659e-06
7.1868e-06
9.92734e-06
9.07441e-06
7.38749e-06
4.57194e-06
1.59823e-06
2.27557e-06
2.4317e-06
6.50907e-07
4.17196e-08
1.33529e-07
3.33011e-08
7.45431e-08
9.38832e-08
6.34806e-08
3.99135e-08
1.35077e-08
0
0
0
0
0
0
0
0
0
0
0
0
0
0
0
0
0
0
0
0
0
0
0
0
0
0
0
0
0
0
0
0
1.87369e-07
1.96996e-06
8.26582e-06
8.38594e-06
5.6716e-06
5.2702e-06
3.67197e-06
2.28546e-06
9.63115e-07
0
0
0
0
0
0
0
0
0
0
0
0
0
0
0
0
0
0
0
0
0
0
0
0
0
0
0
0
0
1.05384e-07
2.56248e-07
3.69494e-07
4.37946e-07
4.61937e-07
4.42237e-07
3.86662e-07
3.13489e-07
2.32275e-07
1.62788e-07
1.0574e-07
3.94875e-08
0
0
0
0
0
0
0
0
0
7.65356e-07
1.79398e-06
0
0
0
0
0
0
0
0
0
0
2.36745e-07
3.47144e-07
0
0
0
0
0
0
0
0
0
1.06253e-06
1.16462e-06
1.08565e-06
1.00936e-06
9.14823e-07
7.14254e-07
3.9466e-07
0
0
0
0
0
0
0
0
0
0
0
0
0
0
0
4.09404e-06
9.25989e-06
9.86687e-06
5.99974e-06
1.58036e-06
0
0
4.59841e-06
8.0843e-06
0
0
0
0
8.55594e-07
4.4557e-06
7.98536e-06
1.03501e-05
1.24547e-05
1.51109e-05
1.79123e-05
1.65046e-05
9.05455e-06
3.24681e-06
4.47536e-07
0
0
1.04579e-06
3.96323e-06
4.08474e-06
2.10993e-06
1.73782e-06
1.46073e-06
2.74857e-07
1.11295e-07
0
0
0
0
0
0
0
0
0
0
0
0
0
0
0
0
0
0
0
0
0
0
0
0
0
0
0
0
0
0
0
0
0
0
0
0
0
0
0
0
0
0
0
0
0
0
0
0
0
0
0
1.6676e-07
4.7006e-07
6.6317e-07
5.02649e-07
2.04921e-07
0
0
0
0
0
0
0
0
0
0
0
0
0
0
0
0
0
0
0
0
0
0
0
0
0
0
0
0
0
0
0
0
0
0
0
0
0
0
0
0
4.50334e-07
3.21663e-06
4.67092e-06
5.39652e-06
3.21006e-06
2.66412e-06
2.70846e-06
0
0
0
0
0
0
0
0
0
0
0
2.83241e-07
3.13945e-07
2.62469e-07
3.36358e-06
3.41572e-06
1.39567e-06
3.14871e-07
0
1.80918e-07
1.47855e-06
1.66156e-06
1.34426e-06
1.06737e-06
8.53258e-07
5.93336e-07
2.35097e-07
0
0
0
0
0
0
0
0
0
0
1.93633e-06
2.18442e-06
5.08416e-07
0
0
0
3.61508e-07
9.48905e-06
3.93951e-06
1.1228e-06
0
0
0
0
0
0
0
1.39229e-07
1.32898e-06
3.667e-06
5.80297e-06
7.91401e-06
1.01404e-05
1.26436e-05
1.69434e-05
1.66226e-05
8.95722e-06
3.55964e-06
9.41072e-08
0
0
0
0
0
0
0
0
0
0
0
0
0
0
0
0
0
0
0
0
0
0
0
0
0
0
0
0
0
0
0
0
0
0
0
0
0
0
0
0
0
0
0
0
2.74166e-07
3.48038e-06
5.57901e-06
2.89275e-06
0
0
0
0
0
0
0
0
0
0
0
0
0
0
1.09505e-07
6.35887e-07
1.16536e-06
1.40362e-06
1.50608e-06
1.42021e-06
1.17003e-06
8.40406e-07
5.02287e-07
2.18803e-07
0
0
0
0
0
0
0
0
0
0
0
0
0
0
0
0
0
0
0
0
0
0
0
0
0
0
0
0
0
0
0
0
0
0
0
0
3.6866e-06
6.06487e-06
7.6298e-06
8.39659e-06
6.76269e-06
5.80993e-06
1.28185e-06
0
0
0
0
0
0
0
0
0
0
1.10011e-07
3.10989e-07
4.37774e-06
8.54337e-06
4.52147e-06
2.40974e-06
1.25583e-06
1.13445e-06
1.97847e-06
2.43288e-06
2.03589e-06
1.4943e-06
1.0378e-06
6.14539e-07
1.52764e-07
0
0
0
0
0
0
0
0
0
0
0
0
0
0
0
0
0
0
2.25363e-06
1.32251e-06
2.32629e-07
0
0
0
0
0
6.49523e-07
1.13645e-06
1.60073e-06
1.89725e-06
3.12236e-06
4.9707e-06
7.26502e-06
1.01876e-05
1.59164e-05
1.64089e-05
8.50053e-06
4.20588e-06
4.73469e-07
0
0
0
0
0
0
0
0
0
0
0
0
0
0
0
0
0
0
0
0
0
0
0
0
0
0
0
0
0
0
0
0
0
0
0
0
0
0
0
0
0
0
0
0
3.68003e-06
7.23129e-06
1.11469e-05
1.38177e-05
1.3831e-05
1.36377e-05
1.50077e-05
1.93638e-05
2.71461e-05
2.27629e-05
9.75187e-06
6.82063e-06
5.20418e-06
1.26638e-06
0
0
0
0
0
0
0
1.39691e-07
3.14307e-07
4.99902e-07
6.95879e-07
9.05759e-07
1.10669e-06
1.30687e-06
1.52856e-06
1.58119e-06
9.18035e-07
0
0
0
0
5.01608e-07
2.19366e-07
0
0
0
0
0
0
0
0
0
0
0
0
0
0
0
0
0
0
0
0
0
0
0
0
0
0
0
0
1.31079e-06
6.51211e-06
8.44745e-06
9.77565e-06
1.07312e-05
1.07822e-05
8.18142e-06
1.94916e-06
0
2.29059e-07
1.83838e-07
0
0
0
0
8.63636e-08
1.98114e-07
3.26914e-07
2.59375e-07
1.46191e-05
6.83985e-06
2.65011e-06
1.56651e-06
1.53425e-06
2.39481e-06
3.4686e-06
3.525e-06
3.01414e-06
2.4415e-06
1.9333e-06
1.46603e-06
1.03504e-06
6.49962e-07
2.92694e-07
0
0
0
0
0
0
0
0
0
0
0
0
0
0
0
0
0
1.58549e-06
5.45301e-07
0
0
0
0
1.28952e-06
1.35193e-06
1.30808e-06
4.90829e-07
1.03704e-06
2.46399e-06
4.56149e-06
7.49161e-06
1.32036e-05
1.58806e-05
9.37019e-06
7.70022e-06
5.57691e-06
2.74272e-06
8.07447e-07
0
0
0
0
0
0
0
0
0
0
0
0
0
0
0
0
0
0
0
0
0
0
0
0
0
0
0
0
0
0
0
0
0
0
0
0
0
0
0
0
0
0
0
1.15328e-06
2.69279e-06
5.02305e-06
8.32247e-06
1.0322e-05
1.21759e-05
1.47578e-05
1.8015e-05
1.72857e-05
1.04973e-05
5.91305e-06
3.81853e-06
2.21035e-06
1.76609e-06
5.42869e-07
0
0
0
0
0
0
0
0
0
0
0
1.06635e-07
5.78199e-07
1.28253e-06
2.10075e-06
2.3716e-06
9.40215e-07
0
0
0
2.32214e-06
1.95236e-06
0
0
0
0
0
0
0
0
0
0
0
0
0
0
0
0
0
0
0
0
0
0
0
0
0
0
0
0
0
5.85215e-06
9.14263e-06
1.04757e-05
1.15166e-05
1.28711e-05
1.11939e-05
5.27402e-06
3.0066e-06
3.51352e-06
3.20049e-06
1.8939e-06
9.79339e-07
5.77528e-07
5.34289e-07
7.84017e-07
7.55897e-07
7.33754e-07
4.73926e-07
1.40408e-05
4.28898e-06
1.84936e-06
1.48225e-06
2.41121e-06
4.36186e-06
5.52954e-06
5.27139e-06
4.72492e-06
4.27411e-06
4.16299e-06
4.41493e-06
4.91193e-06
5.46186e-06
5.89807e-06
5.9685e-06
5.56657e-06
4.60314e-06
3.20121e-06
1.61558e-06
1.08633e-07
0
0
0
0
0
0
0
0
0
0
6.69254e-07
2.98257e-06
2.35857e-08
0
0
0
1.83927e-06
1.55671e-06
1.0339e-06
0
0
1.42476e-07
1.52523e-06
3.53246e-06
5.86183e-06
7.65937e-06
8.85801e-06
9.17035e-06
8.11552e-06
6.58101e-06
5.16025e-06
4.60722e-06
3.09401e-06
1.24897e-07
0
0
0
0
0
0
0
0
0
0
0
0
0
0
0
0
0
0
0
0
0
0
0
0
3.55136e-07
7.91257e-07
9.9201e-07
1.02122e-06
9.59251e-07
8.43477e-07
6.78084e-07
4.52696e-07
1.59322e-07
0
0
0
0
0
0
0
0
3.14219e-07
7.38067e-07
1.08298e-06
2.411e-06
4.50033e-06
6.68612e-06
8.64067e-06
9.22326e-06
6.91679e-06
3.69018e-06
9.10862e-07
0
3.57871e-07
8.92196e-07
7.9189e-08
0
0
0
0
0
0
0
0
0
0
0
0
1.39853e-08
6.15585e-07
1.44262e-06
2.20096e-06
1.74741e-06
0
0
1.62335e-06
4.73737e-06
3.87442e-06
9.2931e-07
0
0
0
0
0
0
0
0
0
0
0
0
0
0
0
0
0
0
0
0
0
0
0
0
0
0
0
0
2.81173e-06
9.55507e-06
1.11454e-05
1.18514e-05
1.2923e-05
1.34105e-05
9.02859e-06
4.82182e-06
3.73753e-06
3.10032e-06
2.64486e-06
2.50589e-06
2.41114e-06
1.67588e-06
1.38314e-06
1.07354e-06
1.13461e-06
7.9039e-07
6.8685e-06
4.14659e-06
2.42435e-06
2.3844e-06
4.54206e-06
7.84176e-06
8.09448e-06
7.21298e-06
7.65681e-06
9.9088e-06
1.33963e-05
1.64498e-05
1.74781e-05
1.62546e-05
1.3797e-05
1.10587e-05
8.4844e-06
6.193e-06
4.18787e-06
2.43434e-06
9.73758e-07
0
0
0
0
0
3.14684e-07
2.98716e-07
0
0
0
3.71105e-06
3.86116e-06
0
0
0
2.09098e-06
2.02409e-06
1.14834e-06
3.12915e-07
0
0
0
7.7981e-07
1.7024e-06
0
3.3079e-06
8.58479e-06
8.39381e-06
7.07583e-06
6.7829e-06
7.11901e-06
7.69615e-06
6.46062e-06
3.16295e-06
0
0
0
0
0
0
0
0
0
0
0
0
0
0
0
0
0
0
0
0
0
2.48468e-07
5.8441e-07
7.89277e-07
8.57078e-07
8.95729e-07
9.57913e-07
1.03773e-06
1.11239e-06
1.16123e-06
1.16282e-06
1.09323e-06
9.41493e-07
7.18786e-07
4.38869e-07
1.00433e-07
0
0
0
0
0
0
2.73789e-07
5.53474e-08
0
6.5293e-07
2.58409e-06
4.55332e-06
5.19099e-06
3.39588e-06
4.78045e-07
0
0
0
0
0
0
0
0
0
0
0
0
0
0
0
0
0
0
4.47987e-07
1.03438e-06
1.57407e-06
1.58669e-06
6.11124e-07
9.16295e-07
4.66156e-06
7.4382e-06
5.73531e-06
2.01586e-06
0
0
0
0
0
0
0
0
0
0
0
0
0
0
0
0
0
0
0
0
0
0
0
0
0
0
0
0
0
9.45233e-06
1.1827e-05
1.22737e-05
1.29551e-05
1.38056e-05
1.21558e-05
7.68079e-06
5.19672e-06
3.72839e-06
2.58695e-06
1.99719e-06
2.04795e-06
2.38477e-06
2.67168e-06
1.4073e-06
1.17435e-06
1.039e-06
2.17503e-06
4.31384e-06
4.13437e-06
4.85116e-06
9.10928e-06
1.08574e-05
1.11466e-05
1.58344e-05
2.27175e-05
2.81901e-05
2.87867e-05
2.48305e-05
1.9171e-05
1.39148e-05
9.6847e-06
6.4718e-06
4.09652e-06
2.32619e-06
9.57709e-07
0
0
0
0
0
5.95883e-08
6.97701e-07
9.2261e-07
0
0
0
2.8153e-06
6.43252e-06
2.86683e-06
0
0
2.4557e-06
2.62359e-06
1.51504e-06
7.29643e-07
2.13719e-07
0
0
0
3.22906e-07
0
0
4.70934e-06
8.01799e-06
7.53855e-06
7.02262e-06
8.23113e-06
9.61374e-06
1.06286e-05
1.00394e-05
6.39964e-06
0
0
0
0
0
0
0
0
0
0
0
0
0
0
0
0
0
0
0
6.00588e-07
1.30823e-06
1.49933e-06
1.81192e-07
0
0
0
0
0
0
1.13239e-07
3.44566e-07
4.4481e-07
4.23718e-07
3.38274e-07
2.63322e-07
2.1555e-07
1.28588e-07
0
0
0
0
0
2.85175e-07
1.59197e-07
0
0
8.03783e-08
2.03456e-06
3.18461e-06
2.12968e-06
0
0
0
0
0
0
0
0
0
0
0
0
0
0
0
0
0
0
0
3.88929e-07
1.03476e-06
1.3522e-06
1.36214e-06
1.17221e-06
3.11284e-06
7.4862e-06
9.80722e-06
7.42941e-06
2.92871e-06
0
0
0
0
0
0
0
0
0
0
0
0
0
0
0
0
0
0
0
0
0
0
0
0
0
0
0
0
0
8.30588e-06
1.25812e-05
1.27753e-05
1.29804e-05
1.35751e-05
1.28616e-05
1.02682e-05
7.40602e-06
5.14293e-06
3.39281e-06
2.25474e-06
1.87056e-06
1.92349e-06
2.38326e-06
2.32325e-06
1.08024e-06
9.27302e-07
5.5875e-07
2.26929e-06
4.28184e-06
8.93461e-06
1.35638e-05
1.81573e-05
2.5135e-05
3.13576e-05
3.45502e-05
3.28757e-05
2.74273e-05
2.05998e-05
1.41763e-05
8.89135e-06
4.85064e-06
1.90312e-06
0
0
0
0
0
0
0
0
4.68935e-07
9.9922e-07
4.69976e-07
0
0
1.84772e-06
6.65288e-06
6.40125e-06
1.41424e-07
2.59294e-07
3.57727e-06
3.44616e-06
2.13925e-06
1.23221e-06
7.02315e-07
6.45183e-07
3.10461e-08
0
0
0
0
0
5.03114e-06
7.7674e-06
7.66217e-06
8.27078e-06
1.04328e-05
1.23521e-05
1.45192e-05
1.7683e-05
1.30328e-05
5.94224e-07
0
0
0
0
0
0
0
0
0
0
0
0
0
0
0
0
4.31368e-07
1.53671e-06
3.13476e-06
4.19358e-06
0
0
0
0
0
0
0
0
3.18456e-07
5.99638e-07
6.82098e-07
5.34064e-07
2.24294e-07
0
0
0
0
0
0
0
0
1.85247e-07
5.94764e-07
2.08393e-07
0
0
4.84034e-07
1.68856e-06
1.13832e-06
0
0
0
0
1.22529e-07
0
0
0
0
0
0
0
0
0
0
0
0
0
0
3.35506e-07
1.23904e-06
1.54222e-06
1.38749e-06
1.81241e-06
5.39883e-06
9.52407e-06
1.10438e-05
8.30039e-06
3.37195e-06
4.78259e-07
0
0
0
0
0
0
0
0
0
0
0
0
0
0
0
0
0
0
0
0
0
0
0
0
0
4.96948e-06
1.16297e-06
0
6.12359e-06
1.33069e-05
1.33955e-05
1.29319e-05
1.30254e-05
1.26714e-05
1.10445e-05
9.19354e-06
6.80118e-06
4.54706e-06
2.88287e-06
2.0152e-06
1.95823e-06
2.5365e-06
2.8997e-06
1.12375e-08
3.65995e-07
2.51523e-07
8.18404e-07
2.20069e-06
1.2306e-05
1.27913e-05
2.04151e-05
2.66954e-05
3.08385e-05
3.14113e-05
2.83302e-05
2.30808e-05
1.71394e-05
1.15062e-05
6.83385e-06
3.25882e-06
5.35801e-07
0
0
0
0
0
0
0
4.31994e-09
7.34974e-07
5.38579e-07
0
0
2.39251e-06
6.34434e-06
7.34718e-06
3.43952e-06
2.35875e-06
4.64236e-06
4.23901e-06
2.59869e-06
1.6197e-06
1.06979e-06
7.39059e-07
1.01089e-06
0
0
0
0
0
0
4.34176e-06
6.95001e-06
7.2889e-06
8.23718e-06
1.02858e-05
1.31281e-05
1.93708e-05
1.66628e-05
8.40304e-06
4.98364e-06
2.8068e-06
0
0
0
0
0
0
0
0
0
0
0
0
0
1.65501e-07
1.0456e-06
2.54287e-06
5.01519e-06
7.02858e-06
0
0
0
0
0
0
0
0
0
4.52378e-07
9.66702e-07
1.29099e-06
1.26321e-06
9.12003e-07
4.1123e-07
0
0
0
0
0
0
0
0
0
0
8.48813e-08
4.69349e-07
6.98272e-07
9.45298e-07
3.61402e-07
0
0
0
0
0
0
0
0
0
0
0
0
0
0
0
0
0
0
0
4.24131e-07
1.67412e-06
2.02229e-06
1.67703e-06
2.99624e-06
7.9399e-06
1.06865e-05
1.14871e-05
8.37945e-06
3.35816e-06
8.3072e-07
0
0
0
0
0
0
0
0
0
0
0
0
0
0
0
0
0
0
0
0
0
0
0
0
0
9.01509e-06
8.92614e-06
2.14091e-06
4.44599e-06
1.36471e-05
1.40359e-05
1.28651e-05
1.23761e-05
1.2032e-05
1.08992e-05
9.3396e-06
7.59655e-06
5.31494e-06
3.51942e-06
2.32244e-06
2.0611e-06
3.04744e-06
2.14312e-06
0
0
8.73158e-08
1.91851e-07
5.24755e-07
2.79808e-06
9.40423e-06
1.52578e-05
1.92381e-05
2.11825e-05
2.08575e-05
1.84635e-05
1.50352e-05
1.14546e-05
7.9394e-06
4.74106e-06
2.03754e-06
0
0
0
0
0
0
0
0
3.14263e-07
6.13286e-07
6.37784e-07
1.3496e-06
3.70561e-06
6.55381e-06
7.30711e-06
4.83851e-06
3.44426e-06
4.77763e-06
4.88536e-06
3.03578e-06
1.83015e-06
1.12744e-06
3.49304e-07
0
0
0
0
0
0
0
0
2.07085e-06
4.78558e-06
5.64527e-06
6.47226e-06
8.44875e-06
1.2307e-05
1.30682e-05
8.29593e-06
5.94e-06
3.96133e-06
1.34195e-06
0
0
0
0
0
0
0
0
0
0
0
0
3.85168e-07
1.18486e-06
2.4265e-06
3.96138e-06
2.35689e-06
0
0
0
0
0
0
0
0
0
0
0
0
7.34064e-07
1.17183e-06
1.21742e-06
9.75747e-07
5.67589e-07
1.41306e-07
0
0
0
0
0
0
0
0
0
0
2.88482e-07
1.10835e-06
1.10984e-06
0
0
0
0
0
0
0
0
0
0
0
0
0
0
0
0
0
0
0
8.58307e-07
2.4045e-06
2.63989e-06
2.30938e-06
5.31545e-06
9.9841e-06
1.12525e-05
1.15223e-05
7.50352e-06
2.98518e-06
1.07477e-06
1.96227e-07
0
0
0
0
0
0
0
0
0
0
0
0
0
0
0
0
0
0
0
0
0
0
0
0
1.03564e-05
1.4542e-05
7.39254e-06
4.57224e-06
1.37198e-05
1.48513e-05
1.28445e-05
1.16936e-05
1.11189e-05
1.01745e-05
8.72519e-06
7.07678e-06
5.25466e-06
3.50794e-06
2.48168e-06
2.02863e-06
3.67928e-06
1.50591e-06
0
0
0
0
0
3.12337e-06
7.28768e-06
9.49704e-06
1.09912e-05
1.18119e-05
1.17695e-05
1.06661e-05
8.72158e-06
6.49627e-06
4.21378e-06
2.01154e-06
4.35331e-09
0
0
0
0
0
0
0
0
5.86128e-07
1.48453e-06
2.86271e-06
4.72438e-06
6.48096e-06
6.80577e-06
5.58829e-06
4.69796e-06
4.64144e-06
4.20108e-06
3.03164e-06
1.91543e-06
1.12468e-06
6.16207e-07
2.55907e-07
0
0
0
0
0
0
0
0
0
2.42534e-06
3.89643e-06
4.76851e-06
5.94231e-06
7.14852e-06
5.48916e-06
4.93003e-06
4.35017e-06
2.16441e-06
4.54552e-07
0
0
0
0
0
0
0
0
0
0
0
2.68123e-07
8.1163e-07
1.5776e-06
2.04338e-06
0
0
0
0
0
0
0
0
0
0
0
0
0
0
1.92984e-07
7.93765e-07
1.02683e-06
1.02741e-06
9.39531e-07
7.1687e-07
3.79155e-07
1.56297e-07
1.18943e-07
7.37311e-08
0
0
0
0
0
0
0
0
1.93983e-07
2.5778e-07
0
0
0
0
0
0
0
0
0
0
0
0
0
0
0
0
0
0
1.86114e-06
3.32477e-06
3.19533e-06
3.73645e-06
8.21911e-06
1.07236e-05
1.13805e-05
1.09621e-05
5.85327e-06
2.66932e-06
1.31067e-06
4.47204e-07
1.13708e-07
0
0
0
0
0
0
0
0
0
0
0
0
0
0
0
0
0
0
0
0
0
0
0
9.58381e-06
1.72832e-05
1.04846e-05
5.27104e-06
1.30422e-05
1.53877e-05
1.27167e-05
1.09135e-05
1.00052e-05
9.05489e-06
7.69965e-06
6.06346e-06
4.25616e-06
2.701e-06
2.04055e-06
2.01064e-06
3.83773e-06
1.5945e-06
0
0
0
0
0
7.37483e-07
3.13504e-06
4.39549e-06
5.41362e-06
5.89103e-06
5.81029e-06
5.25724e-06
4.43474e-06
3.32374e-06
1.87005e-06
3.09557e-07
0
0
0
0
0
0
0
0
9.16593e-08
1.9319e-06
3.73118e-06
5.35482e-06
6.57239e-06
7.02264e-06
6.86707e-06
6.72852e-06
6.76844e-06
5.95247e-06
3.98488e-06
2.0355e-06
1.38217e-06
1.1372e-06
8.62141e-07
6.5513e-07
3.57056e-07
0
0
0
0
0
0
0
0
7.18437e-07
2.48496e-06
3.31177e-06
3.0174e-06
1.53263e-06
8.38771e-08
2.07536e-06
2.3439e-06
1.1137e-06
2.98563e-07
0
0
0
1.70488e-08
0
0
0
0
0
0
5.49934e-08
3.82122e-07
8.73305e-07
1.02597e-06
0
0
0
0
0
0
0
0
0
0
0
0
0
0
0
3.81777e-07
9.12558e-07
1.06459e-06
9.83256e-07
9.15757e-07
9.06473e-07
7.71513e-07
4.55613e-07
2.14358e-07
1.81505e-07
6.28402e-08
0
0
0
0
0
0
0
0
0
0
0
1.90201e-07
6.17988e-07
9.67162e-07
1.10187e-06
8.23698e-07
1.02401e-07
0
0
0
0
0
0
0
0
0
1.07811e-06
3.15353e-06
3.89675e-06
3.75695e-06
6.33806e-06
9.33159e-06
1.04057e-05
1.11126e-05
9.47384e-06
4.2383e-06
2.50683e-06
1.43043e-06
6.2466e-07
2.49106e-07
1.00281e-07
1.12103e-08
0
0
0
0
0
0
0
0
0
0
0
0
0
0
0
0
0
0
0
4.87455e-06
8.17097e-07
3.97226e-06
1.57078e-05
1.03034e-05
4.68312e-06
1.17662e-05
1.58002e-05
1.25861e-05
1.0017e-05
8.69606e-06
7.59844e-06
6.23641e-06
4.6719e-06
2.91092e-06
1.26806e-06
8.87431e-07
1.95186e-06
3.33881e-06
2.65922e-06
0
0
0
0
0
0
9.7535e-07
1.39138e-06
1.62787e-06
1.93306e-06
2.29438e-06
2.23504e-06
1.59609e-06
4.85517e-07
0
0
0
0
0
0
0
0
0
1.41932e-06
3.90674e-06
5.50125e-06
6.5348e-06
7.16052e-06
7.65325e-06
8.05571e-06
8.23118e-06
8.27918e-06
8.10743e-06
6.96893e-06
4.7865e-06
2.70042e-06
1.94662e-06
1.60976e-06
1.0798e-06
7.92301e-07
5.65399e-07
0
0
0
0
0
0
0
0
0
2.00039e-06
2.52295e-06
1.06953e-06
0
0
0
1.04247e-06
9.36443e-07
4.76026e-07
0
0
1.44776e-07
2.86698e-07
4.91314e-08
0
0
0
0
0
2.858e-08
3.06552e-07
4.1812e-07
0
0
0
0
0
0
0
0
0
0
0
0
0
0
0
1.20574e-07
8.9483e-07
1.27479e-06
1.20678e-06
9.07732e-07
6.64484e-07
5.41781e-07
4.62358e-07
2.24606e-07
0
0
0
0
0
0
0
1.74907e-07
1.72095e-07
0
0
0
0
0
0
4.81561e-07
1.63191e-06
2.9492e-06
4.91049e-06
7.6087e-06
9.64746e-06
7.3868e-06
9.69248e-07
0
0
0
0
0
4.41982e-07
2.49119e-06
3.96052e-06
4.12888e-06
5.57858e-06
8.00866e-06
9.22626e-06
1.0176e-05
1.06967e-05
7.24462e-06
3.59618e-06
2.42695e-06
1.37319e-06
6.67691e-07
3.24148e-07
1.75423e-07
7.89763e-08
0
0
1.2551e-07
0
0
0
0
0
0
0
0
0
0
0
0
0
0
0
1.68767e-05
4.05305e-05
1.92338e-05
0
4.675e-06
4.35444e-06
7.87888e-07
8.98038e-06
1.58882e-05
1.25649e-05
9.19655e-06
7.33707e-06
5.9197e-06
4.34154e-06
2.74456e-06
1.22466e-06
0
0
9.71387e-07
4.39513e-06
6.55029e-06
5.02937e-08
0
0
0
0
0
0
2.32489e-07
5.13367e-07
3.22431e-07
0
0
0
0
0
0
0
0
0
0
8.27592e-08
2.06348e-06
2.7506e-06
2.75108e-06
2.72364e-06
2.96086e-06
3.42856e-06
4.05453e-06
4.75609e-06
5.31463e-06
5.71916e-06
5.98379e-06
6.09532e-06
5.68171e-06
4.25729e-06
2.71562e-06
2.14602e-06
1.87691e-06
1.10875e-06
6.5457e-07
5.1113e-07
4.11953e-08
0
0
0
0
0
0
0
0
1.92108e-06
2.56015e-06
6.28303e-07
0
0
0
2.56217e-07
9.06007e-07
6.98352e-07
1.44985e-07
0
2.17644e-07
3.74319e-07
8.97463e-08
0
0
0
0
0
5.67459e-08
1.60388e-07
0
0
0
0
0
0
0
0
0
0
0
0
0
0
0
0
9.16441e-07
1.68225e-06
1.61216e-06
1.08296e-06
5.4773e-07
2.03503e-07
0
0
0
0
0
0
0
0
0
0
0
0
0
0
0
0
0
0
0
0
1.34493e-06
3.08828e-06
4.84329e-06
7.17773e-06
8.59537e-06
5.32024e-06
2.48765e-07
0
0
0
2.55102e-08
1.70628e-06
3.71952e-06
4.83042e-06
5.90442e-06
7.12229e-06
7.91888e-06
8.76479e-06
9.7204e-06
9.3602e-06
4.90142e-06
3.17168e-06
2.07766e-06
1.24996e-06
6.81967e-07
3.83424e-07
2.35414e-07
1.20175e-07
0
4.33327e-08
3.48102e-07
0
0
0
0
0
0
0
0
0
0
0
0
0
0
1.23938e-05
4.16201e-05
8.62067e-05
9.58229e-05
0
0
0
0
3.73719e-06
1.50102e-05
1.22961e-05
8.36564e-06
6.01824e-06
4.18408e-06
2.17479e-06
2.19465e-07
0
0
0
0
1.77398e-06
9.40717e-06
0
0
0
0
0
0
0
0
0
0
0
0
0
0
0
0
1.07357e-06
5.23668e-06
1.08255e-05
1.3352e-05
6.47972e-06
0
0
0
0
0
0
0
0
1.65597e-06
2.54046e-06
2.3898e-06
1.98916e-06
2.03019e-06
2.21502e-06
1.96781e-06
1.76754e-06
1.91069e-06
1.52835e-06
7.38028e-07
5.07405e-07
2.73716e-07
0
0
0
0
0
0
0
0
1.30375e-06
2.4364e-06
1.01764e-06
0
0
0
0
7.52409e-07
7.76499e-07
2.28255e-07
0
1.70884e-07
3.82847e-07
1.41701e-07
0
3.12791e-08
1.97327e-09
0
7.65898e-08
2.25629e-07
2.45188e-07
0
0
0
0
0
0
0
0
0
0
0
0
0
0
0
7.85656e-07
2.0878e-06
1.96123e-06
1.23818e-06
6.30454e-07
2.65834e-07
8.02593e-08
0
0
0
0
0
0
0
0
0
0
0
0
0
0
0
0
0
0
0
0
0
0
9.6263e-07
4.66637e-06
6.37761e-06
5.18235e-06
3.16741e-06
1.9437e-06
1.86041e-06
2.24281e-06
2.48627e-06
3.41885e-06
4.59658e-06
5.33217e-06
6.08044e-06
6.74289e-06
7.47814e-06
8.41292e-06
9.10834e-06
6.38749e-06
3.9014e-06
2.68476e-06
1.67509e-06
9.93614e-07
5.97129e-07
3.94012e-07
2.75927e-07
1.53085e-07
7.79369e-08
1.56175e-07
3.77823e-07
0
0
0
0
0
0
0
0
0
0
0
0
0
1.1184e-06
2.21372e-05
5.08218e-05
0.000102499
0.000166284
0.000151769
0
0
0
0
1.32137e-05
1.18987e-05
7.60317e-06
4.86049e-06
2.64421e-06
1.62464e-07
0
0
0
0
0
0
0
0
0
0
0
0
0
0
0
0
0
0
0
0
0
1.08503e-06
2.85295e-06
4.90101e-06
5.84417e-06
4.08755e-06
0
0
0
0
0
0
0
0
0
0
0
9.94269e-07
1.33122e-06
9.03907e-07
5.42341e-07
4.21064e-07
4.98149e-07
7.46889e-07
1.14991e-06
1.38732e-06
1.00201e-06
5.93793e-07
5.07526e-07
0
0
0
0
0
0
0
0
5.91557e-07
1.74715e-06
1.24324e-06
0
0
0
0
5.16226e-07
7.20874e-07
2.79944e-07
0
9.53271e-08
3.48645e-07
2.01444e-07
5.09526e-08
1.10808e-07
1.33319e-07
1.24493e-07
2.36601e-07
4.13579e-07
5.65237e-07
6.10961e-07
4.36576e-07
1.44567e-07
0
0
2.25488e-07
4.72918e-07
4.84644e-07
2.05138e-07
0
0
0
0
0
1.74458e-07
3.18334e-06
2.68874e-06
1.38006e-06
7.05218e-07
3.7165e-07
1.90426e-07
9.05616e-08
4.75541e-08
2.74431e-08
0
0
0
0
0
0
0
0
0
0
0
0
0
0
0
0
0
0
0
0
0
0
0
0
0
0
0
0
0
2.00354e-07
1.82966e-06
3.50045e-06
4.75973e-06
5.81099e-06
6.90421e-06
7.91151e-06
7.14795e-06
4.16221e-06
3.06951e-06
1.91496e-06
1.20024e-06
7.7627e-07
5.3063e-07
3.95147e-07
2.96988e-07
1.88325e-07
1.888e-07
2.17381e-07
0
0
0
0
0
0
0
0
0
0
0
0
0
0
6.14363e-06
2.55786e-05
5.5223e-05
0.000109455
0.000183003
0.000271735
6.05143e-05
0
0
0
1.01262e-05
1.13389e-05
6.85099e-06
3.83858e-06
1.33311e-06
0
0
0
0
0
0
0
0
0
0
0
0
0
0
0
0
0
0
0
4.41502e-07
8.89972e-07
1.24625e-06
1.35281e-06
9.13038e-07
0
0
0
0
0
0
0
0
0
0
0
0
0
0
7.80045e-07
1.11949e-06
6.4108e-07
2.76717e-07
1.30199e-07
9.91827e-08
1.14453e-07
2.39528e-07
6.11503e-07
7.23964e-07
4.6678e-07
5.30132e-07
4.15006e-07
0
0
0
0
0
0
0
3.01756e-07
1.01107e-06
1.11626e-06
0
0
0
0
3.10935e-07
6.42009e-07
3.44831e-07
0
6.21713e-08
3.06362e-07
2.49958e-07
1.21057e-07
1.58977e-07
2.02383e-07
2.10138e-07
3.27504e-07
6.06612e-07
1.13047e-06
1.90444e-06
2.35215e-06
2.16807e-06
1.84699e-06
1.66169e-06
1.45757e-06
1.06467e-06
4.78532e-07
0
0
0
0
0
0
1.80487e-06
4.29247e-06
2.06578e-06
1.08376e-06
5.78097e-07
2.88361e-07
1.41263e-07
7.76415e-08
5.87884e-08
5.36174e-08
3.76424e-08
7.57736e-09
0
0
0
0
0
0
0
0
0
0
0
0
0
0
0
0
0
0
0
0
0
0
0
0
0
0
0
0
6.60205e-07
2.59803e-06
3.96166e-06
5.13045e-06
6.35586e-06
6.62702e-06
4.13288e-06
3.28448e-06
2.12159e-06
1.32851e-06
8.89672e-07
6.34203e-07
4.83276e-07
3.89516e-07
3.05285e-07
2.34658e-07
2.92672e-07
2.12818e-07
0
0
0
0
0
0
0
0
0
0
0
0
0
0
8.4609e-06
2.73425e-05
6.03236e-05
0.000119617
0.000187019
0.000244228
0.0002935
0
0
0
5.49383e-06
1.03666e-05
6.03896e-06
2.92004e-06
2.52453e-07
0
0
0
0
0
0
0
0
0
0
0
0
0
0
0
0
7.37718e-09
5.49552e-07
9.82711e-07
1.16982e-06
1.10176e-06
7.27282e-07
6.80578e-08
0
0
0
0
0
0
0
0
0
0
0
0
0
0
0
1.54247e-06
1.22722e-06
5.06721e-07
1.42019e-07
3.9979e-08
3.08046e-08
3.40193e-08
3.74979e-08
1.06637e-07
3.52216e-07
3.47715e-07
2.78732e-07
4.9482e-07
1.93302e-07
0
0
0
0
0
0
1.57891e-07
5.57396e-07
7.45303e-07
2.85391e-08
0
0
0
1.99815e-07
5.64788e-07
3.80955e-07
6.11393e-08
6.46968e-08
2.66491e-07
2.75549e-07
1.76208e-07
1.85953e-07
2.29705e-07
2.57822e-07
4.1151e-07
8.73888e-07
1.93317e-06
3.33434e-06
3.66683e-06
3.05351e-06
2.42235e-06
1.78529e-06
9.71416e-07
1.61131e-07
0
0
0
0
0
0
0
4.25789e-06
3.97847e-06
1.86929e-06
9.15418e-07
4.291e-07
1.97716e-07
1.0327e-07
6.71291e-08
5.90375e-08
5.6493e-08
4.18914e-08
2.1556e-08
9.6882e-09
0
0
0
0
0
0
0
0
0
0
0
0
0
0
0
0
0
0
0
0
0
0
0
0
0
0
0
1.37352e-06
2.73346e-06
3.57078e-06
4.41038e-06
4.89658e-06
3.94261e-06
3.25338e-06
2.18143e-06
1.36105e-06
9.09289e-07
6.83141e-07
5.43646e-07
4.39364e-07
3.76426e-07
3.19787e-07
3.00233e-07
3.64667e-07
1.42035e-07
0
0
0
0
0
0
0
0
0
0
7.19789e-09
0
0
0
9.54168e-06
2.78406e-05
6.59333e-05
0.000134938
0.000189675
0.000208219
0.000227804
0.000199059
0
0
0
9.11738e-06
5.13946e-06
2.09115e-06
0
0
0
0
0
0
0
0
0
0
0
0
0
0
0
0
8.07791e-08
5.94505e-07
1.17971e-06
1.44973e-06
1.3103e-06
9.07183e-07
3.40039e-07
0
0
0
0
0
0
0
0
0
0
0
0
0
0
0
9.08374e-07
1.9442e-06
1.15541e-06
3.8526e-07
7.38994e-08
2.56214e-09
4.80527e-09
1.71655e-08
1.90206e-08
2.07404e-08
8.18806e-08
2.96492e-07
3.54195e-07
4.90396e-07
5.07671e-07
0
0
0
0
0
0
3.02598e-08
2.53287e-07
3.79126e-07
9.16196e-08
0
0
0
8.57375e-08
4.19287e-07
3.29394e-07
8.05038e-08
4.13759e-08
1.96962e-07
2.44898e-07
1.79149e-07
1.68717e-07
2.00254e-07
2.43191e-07
4.45781e-07
1.12965e-06
2.78056e-06
4.58056e-06
4.43777e-06
3.29855e-06
2.07928e-06
7.64582e-07
0
0
0
1.99018e-07
3.01945e-07
0
0
0
0
2.41264e-06
1.85235e-06
9.71566e-07
5.27796e-07
2.8848e-07
1.57317e-07
8.9878e-08
5.96619e-08
5.5235e-08
5.54419e-08
3.9389e-08
1.5549e-08
6.11905e-09
1.63915e-09
0
0
0
0
0
0
0
0
0
0
0
0
0
0
0
0
0
0
0
0
0
0
0
0
0
6.92021e-07
1.9063e-06
2.35268e-06
2.24245e-06
2.47686e-06
3.64974e-06
3.14137e-06
2.13578e-06
1.32598e-06
8.52837e-07
6.52493e-07
5.59973e-07
4.7827e-07
4.15606e-07
3.90873e-07
3.63642e-07
3.67068e-07
3.92323e-07
2.68658e-08
0
0
0
0
0
0
0
0
0
0
3.90192e-06
3.01098e-07
0
0
9.79946e-06
2.7312e-05
7.07859e-05
0.000153062
0.00018732
0.000176591
0.000173405
0.000192095
5.41502e-05
0
0
7.71946e-06
4.17917e-06
1.34242e-06
0
0
0
0
0
0
0
0
0
0
0
0
0
0
0
0
0
5.17325e-07
1.04875e-06
1.03934e-06
7.07223e-07
3.56048e-07
3.42707e-08
0
0
0
0
0
0
0
0
0
0
6.27578e-08
1.23007e-06
7.00069e-07
0
3.01816e-07
1.89403e-06
1.82694e-06
9.35826e-07
3.23339e-07
7.83646e-08
2.06832e-08
1.4719e-08
1.91532e-08
2.35632e-08
2.03206e-08
2.35752e-08
8.91935e-08
2.73899e-07
4.38959e-07
6.16963e-07
3.29644e-07
0
0
2.54935e-08
0
0
0
5.4643e-08
1.19649e-07
0
0
0
0
0
2.57643e-07
2.11797e-07
2.36567e-08
0
8.27835e-08
1.46627e-07
1.08478e-07
8.62443e-08
1.02689e-07
1.60411e-07
4.37751e-07
1.41758e-06
3.75053e-06
6.11353e-06
5.335e-06
2.98568e-06
7.95896e-07
0
0
4.29463e-07
6.40772e-07
2.55156e-07
0
0
0
0
0
1.10084e-06
8.29354e-07
5.80061e-07
4.04367e-07
2.59605e-07
1.48111e-07
7.95586e-08
4.91615e-08
4.86579e-08
5.70942e-08
4.58715e-08
1.90072e-08
1.81252e-09
0
0
0
0
0
0
0
0
0
0
0
0
4.0584e-06
5.19252e-07
0
0
0
0
0
0
0
0
0
0
0
1.75373e-09
1.00453e-06
1.44387e-06
1.09463e-06
2.39281e-06
3.29807e-06
2.72401e-06
1.8898e-06
1.19172e-06
7.55777e-07
5.61725e-07
5.14686e-07
4.88498e-07
4.47978e-07
4.22489e-07
4.33222e-07
4.24501e-07
3.99328e-07
3.77842e-07
0
0
0
0
0
0
0
1.78915e-07
0
0
1.96999e-06
7.03143e-06
2.92028e-06
0
9.44732e-07
9.56229e-06
2.68557e-05
7.58569e-05
0.000168393
0.000175915
0.000149362
0.000139526
0.000151413
0.000199248
0
0
6.3754e-06
3.13839e-06
6.93361e-07
0
0
0
0
0
0
0
0
1.09812e-06
3.39292e-06
4.54743e-06
0
0
0
0
0
0
2.47164e-07
9.54152e-07
7.30188e-07
3.17594e-07
5.72455e-08
0
0
0
0
0
9.96248e-08
1.89105e-07
3.11401e-07
7.47753e-07
1.28983e-06
1.63285e-06
1.59294e-06
5.33056e-07
0
3.50235e-07
1.85262e-06
2.28695e-06
1.6001e-06
7.93956e-07
3.09749e-07
1.02901e-07
4.61743e-08
3.72961e-08
3.65898e-08
3.69178e-08
3.0667e-08
2.8042e-08
6.35789e-08
2.36112e-07
4.73267e-07
6.22351e-07
5.361e-07
7.10088e-08
0
7.46102e-08
1.05329e-07
0
0
0
0
0
0
0
0
0
9.36185e-08
7.6951e-08
0
0
0
2.12988e-08
2.53259e-09
0
0
9.96923e-08
5.15046e-07
1.81506e-06
4.69802e-06
8.23899e-06
5.99278e-06
1.75851e-06
0
1.91924e-07
9.67555e-07
8.58702e-07
0
0
0
0
0
0
3.62742e-07
5.6251e-07
5.02822e-07
4.46826e-07
3.49103e-07
2.44633e-07
1.55753e-07
8.99342e-08
5.33946e-08
4.77349e-08
5.91441e-08
5.77442e-08
3.38164e-08
6.12254e-09
0
0
0
0
0
0
0
0
0
0
0
0
1.43107e-05
4.50315e-06
0
0
0
0
0
0
0
0
0
0
0
2.06937e-07
1.51263e-06
2.28598e-06
2.44127e-06
2.31217e-06
1.9142e-06
1.41036e-06
9.41361e-07
6.19334e-07
4.67036e-07
4.30955e-07
4.42277e-07
4.48059e-07
4.40632e-07
4.47798e-07
4.79375e-07
4.64053e-07
3.85246e-07
3.36592e-07
0
0
0
0
0
0
1.93102e-06
1.62839e-06
0
0
5.16641e-06
8.93018e-06
4.73502e-06
3.89192e-08
1.80819e-06
9.15843e-06
2.70595e-05
8.26532e-05
0.000173455
0.000156911
0.000126916
0.000116928
0.00012641
0.000173958
0.000181437
1.40674e-05
5.31865e-06
2.00721e-06
1.29389e-07
0
0
0
0
0
0
0
8.15248e-07
5.49853e-06
6.6596e-06
7.04093e-06
8.74685e-07
8.23593e-07
4.04768e-07
0
0
0
0
0
1.6377e-07
0
0
0
0
0
0
2.22405e-07
6.3987e-07
1.06892e-06
1.55102e-06
2.17143e-06
2.97728e-06
3.67638e-06
2.10114e-06
0
0
1.7851e-06
2.76875e-06
2.01466e-06
1.13002e-06
5.73028e-07
2.63009e-07
1.16619e-07
6.85121e-08
5.8423e-08
5.93468e-08
6.34233e-08
4.78506e-08
2.31371e-08
3.03875e-08
1.52523e-07
6.02568e-07
9.19874e-07
8.53649e-07
3.87795e-07
0
3.64203e-08
2.07274e-07
1.28034e-07
0
0
0
0
0
0
0
0
0
0
0
0
0
0
0
0
0
7.60008e-08
6.3411e-07
2.00668e-06
5.04525e-06
1.12244e-05
6.78924e-06
6.88999e-07
2.27482e-07
1.13628e-06
8.80819e-07
0
0
0
0
0
0
0
0
1.09423e-07
3.03859e-07
3.38994e-07
2.86474e-07
2.30837e-07
1.80305e-07
1.25172e-07
7.95321e-08
5.68122e-08
5.63042e-08
5.69713e-08
4.04825e-08
1.27113e-08
0
0
0
0
0
0
0
0
0
0
0
0
1.40161e-05
4.3754e-06
8.39136e-07
0
0
0
0
0
0
0
0
0
0
2.11662e-07
6.75183e-07
9.54993e-07
1.05592e-06
1.02535e-06
8.75921e-07
6.61344e-07
4.75841e-07
3.84232e-07
3.68339e-07
3.74961e-07
3.96498e-07
4.17925e-07
4.36647e-07
4.68266e-07
4.96384e-07
4.63418e-07
3.45521e-07
2.85293e-07
0
0
0
0
1.10749e-06
1.80558e-06
3.31723e-06
2.84104e-06
1.31077e-06
2.06664e-06
7.75183e-06
9.85511e-06
5.8828e-06
2.05557e-06
2.546e-06
8.3371e-06
2.78012e-05
9.38734e-05
0.000163119
0.000134453
0.000109214
0.000101207
0.000109501
0.000143599
0.000176158
3.37151e-05
4.50806e-06
8.12133e-07
0
0
0
0
0
0
0
0
5.2382e-06
9.28222e-06
9.08257e-06
8.06165e-06
5.93028e-07
3.48993e-07
3.44944e-07
0
0
0
0
0
0
0
0
0
0
0
0
2.48689e-07
1.01686e-06
1.91626e-06
3.01163e-06
4.36332e-06
6.24231e-06
7.21774e-06
0
0
0
3.32167e-06
2.35775e-06
1.47787e-06
8.59171e-07
4.76432e-07
2.49985e-07
1.35014e-07
9.53207e-08
8.14519e-08
7.49118e-08
8.32217e-08
8.11504e-08
3.99957e-08
6.53144e-09
2.49331e-08
2.74704e-07
8.53699e-07
1.02567e-06
6.51359e-07
9.44879e-08
0
1.92319e-07
2.67755e-07
1.12352e-07
0
0
0
0
0
0
0
0
0
0
0
0
0
0
0
0
3.47179e-08
6.64671e-07
1.82391e-06
4.96821e-06
1.56871e-05
9.01695e-06
0
7.5175e-07
8.03952e-07
0
0
0
0
0
0
0
0
0
0
1.43838e-07
2.63263e-07
2.46396e-07
2.22175e-07
1.99889e-07
1.57595e-07
1.09914e-07
7.22553e-08
5.15728e-08
4.29079e-08
3.01457e-08
9.83608e-09
0
0
0
0
0
0
0
0
0
0
0
1.84226e-06
1.01956e-05
2.54053e-06
7.84836e-07
0
0
0
0
0
0
0
0
0
0
1.10692e-07
2.77359e-07
3.95829e-07
4.7942e-07
5.04112e-07
4.55666e-07
3.75111e-07
3.24104e-07
3.2257e-07
3.34813e-07
3.39277e-07
3.55845e-07
3.83891e-07
4.18665e-07
4.61428e-07
4.79787e-07
4.32784e-07
2.97258e-07
2.29578e-07
0
0
0
0
2.65664e-06
3.52225e-06
4.07371e-06
3.71237e-06
3.42066e-06
5.56163e-06
9.79332e-06
1.02013e-05
6.44881e-06
3.84393e-06
3.54369e-06
6.87395e-06
2.89353e-05
0.000112242
0.000135188
0.000108874
9.33733e-05
8.86507e-05
9.5842e-05
0.000117944
0.000131009
4.14681e-05
3.60778e-06
0
0
0
0
0
0
0
0
5.72212e-07
8.94824e-06
1.22502e-05
1.07134e-05
8.52594e-06
7.91091e-07
3.56728e-07
2.23795e-07
0
0
0
0
0
0
0
0
0
0
0
0
0
4.47108e-07
1.7831e-06
3.41703e-06
5.58042e-06
9.21432e-06
8.53562e-06
0
0
3.18732e-06
3.13523e-06
1.74841e-06
1.09549e-06
6.19391e-07
3.55413e-07
2.11336e-07
1.39902e-07
1.15126e-07
1.01713e-07
8.42366e-08
8.21328e-08
9.39135e-08
6.86151e-08
2.2031e-08
8.51026e-09
9.5288e-08
5.88406e-07
1.04987e-06
8.51355e-07
2.04188e-07
0
6.8374e-08
2.84321e-07
2.47736e-07
4.40743e-08
0
0
0
0
0
0
0
0
0
0
0
0
0
0
0
2.56141e-08
6.10521e-07
1.48945e-06
5.39443e-06
1.57288e-05
9.08265e-06
0
6.9956e-07
0
0
3.89039e-08
6.03119e-07
4.20915e-07
0
0
0
0
0
0
4.35269e-08
2.17192e-07
2.18752e-07
2.01614e-07
1.93398e-07
1.65426e-07
1.2804e-07
9.01338e-08
5.52049e-08
3.09538e-08
1.31047e-08
0
0
0
0
0
0
0
0
0
0
0
1.66955e-07
4.34437e-06
7.85566e-06
1.38393e-06
3.69187e-07
0
0
0
0
0
0
0
0
0
0
3.64241e-08
1.3612e-07
2.2353e-07
2.944e-07
3.25013e-07
3.11816e-07
2.83881e-07
2.7623e-07
2.92915e-07
3.06628e-07
3.02511e-07
3.14244e-07
3.43919e-07
3.85165e-07
4.24419e-07
4.35629e-07
3.75334e-07
2.45816e-07
1.66856e-07
0
0
0
0
3.43189e-06
3.95746e-06
4.11982e-06
4.06077e-06
5.28556e-06
8.41903e-06
1.09818e-05
9.76682e-06
6.41276e-06
5.33564e-06
5.50402e-06
4.80476e-06
2.79305e-05
0.000112317
8.35882e-05
7.60754e-05
7.33543e-05
7.35152e-05
7.98982e-05
9.2316e-05
9.04291e-05
3.50296e-05
1.99727e-06
0
0
0
0
0
0
0
0
4.04055e-06
1.17379e-05
1.38226e-05
1.10507e-05
8.05128e-06
5.29547e-08
8.03867e-08
9.36841e-08
5.69478e-08
0
0
0
5.50677e-07
0
0
0
0
0
0
0
0
0
1.23049e-06
3.502e-06
7.52019e-06
1.65024e-05
1.0485e-05
0
4.0948e-06
6.11677e-06
1.77208e-06
1.2159e-06
7.69079e-07
4.59113e-07
2.81921e-07
1.90889e-07
1.48306e-07
1.28098e-07
1.09647e-07
8.33537e-08
6.87074e-08
8.00078e-08
7.46891e-08
3.01448e-08
2.1798e-10
1.55856e-08
2.82163e-07
9.25301e-07
1.01864e-06
4.10615e-07
0
0
1.59851e-07
2.74214e-07
1.54732e-07
0
0
0
0
0
0
0
0
0
0
0
0
0
0
0
5.83199e-08
4.85921e-07
1.50381e-06
5.55273e-06
1.06778e-05
1.98399e-06
2.3705e-07
1.10094e-07
0
0
1.00615e-06
1.67322e-06
1.44042e-06
6.33822e-07
0
0
0
0
0
0
1.88706e-07
2.12775e-07
1.90085e-07
1.76769e-07
1.56794e-07
1.33937e-07
1.06914e-07
6.94483e-08
3.1931e-08
4.5118e-09
0
0
0
0
0
0
0
0
0
0
0
1.68603e-06
5.96685e-06
6.44726e-06
8.36893e-07
8.14839e-08
0
0
0
0
0
0
0
0
0
0
8.37792e-09
1.13346e-07
1.97671e-07
2.53576e-07
2.73319e-07
2.63909e-07
2.51905e-07
2.59834e-07
2.84788e-07
2.98029e-07
2.89964e-07
2.97384e-07
3.26897e-07
3.72643e-07
4.07339e-07
4.09711e-07
3.23546e-07
2.1489e-07
1.06809e-07
0
0
0
5.21074e-07
3.70799e-06
3.63327e-06
3.99072e-06
4.44812e-06
7.43034e-06
1.10826e-05
1.15558e-05
8.70038e-06
5.76389e-06
6.04934e-06
8.55448e-06
1.8026e-06
1.98308e-06
2.12639e-05
2.87461e-05
4.31631e-05
5.27118e-05
5.86982e-05
6.60652e-05
7.32753e-05
6.37787e-05
2.60889e-05
2.07044e-07
0
0
0
3.79627e-08
1.03894e-06
6.02412e-07
0
0
7.41844e-06
1.45269e-05
1.53785e-05
1.15105e-05
7.92523e-06
1.58078e-08
1.26541e-08
1.73115e-08
2.65222e-08
0
0
7.09857e-08
4.0407e-07
4.36489e-07
6.24431e-08
0
0
0
0
0
0
0
1.2377e-06
4.64831e-06
9.25525e-06
1.14246e-05
0
1.22657e-06
7.86908e-06
2.71123e-06
1.25401e-06
8.31073e-07
5.12105e-07
3.16131e-07
2.13142e-07
1.69136e-07
1.47701e-07
1.30273e-07
1.11624e-07
8.24346e-08
5.89275e-08
6.07879e-08
7.10378e-08
4.17058e-08
0
0
0
4.16682e-07
8.57824e-07
5.66172e-07
0
0
0
1.68249e-07
1.87188e-07
4.0566e-08
0
0
0
0
0
0
0
0
0
0
0
0
0
0
0
2.89588e-07
1.94551e-06
4.61215e-06
6.35623e-06
1.01014e-06
3.6793e-07
0
0
0
2.07895e-06
3.2489e-06
3.1364e-06
1.99698e-06
2.9665e-07
0
0
0
0
0
1.6376e-07
2.1041e-07
1.82347e-07
1.50073e-07
1.28302e-07
1.17879e-07
1.08044e-07
8.07686e-08
3.93389e-08
4.04587e-09
0
0
0
0
0
0
0
0
0
0
2.66618e-07
2.6398e-06
6.2335e-06
4.52221e-06
3.24313e-07
1.40333e-08
0
0
0
0
0
0
0
0
0
0
4.86685e-08
1.31151e-07
1.88647e-07
2.2228e-07
2.30153e-07
2.23458e-07
2.24391e-07
2.43963e-07
2.71841e-07
2.8309e-07
2.72139e-07
2.80222e-07
3.07481e-07
3.51828e-07
3.73604e-07
3.633e-07
2.58272e-07
1.91097e-07
6.00786e-08
0
0
0
9.88197e-07
3.5477e-06
2.91178e-06
3.74111e-06
4.58086e-06
9.06388e-06
1.23994e-05
1.04083e-05
5.93122e-06
2.94823e-06
3.90949e-06
8.01194e-06
0
0
0
5.13593e-06
1.45859e-05
2.83522e-05
3.86053e-05
4.64293e-05
5.07982e-05
3.99329e-05
1.42856e-05
0
0
0
0
1.28839e-06
2.24006e-06
1.06912e-06
0
9.01186e-07
1.07042e-05
1.60834e-05
1.56331e-05
1.13223e-05
7.71559e-06
5.10852e-09
1.84626e-09
3.37988e-09
1.06356e-08
4.18346e-09
0
4.80487e-08
1.20908e-07
1.1387e-07
4.98045e-08
0
0
0
0
0
0
0
0
0
0
0
0
0
2.50933e-06
1.22639e-06
7.70082e-07
4.86487e-07
3.07773e-07
2.07797e-07
1.62833e-07
1.48141e-07
1.33853e-07
1.1583e-07
9.72067e-08
7.20819e-08
4.70974e-08
3.97491e-08
5.13232e-08
4.81462e-08
1.2054e-08
0
0
0
3.77591e-07
4.44208e-07
0
0
0
0
1.09016e-07
7.86774e-08
0
0
0
0
0
0
0
0
0
0
0
0
0
0
0
3.6751e-07
2.10653e-06
3.65655e-06
3.95614e-06
1.18325e-06
0
0
0
0
3.476e-06
5.52863e-06
5.60215e-06
3.86308e-06
1.20832e-06
0
0
0
0
8.95686e-10
1.43552e-07
1.97637e-07
1.72512e-07
1.24128e-07
9.46176e-08
8.81119e-08
9.14164e-08
8.16293e-08
4.86214e-08
1.10635e-08
0
0
0
0
0
0
0
4.16849e-08
9.16146e-09
0
3.50248e-07
2.59413e-06
4.78466e-06
1.96603e-06
0
1.8148e-07
7.42813e-07
4.4864e-07
0
0
0
0
0
0
0
5.30307e-08
1.11269e-07
1.53432e-07
1.84955e-07
2.03551e-07
2.04924e-07
2.01803e-07
2.09765e-07
2.34095e-07
2.64207e-07
2.74466e-07
2.68835e-07
2.81029e-07
3.04211e-07
3.39163e-07
3.50286e-07
3.23151e-07
2.1602e-07
1.90051e-07
3.40148e-08
0
0
0
1.40549e-06
3.06034e-06
2.04434e-06
3.584e-06
4.66038e-06
1.05242e-05
1.32038e-05
8.94098e-06
3.16812e-06
0
0
2.13881e-06
0
0
1.80276e-06
3.71863e-06
4.80953e-06
1.14088e-05
2.18612e-05
3.00112e-05
3.24111e-05
2.28027e-05
5.00487e-06
0
0
0
0
2.47276e-06
2.23217e-06
3.86746e-07
0
3.41138e-06
1.41011e-05
1.75719e-05
1.62853e-05
1.16561e-05
7.79809e-06
2.2998e-09
2.84417e-09
9.21749e-10
5.24098e-09
9.21738e-09
6.21415e-09
1.89738e-08
2.2818e-08
3.99963e-09
0
0
0
0
0
0
0
0
0
0
0
0
0
5.69407e-07
7.29657e-07
5.19458e-07
3.49509e-07
2.36447e-07
1.73318e-07
1.42961e-07
1.33771e-07
1.27771e-07
1.16015e-07
1.00025e-07
8.44938e-08
6.48205e-08
4.15668e-08
2.89163e-08
3.27348e-08
4.11704e-08
2.57425e-08
0
0
0
0
1.62217e-07
0
0
0
0
0
1.06938e-08
0
0
0
0
0
0
0
0
0
0
0
0
0
0
0
7.29642e-07
1.95437e-06
2.97441e-06
2.72917e-06
9.30717e-07
0
0
0
0
5.29464e-06
8.73618e-06
9.1229e-06
6.20508e-06
2.10101e-06
0
0
0
0
6.37583e-08
1.41635e-07
1.80104e-07
1.60838e-07
1.0703e-07
6.94802e-08
5.88805e-08
6.43413e-08
6.88076e-08
5.31377e-08
2.17493e-08
0
0
0
0
0
0
0
8.28256e-08
1.4665e-07
5.50576e-08
1.88058e-07
1.36732e-06
1.64732e-06
0
0
3.69708e-07
1.72154e-06
1.99929e-06
1.14947e-06
2.01963e-08
0
0
0
6.74191e-08
1.36274e-07
1.65385e-07
1.72473e-07
1.78134e-07
1.8527e-07
1.85614e-07
1.78798e-07
1.74804e-07
1.84666e-07
2.1329e-07
2.45991e-07
2.52321e-07
2.53453e-07
2.72415e-07
2.95238e-07
3.2077e-07
3.20519e-07
2.78887e-07
1.9651e-07
2.00129e-07
2.15873e-08
0
0
0
1.73076e-06
2.14318e-06
9.27644e-07
3.26037e-06
4.28345e-06
1.10964e-05
1.30898e-05
7.36119e-06
1.32639e-06
0
0
0
0
0
2.7853e-06
5.35743e-06
4.92192e-06
4.87775e-06
9.57399e-06
1.62292e-05
1.8045e-05
1.08533e-05
0
0
0
0
0
2.18637e-06
9.15107e-07
0
0
6.87435e-06
1.65316e-05
1.81903e-05
1.62339e-05
1.1141e-05
6.93789e-06
4.31544e-08
3.67756e-08
2.65796e-08
9.56746e-09
4.69049e-08
2.74788e-08
0
0
0
0
0
0
0
0
0
0
0
0
0
0
0
5.20359e-08
1.41999e-07
1.7382e-07
1.57183e-07
1.34238e-07
1.21116e-07
1.16415e-07
1.14092e-07
1.10372e-07
1.02583e-07
9.10917e-08
7.68322e-08
6.5866e-08
5.50727e-08
3.82098e-08
2.21597e-08
1.72686e-08
2.20912e-08
2.29609e-08
6.54577e-09
0
0
0
0
0
0
0
0
0
0
0
0
0
0
0
0
0
0
0
0
0
0
0
0
0
8.74438e-07
1.69026e-06
2.39301e-06
1.8027e-06
4.12203e-07
0
0
0
0
7.29239e-06
1.31022e-05
1.39751e-05
8.46203e-06
2.57092e-06
0
0
0
6.04702e-08
1.41446e-07
1.57572e-07
1.6583e-07
1.48205e-07
9.89413e-08
5.69497e-08
3.98167e-08
3.97375e-08
4.77322e-08
4.92882e-08
3.14961e-08
8.76807e-09
0
0
0
0
0
0
7.33326e-08
1.58582e-07
2.05479e-07
2.28481e-07
3.94518e-08
0
0
0
2.77869e-07
2.04561e-06
3.1365e-06
3.0606e-06
1.5437e-06
0
0
1.77026e-08
1.44285e-07
2.11174e-07
2.23747e-07
2.09291e-07
1.91878e-07
1.73913e-07
1.54422e-07
1.39915e-07
1.37821e-07
1.53638e-07
1.90923e-07
2.20283e-07
2.20697e-07
2.29461e-07
2.57635e-07
2.8191e-07
2.97171e-07
2.84438e-07
2.39826e-07
1.97621e-07
2.21131e-07
2.38424e-08
0
0
3.80537e-07
1.9661e-06
8.75949e-07
0
2.66078e-06
3.29961e-06
9.78999e-06
1.10089e-05
4.54255e-06
0
0
0
0
0
0
2.2236e-06
5.23673e-06
5.68811e-06
4.27236e-06
3.71908e-06
6.07208e-06
7.22912e-06
2.76187e-06
0
0
0
0
0
5.16893e-07
0
0
9.74477e-07
9.71548e-06
1.73612e-05
1.77166e-05
1.52341e-05
9.77819e-06
5.349e-06
0
0
2.12335e-08
9.97133e-09
0
0
0
0
0
0
0
0
0
0
0
0
0
0
5.79312e-08
8.15681e-08
9.19587e-09
0
1.95378e-08
4.64106e-08
6.55811e-08
7.87206e-08
8.51612e-08
8.76914e-08
8.58027e-08
8.07888e-08
7.29501e-08
6.64249e-08
5.97339e-08
5.34046e-08
4.66238e-08
3.54957e-08
1.99672e-08
9.84863e-09
6.65613e-09
7.25458e-09
3.6633e-09
0
0
0
0
0
0
0
0
0
0
0
0
0
0
0
0
0
0
0
0
0
0
0
0
1.51899e-07
7.88908e-07
1.36774e-06
1.69935e-06
9.46648e-07
0
0
0
0
0
8.51748e-06
1.88829e-05
2.0377e-05
9.28629e-06
2.34153e-06
9.92878e-08
0
3.69398e-08
1.84524e-07
2.01972e-07
1.71311e-07
1.49225e-07
1.28397e-07
9.01685e-08
5.11381e-08
3.0224e-08
2.46634e-08
2.91159e-08
3.77084e-08
3.52356e-08
1.84885e-08
1.53652e-09
0
0
0
0
0
4.29306e-08
8.12319e-08
1.41801e-07
1.76803e-07
0
0
0
0
0
1.26783e-06
2.41482e-06
3.09533e-06
1.21324e-06
9.84733e-08
1.72335e-08
6.86543e-08
1.44602e-07
1.93304e-07
2.0473e-07
1.95601e-07
1.78253e-07
1.54047e-07
1.27435e-07
1.08932e-07
1.09112e-07
1.33517e-07
1.78617e-07
2.00547e-07
1.98179e-07
2.14846e-07
2.47162e-07
2.63271e-07
2.67359e-07
2.44935e-07
2.14151e-07
2.17055e-07
2.5785e-07
4.80881e-08
0
4.04819e-08
7.96231e-07
2.15686e-06
0
0
1.7661e-06
2.08495e-06
6.74157e-06
7.06108e-06
5.00267e-07
0
0
1.87892e-07
4.66729e-06
0
0
2.61955e-06
4.38362e-06
5.43764e-06
4.20305e-06
2.53309e-06
1.2873e-06
4.53381e-07
0
0
0
0
0
0
0
0
0
1.95097e-06
1.19182e-05
1.76364e-05
1.69688e-05
1.37373e-05
7.79858e-06
3.12146e-06
0
0
0
0
0
0
0
0
0
0
0
0
0
0
0
0
1.99429e-10
3.16403e-09
0
0
0
6.84427e-09
2.4515e-08
3.97772e-08
5.0487e-08
5.48529e-08
5.84055e-08
6.13946e-08
6.24846e-08
5.92246e-08
5.50497e-08
5.05101e-08
4.55677e-08
3.994e-08
3.47315e-08
2.74366e-08
1.67679e-08
7.69893e-09
1.57246e-09
0
0
0
0
0
0
0
0
0
0
0
0
0
0
0
0
0
0
0
0
0
0
0
0
0
0
1.87462e-07
6.12685e-07
1.0015e-06
9.22048e-07
2.77794e-07
0
0
0
0
0
6.45086e-06
2.41918e-05
2.5238e-05
6.75274e-06
1.57145e-06
3.35145e-07
1.66553e-07
2.36484e-07
2.72862e-07
2.36687e-07
1.75903e-07
1.3253e-07
1.0654e-07
7.93062e-08
4.89147e-08
2.73873e-08
1.79492e-08
1.78428e-08
2.59768e-08
3.2505e-08
2.46549e-08
8.18999e-09
0
0
0
0
0
2.53759e-08
2.19867e-08
8.71211e-09
0
0
0
0
0
0
0
0
3.19207e-07
7.23734e-07
3.88859e-07
1.82406e-07
1.19683e-07
1.28519e-07
1.54802e-07
1.69539e-07
1.71786e-07
1.6253e-07
1.37078e-07
1.04346e-07
8.40647e-08
9.0599e-08
1.27773e-07
1.777e-07
1.93793e-07
1.92634e-07
2.1486e-07
2.38602e-07
2.39141e-07
2.36006e-07
2.09285e-07
2.07745e-07
2.54707e-07
3.16209e-07
1.04899e-07
1.36822e-07
4.1862e-07
1.2165e-06
2.35586e-06
0
0
5.01314e-07
1.04708e-06
3.65342e-06
3.52515e-06
0
0
0
2.99643e-06
9.03418e-06
0
0
4.83562e-06
5.35341e-06
4.78742e-06
3.45452e-06
1.79383e-06
2.17606e-07
0
0
0
0
0
0
0
0
0
0
3.74796e-06
1.47169e-05
1.78584e-05
1.6041e-05
1.13655e-05
5.00352e-06
5.87269e-07
0
0
0
0
0
0
0
0
0
0
0
0
0
0
0
0
0
0
0
0
8.79563e-09
1.97823e-08
2.54719e-08
2.59931e-08
2.69849e-08
3.3613e-08
4.25219e-08
4.73419e-08
4.60051e-08
4.024e-08
3.48876e-08
3.11115e-08
2.79683e-08
2.46171e-08
2.15305e-08
1.74124e-08
1.11225e-08
5.30433e-09
4.77912e-10
0
0
0
0
0
0
0
0
0
0
0
0
0
0
0
0
0
0
0
0
0
0
0
0
0
0
1.498e-07
4.38691e-07
6.16579e-07
2.50078e-07
0
0
5.49516e-07
1.52089e-06
0
0
0
1.16412e-05
1.00101e-05
1.8761e-06
8.68787e-07
6.04067e-07
4.66918e-07
4.00631e-07
3.33862e-07
2.50909e-07
1.72268e-07
1.18289e-07
8.8554e-08
6.8684e-08
4.80642e-08
2.92103e-08
1.75808e-08
1.37e-08
1.78324e-08
2.65839e-08
2.6081e-08
1.40376e-08
0
0
0
0
0
1.37894e-08
0
0
0
0
0
0
0
0
0
0
3.14552e-07
4.64614e-07
2.97162e-07
1.74831e-07
1.22625e-07
1.14334e-07
1.27938e-07
1.43476e-07
1.51255e-07
1.44475e-07
1.16184e-07
8.36397e-08
7.08065e-08
8.82697e-08
1.33963e-07
1.82503e-07
1.96409e-07
2.02376e-07
2.19641e-07
2.2641e-07
2.15068e-07
2.05266e-07
1.80404e-07
2.23114e-07
3.16835e-07
4.04593e-07
2.08098e-07
4.57499e-07
8.99128e-07
1.65528e-06
2.55719e-06
0
0
0
1.92802e-07
1.96739e-06
2.43345e-06
0
0
0
6.73397e-06
1.20076e-05
0
0
7.13837e-06
7.98307e-06
6.89429e-06
4.27005e-06
9.48722e-07
0
0
0
0
0
0
0
0
0
0
0
7.81206e-06
1.5934e-05
1.65401e-05
1.33869e-05
7.47108e-06
1.94962e-06
0
0
0
0
0
0
0
0
0
0
0
0
0
0
0
0
0
0
0
0
5.67955e-09
1.06932e-08
1.261e-08
1.35809e-08
1.82163e-08
2.7783e-08
3.5943e-08
3.77667e-08
3.30176e-08
2.47336e-08
1.9024e-08
1.61811e-08
1.48866e-08
1.42577e-08
1.29897e-08
1.11207e-08
8.9005e-09
5.40632e-09
1.72349e-09
0
0
0
0
0
0
0
0
0
0
0
0
0
0
0
0
0
0
0
0
0
0
0
0
0
0
0
9.24325e-08
2.75039e-07
2.29324e-07
0
0
2.32918e-07
3.21292e-06
1.02435e-05
2.83043e-06
0
0
0
0
0
6.78033e-07
9.0006e-07
7.09839e-07
5.22625e-07
3.74529e-07
2.57484e-07
1.68914e-07
1.10459e-07
7.82737e-08
6.13806e-08
4.75002e-08
3.27596e-08
2.09541e-08
1.46577e-08
1.46548e-08
2.07894e-08
2.44734e-08
1.83403e-08
7.49689e-09
0
0
0
0
0
0
0
0
0
0
0
0
0
0
0
1.66992e-07
2.03762e-07
1.62251e-07
1.23508e-07
1.05533e-07
1.03425e-07
1.10194e-07
1.19849e-07
1.27287e-07
1.205e-07
9.315e-08
7.15445e-08
7.17527e-08
9.7908e-08
1.4204e-07
1.84095e-07
2.06864e-07
2.12909e-07
2.20464e-07
2.10124e-07
1.83776e-07
1.70416e-07
1.65299e-07
2.68804e-07
4.21604e-07
5.33924e-07
3.77051e-07
8.68326e-07
1.52667e-06
2.08173e-06
2.6911e-06
0
0
0
0
1.32125e-06
2.68426e-06
0
0
7.18809e-07
9.80315e-06
1.30026e-05
4.44892e-06
0
6.89564e-06
9.10896e-06
8.53567e-06
6.66618e-06
2.98226e-06
0
0
0
0
0
0
0
0
0
0
1.92375e-06
1.00853e-05
1.40034e-05
1.2929e-05
8.25399e-06
2.72215e-06
0
0
0
0
0
0
0
0
0
0
0
1.0992e-08
3.68727e-08
3.54008e-08
2.14449e-08
5.04268e-09
0
0
0
0
0
8.33544e-11
1.87646e-09
5.31004e-09
1.11898e-08
1.72809e-08
2.08121e-08
2.028e-08
1.63091e-08
1.17834e-08
8.64644e-09
6.75596e-09
5.27198e-09
3.9017e-09
2.86482e-09
1.42891e-09
0
0
0
0
0
0
0
0
0
0
0
0
0
0
0
0
0
0
0
0
0
0
0
0
0
0
0
0
0
0
0
2.53115e-08
1.01363e-07
0
0
0
6.50831e-07
4.20402e-06
9.06261e-06
4.11061e-06
0
0
0
0
0
9.86878e-07
1.20438e-06
8.80745e-07
5.84518e-07
3.74978e-07
2.35765e-07
1.47522e-07
9.42692e-08
6.55539e-08
5.2618e-08
4.49829e-08
3.56625e-08
2.57088e-08
1.84718e-08
1.57367e-08
1.84416e-08
2.31284e-08
2.23229e-08
1.60103e-08
8.43905e-09
1.2939e-09
0
0
0
0
0
0
0
0
0
0
0
0
6.55531e-09
7.20313e-08
9.47325e-08
9.53791e-08
9.38657e-08
9.7394e-08
1.02509e-07
1.04236e-07
1.04456e-07
1.04705e-07
9.53785e-08
7.64022e-08
7.09045e-08
8.18699e-08
1.09792e-07
1.44803e-07
1.8202e-07
2.06682e-07
2.15732e-07
2.14404e-07
1.74082e-07
1.30557e-07
1.26973e-07
1.68653e-07
3.68038e-07
6.00615e-07
7.17939e-07
6.52904e-07
1.42116e-06
2.2792e-06
2.49748e-06
2.71116e-06
0
0
0
0
1.30805e-06
2.65162e-06
0
0
4.08149e-06
1.14539e-05
1.24189e-05
7.78595e-06
0
6.66979e-06
1.27404e-05
1.07033e-05
7.89386e-06
5.40966e-06
2.17139e-06
0
0
0
0
0
0
0
0
0
4.69042e-06
9.16894e-06
1.04554e-05
7.72143e-06
2.1177e-06
0
0
0
0
0
0
0
0
0
0
0
0
0
9.29729e-09
1.69984e-08
3.43639e-09
0
0
0
0
0
0
0
0
0
0
0
0
0
2.81001e-09
6.29098e-09
7.10978e-09
4.92766e-09
1.69215e-09
0
0
0
0
0
0
0
0
0
0
0
0
0
0
0
0
0
0
0
0
0
0
0
0
0
0
0
0
0
0
0
0
0
0
0
0
0
0
0
8.47361e-07
3.60284e-06
5.93466e-06
2.80801e-06
0
0
0
0
0
1.521e-06
1.48426e-06
9.96004e-07
6.06808e-07
3.52772e-07
2.05313e-07
1.23795e-07
7.97768e-08
5.77081e-08
4.83314e-08
4.39901e-08
3.84437e-08
3.08067e-08
2.37255e-08
1.96446e-08
2.02334e-08
2.46839e-08
2.74592e-08
2.50487e-08
1.88149e-08
1.10155e-08
1.76786e-09
0
0
0
0
0
0
0
0
0
0
0
1.72563e-08
4.83068e-08
6.19569e-08
7.49286e-08
9.00192e-08
1.05281e-07
1.12906e-07
1.09931e-07
1.01556e-07
9.20862e-08
7.91958e-08
7.26191e-08
7.85058e-08
9.48576e-08
1.18388e-07
1.4127e-07
1.6749e-07
1.91542e-07
2.04555e-07
2.04417e-07
9.48464e-08
4.75657e-08
6.77126e-08
1.88134e-07
5.6109e-07
8.96913e-07
9.69307e-07
1.11391e-06
2.17379e-06
3.16877e-06
3.00928e-06
2.60267e-06
0
0
0
0
2.05666e-06
2.69561e-06
0
9.83861e-07
7.5138e-06
1.25502e-05
1.22297e-05
9.77319e-06
0
0
2.67851e-05
2.26934e-05
1.59723e-05
1.04697e-05
6.82039e-06
3.51531e-06
0
0
0
0
0
0
0
2.25703e-06
5.31337e-06
7.15992e-06
6.40251e-06
1.47097e-06
0
0
0
0
0
0
0
0
0
0
0
0
0
0
0
0
0
0
0
6.39911e-10
4.00608e-09
6.22073e-09
7.03124e-09
6.77299e-09
6.16201e-09
5.9669e-09
6.75341e-09
8.7142e-09
1.15728e-08
1.42302e-08
1.48623e-08
1.24397e-08
7.87843e-09
2.83262e-09
0
0
0
0
0
0
0
0
0
0
0
0
0
0
0
0
0
0
0
0
0
0
0
0
0
0
0
0
0
0
0
0
0
0
0
0
0
0
0
0
6.53838e-07
2.11753e-06
2.96693e-06
1.04744e-06
0
0
0
0
9.25624e-07
1.73216e-06
1.40516e-06
8.91337e-07
5.2471e-07
2.96957e-07
1.68301e-07
1.00724e-07
6.64866e-08
5.04329e-08
4.38097e-08
4.05008e-08
3.67591e-08
3.13903e-08
2.55488e-08
2.1399e-08
2.10441e-08
2.47702e-08
2.86944e-08
2.8707e-08
2.41889e-08
1.65246e-08
6.74164e-09
0
0
0
0
0
0
0
0
0
0
3.7214e-09
5.17435e-08
5.202e-08
5.39425e-08
7.12552e-08
9.7158e-08
1.17692e-07
1.23898e-07
1.18668e-07
1.0549e-07
8.84767e-08
7.48346e-08
7.63247e-08
8.63802e-08
1.03129e-07
1.17867e-07
1.28573e-07
1.41643e-07
1.51379e-07
1.61001e-07
1.80756e-07
0
0
0
1.86618e-07
8.09237e-07
1.2271e-06
1.25374e-06
1.77535e-06
3.02055e-06
4.03843e-06
3.49359e-06
2.39126e-06
0
0
0
4.48122e-07
3.51414e-06
3.78538e-06
9.75847e-07
3.8893e-06
1.01667e-05
1.25635e-05
1.20432e-05
1.14941e-05
0
0
5.44739e-05
4.68091e-05
3.53e-05
2.5034e-05
1.72318e-05
1.15417e-05
6.82521e-06
2.42808e-06
0
0
0
0
8.68184e-07
3.48747e-06
4.81862e-06
4.88896e-06
1.33713e-06
0
0
0
0
0
0
0
0
0
0
0
0
0
0
0
0
0
0
0
2.55559e-10
1.26125e-08
2.12588e-08
2.8054e-08
3.41283e-08
3.92808e-08
4.28641e-08
4.44733e-08
4.30446e-08
3.80271e-08
2.97745e-08
1.94561e-08
8.64073e-09
0
0
0
0
0
0
0
0
0
0
0
0
0
0
0
0
0
0
0
0
0
0
0
0
0
0
0
0
0
0
0
0
0
0
0
0
0
0
0
0
0
0
0
4.61837e-07
9.25964e-07
9.78622e-07
0
0
0
0
0
1.20289e-06
1.43467e-06
9.97161e-07
5.93619e-07
3.27622e-07
1.74574e-07
9.59573e-08
5.86183e-08
4.13535e-08
3.42378e-08
3.19476e-08
3.06593e-08
2.86484e-08
2.55972e-08
2.16683e-08
1.82733e-08
1.7599e-08
2.0314e-08
2.3747e-08
2.46479e-08
2.18673e-08
1.54481e-08
5.14813e-09
0
0
0
0
0
0
0
0
0
0
7.76981e-08
8.45864e-08
6.20225e-08
5.32654e-08
7.0438e-08
1.04165e-07
1.2781e-07
1.33651e-07
1.28652e-07
1.15149e-07
9.50437e-08
8.20976e-08
8.55722e-08
9.67911e-08
1.10002e-07
1.16669e-07
1.18719e-07
1.14237e-07
1.00267e-07
9.14114e-08
8.65825e-08
0
0
0
1.19498e-07
1.06374e-06
1.57389e-06
1.67835e-06
2.71187e-06
3.90121e-06
4.7786e-06
4.01185e-06
1.96246e-06
0
0
0
2.80545e-06
5.3607e-06
5.24692e-06
3.61079e-06
6.65086e-06
1.13089e-05
1.16828e-05
1.1771e-05
1.30751e-05
1.78637e-06
0
6.87204e-05
7.77478e-05
5.71834e-05
4.1195e-05
2.85652e-05
1.88684e-05
1.15933e-05
6.30165e-06
2.13809e-06
0
0
0
1.59858e-06
3.34903e-06
3.70923e-06
1.80646e-06
0
0
0
0
0
0
0
0
0
0
0
0
0
0
0
0
0
0
0
0
0
0
0
0
1.72476e-08
4.36353e-08
5.04984e-08
4.00839e-08
2.08118e-08
5.63037e-10
0
0
0
0
0
0
0
0
0
0
0
0
0
0
0
0
0
0
0
0
0
0
0
0
0
0
4.24159e-08
8.03593e-08
0
0
0
0
0
0
0
0
0
0
0
9.40013e-09
4.12569e-07
7.76071e-07
8.81711e-07
4.95762e-07
5.11953e-07
8.76571e-07
1.14424e-06
1.30905e-06
1.20545e-06
4.81672e-07
0
0
0
4.30238e-07
7.97203e-07
6.24597e-07
3.44961e-07
1.6723e-07
7.24721e-08
2.81927e-08
1.21429e-08
8.23906e-09
7.87306e-09
8.57809e-09
9.44189e-09
9.56574e-09
9.07204e-09
8.43921e-09
7.33108e-09
5.9686e-09
5.87995e-09
7.82907e-09
1.0398e-08
1.16399e-08
1.05264e-08
5.86729e-09
0
0
0
0
0
0
0
0
0
0
6.80443e-08
8.82252e-08
7.667e-08
5.36882e-08
3.61005e-08
5.70058e-08
9.63216e-08
1.18406e-07
1.25918e-07
1.23407e-07
1.1319e-07
9.74929e-08
8.82014e-08
9.29533e-08
1.04053e-07
1.1209e-07
1.1408e-07
1.10517e-07
8.97793e-08
6.65971e-08
5.81079e-08
5.95497e-09
0
0
0
0
1.43067e-06
2.12452e-06
2.57483e-06
3.96733e-06
4.75468e-06
5.14137e-06
4.49566e-06
1.48299e-06
0
0
0
5.7756e-06
7.22539e-06
6.13487e-06
5.72414e-06
8.30178e-06
1.09963e-05
1.05433e-05
1.19918e-05
1.48792e-05
7.43357e-06
0
1.96713e-06
8.51262e-05
6.77364e-05
4.74463e-05
3.17343e-05
2.02269e-05
1.2093e-05
6.66307e-06
2.7819e-06
0
0
0
8.13824e-07
2.11833e-06
2.1719e-06
0
0
0
0
0
0
0
0
0
0
0
0
0
0
0
0
0
0
0
0
0
0
0
0
0
4.69855e-08
1.0075e-07
1.3317e-07
1.3292e-07
1.01547e-07
5.54322e-08
1.10387e-08
0
0
0
0
0
0
0
0
0
0
0
0
0
0
0
0
0
0
0
0
0
0
4.00619e-09
1.30258e-08
3.31815e-08
8.78546e-08
2.16655e-07
4.42102e-07
6.55019e-07
5.05268e-07
0
0
0
0
0
0
0
0
4.02224e-07
1.21119e-06
2.14605e-06
3.07737e-06
3.17883e-06
3.12104e-06
3.22399e-06
3.36885e-06
3.35325e-06
2.71008e-06
1.5455e-06
5.01038e-07
0
0
0
0
0
0
0
0
0
0
0
0
0
0
0
0
0
0
0
0
0
0
0
0
0
0
0
0
0
0
0
0
0
0
2.63869e-08
5.85565e-08
5.65646e-08
4.43745e-08
1.88484e-08
0
3.19071e-08
7.17062e-08
8.98521e-08
9.54857e-08
9.24119e-08
8.48791e-08
7.88142e-08
8.18793e-08
9.19811e-08
1.02372e-07
1.06682e-07
1.09395e-07
1.03497e-07
8.38299e-08
8.57305e-08
1.24889e-07
1.41553e-07
1.6914e-07
0
0
0
2.413e-06
3.48087e-06
4.56335e-06
5.65911e-06
5.4913e-06
5.24945e-06
5.02423e-06
1.55866e-06
0
0
3.65506e-06
8.65943e-06
8.69748e-06
6.51551e-06
6.63358e-06
8.88381e-06
9.86094e-06
9.64185e-06
1.29581e-05
1.70848e-05
1.20261e-05
0
0
4.95024e-05
6.3001e-05
4.67079e-05
3.11127e-05
1.96471e-05
1.17226e-05
6.61934e-06
3.02855e-06
4.05512e-07
0
0
0
4.55438e-07
7.58556e-07
0
0
0
0
0
0
0
0
0
0
0
0
0
0
0
0
0
0
0
0
0
0
0
0
0
0
0
1.97323e-08
4.26555e-08
4.74896e-08
2.52391e-08
0
0
0
0
0
0
0
0
0
0
0
0
0
0
0
0
0
0
0
0
0
1.3086e-08
3.12229e-08
5.24678e-08
7.50051e-08
9.99126e-08
1.35164e-07
2.02651e-07
3.42604e-07
6.11559e-07
8.88237e-07
1.03271e-06
1.08339e-06
1.04589e-06
9.49636e-07
8.97499e-07
8.94063e-07
1.10082e-06
1.57649e-06
2.24124e-06
2.9897e-06
3.71156e-06
4.5376e-06
5.13253e-06
5.44066e-06
5.662e-06
5.65822e-06
5.11524e-06
3.85714e-06
2.10053e-06
5.34766e-07
0
0
0
0
0
0
0
0
0
0
0
0
0
0
0
0
0
0
0
0
0
0
0
0
0
0
0
0
0
0
0
0
0
0
2.24443e-08
3.46099e-08
3.30293e-08
1.78563e-08
0
0
6.83797e-09
3.42027e-08
4.40777e-08
4.35177e-08
3.90937e-08
3.62265e-08
4.49866e-08
5.93861e-08
7.14903e-08
7.9751e-08
8.2606e-08
8.65323e-08
8.28026e-08
7.38806e-08
1.10798e-07
2.28402e-07
4.52168e-07
6.82692e-07
1.14462e-06
2.33586e-06
2.5775e-06
3.76928e-06
5.48992e-06
7.24766e-06
7.18029e-06
5.65724e-06
4.91462e-06
5.33512e-06
2.54456e-06
0
2.05963e-07
6.57398e-06
1.01472e-05
8.95484e-06
6.18863e-06
6.47957e-06
8.50132e-06
8.13965e-06
8.87341e-06
1.39829e-05
1.88428e-05
1.53942e-05
1.10466e-06
0
1.35973e-05
4.82534e-05
4.22794e-05
2.96202e-05
1.92046e-05
1.15288e-05
6.55303e-06
3.15212e-06
6.55014e-07
0
0
0
0
0
0
0
0
0
0
0
0
0
0
0
0
0
0
0
0
0
0
0
0
8.76696e-09
0
0
0
0
0
0
0
0
0
0
0
0
0
0
0
0
0
0
0
0
0
0
0
0
0
0
0
0
0
2.91333e-09
1.66502e-08
3.19621e-08
4.84563e-08
6.63845e-08
8.85232e-08
1.17238e-07
1.47666e-07
1.78451e-07
2.16049e-07
2.75226e-07
3.9344e-07
5.39553e-07
6.53858e-07
7.59742e-07
8.39263e-07
9.05308e-07
1.02392e-06
1.16095e-06
1.34133e-06
1.66223e-06
2.16693e-06
2.61928e-06
3.18854e-06
3.66587e-06
4.06904e-06
4.60392e-06
5.08946e-06
5.11811e-06
4.44786e-06
3.12914e-06
1.49198e-06
2.58328e-08
0
0
0
0
0
0
0
0
0
0
0
0
0
0
0
0
0
0
0
0
0
0
0
0
0
0
0
0
0
0
0
0
1.3549e-07
2.33444e-07
7.1957e-08
4.61184e-08
3.23147e-08
0
0
0
0
4.20177e-09
0
0
0
4.23117e-09
2.10647e-08
2.91855e-08
3.58927e-08
4.04167e-08
4.09091e-08
4.53501e-08
3.72756e-08
2.51816e-08
5.48582e-08
8.69936e-08
0
0
0
0
0
0
5.71115e-06
8.63186e-06
7.50495e-06
4.92121e-06
3.95093e-06
4.73262e-06
3.42206e-06
0
4.68815e-06
7.98385e-06
9.73121e-06
7.93757e-06
5.38828e-06
6.34818e-06
7.59014e-06
6.70632e-06
8.33128e-06
1.49891e-05
2.03396e-05
1.80687e-05
7.0735e-06
0
0
3.23175e-05
3.69446e-05
2.79406e-05
1.89495e-05
1.17555e-05
6.83266e-06
3.52296e-06
1.05251e-06
0
0
0
0
0
0
0
0
0
0
0
0
8.79587e-08
2.54898e-07
3.59167e-07
4.23229e-07
4.48895e-07
4.38585e-07
3.96412e-07
3.18725e-07
2.17547e-07
1.08391e-07
1.45514e-08
0
0
0
0
0
0
0
0
0
0
0
0
1.16898e-08
9.58674e-08
1.29099e-07
1.03132e-07
4.03123e-08
0
0
0
0
0
0
0
0
0
0
0
0
1.13631e-08
2.78719e-08
4.48556e-08
6.24074e-08
8.19153e-08
1.03504e-07
1.29793e-07
1.6257e-07
1.95333e-07
2.21699e-07
2.5003e-07
2.87481e-07
3.23096e-07
3.66677e-07
4.28037e-07
4.93958e-07
5.54744e-07
6.02147e-07
6.41806e-07
6.88592e-07
7.36329e-07
7.93846e-07
8.99563e-07
1.07806e-06
1.4256e-06
1.73347e-06
1.90738e-06
2.16332e-06
2.6831e-06
2.97432e-06
2.82636e-06
2.32042e-06
1.55571e-06
6.42731e-07
0
0
0
0
0
0
0
0
0
0
0
0
0
0
0
0
0
0
0
0
0
0
0
0
0
0
0
0
0
0
0
0
0
4.06629e-08
2.15594e-07
3.36569e-07
1.53394e-07
5.53501e-08
0
0
4.41006e-09
2.96326e-08
1.00023e-08
0
0
0
0
1.71151e-09
0
0
0
3.89194e-10
1.30351e-08
0
0
0
0
0
0
0
0
0
0
1.89139e-06
6.37377e-06
5.2715e-06
2.73369e-06
1.68893e-06
2.17457e-06
2.2353e-06
1.0628e-06
6.29582e-06
7.97211e-06
7.55031e-06
6.12583e-06
4.96026e-06
6.87231e-06
7.28122e-06
6.27289e-06
8.00201e-06
1.5942e-05
2.18833e-05
2.04413e-05
1.19447e-05
1.19909e-06
0
1.85559e-05
3.22609e-05
2.663e-05
1.87941e-05
1.226e-05
7.54157e-06
4.28828e-06
1.7368e-06
0
0
0
0
0
0
0
0
0
0
0
0
0
3.00672e-07
6.07265e-07
8.40398e-07
9.96732e-07
1.05153e-06
9.48746e-07
6.85326e-07
3.26001e-07
0
0
0
0
0
0
0
0
0
0
0
0
0
0
1.29128e-07
2.69615e-07
3.10223e-07
2.42795e-07
1.23371e-07
2.85368e-09
0
0
0
0
0
0
0
0
0
0
0
0
3.07638e-08
6.24029e-08
9.47567e-08
1.28067e-07
1.62631e-07
2.03879e-07
2.53726e-07
2.97836e-07
3.28251e-07
3.55097e-07
3.82557e-07
4.02326e-07
4.15037e-07
4.35298e-07
4.69244e-07
5.02853e-07
5.28497e-07
5.5514e-07
6.04835e-07
6.59162e-07
6.87926e-07
7.06039e-07
7.44374e-07
8.61588e-07
9.34601e-07
9.64318e-07
1.03488e-06
1.26302e-06
1.32216e-06
1.1788e-06
9.32427e-07
6.03999e-07
2.34214e-07
0
0
0
0
0
0
0
0
0
0
0
0
0
0
0
0
0
0
0
0
0
0
0
0
0
0
0
0
0
0
0
0
0
2.27005e-08
8.63439e-08
1.60943e-07
2.23331e-07
1.39942e-07
7.50978e-08
7.71215e-08
1.03127e-07
1.08002e-07
6.40137e-08
2.38212e-09
0
0
3.87598e-09
0
0
0
0
6.65911e-09
3.34521e-08
0
0
0
0
0
0
0
0
0
0
0
0
0
0
0
0
0
2.14333e-07
5.266e-06
6.85432e-06
4.80059e-06
4.82152e-06
6.59648e-06
9.10912e-06
8.02009e-06
6.74544e-06
8.47735e-06
1.71607e-05
2.42912e-05
2.35955e-05
1.6509e-05
8.1506e-06
0
7.59136e-06
2.99201e-05
2.76347e-05
2.00383e-05
1.35394e-05
8.71731e-06
5.19667e-06
2.3209e-06
1.27667e-07
0
0
0
0
0
0
0
0
0
0
0
0
4.93736e-08
6.7895e-07
1.33711e-06
1.43946e-06
1.18904e-06
9.03519e-07
6.66874e-07
4.55015e-07
2.38679e-07
1.04251e-07
2.33391e-07
4.5237e-07
4.51824e-07
2.85862e-07
8.55914e-08
0
0
0
0
0
0
0
1.24077e-07
2.84058e-07
4.22658e-07
4.63349e-07
3.85303e-07
2.27707e-07
5.89282e-08
0
0
0
0
0
0
0
0
0
0
0
2.55787e-08
5.85372e-08
8.47465e-08
1.05619e-07
1.25127e-07
1.49454e-07
1.8913e-07
2.40734e-07
2.93073e-07
3.37933e-07
3.72423e-07
3.93313e-07
4.01433e-07
4.03484e-07
4.04269e-07
4.04213e-07
4.03607e-07
4.04328e-07
4.06828e-07
4.09694e-07
4.14619e-07
4.32883e-07
4.48702e-07
4.43533e-07
4.2182e-07
4.02059e-07
4.01445e-07
3.87078e-07
3.43256e-07
2.82328e-07
2.06338e-07
1.12828e-07
1.39554e-08
0
0
0
0
0
0
0
0
0
0
0
0
0
0
0
0
0
0
0
0
0
0
0
0
0
0
0
0
0
0
1.01037e-08
3.21625e-08
5.83772e-08
1.00991e-07
1.40465e-07
1.34743e-07
9.51171e-08
1.15178e-07
1.34965e-07
1.45094e-07
1.5574e-07
1.46707e-07
1.16471e-07
9.00576e-08
7.58777e-08
7.35941e-08
5.45078e-08
2.54959e-08
4.32021e-08
6.20718e-08
4.00047e-08
7.83502e-08
6.42649e-08
0
0
6.03083e-07
1.77343e-06
1.24294e-06
5.94165e-07
0
0
0
0
0
0
0
0
0
0
0
0
2.74311e-06
4.32593e-06
1.79021e-06
4.52279e-06
9.53087e-06
1.16787e-05
8.88057e-06
7.02548e-06
8.51866e-06
1.62897e-05
2.43692e-05
2.43874e-05
1.84961e-05
1.18369e-05
1.74859e-06
0
2.48341e-05
2.84796e-05
2.12333e-05
1.45336e-05
9.41853e-06
5.43214e-06
2.1437e-06
0
0
0
0
0
0
0
0
0
0
0
0
0
1.11018e-06
1.46151e-06
9.86596e-07
6.12788e-07
3.57378e-07
1.77865e-07
4.4745e-08
0
0
0
0
0
0
0
0
0
0
0
0
0
1.86225e-08
1.14985e-07
1.53495e-07
1.35444e-07
7.3223e-08
0
0
0
0
0
0
0
0
0
0
0
0
0
0
0
8.22044e-09
2.08022e-08
3.41703e-08
4.50448e-08
5.33973e-08
6.30544e-08
8.05994e-08
1.16209e-07
1.76148e-07
2.44601e-07
3.02497e-07
3.33792e-07
3.3514e-07
3.15419e-07
2.88142e-07
2.62803e-07
2.45809e-07
2.35903e-07
2.29932e-07
2.26064e-07
2.26155e-07
2.27309e-07
2.22786e-07
2.11334e-07
1.93838e-07
1.72304e-07
1.48384e-07
1.22116e-07
9.27956e-08
6.01526e-08
3.01486e-08
7.28416e-09
0
0
0
0
0
0
0
0
0
0
0
0
0
0
0
0
0
0
0
0
0
0
0
6.8416e-09
3.02186e-08
3.60761e-08
1.33254e-08
0
0
2.19905e-08
6.76708e-08
9.52951e-08
9.29941e-08
8.72767e-08
1.0785e-07
1.53605e-07
2.17658e-07
3.0705e-07
3.60384e-07
3.55214e-07
3.60085e-07
3.45058e-07
2.94557e-07
2.25565e-07
1.70775e-07
1.44655e-07
1.47925e-07
1.34528e-07
1.27285e-07
1.5697e-07
1.31972e-07
1.10267e-07
1.25088e-07
7.66082e-08
0
6.85119e-07
3.04976e-06
5.52295e-06
4.66352e-06
5.4062e-06
4.49282e-06
0
0
0
0
0
0
0
0
0
0
0
1.3239e-06
1.88504e-06
0
6.35515e-06
1.31811e-05
1.44287e-05
1.00615e-05
7.07305e-06
8.53406e-06
1.52552e-05
2.40406e-05
2.50262e-05
2.04558e-05
1.51886e-05
5.28522e-06
0
9.26566e-06
2.97908e-05
2.37194e-05
1.61619e-05
1.01678e-05
5.28533e-06
1.32543e-06
0
0
0
0
0
0
0
0
0
0
0
0
0
1.60972e-07
3.24514e-08
0
0
0
0
0
0
0
0
1.43493e-08
1.73539e-07
1.15792e-07
0
0
0
0
0
0
1.94177e-07
2.98363e-07
6.37455e-08
0
0
0
0
0
0
0
0
0
0
1.00945e-07
2.27078e-07
2.77207e-07
2.5444e-07
1.56222e-07
2.67569e-08
0
0
0
0
0
2.1674e-08
3.13025e-08
3.10953e-08
2.90592e-08
3.43707e-08
5.71132e-08
1.00244e-07
1.50293e-07
1.84657e-07
1.90275e-07
1.74565e-07
1.53768e-07
1.3817e-07
1.29286e-07
1.2338e-07
1.17338e-07
1.09953e-07
1.01354e-07
9.2326e-08
8.39639e-08
7.69024e-08
7.07131e-08
6.46208e-08
5.89148e-08
5.38817e-08
4.94548e-08
4.55618e-08
4.20567e-08
3.80945e-08
3.19685e-08
2.15086e-08
7.79174e-09
0
0
0
0
0
0
0
0
0
0
1.36352e-08
3.96927e-08
7.41427e-08
9.67769e-08
1.03451e-07
9.64836e-08
7.83466e-08
6.42558e-08
6.21341e-08
5.99009e-08
6.41556e-08
8.29967e-08
9.35704e-08
6.3565e-08
2.42682e-08
3.95998e-08
1.13258e-07
1.77277e-07
1.93138e-07
1.79877e-07
1.75492e-07
2.40216e-07
3.7104e-07
3.72752e-07
3.45294e-07
3.22283e-07
2.56248e-07
1.81223e-07
2.3916e-07
3.22781e-07
2.81211e-07
2.11291e-07
1.91444e-07
1.96304e-07
1.83825e-07
1.876e-07
1.71448e-07
1.39832e-07
1.25331e-07
1.40975e-07
1.21201e-07
3.84372e-07
1.80275e-06
5.71059e-06
7.1823e-06
5.94265e-06
6.92645e-06
8.67341e-06
5.54421e-06
0
0
4.54252e-06
3.17323e-06
0
0
0
0
0
0
4.1213e-07
1.30338e-07
0
9.75688e-06
1.5286e-05
1.61526e-05
9.84531e-06
5.69134e-06
7.07208e-06
1.24446e-05
2.02616e-05
2.17957e-05
1.88447e-05
1.75419e-05
1.14116e-05
0
0
2.33757e-05
2.67345e-05
1.81535e-05
1.07665e-05
4.6208e-06
0
0
0
0
0
0
0
0
0
0
0
0
0
0
0
0
0
0
0
0
0
0
0
2.18895e-08
1.94466e-07
1.68993e-07
8.22828e-08
0
0
0
0
0
5.77846e-08
2.8187e-07
4.2007e-07
7.37595e-08
0
0
0
0
0
0
0
0
3.28545e-07
6.62002e-07
8.44598e-07
8.85877e-07
7.84249e-07
4.77163e-07
1.25592e-07
0
0
0
0
0
0
0
2.54338e-08
3.99616e-08
4.29124e-08
4.60524e-08
5.81229e-08
8.07711e-08
1.04416e-07
1.14585e-07
1.04521e-07
7.93409e-08
5.01073e-08
2.67679e-08
1.01305e-08
0
0
0
0
0
0
0
0
0
0
8.56095e-09
1.75841e-08
2.39369e-08
2.74997e-08
2.81067e-08
2.52409e-08
2.00407e-08
1.58109e-08
2.06995e-08
4.16727e-08
7.09561e-08
9.40517e-08
1.07307e-07
1.08182e-07
9.89898e-08
8.55672e-08
7.78287e-08
8.1409e-08
9.6293e-08
1.39278e-07
2.17618e-07
3.07899e-07
3.75269e-07
3.85107e-07
3.33343e-07
2.50229e-07
1.84799e-07
1.47747e-07
1.46867e-07
1.84731e-07
2.25316e-07
2.00845e-07
1.28686e-07
7.60299e-08
8.48467e-08
1.30611e-07
1.73128e-07
2.01531e-07
1.9405e-07
1.37346e-07
9.31835e-08
8.594e-08
1.03327e-07
1.24355e-07
1.32287e-07
1.43212e-07
1.26919e-07
1.01397e-07
8.35256e-08
6.52811e-08
8.8952e-08
9.12555e-08
6.22428e-08
1.02723e-07
1.33131e-07
4.89042e-08
9.15557e-09
1.50382e-07
3.59894e-07
7.3956e-07
2.53676e-06
6.95999e-06
7.81246e-06
5.79961e-06
4.78372e-06
6.41128e-06
5.65429e-06
1.28871e-07
0
2.49828e-05
4.64753e-06
0
0
0
0
0
0
0
0
0
1.23127e-05
1.54444e-05
1.68006e-05
7.84949e-06
3.23964e-06
5.38848e-06
9.24962e-06
1.46353e-05
1.49371e-05
8.74308e-06
2.79685e-06
6.12875e-06
0
7.42724e-08
0
2.87818e-05
2.06926e-05
1.09141e-05
2.75382e-06
0
0
0
0
0
0
0
0
0
0
0
0
0
0
0
0
0
0
0
0
0
2.40707e-07
3.17222e-07
2.39444e-07
9.92801e-08
0
0
0
0
0
0
0
0
0
1.40461e-08
1.48178e-08
0
0
0
0
0
0
0
0
1.16344e-07
3.59992e-07
4.78869e-07
2.75658e-07
3.66686e-08
0
0
0
0
0
0
0
0
0
3.13123e-08
4.02432e-08
3.61357e-08
3.38688e-08
4.25195e-08
5.2073e-08
4.75174e-08
2.17565e-08
0
0
0
0
0
0
0
0
0
0
0
0
0
0
0
0
0
0
0
0
0
0
0
1.32063e-08
9.47678e-08
1.52925e-07
1.613e-07
1.58586e-07
1.61335e-07
1.66128e-07
1.63565e-07
1.54077e-07
1.46405e-07
1.50797e-07
1.78967e-07
2.40179e-07
3.27709e-07
4.2454e-07
5.01236e-07
5.0794e-07
4.41871e-07
3.44654e-07
2.41847e-07
1.72887e-07
1.34416e-07
1.05167e-07
6.89865e-08
3.20795e-08
9.04012e-09
4.13281e-09
1.19433e-08
2.5995e-08
3.61465e-08
2.91467e-08
5.36124e-09
0
0
0
1.70213e-08
2.70499e-08
2.20466e-08
1.39648e-08
1.45388e-08
7.88699e-09
3.89715e-09
2.72621e-08
2.26821e-08
0
5.52637e-08
1.02795e-07
2.44861e-08
4.88796e-09
2.87404e-07
4.04108e-07
5.05932e-07
2.46677e-06
6.56867e-06
7.87456e-06
5.13271e-06
3.5627e-06
3.89661e-06
3.11173e-06
0
0
1.42286e-05
0
0
0
0
0
0
0
0
8.8707e-08
0
0
1.26148e-05
1.63793e-05
4.42948e-06
8.68152e-07
4.76551e-06
6.59344e-06
8.9444e-06
6.69669e-06
0
0
0
3.74592e-06
5.56051e-06
7.7699e-06
1.205e-05
2.41276e-05
9.37156e-06
0
0
0
0
0
0
0
0
0
0
0
0
0
0
0
0
0
0
0
0
0
0
0
0
0
0
0
0
4.25239e-07
8.79359e-07
1.00533e-06
8.74226e-07
6.4283e-07
3.89268e-07
1.51558e-07
0
0
2.55298e-07
7.15229e-07
1.22589e-06
1.31584e-06
8.23131e-07
3.64619e-07
1.36597e-07
4.78388e-08
4.00387e-08
1.99059e-08
0
0
0
0
0
0
0
0
0
0
0
0
0
0
0
0
0
0
0
0
0
0
0
0
0
0
0
0
0
0
0
0
0
0
0
0
0
0
0
0
0
0
0
7.24917e-09
1.2193e-08
1.24937e-08
1.09771e-08
1.04219e-08
1.20549e-08
1.62027e-08
2.1856e-08
2.74909e-08
3.04199e-08
2.64558e-08
1.42453e-08
0
0
3.9791e-09
2.43012e-08
4.81441e-08
6.38155e-08
6.34944e-08
4.86082e-08
2.8077e-08
1.29848e-08
7.45824e-09
6.7907e-09
4.97711e-09
6.533e-10
0
0
0
0
1.79811e-09
6.21412e-09
4.42041e-09
3.68143e-10
2.06225e-09
5.76833e-09
1.81267e-09
0
0
0
0
0
2.50563e-08
3.15844e-08
7.61273e-08
1.26769e-07
5.29569e-08
0
1.36785e-07
2.75334e-07
2.87954e-08
0
1.02695e-06
4.18861e-06
6.12218e-06
4.39533e-06
3.61677e-06
2.91187e-06
1.41488e-06
0
0
4.14112e-06
0
0
0
0
0
0
0
0
0
0
0
7.82128e-07
1.51992e-05
1.17731e-06
0
4.65919e-06
5.0135e-06
4.63463e-06
1.80709e-06
0
0
0
2.4528e-06
4.6511e-06
8.64565e-06
4.27783e-07
2.73476e-05
3.82714e-06
0
0
0
0
0
0
0
0
0
0
0
0
0
0
0
0
0
0
0
0
0
0
0
0
0
0
0
0
2.70077e-08
9.40708e-08
1.36634e-07
1.43156e-07
1.00688e-07
1.78869e-08
0
0
1.20454e-10
4.54252e-08
6.73013e-08
5.96554e-08
3.4928e-08
7.77406e-09
0
0
0
0
0
0
0
0
0
0
0
0
0
0
0
0
0
0
0
0
0
0
0
0
0
0
0
0
0
0
0
0
0
0
0
0
0
3.16531e-09
7.86457e-09
8.07173e-09
6.00675e-09
3.71077e-09
1.86491e-09
0
0
0
0
0
0
0
0
2.92679e-09
2.41366e-09
8.84886e-10
1.98835e-09
6.23636e-09
1.10857e-08
1.47447e-08
1.66249e-08
1.60302e-08
1.06158e-08
0
0
0
0
0
1.21386e-08
2.29274e-08
2.48597e-08
2.1471e-08
1.73513e-08
1.28453e-08
7.42947e-09
1.96623e-09
0
0
0
2.09672e-09
9.04462e-09
1.39718e-08
1.59294e-08
1.88262e-08
2.84512e-08
2.74148e-08
3.04583e-10
0
0
0
0
0
0
5.92248e-08
2.31851e-07
2.55933e-07
0
0
0
0
0
0
0
4.48532e-07
4.2719e-06
4.75519e-06
4.4735e-06
3.55387e-06
1.57483e-06
0
0
3.50527e-07
0
0
0
0
0
0
0
0
0
0
0
0
4.77387e-06
0
0
4.57658e-06
4.5478e-06
2.38959e-06
8.71078e-08
0
0
7.05574e-07
3.60181e-06
2.90908e-06
6.0216e-06
4.9506e-06
6.73757e-06
0
0
0
0
0
0
0
0
0
0
0
0
0
0
0
0
0
0
0
0
0
0
0
0
0
0
0
0
0
0
0
0
0
0
0
0
0
0
0
0
5.91522e-10
1.291e-09
1.60081e-09
1.43498e-09
7.94938e-10
0
0
0
0
0
0
0
0
0
0
0
0
0
0
0
1.05962e-10
6.76727e-10
9.43989e-10
7.75637e-10
1.11194e-10
0
0
0
0
0
0
0
1.89237e-11
4.21178e-10
0
5.06425e-10
1.18747e-09
0
0
0
0
0
0
0
0
0
6.96205e-09
1.25477e-08
1.32162e-08
5.68216e-09
0
0
0
0
0
0
0
0
1.03327e-08
1.90869e-08
2.28762e-08
2.66931e-08
3.37519e-08
3.52396e-08
1.88381e-08
0
0
0
0
0
6.38691e-09
2.16134e-08
2.5829e-08
2.33887e-08
1.74373e-08
1.06564e-08
4.99266e-09
2.79369e-09
4.95165e-09
9.71197e-09
1.72471e-08
2.50093e-08
3.04307e-08
3.59256e-08
5.90936e-08
1.06856e-07
1.03869e-07
5.55134e-09
0
0
0
0
0
0
0
2.98487e-07
3.1954e-07
0
0
0
0
0
0
0
0
3.51337e-06
4.7021e-06
4.22005e-06
3.6804e-06
2.1765e-06
0
0
0
0
0
0
0
0
0
0
0
0
0
0
0
0
0
0
4.04736e-06
3.70813e-06
1.54365e-06
0
0
0
2.90321e-06
8.09863e-06
2.87585e-06
1.54167e-06
1.85346e-07
0
0
0
0
0
0
0
0
0
0
0
0
0
0
0
0
0
0
0
0
0
0
0
0
0
0
0
0
0
0
0
0
0
0
0
0
0
0
0
0
0
0
0
0
0
0
0
0
0
0
0
0
0
0
0
0
0
0
0
0
0
0
5.5827e-10
1.04504e-09
1.28501e-09
1.29759e-09
1.17025e-09
9.93609e-10
8.37376e-10
8.26013e-10
1.01411e-09
1.38232e-09
2.25623e-09
3.5753e-09
4.53926e-09
5.31006e-09
6.79521e-09
7.91848e-09
2.63124e-09
0
0
0
0
0
0
0
0
2.4098e-08
4.48118e-08
5.00057e-08
3.76151e-08
4.82651e-09
0
0
0
0
0
0
3.24235e-10
2.06314e-08
3.15331e-08
3.31356e-08
3.49584e-08
4.38158e-08
4.8723e-08
3.04929e-08
0
0
0
0
0
0
1.04001e-08
1.68412e-08
1.78363e-08
1.55897e-08
1.28221e-08
1.09357e-08
1.29203e-08
2.39598e-08
3.75928e-08
5.63681e-08
7.08363e-08
7.94357e-08
8.77008e-08
1.69053e-07
3.42349e-07
3.38664e-07
4.14743e-08
0
0
0
0
0
0
0
0
0
0
0
0
0
0
0
0
0
2.39952e-07
5.78678e-07
9.25596e-07
1.22575e-06
1.17182e-06
4.62647e-07
1.8328e-07
0
0
0
0
3.61555e-08
9.41119e-08
1.73319e-07
6.90346e-08
0
0
0
0
0
6.7069e-07
0
0
0
7.7082e-07
7.58999e-08
0
0
0
7.3597e-06
1.4104e-05
6.07529e-06
5.88001e-07
0
0
7.27943e-10
9.11633e-09
6.77299e-09
0
0
0
0
0
0
0
0
0
0
0
0
0
0
0
0
0
0
0
0
0
0
0
0
0
0
0
0
0
0
0
0
0
0
0
0
0
0
0
0
0
0
0
0
0
0
0
0
0
0
0
0
0
0
0
0
0
2.39441e-10
7.3124e-10
1.15178e-09
1.42637e-09
1.53669e-09
1.5354e-09
1.52748e-09
1.53321e-09
1.59498e-09
1.76283e-09
2.05682e-09
2.73973e-09
3.97656e-09
5.35899e-09
6.9836e-09
1.06709e-08
1.73356e-08
1.27138e-08
0
0
0
0
0
0
0
0
3.29571e-08
7.75282e-08
9.37966e-08
8.49079e-08
4.04695e-08
0
0
0
0
0
0
1.27501e-08
2.38006e-08
2.47243e-08
1.89756e-08
1.70754e-08
2.34511e-08
3.09092e-08
2.81331e-08
1.40337e-08
0
0
0
0
0
7.16977e-09
9.34114e-09
1.11261e-08
1.69957e-08
3.29027e-08
4.94776e-08
7.75832e-08
1.24724e-07
1.58026e-07
1.77035e-07
1.71632e-07
1.11947e-07
5.50079e-08
2.20329e-07
6.49662e-07
5.80862e-07
1.35754e-07
2.78767e-07
5.24769e-07
1.32623e-07
0
0
0
0
0
0
0
0
0
0
0
0
0
0
0
0
0
1.12651e-08
1.59127e-07
1.2436e-06
9.00624e-07
0
0
0
5.87912e-08
5.95071e-08
5.47539e-08
9.96518e-08
5.5139e-08
0
0
0
0
3.71416e-07
4.27088e-07
1.14952e-08
0
0
1.89209e-07
8.6053e-08
0
2.03569e-08
3.49495e-07
9.82975e-06
2.00291e-05
1.14628e-05
3.10696e-07
0
0
0
1.04441e-08
2.09032e-08
3.13693e-08
3.82689e-08
4.1488e-08
2.82504e-08
0
0
0
0
0
0
0
0
0
0
0
0
0
0
0
0
0
0
0
0
0
0
0
0
0
0
0
0
0
0
0
0
0
0
0
0
0
0
0
0
0
0
0
0
0
0
0
0
0
0
0
0
2.49471e-10
6.34848e-10
1.14351e-09
1.70374e-09
2.07972e-09
2.20598e-09
2.16315e-09
1.98225e-09
1.69182e-09
1.45266e-09
1.23905e-09
1.12735e-09
1.32584e-09
1.94813e-09
3.06671e-09
5.48055e-09
1.38976e-08
4.44313e-08
6.05524e-08
0
0
0
0
0
0
0
0
0
4.85574e-08
4.92291e-08
2.51016e-08
9.43539e-09
3.61957e-09
3.82272e-09
6.39851e-09
8.77243e-09
1.06145e-08
1.12118e-08
9.64358e-09
5.64289e-09
6.79329e-10
0
0
5.93925e-10
2.9381e-08
7.72756e-08
1.50816e-07
2.64773e-07
3.01273e-07
2.34087e-07
1.19985e-07
3.19582e-08
0
0
0
0
1.21137e-07
2.39133e-07
3.13348e-07
3.59749e-07
3.51022e-07
2.80883e-07
1.98112e-07
0
0
0
3.32711e-07
5.09668e-07
3.65286e-07
1.16771e-06
2.44796e-06
2.81832e-06
1.69046e-06
0
0
0
0
0
0
0
0
0
9.96552e-07
2.4143e-07
0
0
0
0
0
0
0
1.4235e-06
3.73997e-06
0
0
8.26938e-08
7.86963e-08
4.78964e-08
4.13802e-08
8.42821e-08
4.65344e-08
0
0
0
0
3.91638e-07
3.66941e-07
1.74712e-08
0
0
1.80533e-07
1.7666e-07
9.53053e-08
3.25797e-08
0
5.58986e-06
1.89019e-05
1.07604e-05
1.63002e-07
0
0
0
7.98603e-09
1.77322e-08
2.80654e-08
3.53627e-08
4.3315e-08
4.54871e-08
3.68798e-08
0
0
0
0
1.49372e-08
0
0
0
0
0
0
1.15845e-07
3.04785e-07
5.88342e-07
1.17566e-06
1.83772e-06
1.57703e-06
9.22283e-07
5.18384e-07
2.91496e-07
2.14813e-07
1.60609e-07
9.83319e-08
6.80259e-08
3.25645e-08
7.03542e-08
4.59953e-08
9.98794e-08
4.4167e-08
1.61666e-07
0
0
0
0
0
0
8.80442e-08
2.9741e-07
5.24946e-07
9.4906e-07
1.66785e-06
1.7608e-06
9.54849e-07
4.56284e-07
2.33948e-07
1.80392e-07
1.38484e-07
7.50786e-08
4.30551e-08
1.12398e-08
4.14745e-08
1.79052e-08
5.14845e-08
5.94333e-09
7.07018e-08
0
0
0
0
0
0
4.55339e-08
2.59086e-07
2.7384e-07
1.66376e-07
9.32699e-07
2.07714e-06
6.29393e-07
0
0
0
3.95086e-08
2.63528e-08
0
0
2.39091e-08
0
1.99488e-08
0
1.68222e-08
0
0
2.52084e-07
0
0
5.86211e-08
5.0261e-07
7.95035e-07
4.8756e-07
0
2.7706e-07
3.01599e-06
6.44795e-07
0
0
0
0
0
0
0
3.71067e-07
1.44494e-07
0
0
0
0
0
5.74999e-07
3.04137e-07
7.21369e-08
3.49312e-07
8.82232e-07
1.10277e-06
3.78959e-07
0
3.27238e-07
2.87752e-06
1.62256e-06
0
0
0
0
0
0
0
4.53139e-07
3.17264e-07
0
0
0
0
0
5.98285e-07
6.05345e-07
3.43298e-07
3.79172e-07
7.18781e-07
7.25255e-07
0
0
4.8754e-07
2.54179e-06
1.9526e-06
0
0
0
0
0
0
0
1.01119e-07
0
0
0
0
0
0
6.21693e-07
6.11906e-07
5.16608e-07
4.12433e-07
5.32658e-07
4.24907e-07
0
0
8.14234e-07
2.48189e-06
2.03265e-06
2.70096e-07
0
0
0
0
0
0
2.01767e-06
0
0
0
0
0
0
7.88038e-07
5.11129e-07
4.72466e-07
5.39642e-07
5.32973e-07
3.05084e-07
0
0
1.21153e-06
2.53395e-06
2.01055e-06
5.45596e-07
0
0
0
0
0
0
2.5199e-06
0
0
0
0
0
0
9.58674e-07
4.86125e-07
2.79825e-07
5.19872e-07
6.62117e-07
3.01957e-07
0
2.91355e-08
1.64856e-06
2.48518e-06
1.73875e-06
5.51664e-07
0
0
0
0
0
0
2.59915e-06
0
0
0
0
0
0
9.85367e-07
4.79096e-07
1.10131e-07
1.74772e-07
6.50883e-07
5.05354e-07
5.64865e-08
7.62773e-07
2.2149e-06
2.19037e-06
9.97311e-07
2.13825e-07
0
0
0
0
0
0
1.88862e-06
0
0
0
0
0
0
6.31215e-07
3.74581e-07
0
0
1.15315e-07
9.13106e-07
1.08524e-06
2.24269e-06
3.10965e-06
1.26964e-06
0
0
0
0
0
0
0
0
4.82523e-07
1.05492e-05
5.13023e-06
0
0
0
0
0
0
0
0
0
4.81194e-07
2.86839e-06
5.39204e-06
4.76738e-06
0
0
0
0
0
0
0
0
0
2.38097e-06
1.19215e-05
6.54708e-06
0
0
0
0
0
0
0
0
0
0
2.00909e-06
9.03724e-06
5.9767e-06
0
0
0
0
0
0
0
1.79298e-06
0
9.00741e-06
1.20437e-05
5.85973e-06
0
0
0
0
0
0
0
0
0
0
0
1.16333e-06
0
0
0
0
0
0
0
0
3.63962e-06
4.73613e-06
1.63814e-05
1.18477e-05
4.62063e-06
0
0
0
0
0
0
0
0
0
0
0
0
0
0
0
0
0
1.44575e-07
0
0
4.8792e-06
1.03485e-05
2.42697e-05
1.17146e-05
8.44407e-07
0
0
0
0
0
0
0
0
0
0
0
0
0
0
0
0
0
6.04898e-07
0
0
4.87566e-06
1.25071e-05
3.02983e-05
1.2791e-05
0
0
0
0
0
0
0
0
0
0
0
0
0
0
0
0
0
0
0
0
6.82041e-07
3.79475e-06
1.15841e-05
3.09497e-05
2.09976e-05
0
0
0
0
0
0
0
0
0
0
0
0
0
0
0
0
0
0
0
0
1.19243e-06
1.94621e-06
9.13754e-06
2.73871e-05
2.7539e-05
0
0
0
0
0
0
0
0
0
0
0
0
0
0
0
0
0
0
0
0
2.24176e-07
0
6.83929e-06
2.50703e-05
2.37034e-05
5.30542e-06
0
0
0
0
0
0
0
0
0
0
0
0
0
0
0
0
0
0
0
0
0
5.83325e-06
2.70085e-05
2.30963e-05
9.04484e-06
0
0
0
0
0
0
0
0
0
0
0
0
0
0
0
0
0
0
0
0
0
6.05839e-06
3.08196e-05
2.62875e-05
9.98128e-06
0
0
0
0
0
0
0
0
0
0
0
0
0
0
0
0
0
0
0
0
0
6.73454e-06
3.44932e-05
3.15334e-05
1.04754e-05
0
0
0
0
4.7763e-06
0
0
0
0
0
0
0
0
0
0
0
0
0
0
0
0
7.46321e-06
3.74496e-05
3.67328e-05
1.04737e-05
0
0
0
0
6.30733e-06
0
0
0
0
0
0
0
0
0
0
0
0
0
0
0
0
8.29055e-06
3.87114e-05
4.02702e-05
1.00068e-05
0
0
1.20357e-06
0
6.10626e-06
0
0
0
0
0
0
0
0
0
0
0
0
0
0
3.50865e-07
0
9.44027e-06
3.70158e-05
4.20623e-05
9.60558e-06
0
0
4.5609e-06
0
6.16832e-06
1.90952e-07
0
0
0
0
0
0
0
0
0
0
0
0
4.61635e-07
1.20258e-06
0
1.03519e-05
3.20277e-05
4.24089e-05
9.56409e-06
0
0
7.48894e-06
3.99404e-06
5.83141e-06
9.59273e-07
0
0
0
0
0
0
0
0
0
0
0
0
1.89165e-06
1.71417e-06
1.16672e-06
9.51028e-06
2.55733e-05
4.18092e-05
1.05045e-05
2.87546e-06
0
1.02861e-05
7.8441e-06
5.66432e-06
1.96875e-06
0
0
0
0
0
0
0
0
0
0
0
0
2.92263e-06
1.97966e-06
2.15086e-06
6.59003e-06
2.10197e-05
4.31994e-05
1.66164e-05
1.13302e-05
0
1.38846e-05
1.20787e-05
5.35485e-06
2.18231e-06
0
0
0
0
0
0
0
0
0
0
0
0
1.96942e-06
2.64612e-06
0
4.76704e-07
1.36444e-05
3.69335e-05
2.53988e-05
1.91353e-05
0
1.67184e-05
1.44603e-05
4.9411e-06
1.48236e-06
0
0
0
0
0
0
0
0
0
0
0
0
3.20223e-06
5.73169e-06
0
0
3.1896e-06
1.02773e-05
1.76261e-05
1.86989e-05
0
1.99033e-05
1.43778e-05
3.58431e-06
0
0
0
0
0
0
0
0
0
0
0
0
1.0989e-06
4.2324e-06
1.9821e-06
0
0
0
0
6.23876e-06
1.3454e-05
0
2.43128e-05
1.03228e-05
1.63115e-06
0
0
0
0
0
0
0
0
0
0
0
0
2.67178e-06
4.49154e-06
0
0
0
0
0
2.22446e-06
8.71825e-06
0
2.40514e-05
3.38823e-06
0
0
0
0
0
0
0
0
0
0
0
0
0
0
0
0
0
0
0
0
3.96106e-07
5.71496e-06
0
2.2158e-07
0
0
0
0
0
0
0
0
0
0
0
0
0
0
0
0
0
0
0
0
0
0
3.50603e-06
0
0
0
0
0
0
0
0
0
0
0
0
0
0
0
0
0
6.42451e-07
0
0
0
0
0
0
1.97593e-06
0
0
0
0
0
0
0
0
0
0
0
0
0
0
0
0
0
0
9.10887e-07
0
0
0
0
0
1.03911e-06
0
0
0
0
0
0
0
0
0
0
0
0
0
0
0
0
0
0
0
0
0
0
0
0
2.69759e-07
0
0
0
0
0
0
0
0
0
0
0
0
0
0
0
0
0
0
0
0
0
0
0
0
0
0
0
0
0
0
0
0
0
0
0
0
0
0
0
0
0
0
0
0
0
0
0
0
0
0
0
0
0
0
0
0
0
0
0
0
0
0
0
0
0
0
0
0
0
0
0
0
0
0
0
0
0
0
0
0
0
0
0
0
0
0
0
0
0
0
0
0
0
0
0
0
0
0
0
0
0
0
0
0
0
0
0
0
0
0
0
0
0
0
0
0
0
0
0
2.82482e-07
0
1.33155e-08
2.26584e-07
1.37254e-06
0
0
0
0
0
0
0
0
0
0
0
0
0
0
0
0
0
8.07481e-07
0
0
1.06355e-06
3.53736e-08
2.85186e-07
2.42557e-06
0
0
0
0
0
0
0
0
0
0
0
0
0
0
0
0
0
0
1.96882e-06
0
0
1.89977e-06
1.25665e-07
0
3.08196e-06
0
0
0
0
0
0
0
0
0
0
0
0
0
0
0
0
0
8.04881e-07
2.33455e-06
0
0
3.64039e-06
0
0
0
0
0
0
0
0
0
0
0
0
0
0
0
0
0
0
0
0
9.24491e-07
2.4306e-06
9.82748e-07
0
5.85997e-06
0
0
0
0
0
0
0
0
0
0
0
0
0
0
0
0
0
0
0
0
7.35416e-07
2.77284e-06
3.94441e-06
3.24136e-06
0
0
0
0
0
0
0
0
0
0
0
0
0
0
0
0
0
0
0
0
0
4.40377e-07
4.94472e-06
5.96121e-06
3.41215e-06
0
0
0
0
0
0
0
0
0
0
0
0
0
0
0
0
0
0
0
0
0
0
2.13435e-06
4.05006e-06
2.3628e-06
0
0
0
0
0
0
0
0
0
0
0
0
0
0
0
0
0
0
0
0
0
0
2.41335e-08
7.79812e-08
1.04092e-07
0
0
0
0
0
0
0
0
0
0
0
0
0
0
0
0
0
0
0
0
0
0
0
0
9.19294e-09
2.42962e-08
3.11756e-09
1.48854e-08
0
0
0
0
0
0
0
0
0
0
0
0
0
0
0
0
8.85433e-09
1.20695e-08
6.34097e-09
7.05108e-09
1.21926e-08
1.21284e-08
2.50604e-08
2.27483e-08
2.69812e-08
7.92723e-09
3.69107e-08
3.8228e-09
3.11565e-08
0
2.2205e-08
0
0
0
0
0
0
0
5.80636e-09
1.41278e-08
1.14168e-08
9.63298e-09
7.41937e-09
4.21225e-09
8.83598e-09
1.14575e-08
6.05639e-09
1.53374e-08
1.36212e-08
1.2701e-08
1.92463e-10
1.6969e-08
1.94237e-10
1.75421e-08
0
1.24886e-08
0
0
0
0
0
0
0
0
0
0
0
0
0
0
0
0
0
0
0
0
0
0
0
0
0
1.33635e-07
0
0
0
0
0
0
0
0
0
0
0
0
0
0
0
0
0
0
0
0
0
0
0
0
1.35113e-07
8.22443e-10
0
0
0
0
0
0
0
0
0
0
0
0
0
0
0
0
0
0
0
0
0
0
0
1.21093e-07
1.14721e-08
0
0
0
0
0
0
0
0
0
0
0
0
0
0
0
0
0
0
0
0
0
0
0
)
;

boundaryField
{
    inlet
    {
        type            zeroGradient;
    }
    outlet
    {
        type            zeroGradient;
    }
    upperWall
    {
        type            zeroGradient;
    }
    lowerWall
    {
        type            zeroGradient;
    }
    frontAndBack
    {
        type            empty;
    }
}


// ************************************************************************* //
