/*--------------------------------*- C++ -*----------------------------------*\
  =========                 |
  \\      /  F ield         | OpenFOAM: The Open Source CFD Toolbox
   \\    /   O peration     | Website:  https://openfoam.org
    \\  /    A nd           | Version:  6
     \\/     M anipulation  |
\*---------------------------------------------------------------------------*/
FoamFile
{
    version     2.0;
    format      ascii;
    class       volScalarField;
    location    "0.45";
    object      nut;
}
// * * * * * * * * * * * * * * * * * * * * * * * * * * * * * * * * * * * * * //

dimensions      [0 2 -1 0 0 0 0];

internalField   nonuniform List<scalar> 
12225
(
0
6.84858e-10
1.07966e-10
0
0
0
0
0
0
0
0
0
0
0
0
0
6.48279e-10
2.15973e-09
0
3.61927e-10
1.29982e-10
0
0
0
0
0
0
0
0
0
0
0
0
0
2.87938e-10
1.44399e-09
6.36043e-11
6.46215e-10
2.98971e-10
0
0
0
0
1.85764e-10
1.60443e-10
0
0
0
0
0
0
0
0
9.82043e-10
4.07095e-08
5.37101e-08
2.40394e-08
0
0
0
0
1.44737e-09
1.57779e-09
6.08278e-10
0
0
0
0
0
0
0
9.26761e-10
8.74515e-07
2.87074e-07
0
0
0
0
0
0
0
0
0
0
0
0
0
0
0
0
4.14289e-07
3.71515e-07
0
0
0
0
0
0
0
0
0
0
0
0
0
0
0
0
2.47317e-07
2.09523e-07
2.72492e-07
0
0
0
0
0
0
0
0
0
1.15549e-07
0
0
0
0
0
1.95464e-08
3.54731e-07
2.98424e-07
9.57897e-07
0
0
0
0
0
0
0
0
0
0
0
0
0
0
3.63525e-07
7.53576e-07
9.64734e-07
8.02611e-07
0
0
0
0
0
0
0
0
0
0
0
0
0
0
3.67399e-07
5.20001e-07
3.14637e-07
0
0
0
2.75221e-07
3.35775e-07
1.36838e-07
2.06952e-08
0
0
0
0
0
0
0
0
5.2446e-08
0
0
0
0
0
7.47209e-07
1.0944e-06
6.19747e-07
1.58268e-07
0
0
0
0
0
0
0
0
0
0
0
0
0
1.6845e-07
1.5519e-06
1.62728e-06
4.6405e-07
0
0
0
0
0
0
0
0
0
0
0
0
0
0
2.60727e-07
1.16804e-06
2.90014e-07
0
0
0
0
0
0
0
0
0
0
1.83201e-07
0
0
0
0
0
7.16104e-08
0
0
0
0
0
0
0
0
0
0
0
1.51376e-07
0
0
0
0
0
0
0
0
0
0
0
0
1.09672e-08
6.1077e-08
6.89162e-08
5.21622e-08
2.9394e-08
6.19808e-07
0
0
0
0
0
0
0
0
0
0
3.67779e-08
1.38608e-07
2.06222e-07
2.33789e-07
2.2063e-07
1.65256e-07
9.07935e-08
6.81902e-07
8.86527e-07
8.53312e-08
0
0
0
4.06278e-07
5.59995e-07
2.83428e-07
3.49546e-07
5.47031e-07
5.04552e-07
4.42338e-07
3.98658e-07
3.35408e-07
2.11912e-07
5.09744e-08
0
0
0
0
1.4161e-07
7.98709e-07
0
0
0
0
0
5.43293e-07
7.58761e-07
6.28211e-07
4.87569e-07
3.21063e-07
1.1134e-07
0
0
0
0
0
0
2.68577e-09
0
0
0
0
0
0
2.47654e-07
9.24255e-07
1.1158e-06
1.23535e-06
1.34737e-06
1.24385e-06
4.2284e-07
0
0
0
0
0
1.39534e-06
6.79867e-07
0
0
0
0
0
2.30731e-07
7.14572e-07
9.4134e-07
8.90467e-07
5.53596e-07
1.66535e-07
0
0
3.37135e-07
2.21577e-07
8.84451e-07
9.05782e-07
1.4279e-06
0
0
0
0
0
0
5.25347e-07
5.22312e-07
2.18965e-07
0
0
7.96819e-07
8.77642e-07
8.13971e-07
1.0922e-06
6.92807e-07
8.42531e-07
1.77843e-06
2.44145e-06
0
0
0
0
0
0
4.52508e-08
2.5691e-08
1.65192e-08
8.34361e-08
5.94517e-07
6.75109e-07
1.37729e-06
1.98329e-06
2.41565e-06
2.02335e-06
2.55271e-06
3.41533e-06
8.1712e-07
0
0
0
0
0
1.41152e-07
2.42006e-07
2.97853e-07
3.87201e-07
3.23334e-07
0
1.3927e-08
3.80463e-07
1.18954e-06
1.36292e-06
1.22858e-06
5.49245e-07
0
0
0
0
1.18155e-07
3.17355e-07
3.93869e-07
4.02003e-07
3.42458e-07
2.91177e-07
0
0
7.99196e-08
0
2.05785e-08
7.57924e-07
3.09554e-07
0
0
0
5.24532e-08
4.98207e-07
7.36418e-07
5.35399e-07
3.61506e-07
4.01526e-07
5.03778e-07
4.26961e-07
1.24957e-07
0
7.27905e-07
8.13336e-07
1.05358e-06
1.53133e-06
5.95905e-07
0
0
0
5.01679e-07
7.86599e-07
6.30126e-07
3.40465e-07
1.26695e-07
7.1781e-08
1.58559e-07
2.83712e-07
5.29776e-08
6.38846e-08
0
1.06259e-09
1.75077e-08
1.26567e-08
4.81352e-09
3.49327e-09
4.80497e-09
5.05719e-09
4.41568e-09
3.93019e-09
3.74413e-09
3.13012e-09
1.79149e-09
0
0
0
1.55766e-09
0
0
0
0
0
0
0
0
3.78962e-10
5.91119e-10
6.12761e-10
4.55784e-10
1.42197e-10
0
0
0
0
1.30268e-09
0
0
0
0
0
0
0
0
0
0
0
0
0
0
0
0
0
2.54769e-09
2.3495e-11
0
0
0
0
0
0
0
0
0
0
0
0
0
0
0
0
0
1.479e-05
2.19301e-06
0
4.43296e-06
9.70514e-06
8.91743e-06
5.45173e-06
2.11145e-06
0
0
0
0
0
0
0
0
0
0
0
0
0
0
0
2.57826e-07
6.17125e-07
1.0013e-06
1.41484e-06
1.85663e-06
2.27017e-06
2.72079e-06
3.00056e-06
3.06118e-06
3.14788e-06
2.4308e-06
0
0
0
0
0
3.05138e-06
3.89089e-06
2.75408e-06
1.70359e-06
9.53381e-07
3.41156e-07
0
0
0
0
0
0
0
1.80992e-06
7.80836e-06
2.12974e-05
4.51949e-06
3.53794e-06
1.2362e-06
0
6.14247e-06
2.02105e-05
8.8314e-06
3.13069e-06
2.00234e-06
1.72755e-06
1.44398e-06
1.11917e-06
8.08823e-07
5.66055e-07
3.74357e-07
2.31368e-07
1.14184e-07
1.32273e-08
0
0
0
0
0
0
0
0
0
0
0
0
0
0
0
0
0
0
0
0
0
0
0
0
0
0
0
0
0
0
0
0
0
0
0
0
0
0
0
0
0
0
0
0
0
3.49661e-07
3.63235e-07
2.63462e-07
1.45195e-07
4.33239e-08
0
0
0
0
0
0
0
0
0
0
0
0
0
0
0
0
0
0
0
0
4.42477e-08
1.93415e-07
3.96137e-07
5.19217e-07
0
0
0
0
0
0
0
0
0
0
0
0
0
0
7.97025e-07
3.83199e-07
0
0
0
1.1473e-06
1.07515e-06
5.04977e-07
1.10599e-06
4.25435e-06
1.22541e-05
2.51508e-05
3.88727e-05
1.48357e-05
2.4503e-06
1.39861e-06
1.82517e-06
1.54801e-06
0
0
0
0
0
4.3138e-06
5.43254e-06
4.18222e-06
2.08336e-06
5.02766e-08
0
0
0
0
0
0
0
0
0
0
0
0
0
0
3.79878e-09
3.89342e-07
7.60519e-07
1.12041e-06
1.44635e-06
1.73171e-06
1.98356e-06
2.05205e-06
1.89969e-06
1.89792e-06
1.53313e-06
0
0
0
0
0
0
0
0
6.48683e-07
8.12915e-07
6.43903e-07
2.73545e-07
0
0
0
0
0
0
1.57652e-06
6.11595e-06
4.35104e-06
2.372e-06
4.54411e-06
3.66793e-06
0
0
9.99299e-06
6.49029e-06
2.25575e-06
1.55133e-06
1.53538e-06
1.44322e-06
1.24037e-06
1.00921e-06
7.85229e-07
5.74137e-07
3.71306e-07
1.75002e-07
0
0
0
0
0
0
0
0
0
0
0
0
0
0
0
0
0
0
0
0
0
0
0
0
0
0
0
0
0
0
0
0
0
0
0
0
0
0
0
0
0
0
0
0
0
0
0
9.36284e-08
2.95339e-07
3.34129e-07
2.64251e-07
1.54337e-07
5.22359e-08
0
0
0
0
0
0
0
0
0
0
0
0
0
0
0
0
0
0
2.53491e-08
1.19739e-07
2.58973e-07
2.7026e-07
0
0
0
0
0
0
0
0
0
0
0
0
0
0
3.04208e-07
6.21765e-07
0
0
0
7.22624e-07
7.45005e-07
6.31118e-07
2.39558e-06
9.01131e-06
2.56277e-05
4.69142e-05
3.80737e-05
1.49829e-05
3.97379e-06
1.81036e-06
1.73932e-06
1.80173e-06
2.59315e-05
1.14179e-05
0
0
0
3.22282e-06
4.99366e-06
4.88338e-06
4.46551e-06
3.90143e-06
2.96864e-06
1.62885e-06
1.17457e-08
0
0
0
0
0
0
0
0
0
0
0
0
0
0
0
2.78065e-07
9.98803e-07
1.37409e-06
1.18002e-06
0
0
1.71309e-06
0
0
0
0
0
0
0
0
3.64432e-07
3.26481e-07
9.3174e-07
1.51039e-06
1.78188e-06
1.62999e-06
8.9407e-07
0
0
0
0
0
1.72661e-06
3.91521e-06
4.62664e-06
4.87804e-06
1.39505e-06
0
4.39351e-06
3.77447e-06
1.15625e-06
2.19363e-06
3.48558e-06
4.25082e-06
4.15965e-06
3.63183e-06
2.82263e-06
1.98829e-06
1.17104e-06
3.9215e-07
0
0
0
0
0
0
0
0
0
0
0
0
0
0
0
0
0
0
0
0
0
0
0
0
0
0
0
0
0
0
0
0
0
0
0
0
0
0
0
0
0
0
0
0
0
0
0
0
0
0
0
0
0
0
0
0
0
0
0
0
0
0
0
0
0
0
2.16471e-09
1.27558e-08
0
7.00152e-09
3.52967e-08
2.14048e-09
0
7.18657e-08
0
0
0
0
0
0
0
0
0
0
0
0
0
0
0
0
1.32135e-06
1.30189e-07
0
0
7.30566e-07
1.0338e-06
1.93267e-06
1.17489e-05
3.36545e-05
4.82052e-05
3.4935e-05
1.82061e-05
1.16903e-05
8.30751e-06
5.81622e-06
4.64572e-06
4.24344e-06
3.0824e-05
1.53187e-05
5.01724e-06
1.30332e-06
7.25306e-07
2.2863e-06
2.50963e-06
9.55472e-07
0
0
0
0
0
0
0
0
0
0
0
0
0
0
0
0
0
0
0
0
0
0
5.19045e-07
1.36372e-05
1.77229e-05
1.53999e-05
1.25733e-05
9.45004e-06
6.21477e-06
5.97125e-06
4.21619e-06
1.77528e-06
3.00512e-06
5.9997e-06
9.66548e-06
7.63389e-06
0
1.93029e-06
4.01335e-06
4.3422e-06
3.59731e-06
1.76614e-06
0
0
0
0
8.81854e-07
3.10754e-06
3.95309e-06
3.10661e-06
2.3662e-06
9.11453e-07
0
1.75587e-06
3.3052e-07
4.75537e-07
3.39511e-06
5.98841e-06
7.51781e-06
5.20566e-06
2.80425e-06
1.42949e-06
8.1417e-07
4.11806e-07
2.21934e-08
0
0
0
0
0
0
0
0
0
0
0
0
0
0
0
0
0
0
0
0
0
0
0
0
0
0
0
0
0
0
0
0
0
4.98282e-08
1.10847e-07
1.23607e-07
7.762e-08
0
0
0
0
0
0
0
1.25869e-07
2.99709e-07
4.52625e-07
5.60633e-07
5.43886e-07
3.03687e-07
0
0
0
0
0
0
0
0
0
0
0
0
0
0
0
0
0
0
0
0
0
0
0
0
0
0
0
0
0
0
8.54412e-08
0
0
0
0
0
0
0
6.89066e-08
1.14814e-06
3.44454e-06
2.11808e-06
0
0
0
3.98928e-06
4.45381e-06
7.31478e-06
1.54977e-05
1.93141e-05
1.53058e-05
1.27621e-05
1.121e-05
1.05671e-05
1.23047e-05
1.49877e-05
1.61841e-05
2.2398e-05
1.59085e-05
6.58139e-06
2.6854e-06
1.03916e-06
0
0
0
0
0
0
0
0
0
0
0
0
0
0
0
0
0
0
0
0
0
0
0
0
0
0
0
8.67969e-07
3.42129e-06
3.13444e-06
1.32245e-06
0
0
4.31231e-06
7.18056e-06
7.5086e-06
8.14557e-06
9.37199e-06
8.54353e-06
4.8467e-06
6.06178e-06
8.05501e-06
6.73163e-06
2.99555e-06
1.14877e-07
0
0
0
0
2.03379e-07
1.01229e-06
1.00105e-06
0
0
0
0
1.33282e-06
3.67873e-06
6.57083e-06
9.68405e-06
1.10135e-05
7.28633e-06
2.70698e-06
1.0837e-06
6.24381e-07
5.2902e-07
3.89737e-07
9.1454e-08
0
0
0
0
0
0
5.96443e-08
1.31068e-07
1.18853e-07
5.01515e-08
0
0
0
0
0
0
0
0
0
0
0
0
0
0
0
0
0
0
0
0
0
0
0
0
9.31559e-08
2.29233e-07
3.0369e-07
2.84561e-07
1.59423e-07
0
0
0
0
0
0
0
0
0
0
7.2788e-08
1.04038e-07
0
0
0
0
0
0
0
0
0
0
0
0
0
0
0
0
0
0
9.79896e-08
3.71212e-08
0
7.35838e-08
2.82292e-07
0
0
0
0
0
8.65243e-07
0
0
0
0
0
0
0
4.32125e-07
8.26649e-07
2.35455e-06
4.84153e-06
2.11839e-06
0
0
0
1.16366e-05
1.30187e-05
1.19855e-05
1.57724e-05
1.61216e-05
1.37407e-05
1.15012e-05
1.06602e-05
1.24699e-05
1.60936e-05
2.0256e-05
2.19827e-05
4.35471e-06
4.55569e-06
3.26478e-06
1.05227e-06
0
0
0
0
0
0
0
0
0
0
0
0
0
0
0
0
0
0
0
0
0
0
0
0
0
0
0
0
0
0
0
0
0
0
0
1.1914e-06
3.00357e-06
4.63581e-06
6.17955e-06
7.97408e-06
9.29078e-06
1.12537e-05
1.25104e-05
4.74489e-06
5.62869e-07
0
0
0
0
0
0
0
0
0
0
0
7.66821e-08
4.82148e-06
8.86925e-06
1.36271e-05
1.88743e-05
2.32556e-05
7.95166e-06
2.14116e-06
1.39154e-06
1.17479e-06
8.87669e-07
5.02543e-07
0
0
0
0
0
0
1.41431e-07
2.38341e-07
2.63597e-07
2.48637e-07
2.11983e-07
1.63202e-07
1.03943e-07
3.14653e-08
0
0
0
0
0
0
0
0
0
0
0
0
0
0
0
0
0
0
0
0
0
0
0
0
8.07739e-08
1.79948e-07
1.22403e-07
0
0
0
0
0
0
0
0
0
0
0
0
0
0
0
0
0
0
0
0
0
0
0
3.36438e-08
0
0
0
0
0
0
6.52033e-08
1.67533e-07
5.63932e-08
0
0
0
0
0
0
0
0
0
0
0
0
0
0
0
1.66406e-06
3.23269e-06
3.96475e-06
1.67479e-06
0
0
0
1.4793e-05
1.96074e-05
1.90199e-05
1.95074e-05
1.65194e-05
1.26977e-05
1.02476e-05
1.24416e-05
1.62545e-05
1.96021e-05
2.24004e-05
2.34722e-05
5.59441e-07
4.73496e-07
0
0
0
0
0
0
0
0
0
0
0
0
0
0
0
0
0
0
0
0
0
0
0
0
0
0
0
0
0
0
0
0
0
0
0
0
0
1.7908e-06
4.3635e-06
5.62533e-06
6.89634e-06
8.08764e-06
9.26939e-06
1.16252e-05
6.28164e-06
9.8214e-07
0
0
0
0
0
0
0
0
0
0
0
0
2.63218e-06
6.14918e-06
8.70849e-06
9.66064e-06
9.16601e-06
4.11345e-06
0
2.13999e-06
2.34216e-06
1.73583e-06
1.15908e-06
8.21167e-07
8.73702e-07
1.08061e-06
0
0
0
0
0
0
0
0
0
0
0
0
0
0
0
0
0
0
0
0
0
0
0
0
0
0
0
0
0
0
0
0
0
0
0
0
0
0
0
0
0
0
0
0
0
0
0
0
0
0
0
0
0
0
0
0
0
0
0
0
0
0
1.97457e-08
1.89762e-07
2.1407e-07
1.36588e-09
0
0
0
0
0
0
0
0
0
0
0
0
0
0
0
0
0
0
0
0
0
2.3619e-06
3.54214e-06
3.54411e-06
1.36308e-06
0
0
2.49287e-06
1.51124e-05
2.11065e-05
2.06288e-05
1.87349e-05
1.46556e-05
1.07456e-05
1.07275e-05
1.53932e-05
1.9797e-05
2.04895e-05
2.05754e-05
1.98012e-05
0
0
0
0
0
0
0
0
0
0
0
0
0
0
0
0
0
0
0
0
0
0
0
0
0
0
0
0
0
0
0
0
0
0
0
0
0
0
1.04018e-06
4.82734e-06
5.65426e-06
5.77582e-06
5.80512e-06
6.88158e-06
6.99967e-06
5.16487e-06
2.60022e-06
4.33573e-09
0
2.24784e-07
4.71911e-07
0
0
0
0
0
0
0
0
1.1051e-06
3.44106e-06
5.11553e-06
4.32818e-06
2.58413e-06
0
0
0
3.43755e-06
2.92375e-06
1.96734e-06
1.54773e-06
1.86033e-06
3.23111e-06
5.08629e-06
0
0
0
0
0
0
0
0
0
0
0
0
0
0
0
0
0
0
0
0
0
0
0
0
0
0
0
0
0
0
0
0
0
0
0
0
0
0
0
0
0
0
0
0
0
0
0
4.07841e-08
3.4662e-07
3.17419e-07
8.73569e-08
0
0
0
0
0
0
0
0
0
0
0
0
0
2.28039e-07
3.94398e-07
3.07604e-07
0
0
0
0
0
0
7.68472e-08
1.62904e-08
0
0
0
0
0
0
0
0
0
0
0
0
2.85845e-07
3.59861e-06
3.28655e-06
4.26442e-07
0
0
3.35421e-06
1.35536e-05
1.98044e-05
1.8838e-05
1.62508e-05
1.28111e-05
9.75394e-06
1.12482e-05
1.73083e-05
2.02736e-05
1.84698e-05
1.59291e-05
1.13469e-05
0
0
0
0
0
0
0
0
0
0
0
0
0
0
0
0
0
0
0
0
0
0
0
0
0
0
0
0
0
0
0
0
0
0
0
0
0
4.80464e-07
5.47259e-06
5.71802e-06
4.32017e-06
3.37088e-06
4.44758e-06
5.47728e-06
3.8795e-06
4.91336e-06
2.51935e-06
1.32854e-06
2.11395e-06
3.21887e-06
3.09593e-06
1.51961e-06
0
0
0
0
0
0
0
2.12232e-06
2.80188e-06
2.79499e-06
1.18833e-06
0
0
0
0
3.67302e-06
2.61955e-06
1.91321e-06
1.96079e-06
2.89299e-06
4.97656e-06
6.08582e-06
0
0
0
0
0
0
0
0
0
0
0
0
0
0
0
0
0
0
0
0
0
0
0
0
0
0
0
0
0
0
0
0
0
0
0
0
0
0
0
0
0
0
0
0
0
1.80572e-07
7.45611e-07
1.16008e-06
1.20096e-06
8.55356e-07
3.89186e-07
7.43134e-08
0
0
0
0
0
0
0
0
0
0
0
0
0
1.8925e-07
5.82987e-07
5.96368e-07
2.189e-07
0
0
0
0
0
0
0
0
0
0
0
0
0
0
0
0
0
0
0
2.59845e-06
2.47597e-06
0
0
0
2.94058e-06
1.10544e-05
1.75135e-05
1.63364e-05
1.45511e-05
1.18089e-05
9.66241e-06
1.14414e-05
1.72779e-05
1.86406e-05
1.48899e-05
8.96662e-06
0
0
0
0
0
0
0
0
0
0
0
0
0
0
0
0
0
0
0
0
0
0
0
0
0
0
0
0
0
0
0
0
0
0
0
0
0
0
5.03517e-06
5.9668e-06
3.36599e-06
1.2269e-06
1.79479e-06
3.72183e-06
5.03894e-06
8.4301e-06
7.761e-06
4.56715e-06
4.31764e-06
5.75442e-06
6.80412e-06
6.07678e-06
3.96171e-06
1.57358e-06
0
0
0
0
0
8.80792e-07
8.15368e-07
1.26006e-06
7.97803e-07
0
0
0
0
0
2.22036e-06
1.91401e-06
1.75353e-06
2.15519e-06
3.23061e-06
4.48506e-06
3.03508e-06
4.66748e-07
1.1397e-07
5.42836e-07
1.04044e-06
1.54271e-06
1.84136e-06
1.12502e-06
2.99475e-07
8.47631e-08
7.23046e-08
7.26688e-08
5.34721e-08
2.01188e-08
0
0
0
0
0
0
0
0
0
0
0
0
0
0
0
0
0
0
0
0
0
0
0
0
0
0
0
0
0
0
0
0
0
1.00995e-07
5.76301e-07
8.4679e-07
7.06237e-07
3.97798e-07
2.1432e-07
5.86609e-08
0
0
0
0
0
0
0
0
0
0
0
0
0
3.03646e-07
7.67931e-07
8.9259e-07
4.13596e-07
0
0
0
0
0
0
0
0
0
0
0
0
0
0
0
0
0
0
0
1.45469e-06
0
0
0
1.98462e-06
8.3027e-06
1.50218e-05
1.40169e-05
1.35106e-05
1.13927e-05
9.47861e-06
1.10658e-05
1.59849e-05
1.6191e-05
1.03533e-05
3.18652e-07
0
0
0
0
0
0
0
0
0
0
0
0
0
0
0
0
0
0
8.57438e-08
9.34768e-07
1.53537e-06
1.85556e-06
1.87462e-06
1.60535e-06
1.07062e-06
3.17463e-07
0
0
0
0
0
0
0
0
0
0
1.34349e-06
3.89179e-06
4.89009e-06
3.65008e-06
3.05013e-07
0
1.01524e-06
3.04627e-06
6.9148e-06
1.4006e-05
8.8546e-06
5.74331e-06
5.97344e-06
7.5775e-06
8.28095e-06
7.09055e-06
5.0355e-06
2.8045e-06
6.13365e-07
0
0
0
0
0
0
0
0
0
0
0
0
0
1.93122e-07
1.27495e-06
1.65114e-06
2.18773e-06
2.99071e-06
3.29436e-06
2.10597e-06
1.02392e-06
7.73174e-07
1.18242e-06
1.73888e-06
2.23992e-06
2.63316e-06
2.11035e-06
9.19266e-07
6.50189e-07
5.85941e-07
4.8359e-07
3.63052e-07
2.45982e-07
1.46983e-07
7.48153e-08
2.97819e-08
3.83684e-09
0
0
0
0
0
0
0
0
0
0
0
0
0
0
0
0
0
0
0
0
0
0
0
0
0
0
0
0
0
0
0
0
1.34833e-07
5.05101e-07
5.52368e-07
2.24494e-07
0
0
0
0
0
0
0
0
0
0
0
0
9.99597e-08
3.10736e-07
6.42778e-07
1.14318e-06
1.27519e-06
6.5884e-07
4.07036e-08
0
0
0
0
0
0
0
0
0
0
0
0
0
0
0
0
0
2.17007e-07
0
0
0
8.74074e-07
5.62755e-06
1.23071e-05
1.18159e-05
1.27042e-05
1.13262e-05
9.20462e-06
1.03014e-05
1.41455e-05
1.31813e-05
5.17441e-06
0
0
0
0
0
0
0
0
0
0
0
0
0
0
0
0
0
0
0
7.02457e-07
1.422e-06
2.08721e-06
2.74459e-06
3.37466e-06
3.93681e-06
4.33677e-06
4.57216e-06
4.52119e-06
4.15281e-06
3.49574e-06
2.60359e-06
1.42466e-06
0
0
0
1.35541e-06
8.62672e-06
8.33192e-06
2.53443e-06
2.17365e-06
7.76124e-07
0
0
3.96419e-07
2.16545e-06
8.16833e-06
1.13792e-05
6.75074e-06
4.16228e-06
4.11761e-06
5.02639e-06
5.26617e-06
4.43008e-06
3.59572e-06
3.65832e-06
4.58206e-06
7.90273e-06
5.26393e-06
0
0
0
0
0
0
0
6.05158e-08
0
0
0
0
1.1644e-06
1.95386e-06
2.45341e-06
2.76975e-06
2.59989e-06
1.78878e-06
9.98475e-07
9.47754e-07
1.66142e-06
2.43712e-06
3.14411e-06
4.19791e-06
5.54614e-06
4.46077e-06
1.70369e-06
1.10915e-06
8.99451e-07
7.02284e-07
5.07075e-07
3.35069e-07
2.01669e-07
1.11798e-07
5.82814e-08
2.78762e-08
9.25248e-09
0
0
0
0
0
0
0
0
0
0
0
0
0
0
0
0
0
0
0
0
0
0
0
0
0
0
0
0
0
0
0
8.81386e-07
1.02619e-06
2.57246e-07
0
0
0
0
0
0
0
0
0
0
0
0
3.08248e-07
8.73283e-07
1.30143e-06
1.70593e-06
2.13818e-06
1.89683e-06
7.13429e-07
0
0
0
0
0
0
0
0
0
0
0
0
0
0
0
0
0
0
0
0
0
0
3.08616e-06
9.24007e-06
9.37939e-06
1.16892e-05
1.11397e-05
8.78549e-06
9.18485e-06
1.19496e-05
9.81962e-06
3.1593e-07
0
0
0
0
0
0
0
0
0
0
0
0
0
0
0
0
0
8.1543e-08
5.29427e-07
7.37432e-07
8.6871e-07
1.15108e-06
1.69478e-06
2.42638e-06
3.29547e-06
4.26985e-06
5.13693e-06
5.78082e-06
5.98382e-06
5.74449e-06
5.12826e-06
3.92451e-06
1.77326e-06
0
0
6.8611e-07
6.91535e-06
1.3319e-05
0
0
0
0
0
0
4.92174e-07
3.76179e-06
5.77593e-06
3.73424e-06
1.93947e-06
1.3351e-06
1.37852e-06
1.52702e-06
1.96066e-06
3.40195e-06
6.62912e-06
1.27765e-05
1.25016e-05
3.05946e-06
0
0
0
0
0
0
0
7.5124e-07
1.12384e-06
0
0
0
1.28096e-06
2.69136e-06
3.07825e-06
2.62355e-06
1.93585e-06
1.34131e-06
7.33166e-07
8.80164e-07
1.93865e-06
2.9064e-06
3.64633e-06
4.67073e-06
6.16426e-06
8.5891e-06
5.27561e-06
5.6768e-07
5.40385e-07
6.77113e-07
6.30568e-07
4.81626e-07
3.15508e-07
1.8002e-07
8.87935e-08
3.45948e-08
4.40607e-09
0
0
0
0
0
0
0
0
0
0
0
0
0
0
0
0
0
0
0
0
0
0
0
0
0
0
0
0
0
0
0
0
0
0
0
0
0
0
0
0
0
0
0
0
0
0
2.9715e-07
1.61085e-06
2.5027e-06
3.10522e-06
3.63779e-06
4.17985e-06
3.00426e-06
1.00363e-06
2.33341e-07
0
0
0
0
0
6.28763e-08
3.44846e-07
0
0
0
0
0
0
0
0
0
0
0
0
0
7.00918e-07
5.94656e-06
6.54599e-06
1.0165e-05
1.06527e-05
8.23143e-06
7.9443e-06
9.6345e-06
6.53049e-06
0
0
0
0
0
0
0
0
0
0
0
0
0
0
0
3.32213e-07
2.1031e-06
4.17834e-06
6.0786e-06
6.97468e-06
5.80106e-06
2.1975e-06
0
0
0
6.71139e-07
1.68813e-06
2.54233e-06
3.31073e-06
4.00225e-06
4.35794e-06
4.55749e-06
4.43952e-06
3.82243e-06
2.73461e-06
1.97143e-06
2.79858e-06
5.27029e-06
8.90703e-06
0
0
0
0
0
0
0
0
7.74751e-07
1.25988e-06
9.06647e-07
6.44685e-07
7.39046e-07
1.30689e-06
2.63625e-06
5.22075e-06
9.26485e-06
1.00345e-05
5.75793e-06
1.80892e-06
0
0
0
0
0
0
0
2.22868e-06
4.72881e-06
2.0245e-06
0
0
2.55218e-06
4.42882e-06
4.15886e-06
2.37109e-06
1.06631e-06
7.77297e-07
3.3873e-07
5.84765e-07
1.86809e-06
2.84066e-06
3.23885e-06
3.63128e-06
4.19816e-06
5.19314e-06
7.17797e-06
0
0
0
5.09804e-07
6.0785e-07
4.85352e-07
3.09197e-07
1.63749e-07
6.99306e-08
1.69821e-08
0
0
0
0
0
0
0
0
0
0
0
0
0
0
0
0
0
0
0
0
0
0
0
0
0
0
0
0
0
0
0
0
0
0
0
0
0
0
0
0
0
0
0
0
0
0
1.06024e-07
1.49557e-06
2.88083e-06
3.60134e-06
3.92514e-06
4.15944e-06
4.92745e-06
6.75402e-06
4.23377e-06
1.85337e-06
7.98547e-07
5.2861e-07
5.9946e-07
6.42861e-07
8.09308e-07
1.05462e-06
6.44322e-07
0
0
0
0
0
0
0
0
0
0
0
0
0
2.84734e-06
3.47782e-06
7.99269e-06
9.92661e-06
7.60496e-06
6.65025e-06
7.41068e-06
3.71664e-06
0
0
0
0
0
0
0
0
0
0
0
0
0
2.86901e-07
2.3873e-06
5.55537e-06
1.02378e-05
1.65323e-05
2.43306e-05
3.32957e-05
3.84028e-05
1.93204e-05
0
0
0
0
0
0
1.31599e-06
2.12117e-06
2.25358e-06
2.08621e-06
2.42485e-06
3.53821e-06
5.07889e-06
6.7558e-06
8.47009e-06
9.71245e-06
1.03414e-05
4.96639e-06
0
0
0
0
0
0
0
0
0
4.04942e-07
1.12414e-06
1.82417e-06
2.80268e-06
4.30743e-06
6.26198e-06
7.11026e-06
5.72524e-06
3.4226e-06
1.3524e-06
0
0
0
0
0
0
0
5.67077e-06
1.41647e-05
9.0484e-06
0
0
4.29388e-06
5.37245e-06
3.86793e-06
1.2024e-06
9.00821e-08
4.81028e-07
1.30146e-07
9.19935e-08
1.21444e-06
2.01309e-06
2.11696e-06
2.24966e-06
2.44731e-06
2.71268e-06
3.44538e-06
1.50397e-06
0
0
0
5.50127e-07
6.70378e-07
5.1535e-07
3.07089e-07
1.51715e-07
6.30491e-08
1.76082e-08
0
0
0
0
0
0
0
0
0
0
0
0
0
0
0
0
0
0
0
0
0
0
0
0
0
0
0
0
0
0
0
0
0
0
0
0
0
0
0
0
0
0
0
3.04819e-09
6.98496e-08
2.34918e-07
6.64487e-07
1.46585e-06
2.11105e-06
2.4152e-06
2.54923e-06
2.8561e-06
3.56355e-06
4.1616e-06
6.31131e-06
7.01348e-06
3.62118e-06
2.19879e-06
1.784e-06
1.78235e-06
1.89e-06
1.41928e-06
6.34441e-07
3.66574e-07
0
0
0
0
0
0
0
0
0
0
0
3.3436e-07
5.33793e-07
5.27932e-06
8.75612e-06
6.83472e-06
5.3932e-06
5.42092e-06
1.49289e-06
0
0
0
0
0
0
0
0
0
0
0
0
0
1.95376e-06
4.95237e-06
9.58617e-06
1.63184e-05
2.43761e-05
2.95773e-05
2.65488e-05
1.45679e-05
7.41564e-07
0
0
0
0
0
0
0
1.20212e-06
1.66232e-06
1.26181e-06
8.22187e-07
4.81184e-07
1.52961e-06
5.18495e-06
9.94251e-06
1.37622e-05
1.34737e-05
8.3275e-06
0
0
0
0
0
0
0
0
0
0
9.74073e-07
2.18427e-06
3.30487e-06
4.3696e-06
5.0634e-06
4.79366e-06
3.78252e-06
2.43777e-06
1.1855e-06
1.64199e-07
0
0
0
0
0
0
6.4744e-06
2.51563e-05
1.33017e-05
1.28622e-06
8.54667e-07
3.54255e-06
3.73711e-06
2.06205e-06
4.95259e-08
0
9.78109e-07
2.36194e-07
0
0
3.43959e-07
6.42381e-07
1.013e-06
1.09718e-06
9.35411e-07
1.01108e-06
5.79275e-07
0
0
0
1.59963e-07
6.28878e-07
6.28512e-07
4.16883e-07
2.06586e-07
8.01193e-08
2.22483e-08
0
0
0
0
0
0
0
0
0
0
0
0
0
0
0
0
0
0
0
0
0
0
0
0
0
0
0
0
0
0
0
0
0
0
0
0
0
0
0
0
0
0
0
3.88741e-08
1.07517e-07
2.10681e-07
4.1934e-07
8.33822e-07
1.32763e-06
1.51708e-06
1.73635e-06
2.13028e-06
2.789e-06
2.96753e-06
2.42713e-06
3.55804e-06
8.97741e-06
6.48459e-06
3.6894e-06
3.06741e-06
2.87304e-06
2.23453e-06
1.39172e-06
1.03686e-06
6.52838e-07
0
0
0
0
0
0
0
0
0
0
0
0
2.27303e-06
7.00283e-06
5.83435e-06
4.19979e-06
3.67976e-06
0
0
0
0
0
0
0
0
0
0
0
0
0
0
2.5436e-08
1.25599e-06
2.50044e-06
3.41035e-06
3.02684e-06
3.70922e-07
0
0
0
0
0
0
0
0
0
0
0
1.04224e-06
8.74913e-07
4.81248e-07
2.39086e-07
0
0
1.61665e-06
6.20169e-06
9.09261e-06
7.24746e-06
0
0
0
0
0
0
0
0
0
0
1.50246e-07
1.25884e-06
2.16812e-06
2.84235e-06
3.14948e-06
2.92567e-06
2.37987e-06
1.61151e-06
9.62977e-07
5.44641e-07
0
0
0
0
0
0
0
1.18457e-05
7.19232e-06
1.54163e-07
0
3.13785e-07
1.35914e-06
8.77027e-07
1.58461e-07
9.29658e-07
2.03503e-06
4.57378e-07
0
0
0
0
0
0
0
0
0
0
0
0
1.39399e-07
3.26363e-07
3.76756e-07
2.56587e-07
8.06057e-08
0
0
0
0
0
0
0
0
0
0
0
0
0
0
0
0
0
0
0
0
0
0
0
0
0
0
0
0
0
0
0
0
0
0
0
0
0
0
0
0
0
0
0
0
0
4.5961e-08
1.10807e-07
1.82943e-07
2.97919e-07
5.31212e-07
9.1205e-07
1.08697e-06
1.23007e-06
1.60435e-06
2.34361e-06
3.24112e-06
2.3475e-06
1.45597e-06
2.34908e-06
8.82236e-06
7.15693e-06
4.68335e-06
3.93058e-06
3.02681e-06
2.09853e-06
1.62683e-06
1.23844e-06
0
0
0
4.14199e-07
9.53206e-07
0
0
0
0
0
0
0
0
4.63216e-06
4.4818e-06
3.03685e-06
2.18221e-06
0
0
0
0
0
0
0
1.69667e-07
0
0
0
0
0
0
0
0
0
0
0
0
0
0
0
0
9.66979e-07
2.21267e-06
3.81974e-06
1.28644e-06
0
0
0
4.83684e-07
6.40444e-07
2.85498e-07
1.19808e-07
4.12182e-08
0
0
0
0
7.43695e-07
0
0
0
0
0
0
0
0
0
0
0
4.39024e-07
1.04564e-06
1.47243e-06
1.7006e-06
1.62333e-06
1.3465e-06
9.36074e-07
6.64293e-07
5.8239e-07
2.38062e-07
0
0
0
0
0
0
0
0
0
0
0
1.92846e-07
8.73864e-07
9.09008e-07
1.66847e-06
2.38168e-06
5.42678e-07
0
0
0
0
0
0
0
0
0
0
0
8.78782e-07
9.52399e-07
4.11373e-07
9.77936e-08
0
0
0
0
0
0
0
0
0
0
0
0
0
0
0
0
0
0
0
0
0
0
0
0
0
0
0
0
0
0
0
0
0
0
0
0
0
0
0
0
0
0
0
0
0
0
2.36797e-08
8.91666e-08
1.34859e-07
1.90161e-07
2.62127e-07
4.149e-07
6.62331e-07
7.92532e-07
8.84265e-07
1.18124e-06
1.84018e-06
2.73453e-06
3.09563e-06
1.69187e-06
1.07224e-06
2.74027e-06
1.05437e-05
6.83477e-06
5.11652e-06
3.82647e-06
2.74559e-06
2.16893e-06
1.66753e-06
0
0
0
4.49789e-07
1.86044e-06
6.01233e-07
0
0
0
0
0
0
0
1.73025e-06
2.70045e-06
1.7594e-06
9.60829e-07
0
0
0
0
0
0
6.04385e-07
2.36335e-06
2.47324e-06
1.9904e-06
1.30506e-06
7.17114e-07
2.95911e-07
0
0
0
0
0
0
0
0
0
0
4.7141e-06
5.01468e-06
3.87229e-06
4.97737e-06
4.87088e-06
0
0
0
8.04222e-07
5.74554e-07
1.68775e-07
5.39361e-08
3.01567e-08
0
0
0
0
0
0
0
0
0
0
0
0
0
0
0
0
1.66682e-07
4.89395e-07
7.13782e-07
8.30233e-07
8.00876e-07
6.48167e-07
4.37289e-07
3.55069e-07
4.22613e-07
3.18021e-07
0
0
0
0
0
0
0
0
0
0
0
0
1.18325e-06
1.18127e-06
1.38256e-06
1.71392e-06
5.68784e-07
0
0
0
0
0
0
0
0
0
0
0
0
9.75578e-07
7.08001e-07
1.17473e-07
0
0
0
0
0
0
0
0
0
0
0
0
0
0
0
0
0
0
0
0
0
0
0
0
0
0
0
0
0
0
0
0
0
0
0
0
0
0
0
0
0
0
0
0
0
0
1.23687e-07
2.74283e-07
2.78868e-07
2.61435e-07
2.94687e-07
3.86084e-07
5.53403e-07
6.40207e-07
6.81708e-07
8.65877e-07
1.33154e-06
1.77298e-06
2.36851e-06
2.60698e-06
1.28424e-06
1.59939e-06
7.01831e-06
9.18089e-06
6.26997e-06
4.58151e-06
3.31052e-06
2.63689e-06
2.02686e-06
0
0
0
1.11074e-07
1.81689e-06
2.11831e-06
0
0
0
0
0
0
0
0
3.66275e-07
1.31614e-07
0
0
0
0
0
0
1.19043e-07
1.33458e-06
2.83309e-06
3.39819e-06
3.33221e-06
2.94163e-06
2.40284e-06
2.00801e-06
1.80386e-06
1.531e-06
7.80258e-07
0
0
0
0
0
0
5.9003e-06
1.06858e-05
8.53872e-06
5.2173e-06
4.54863e-06
5.28993e-06
1.83091e-06
0
1.55864e-06
1.66495e-06
6.78375e-07
3.43037e-08
0
2.4755e-09
2.03325e-08
0
0
0
0
0
0
0
0
0
0
0
0
2.43524e-07
4.70555e-08
7.69853e-09
1.56009e-07
3.08483e-07
3.86967e-07
4.02078e-07
3.48352e-07
2.40271e-07
1.2386e-07
1.14211e-07
2.29109e-07
2.73932e-07
1.21223e-07
0
0
0
0
0
0
0
0
0
0
0
8.76686e-07
6.71094e-07
5.37965e-07
8.90012e-07
6.46419e-07
0
0
0
0
0
0
0
0
0
0
0
0
0
3.32618e-07
1.27656e-07
0
0
0
0
0
0
0
0
0
0
0
0
0
0
0
0
0
0
0
0
0
0
0
0
0
0
0
0
0
0
0
0
0
0
0
0
0
0
0
0
0
0
0
0
0
0
1.02409e-07
6.7637e-07
6.8161e-07
5.22641e-07
4.13232e-07
4.40054e-07
5.44232e-07
6.16898e-07
6.15702e-07
6.74041e-07
9.50013e-07
1.08501e-06
1.11527e-06
1.7409e-06
2.19809e-06
1.93447e-06
5.8202e-06
1.0581e-05
7.06028e-06
5.20298e-06
3.77645e-06
2.99695e-06
2.33494e-06
4.7528e-07
0
0
0
0
2.35319e-06
3.99681e-07
0
0
0
0
0
0
0
0
0
0
0
0
0
0
0
2.93491e-07
1.5223e-06
1.45856e-06
2.87727e-06
3.4761e-06
3.47114e-06
3.15931e-06
2.7774e-06
2.47622e-06
2.35597e-06
2.2055e-06
1.68555e-06
6.57696e-07
0
0
0
0
5.46493e-06
8.51071e-06
8.04266e-06
5.61107e-06
4.76953e-06
6.45814e-06
4.58447e-06
3.62327e-06
3.18087e-06
1.6629e-06
6.90269e-07
7.92718e-08
0
0
0
1.33952e-09
0
0
0
0
0
0
0
0
0
0
0
1.77149e-07
4.18196e-07
2.38584e-07
1.73404e-07
2.07129e-07
2.17917e-07
1.75505e-07
9.67885e-08
5.76506e-09
0
0
7.07672e-08
2.05036e-07
2.96948e-07
5.11978e-07
9.96748e-07
1.79609e-06
2.59022e-06
1.46652e-06
0
0
0
0
0
0
2.76456e-08
3.81612e-08
0
4.25288e-07
6.6375e-07
1.65538e-08
0
0
0
0
0
0
0
0
0
0
0
0
0
0
0
0
0
0
0
0
0
0
0
0
0
0
0
0
0
0
0
0
0
0
0
0
0
0
0
0
0
0
0
0
0
0
0
0
0
0
0
0
0
0
0
0
0
0
0
0
0
1.00145e-06
1.41575e-06
1.1036e-06
7.38041e-07
5.66917e-07
5.93555e-07
6.43795e-07
6.35033e-07
5.81499e-07
7.09941e-07
7.10179e-07
5.44903e-07
5.8784e-07
1.76769e-06
3.24641e-06
7.30264e-06
1.12896e-05
6.86285e-06
5.57931e-06
4.12874e-06
3.24692e-06
2.56856e-06
8.63781e-07
0
1.05674e-07
0
0
5.46611e-07
1.29707e-07
0
0
0
0
0
0
0
0
0
0
0
0
0
0
0
3.29902e-07
9.05739e-07
0
1.8488e-07
1.86804e-06
2.65283e-06
2.85125e-06
2.73181e-06
2.50028e-06
2.31941e-06
2.18228e-06
1.96746e-06
1.6155e-06
1.14466e-06
7.77828e-07
8.64661e-07
1.7513e-06
3.11451e-06
5.00445e-06
5.97754e-06
5.13126e-06
4.29937e-06
3.48398e-06
3.03534e-06
4.06988e-06
2.94594e-06
1.41474e-06
5.88268e-07
1.24257e-07
0
0
4.0773e-09
5.31172e-09
2.42558e-09
0
0
0
0
0
0
0
0
0
0
0
4.59665e-07
4.2436e-07
2.18782e-07
1.17011e-07
7.32039e-08
1.11772e-08
0
0
0
0
0
1.2643e-07
3.77286e-07
8.3421e-07
1.65578e-06
3.04243e-06
4.98294e-06
6.14291e-06
1.70433e-06
0
0
0
0
0
0
0
0
2.31264e-07
4.65251e-07
4.87196e-08
0
0
0
0
0
0
0
0
0
0
0
0
0
0
0
0
0
0
0
0
0
0
0
0
0
0
0
0
0
0
0
0
0
0
0
0
0
0
0
0
0
0
0
0
0
0
0
0
0
0
0
0
0
0
0
0
0
0
0
0
0
0
2.05466e-06
2.05313e-06
1.36852e-06
8.62919e-07
6.97501e-07
6.95243e-07
6.7215e-07
5.83291e-07
5.55062e-07
5.34329e-07
3.80062e-07
3.36683e-07
6.79424e-07
3.90712e-06
1.08306e-05
1.24423e-05
5.03299e-06
5.56272e-06
4.3383e-06
3.39471e-06
2.73114e-06
1.16064e-06
0
1.71859e-07
0
0
0
0
0
3.62146e-07
0
0
0
0
0
0
0
0
0
4.56148e-06
4.61591e-06
3.58174e-06
3.82017e-07
3.28247e-07
4.20318e-07
2.85907e-07
0
0
0
1.04587e-06
1.53113e-06
1.68834e-06
1.76159e-06
1.81859e-06
1.85061e-06
1.77769e-06
1.57264e-06
1.4471e-06
1.45055e-06
1.59858e-06
1.22242e-06
4.83921e-08
4.20888e-07
1.27083e-06
1.70815e-06
1.67623e-06
2.57281e-06
3.71827e-06
2.08502e-06
1.13302e-06
5.24922e-07
1.69668e-07
6.13243e-08
7.49543e-08
7.37165e-08
5.04984e-08
3.01526e-08
1.04641e-08
0
0
0
0
0
0
0
0
0
0
1.45328e-07
5.3175e-07
3.0969e-07
9.4704e-08
0
0
0
0
0
0
0
4.58684e-08
3.98011e-07
1.01937e-06
2.0735e-06
3.85284e-06
6.69707e-06
1.02954e-05
1.11425e-05
8.29902e-07
0
0
0
0
0
3.42777e-08
1.45068e-08
8.89511e-08
1.21042e-07
0
0
0
0
0
0
0
0
0
0
0
0
0
0
0
0
0
0
0
0
0
0
0
0
0
0
0
0
0
0
0
0
0
0
0
0
0
0
0
0
0
0
0
0
0
0
0
0
0
0
0
0
0
0
0
0
0
0
0
0
0
0
0
4.50517e-07
2.97419e-06
2.33019e-06
1.39135e-06
9.04805e-07
7.79291e-07
7.186e-07
6.21679e-07
4.68718e-07
4.34368e-07
3.49084e-07
3.13487e-07
4.58812e-07
1.41197e-06
1.29553e-05
9.87328e-06
1.95516e-06
5.07233e-06
4.39158e-06
3.45775e-06
2.84939e-06
1.43394e-06
0
0
0
0
0
0
0
0
7.22022e-07
0
0
0
0
0
0
0
0
1.03268e-05
1.70819e-05
1.83066e-05
1.93924e-06
0
0
0
0
0
0
0
0
0
0
0
7.68949e-08
0
0
0
0
0
0
0
0
9.79436e-08
5.47197e-07
1.61496e-06
3.35568e-06
2.29153e-06
1.34203e-06
7.86958e-07
3.58996e-07
1.51185e-07
1.12616e-07
1.32072e-07
1.3454e-07
1.10884e-07
7.13159e-08
4.19368e-08
9.26953e-09
0
0
0
0
0
0
0
0
0
0
4.8892e-07
4.07862e-07
1.43863e-07
0
0
0
0
0
0
0
0
4.10639e-07
1.13866e-06
2.34024e-06
4.33332e-06
7.64035e-06
1.25717e-05
1.8618e-05
1.80773e-05
0
0
0
0
0
2.73113e-07
1.31512e-07
0
0
0
0
0
0
0
0
0
0
0
0
0
0
0
0
0
0
1.74429e-07
2.98665e-07
1.42357e-07
2.61521e-08
0
5.10029e-09
3.24253e-09
0
0
0
0
6.68011e-09
3.12462e-09
0
0
0
0
0
0
0
0
0
0
0
0
0
0
0
0
0
0
0
0
0
0
0
0
0
0
0
0
0
0
0
0
0
0
0
2.368e-06
3.42647e-06
2.16437e-06
1.24974e-06
9.1398e-07
7.81862e-07
6.64876e-07
4.7968e-07
3.49553e-07
3.22324e-07
3.03664e-07
3.97761e-07
5.80616e-07
5.34709e-07
0
0
4.21135e-06
4.29154e-06
3.45654e-06
2.9544e-06
1.73931e-06
0
0
0
0
0
0
0
0
9.98588e-08
0
0
0
0
0
0
0
0
1.36944e-05
3.19106e-05
4.39305e-05
1.11502e-06
0
0
0
0
0
0
0
0
0
0
0
0
0
0
0
0
0
0
0
0
3.00344e-08
9.46949e-07
2.61225e-06
2.04406e-06
1.35842e-06
8.81328e-07
4.99834e-07
2.80409e-07
1.962e-07
1.76162e-07
1.60178e-07
1.42672e-07
1.25216e-07
9.76823e-08
7.23825e-08
4.21606e-08
1.03792e-09
0
0
0
0
0
0
0
0
0
0
4.11227e-07
2.01221e-07
6.42681e-09
0
0
0
0
0
0
1.36397e-08
4.59749e-07
1.23676e-06
2.49269e-06
4.52246e-06
7.8371e-06
1.28161e-05
2.02542e-05
2.85976e-05
2.74291e-05
2.86193e-06
0
0
0
4.61728e-07
2.30419e-07
0
0
0
0
0
2.50104e-08
1.16878e-06
0
0
0
0
0
0
0
0
0
0
0
3.45894e-07
6.47055e-07
4.54828e-07
2.41645e-07
1.36362e-07
9.66152e-08
6.95838e-08
3.75563e-08
1.26847e-08
5.03506e-09
9.65167e-09
1.70881e-08
1.72699e-08
9.21964e-09
3.30009e-10
0
0
0
0
0
0
0
0
0
0
0
0
0
0
0
0
0
0
0
0
0
0
0
0
0
0
0
0
0
0
0
0
0
0
4.10315e-06
3.14538e-06
1.75478e-06
1.1152e-06
8.72825e-07
7.05099e-07
5.24731e-07
3.14548e-07
2.87475e-07
2.85947e-07
3.61386e-07
3.65018e-07
0
0
0
3.31034e-06
4.05138e-06
3.40591e-06
3.07475e-06
2.09722e-06
0
0
0
0
0
0
0
0
0
0
0
0
0
0
0
0
0
8.94889e-06
3.80452e-05
7.21644e-05
0
0
0
0
0
0
0
0
0
0
0
0
0
0
0
0
0
0
0
0
0
5.87008e-07
1.74288e-06
1.56155e-06
1.15765e-06
7.59426e-07
5.35414e-07
4.09372e-07
3.33914e-07
2.82944e-07
2.21758e-07
1.65903e-07
1.34982e-07
1.17662e-07
9.96542e-08
8.41897e-08
6.28538e-08
3.5129e-08
0
0
0
0
0
0
0
0
0
0
0
1.58019e-07
4.07715e-08
0
0
0
0
0
0
1.28524e-07
5.71313e-07
1.3326e-06
2.54399e-06
4.46716e-06
7.49015e-06
1.18507e-05
1.83466e-05
2.72532e-05
3.68058e-05
3.42893e-05
6.87897e-06
0
4.41368e-07
7.00466e-07
4.03422e-07
1.49043e-07
0
0
0
0
0
2.37377e-06
4.27899e-06
0
0
0
0
0
0
0
0
0
0
5.02775e-07
9.8616e-07
7.7536e-07
4.69301e-07
2.81909e-07
1.90249e-07
1.35485e-07
8.66941e-08
4.57465e-08
2.41715e-08
2.02512e-08
2.5226e-08
2.85492e-08
2.45938e-08
1.84709e-08
1.15734e-08
0
0
0
0
0
0
1.704e-08
0
0
0
0
0
0
0
0
0
0
0
0
0
0
0
0
0
0
0
0
0
0
0
0
0
0
3.34142e-06
4.12415e-06
2.39911e-06
1.35846e-06
9.40451e-07
7.26312e-07
5.45275e-07
3.20984e-07
2.59883e-07
2.67862e-07
3.37711e-07
3.10916e-07
0
0
0
2.77454e-06
3.66611e-06
3.29203e-06
3.21679e-06
2.48022e-06
0
0
0
0
0
0
0
0
0
0
0
0
0
0
0
0
0
0
2.39845e-05
6.18405e-05
0
0
0
0
0
0
0
0
0
0
0
0
0
0
0
0
0
0
0
0
4.63731e-07
1.01758e-06
9.73778e-07
7.01551e-07
4.78567e-07
4.44696e-07
4.64521e-07
4.56424e-07
3.98106e-07
3.0234e-07
2.04512e-07
1.54468e-07
1.38212e-07
1.28545e-07
1.11502e-07
8.57769e-08
6.67851e-08
3.83061e-08
0
0
8.13707e-08
0
0
0
0
0
0
0
0
0
0
0
0
0
0
0
1.17375e-07
3.52424e-07
7.4925e-07
1.42169e-06
2.48945e-06
4.18252e-06
6.75044e-06
1.02869e-05
1.53232e-05
2.21826e-05
3.08478e-05
3.91457e-05
2.52506e-05
4.67932e-06
1.52639e-06
1.06647e-06
6.43288e-07
3.51128e-07
1.5601e-07
0
0
0
0
2.03251e-06
8.55976e-06
1.52659e-06
0
0
0
0
0
0
0
0
0
6.18658e-07
1.25136e-06
1.04225e-06
6.65682e-07
4.09353e-07
2.70828e-07
1.90571e-07
1.28615e-07
7.66056e-08
4.3286e-08
3.05085e-08
3.11171e-08
3.56483e-08
3.62932e-08
3.50795e-08
3.16133e-08
1.47699e-08
0
0
0
0
0
1.02396e-07
5.75113e-08
0
0
0
0
0
0
0
0
0
0
0
0
0
0
0
0
0
0
0
0
0
2.34312e-06
0
0
0
7.37122e-07
4.52844e-06
2.8949e-06
1.56438e-06
9.85146e-07
7.19455e-07
5.33754e-07
3.26785e-07
2.39196e-07
2.50788e-07
3.21021e-07
3.19013e-07
0
0
3.0416e-07
2.77743e-06
3.11524e-06
3.05119e-06
3.3262e-06
2.80992e-06
0
0
0
0
0
0
0
0
0
0
0
0
0
0
0
0
0
0
2.6324e-06
2.38609e-05
0
0
0
0
0
0
0
0
0
0
0
0
0
0
0
0
0
0
0
3.84378e-07
5.52873e-07
4.63793e-07
3.51388e-07
2.8635e-07
3.19732e-07
3.78496e-07
4.57632e-07
4.25174e-07
3.30947e-07
2.04117e-07
1.41008e-07
1.23744e-07
1.30665e-07
1.34969e-07
1.25446e-07
8.99029e-08
6.14926e-08
3.7896e-08
6.65451e-09
0
3.30644e-08
0
0
0
0
0
0
0
0
0
0
0
0
0
0
1.76805e-07
4.4005e-07
6.89259e-07
1.01688e-06
1.55853e-06
2.4409e-06
3.88383e-06
5.97947e-06
8.76271e-06
1.25837e-05
1.76445e-05
2.40837e-05
3.21202e-05
3.25714e-05
1.11747e-05
3.11684e-06
1.56454e-06
9.06727e-07
5.37666e-07
3.50809e-07
0
0
0
0
9.51112e-07
8.21927e-06
2.26308e-05
0
0
0
0
0
0
0
0
0
7.34858e-07
1.48957e-06
1.29306e-06
8.57152e-07
5.35364e-07
3.49919e-07
2.43239e-07
1.68679e-07
1.07867e-07
6.43298e-08
4.25375e-08
3.74124e-08
4.11501e-08
4.61617e-08
5.07822e-08
5.18974e-08
3.88955e-08
1.12856e-08
0
0
0
3.99126e-09
2.0568e-07
6.94403e-08
0
0
0
0
0
0
0
0
0
0
0
0
0
0
0
0
0
0
0
0
0
5.68878e-06
1.52462e-06
0
0
0
4.59437e-06
3.59895e-06
1.98123e-06
1.13985e-06
7.52189e-07
5.33455e-07
3.45213e-07
2.4615e-07
2.60036e-07
3.36483e-07
3.86577e-07
0
0
3.03931e-06
3.13354e-06
2.64874e-06
2.91394e-06
3.64614e-06
3.28965e-06
4.16475e-07
0
0
0
0
0
0
0
0
0
0
0
0
0
0
0
0
0
0
5.40206e-07
0
0
0
0
0
0
0
0
0
0
0
0
0
0
0
0
0
1.17085e-07
2.35171e-07
2.28345e-07
2.03996e-07
1.83113e-07
1.96678e-07
2.35108e-07
2.86339e-07
3.74598e-07
3.44362e-07
2.79826e-07
1.98388e-07
1.34671e-07
1.09279e-07
1.14449e-07
1.2441e-07
1.26345e-07
1.21264e-07
9.30908e-08
5.49693e-08
3.06872e-08
2.28537e-09
0
0
9.60667e-08
0
0
0
0
0
0
0
0
0
0
0
0
0
3.25055e-07
7.66821e-07
1.07642e-06
1.33577e-06
1.73121e-06
2.42075e-06
3.57653e-06
5.1843e-06
7.30387e-06
1.0165e-05
1.38909e-05
1.85963e-05
2.48449e-05
3.01155e-05
1.68724e-05
5.00657e-06
2.10483e-06
1.14612e-06
7.02969e-07
5.44126e-07
3.6436e-07
0
0
0
0
5.3835e-06
1.92738e-05
0
0
0
0
0
0
0
0
0
8.64991e-07
1.66042e-06
1.46843e-06
9.97672e-07
6.32536e-07
4.11743e-07
2.8316e-07
1.99491e-07
1.34084e-07
8.37358e-08
5.43648e-08
4.32073e-08
4.42494e-08
5.19333e-08
6.1977e-08
6.84364e-08
6.24487e-08
4.01774e-08
5.90703e-09
0
0
5.12981e-08
2.72971e-07
0
0
0
0
0
0
0
0
0
0
0
0
0
0
0
0
0
0
0
0
0
0
8.09947e-06
7.85021e-06
0
0
0
3.95014e-06
3.76671e-06
2.09637e-06
1.15583e-06
7.22523e-07
5.00049e-07
3.36866e-07
2.4616e-07
2.60634e-07
3.38272e-07
4.51931e-07
0
0
4.66607e-06
2.71246e-06
1.73753e-06
2.36011e-06
3.6395e-06
3.57537e-06
1.31414e-06
0
0
0
0
0
0
0
0
0
0
0
0
0
0
0
0
0
0
0
0
0
0
0
0
0
0
0
0
0
0
0
0
0
0
2.09387e-08
7.98866e-08
9.38221e-08
9.79773e-08
1.01944e-07
1.11642e-07
1.40041e-07
1.82597e-07
2.16147e-07
2.5632e-07
2.28556e-07
1.93626e-07
1.57634e-07
1.20177e-07
1.01174e-07
1.02551e-07
1.10476e-07
1.0431e-07
9.50899e-08
9.01086e-08
7.65397e-08
4.62632e-08
2.37593e-08
1.30006e-09
0
0
0
0
0
0
0
0
0
0
0
0
0
0
0
0
3.6061e-07
1.01838e-06
1.44462e-06
1.66732e-06
1.9275e-06
2.41626e-06
3.28212e-06
4.49486e-06
6.10713e-06
8.2822e-06
1.10998e-05
1.46393e-05
1.94232e-05
2.51984e-05
1.99466e-05
6.92875e-06
2.64126e-06
1.36443e-06
8.61607e-07
7.26762e-07
7.62201e-07
3.47202e-07
0
0
0
2.66809e-06
1.13038e-05
8.5346e-06
0
0
0
0
0
0
0
0
1.01844e-06
1.81352e-06
1.60181e-06
1.09545e-06
6.99657e-07
4.57306e-07
3.15178e-07
2.25233e-07
1.57175e-07
1.0254e-07
6.71019e-08
5.03823e-08
4.79195e-08
5.6163e-08
6.96882e-08
8.07917e-08
8.32575e-08
6.95841e-08
3.83149e-08
5.79548e-09
6.00253e-09
6.2708e-08
1.29783e-07
0
0
0
0
0
0
0
0
0
0
0
0
0
0
0
0
0
0
0
0
1.54268e-06
5.15698e-07
9.3467e-06
1.18697e-05
7.97242e-08
0
0
3.30556e-06
4.1587e-06
2.44399e-06
1.32322e-06
7.7774e-07
4.98686e-07
3.21741e-07
2.38624e-07
2.56458e-07
3.39078e-07
5.14697e-07
2.51237e-07
0
4.46295e-06
1.74971e-06
7.2479e-07
1.61365e-06
3.39083e-06
3.71621e-06
2.1081e-06
0
0
0
0
0
0
0
0
0
0
0
0
0
0
0
0
0
0
0
0
0
0
0
0
0
0
0
0
0
0
0
0
0
2.82925e-08
4.15624e-08
4.69172e-08
5.27443e-08
6.57609e-08
8.64049e-08
1.12147e-07
1.29893e-07
1.43241e-07
1.38847e-07
1.25291e-07
1.14981e-07
1.06937e-07
1.01267e-07
9.88528e-08
9.92036e-08
1.03183e-07
9.59916e-08
8.16055e-08
6.33535e-08
5.19815e-08
4.75868e-08
3.59327e-08
1.95835e-08
1.20918e-09
0
0
0
0
0
0
0
0
0
0
0
0
0
0
0
0
3.52293e-07
1.20265e-06
1.73988e-06
1.95462e-06
2.11478e-06
2.43481e-06
3.06562e-06
3.97845e-06
5.2215e-06
6.92071e-06
9.11681e-06
1.18618e-05
1.55821e-05
2.06745e-05
2.04065e-05
8.76956e-06
3.23093e-06
1.61418e-06
1.04455e-06
9.16389e-07
1.11084e-06
1.12287e-06
4.6539e-08
0
0
8.54068e-07
5.87377e-06
7.62515e-06
0
0
0
0
0
0
0
0
1.18157e-06
1.93856e-06
1.69728e-06
1.15863e-06
7.3577e-07
4.78297e-07
3.30625e-07
2.40891e-07
1.75101e-07
1.19624e-07
7.99977e-08
5.84592e-08
5.23348e-08
5.93546e-08
7.38204e-08
8.81013e-08
9.78378e-08
9.43616e-08
7.38604e-08
5.2553e-08
3.91786e-08
1.82699e-08
0
0
0
0
0
0
0
0
0
0
0
0
0
0
0
0
0
0
0
0
2.12923e-06
3.53321e-06
1.60975e-06
9.13035e-06
1.40364e-05
2.01996e-06
0
0
2.54434e-06
4.09361e-06
2.49926e-06
1.35332e-06
7.67505e-07
4.67574e-07
2.94055e-07
2.22267e-07
2.46546e-07
3.34511e-07
5.50914e-07
7.89238e-07
1.48344e-06
3.12887e-06
6.89855e-07
0
6.77164e-07
2.59508e-06
3.44154e-06
2.53246e-06
0
0
0
5.50053e-06
2.47621e-06
0
0
0
0
0
0
0
0
0
0
0
0
0
0
0
0
0
0
0
0
0
0
0
0
0
0
0
7.8699e-09
1.9939e-08
3.24945e-08
4.52361e-08
5.74355e-08
6.48415e-08
6.82564e-08
6.7779e-08
6.91327e-08
7.04204e-08
7.19477e-08
7.65168e-08
8.41714e-08
8.99828e-08
9.1654e-08
8.88837e-08
8.66359e-08
7.60471e-08
6.68338e-08
5.52404e-08
4.04071e-08
2.84769e-08
2.55218e-08
2.61781e-08
1.80248e-08
1.84988e-09
0
0
0
0
0
0
0
0
0
0
0
0
0
0
0
0
4.60486e-07
1.43518e-06
1.94692e-06
2.12152e-06
2.20704e-06
2.40248e-06
2.84e-06
3.52024e-06
4.48698e-06
5.82809e-06
7.56932e-06
9.74179e-06
1.26732e-05
1.68722e-05
1.90373e-05
1.02477e-05
3.80028e-06
1.84803e-06
1.21185e-06
1.09955e-06
1.42522e-06
1.86978e-06
1.18003e-06
0
0
0
2.82082e-06
4.80681e-06
0
0
0
0
0
0
0
0
1.35858e-06
2.03108e-06
1.7436e-06
1.18802e-06
7.50306e-07
4.8122e-07
3.30014e-07
2.43615e-07
1.83886e-07
1.32225e-07
9.1847e-08
6.70477e-08
5.74981e-08
6.18559e-08
7.4795e-08
9.04995e-08
1.05432e-07
1.11244e-07
1.04792e-07
9.72474e-08
8.2473e-08
4.10713e-08
0
0
0
0
0
0
0
0
0
0
0
0
0
0
0
0
0
0
0
2.24041e-06
2.51236e-06
0
0
5.94691e-06
1.36157e-05
2.39546e-06
0
0
1.90302e-06
3.9639e-06
2.54841e-06
1.39498e-06
7.66086e-07
4.35722e-07
2.59238e-07
1.97933e-07
2.29978e-07
3.22479e-07
5.54925e-07
1.06139e-06
1.97807e-06
1.70594e-06
0
0
0
1.4128e-06
2.69334e-06
2.46303e-06
1.63151e-06
0
0
2.9848e-06
8.26645e-06
6.212e-07
0
0
0
0
0
0
0
0
0
0
0
0
0
0
0
0
3.09181e-08
5.65508e-08
5.6954e-08
4.03151e-08
2.39071e-08
1.55827e-08
1.32677e-08
1.33216e-08
1.38319e-08
1.4123e-08
1.47156e-08
1.63037e-08
1.88947e-08
2.2422e-08
2.65934e-08
3.11492e-08
3.65002e-08
4.377e-08
5.27982e-08
6.18909e-08
7.01697e-08
7.66409e-08
7.79102e-08
7.34318e-08
6.6636e-08
5.98785e-08
5.28476e-08
4.64549e-08
4.05565e-08
3.36154e-08
2.42478e-08
1.63534e-08
1.54808e-08
2.07333e-08
2.05173e-08
1.0898e-08
0
0
0
0
0
0
0
0
0
0
0
0
0
0
0
0
2.48543e-07
1.61425e-06
2.06223e-06
2.17166e-06
2.21869e-06
2.34841e-06
2.6596e-06
3.17737e-06
3.94384e-06
5.02825e-06
6.44028e-06
8.20093e-06
1.05495e-05
1.39859e-05
1.72078e-05
1.15979e-05
4.49126e-06
2.12882e-06
1.3999e-06
1.31259e-06
1.77768e-06
2.54323e-06
2.42852e-06
8.60262e-07
0
0
1.42198e-06
2.85272e-06
6.13161e-07
0
0
0
0
0
0
2.91761e-08
1.53288e-06
2.06153e-06
1.70784e-06
1.15155e-06
7.25443e-07
4.62639e-07
3.15589e-07
2.35215e-07
1.83504e-07
1.38698e-07
1.00932e-07
7.52668e-08
6.32355e-08
6.41654e-08
7.38754e-08
8.92114e-08
1.07127e-07
1.1975e-07
1.27094e-07
1.28625e-07
1.19424e-07
1.06534e-07
4.91276e-08
4.63992e-09
2.07748e-08
0
0
0
0
0
0
0
0
0
0
0
0
0
0
0
9.03412e-06
1.02419e-05
0
0
0
0
1.00282e-05
6.94403e-07
0
0
1.39043e-06
3.6568e-06
2.40879e-06
1.32747e-06
7.1715e-07
3.91302e-07
2.24077e-07
1.74944e-07
2.15428e-07
3.07765e-07
5.25896e-07
1.07549e-06
1.68861e-06
6.91538e-07
0
0
0
2.69076e-07
1.60805e-06
1.94003e-06
2.94521e-06
0
0
4.61109e-07
7.12222e-06
2.66108e-06
0
0
0
0
0
0
0
0
0
0
0
0
0
0
0
1.78394e-10
7.45678e-08
1.08235e-07
9.87703e-08
6.53386e-08
3.78332e-08
2.64349e-08
2.33237e-08
2.06222e-08
1.68511e-08
1.33916e-08
1.17116e-08
1.17096e-08
1.24507e-08
1.44538e-08
1.95848e-08
2.81007e-08
3.76452e-08
4.65481e-08
5.28005e-08
5.70886e-08
5.84613e-08
5.56782e-08
4.96441e-08
4.31356e-08
3.88863e-08
3.66313e-08
3.39499e-08
2.99202e-08
2.53382e-08
2.03435e-08
1.38376e-08
6.85599e-09
4.12248e-09
8.35072e-09
1.39725e-08
1.37174e-08
2.55383e-09
0
0
0
0
0
0
0
0
0
0
0
0
0
0
0
0
7.45185e-07
1.63051e-06
1.91798e-06
2.03695e-06
2.1881e-06
2.45833e-06
2.89095e-06
3.50984e-06
4.36716e-06
5.47752e-06
6.8558e-06
8.68707e-06
1.14178e-05
1.4817e-05
1.22328e-05
5.15705e-06
2.40946e-06
1.61232e-06
1.59537e-06
2.26813e-06
3.27449e-06
3.70028e-06
2.63217e-06
9.78231e-07
3.34014e-07
1.06135e-06
1.87732e-06
7.96213e-07
0
0
0
0
0
0
3.17466e-07
1.70262e-06
2.05326e-06
1.64497e-06
1.1023e-06
6.9561e-07
4.42926e-07
3.00368e-07
2.23077e-07
1.77019e-07
1.39203e-07
1.06085e-07
8.18032e-08
6.86284e-08
6.6335e-08
7.21679e-08
8.53558e-08
1.05151e-07
1.2317e-07
1.39112e-07
1.46305e-07
1.41327e-07
1.44444e-07
1.03581e-07
5.65988e-08
5.19731e-08
1.76962e-09
0
0
0
0
0
0
0
0
0
0
0
0
0
1.31374e-05
3.86026e-05
0
0
0
0
0
3.73054e-06
0
0
0
9.74232e-07
3.23264e-06
2.15707e-06
1.18947e-06
6.21911e-07
3.19857e-07
1.78295e-07
1.47597e-07
1.95599e-07
2.84966e-07
4.71699e-07
9.16985e-07
1.16346e-06
5.24496e-08
0
0
0
0
4.2573e-07
1.11458e-06
2.27675e-06
7.65158e-07
0
0
2.39915e-06
4.01735e-06
0
0
0
0
0
0
0
0
0
0
0
0
0
0
0
2.03179e-08
6.83722e-08
8.22629e-08
5.60745e-08
7.91879e-09
0
0
0
0
1.6804e-09
4.81482e-09
6.23793e-09
7.82198e-09
1.05939e-08
1.48314e-08
1.97827e-08
2.43105e-08
2.78821e-08
3.04312e-08
3.33257e-08
3.59505e-08
3.59223e-08
3.2904e-08
2.8883e-08
2.63911e-08
2.53923e-08
2.39816e-08
2.12815e-08
1.76209e-08
1.41543e-08
1.12226e-08
7.89036e-09
2.8964e-09
0
0
0
0
0
0
0
0
0
0
0
0
0
0
0
0
0
0
0
0
0
0
4.97622e-07
1.18654e-06
1.57075e-06
1.84751e-06
2.14588e-06
2.52702e-06
3.01791e-06
3.6465e-06
4.45104e-06
5.47362e-06
6.88557e-06
9.05511e-06
1.22123e-05
1.23938e-05
5.78699e-06
2.53822e-06
1.71027e-06
1.81065e-06
2.72054e-06
3.97896e-06
4.81181e-06
4.53278e-06
2.88916e-06
1.55198e-06
1.40223e-06
1.55922e-06
7.60919e-07
0
0
0
0
0
0
6.52122e-07
1.8203e-06
1.94674e-06
1.49614e-06
1.0005e-06
6.44082e-07
4.20872e-07
2.89316e-07
2.14463e-07
1.696e-07
1.35372e-07
1.06629e-07
8.50673e-08
7.25381e-08
6.82208e-08
7.05118e-08
8.05102e-08
1.00739e-07
1.24357e-07
1.44635e-07
1.52468e-07
1.5291e-07
1.60163e-07
1.38098e-07
1.05341e-07
7.6146e-08
2.08816e-08
0
0
0
0
0
0
0
0
0
0
0
0
7.67718e-06
2.71064e-05
7.89316e-06
0
0
0
0
0
0
0
0
0
6.44742e-07
2.70701e-06
1.76539e-06
9.4498e-07
4.70448e-07
2.31254e-07
1.32182e-07
1.21437e-07
1.74657e-07
2.54711e-07
3.89197e-07
6.52973e-07
6.66665e-07
0
0
0
0
0
0
1.04814e-07
1.05075e-06
1.08622e-06
0
0
5.72235e-08
2.63718e-06
0
0
0
0
0
0
0
0
0
0
0
0
0
1.77904e-08
4.05507e-08
5.34872e-08
5.49723e-08
4.29498e-08
1.92477e-08
0
0
0
0
5.87827e-09
1.51107e-08
1.82022e-08
1.73347e-08
1.50046e-08
1.27196e-08
1.09384e-08
9.8675e-09
9.84158e-09
1.112e-08
1.34475e-08
1.56973e-08
1.66681e-08
1.66829e-08
1.68116e-08
1.64091e-08
1.52146e-08
1.33859e-08
1.11285e-08
8.92133e-09
7.05794e-09
5.75043e-09
4.94775e-09
3.97812e-09
1.51911e-09
0
0
0
0
0
0
0
0
0
0
0
0
0
0
0
0
0
0
0
0
0
0
0
2.01104e-07
7.42792e-07
1.1744e-06
1.55454e-06
1.93938e-06
2.35882e-06
2.83966e-06
3.43092e-06
4.21656e-06
5.35094e-06
7.04879e-06
9.89286e-06
1.33351e-05
8.32126e-06
3.50192e-06
2.325e-06
2.41149e-06
3.38196e-06
4.80321e-06
5.9631e-06
6.27433e-06
4.93875e-06
3.19993e-06
2.25989e-06
1.72526e-06
7.08959e-07
0
0
0
0
0
0
1.02617e-06
1.86169e-06
1.77913e-06
1.31058e-06
8.67545e-07
5.62231e-07
3.75251e-07
2.64815e-07
2.00215e-07
1.59924e-07
1.29108e-07
1.03444e-07
8.45931e-08
7.38747e-08
6.91319e-08
6.90513e-08
7.61298e-08
9.52568e-08
1.23767e-07
1.46471e-07
1.52837e-07
1.57922e-07
1.66598e-07
1.57697e-07
1.38183e-07
9.89523e-08
5.06034e-08
3.18375e-08
2.26347e-08
0
0
0
0
0
0
0
0
0
8.78093e-08
1.06782e-05
3.03068e-06
0
0
0
0
0
0
0
0
0
0
3.73165e-07
2.0457e-06
1.25806e-06
6.4363e-07
3.05591e-07
1.46247e-07
8.55988e-08
8.69017e-08
1.34987e-07
1.93951e-07
2.72533e-07
3.74798e-07
2.71527e-07
0
0
0
0
0
0
0
0
6.4453e-07
0
0
0
3.86046e-07
0
0
0
0
0
0
0
0
0
0
0
0
0
3.64955e-08
5.79224e-08
6.33308e-08
5.65718e-08
4.2585e-08
2.6593e-08
1.40175e-08
8.0135e-09
7.64172e-09
9.49999e-09
1.09529e-08
1.14944e-08
1.15284e-08
1.09393e-08
9.13168e-09
6.06581e-09
2.87112e-09
1.10765e-09
1.38889e-09
2.99457e-09
4.8029e-09
6.56912e-09
8.58192e-09
1.0507e-08
1.08759e-08
8.17038e-09
3.65586e-09
0
0
0
0
0
0
0
0
0
0
0
0
0
0
0
0
0
0
0
0
0
0
0
0
0
0
0
0
0
0
0
0
0
2.1099e-07
5.0906e-07
7.95485e-07
1.08351e-06
1.38456e-06
1.73268e-06
2.20198e-06
2.84509e-06
3.74698e-06
5.32916e-06
8.76141e-06
1.03546e-05
4.55616e-06
2.75389e-06
2.61891e-06
3.21441e-06
4.22407e-06
5.29662e-06
6.05205e-06
5.60666e-06
4.31586e-06
3.13797e-06
2.05445e-06
5.23997e-07
0
0
0
0
0
6.99803e-08
1.37041e-06
1.78796e-06
1.51871e-06
1.06194e-06
6.8622e-07
4.44165e-07
3.03246e-07
2.2368e-07
1.75849e-07
1.44316e-07
1.19229e-07
9.78177e-08
8.20973e-08
7.37305e-08
6.98113e-08
6.8736e-08
7.37021e-08
9.12467e-08
1.226e-07
1.45433e-07
1.51797e-07
1.60665e-07
1.71205e-07
1.70834e-07
1.58059e-07
1.23256e-07
8.82493e-08
6.86073e-08
5.25729e-08
3.29541e-08
0
0
0
0
0
0
0
0
1.25077e-06
0
0
0
0
0
0
0
0
0
0
0
0
1.28865e-07
1.29879e-06
7.05308e-07
3.29516e-07
1.41147e-07
5.61581e-08
2.69511e-08
3.34537e-08
6.92758e-08
1.05029e-07
1.26439e-07
1.29895e-07
0
0
0
0
0
0
0
0
0
0
0
0
0
0
0
0
0
0
0
0
0
0
0
0
0
0
0
0
3.38117e-08
6.72838e-08
7.5546e-08
6.55684e-08
4.86759e-08
3.3463e-08
2.32695e-08
1.7624e-08
1.46931e-08
1.30696e-08
1.20335e-08
1.10902e-08
9.77599e-09
7.78167e-09
5.18522e-09
2.57091e-09
6.65808e-10
0
7.58715e-10
3.93962e-09
8.98829e-09
1.37368e-08
1.52711e-08
1.14652e-08
3.97984e-09
0
0
0
0
0
0
0
0
0
0
0
0
0
0
0
0
0
0
0
0
0
0
0
0
0
0
0
0
0
0
0
0
0
0
0
0
2.01821e-07
4.14771e-07
6.28258e-07
8.49228e-07
1.12342e-06
1.50754e-06
1.99899e-06
2.64729e-06
3.79905e-06
6.4416e-06
8.98855e-06
5.14076e-06
3.26108e-06
2.91654e-06
3.21808e-06
3.85997e-06
4.66518e-06
5.15728e-06
4.75981e-06
3.8797e-06
2.61725e-06
4.02668e-07
0
0
0
0
0
6.93027e-07
1.60128e-06
1.64562e-06
1.28364e-06
8.86139e-07
5.84861e-07
3.85993e-07
2.65089e-07
1.96051e-07
1.55918e-07
1.29569e-07
1.08597e-07
9.0954e-08
7.86745e-08
7.33768e-08
7.15222e-08
7.09332e-08
7.48392e-08
9.06374e-08
1.22667e-07
1.43842e-07
1.50699e-07
1.62672e-07
1.75892e-07
1.80573e-07
1.70916e-07
1.47532e-07
1.23995e-07
9.72015e-08
8.90291e-08
1.26575e-07
1.28232e-07
0
0
0
0
0
0
0
0
0
0
0
0
0
0
0
0
0
0
0
0
0
5.05682e-07
1.54652e-07
2.24614e-08
0
0
0
0
0
0
0
0
0
0
0
0
0
0
0
0
0
0
0
0
0
0
0
0
0
0
0
0
0
0
0
0
0
0
0
0
0
0
4.49465e-08
8.44031e-08
4.94997e-08
1.04561e-08
0
0
1.40339e-09
8.94811e-09
1.45402e-08
1.75199e-08
1.78649e-08
1.5587e-08
1.06213e-08
3.76478e-09
0
0
0
0
3.87779e-09
6.2012e-09
4.8053e-09
5.11776e-10
0
0
0
0
0
0
0
0
0
0
0
0
0
0
0
0
0
0
0
0
0
0
0
0
0
0
0
0
0
0
0
0
0
0
0
0
1.1788e-07
3.339e-07
5.63053e-07
7.86602e-07
9.9644e-07
1.21623e-06
1.45372e-06
1.65935e-06
1.78789e-06
1.89123e-06
2.40423e-06
4.10936e-06
4.19737e-06
2.75399e-06
2.11574e-06
2.08238e-06
2.42243e-06
3.06762e-06
3.72867e-06
3.98355e-06
3.82291e-06
2.94052e-06
3.57376e-07
0
0
0
0
0
1.09716e-06
1.48968e-06
1.3073e-06
9.61571e-07
6.60215e-07
4.49536e-07
3.12978e-07
2.23607e-07
1.66006e-07
1.30619e-07
1.08007e-07
9.06421e-08
7.62956e-08
6.69105e-08
6.42428e-08
6.4773e-08
6.58431e-08
6.98539e-08
8.37473e-08
1.12892e-07
1.31028e-07
1.37935e-07
1.50287e-07
1.6451e-07
1.72459e-07
1.64973e-07
1.54666e-07
1.37579e-07
1.11538e-07
1.37233e-07
2.69066e-07
3.72616e-07
5.82466e-08
0
1.67719e-07
3.14586e-09
0
0
0
0
0
0
0
0
0
0
0
0
0
0
0
0
0
0
0
0
0
0
0
0
0
0
0
0
0
0
0
0
0
0
0
0
0
0
0
0
0
0
0
0
0
0
0
0
0
0
0
0
0
0
0
0
0
3.19935e-08
1.23693e-07
1.16952e-07
6.68278e-08
1.68521e-08
0
0
0
1.15734e-08
2.03356e-08
2.3715e-08
2.15366e-08
1.36467e-08
1.0649e-09
0
0
0
0
0
2.32768e-09
2.5276e-09
0
0
0
0
0
0
0
0
0
0
0
0
0
0
0
0
0
0
0
0
0
0
0
0
0
0
0
0
0
0
0
0
0
0
0
0
0
7.44338e-08
1.95388e-07
2.831e-07
3.46301e-07
3.79143e-07
3.70384e-07
3.29753e-07
2.80847e-07
2.25409e-07
1.31789e-07
0
8.02712e-08
7.70694e-07
1.32934e-06
1.27203e-06
1.17956e-06
1.25981e-06
1.54054e-06
2.01776e-06
2.53617e-06
2.96153e-06
3.1735e-06
2.53749e-06
0
0
0
0
0
3.51944e-07
9.90713e-07
1.04679e-06
8.5566e-07
6.32579e-07
4.47166e-07
3.1278e-07
2.25093e-07
1.67368e-07
1.2589e-07
9.77177e-08
7.96435e-08
6.64494e-08
5.59403e-08
4.91588e-08
4.7813e-08
4.95323e-08
5.19509e-08
5.64656e-08
6.93075e-08
9.50631e-08
1.11724e-07
1.19322e-07
1.30598e-07
1.45033e-07
1.52846e-07
1.49244e-07
1.48421e-07
1.32446e-07
1.17978e-07
1.99781e-07
3.98089e-07
4.23904e-07
2.07384e-07
9.79673e-07
2.76917e-06
2.64766e-06
7.90785e-07
0
0
0
0
0
0
0
0
0
0
0
0
0
0
0
0
0
0
0
0
0
0
0
0
0
0
0
0
0
0
0
0
0
0
0
0
0
0
0
0
0
0
0
0
0
0
0
0
0
0
0
0
0
0
0
6.83614e-09
1.88161e-08
1.46543e-08
0
0
0
0
0
0
0
0
0
0
0
0
0
0
0
0
0
0
0
0
0
0
0
0
0
0
0
0
0
0
0
0
0
0
0
0
0
0
0
0
0
0
0
0
0
0
0
0
0
0
0
0
0
0
0
0
0
1.03904e-07
1.99796e-07
2.60935e-07
2.82948e-07
2.61115e-07
2.04756e-07
1.35306e-07
4.31263e-08
0
0
0
0
0
0
0
0
2.5775e-07
5.14817e-07
7.25951e-07
8.37182e-07
6.76841e-07
0
0
0
0
0
0
2.45581e-07
4.5172e-07
4.51217e-07
3.7114e-07
2.79922e-07
2.03009e-07
1.4598e-07
1.07257e-07
8.05191e-08
6.01212e-08
4.5649e-08
3.6794e-08
3.10918e-08
2.64092e-08
2.35922e-08
2.42353e-08
2.67587e-08
2.95128e-08
3.34284e-08
4.31836e-08
6.26357e-08
7.85983e-08
8.97596e-08
1.02069e-07
1.13874e-07
1.18003e-07
1.19648e-07
1.23823e-07
1.10138e-07
1.16011e-07
2.37483e-07
3.70922e-07
1.85691e-07
3.56128e-07
2.67173e-06
5.58719e-06
5.11382e-06
1.64908e-06
0
0
0
0
0
0
0
0
0
0
0
0
0
0
0
0
0
0
0
0
0
0
0
0
0
0
0
0
0
0
0
0
0
0
0
0
0
0
0
0
0
0
0
0
0
0
0
0
0
0
0
0
0
0
2.46217e-08
1.92548e-08
8.1807e-09
0
0
0
0
0
0
0
0
0
0
0
0
0
0
0
0
0
0
0
0
0
0
0
0
0
0
0
0
0
0
0
0
0
0
0
0
0
0
0
0
1.8473e-09
1.72424e-08
2.94082e-08
4.18555e-08
6.93589e-08
1.34454e-07
2.53308e-07
4.38209e-07
6.44993e-07
8.8596e-07
9.79069e-07
9.01695e-07
7.11508e-07
4.51369e-07
1.55509e-07
0
0
0
0
0
0
0
0
0
0
0
0
0
0
0
0
0
0
0
0
0
0
0
0
0
0
0
0
0
0
0
0
2.43e-08
3.63251e-08
3.34815e-08
2.81998e-08
2.32037e-08
1.82162e-08
1.13267e-08
2.60531e-09
0
0
0
0
0
0
1.49098e-10
4.90156e-09
8.95075e-09
1.48079e-08
2.54898e-08
3.79652e-08
5.37181e-08
7.24688e-08
8.28361e-08
8.1656e-08
8.59539e-08
8.91723e-08
7.99401e-08
1.0503e-07
1.90308e-07
6.37368e-08
0
6.52965e-07
4.44971e-06
7.9221e-06
6.97915e-06
1.87502e-06
0
0
0
0
0
0
0
0
0
5.33329e-06
4.21372e-06
0
0
0
0
0
0
0
0
0
0
0
0
0
0
0
0
0
0
0
0
0
0
0
0
0
0
0
0
0
0
0
0
0
0
0
0
0
0
0
0
0
0
0
3.6687e-08
9.87959e-09
0
0
0
0
0
0
0
0
0
0
0
0
0
0
0
0
0
0
0
0
0
0
0
0
0
0
0
0
0
0
0
0
0
0
0
0
0
8.96353e-09
2.12004e-08
2.72961e-08
3.26451e-08
4.23792e-08
5.90486e-08
7.80532e-08
9.67672e-08
1.18845e-07
1.60657e-07
2.52461e-07
4.28852e-07
7.1296e-07
1.11245e-06
1.50977e-06
1.97599e-06
2.19046e-06
2.20037e-06
1.91959e-06
1.43073e-06
7.71677e-07
0
0
0
0
0
0
0
0
0
0
0
0
0
0
0
0
0
0
0
0
0
0
0
3.25231e-08
0
0
0
0
0
0
0
0
0
0
0
0
0
0
0
0
0
0
0
0
0
0
0
0
0
0
5.00953e-09
3.10412e-08
4.77977e-08
4.75549e-08
5.12626e-08
4.78805e-08
4.32856e-08
6.89362e-08
1.12683e-08
0
0
1.64024e-06
6.49546e-06
9.9744e-06
8.86335e-06
2.79223e-06
0
0
0
0
0
0
0
0
9.20912e-06
1.68784e-05
4.82114e-06
0
0
2.77018e-07
0
0
0
0
0
0
0
0
0
0
0
0
0
0
0
0
0
0
0
0
0
0
0
0
0
0
0
0
0
0
0
0
0
0
0
0
0
0
0
0
0
0
0
0
0
0
0
0
0
0
0
0
0
0
0
0
0
0
0
0
0
0
0
0
0
0
0
0
0
0
0
0
0
0
0
0
0
0
7.26911e-09
3.27799e-08
5.41982e-08
6.56526e-08
6.78732e-08
6.96261e-08
7.89986e-08
9.82457e-08
1.22592e-07
1.4549e-07
1.69492e-07
2.04789e-07
2.72749e-07
4.07846e-07
6.40723e-07
9.81116e-07
1.43098e-06
2.05078e-06
2.49857e-06
2.98188e-06
3.35525e-06
3.57379e-06
3.53741e-06
3.22201e-06
2.61728e-06
1.6572e-06
2.86175e-07
0
0
0
0
0
0
0
0
0
0
0
0
0
0
0
0
0
7.5984e-08
0
0
0
0
0
0
0
0
0
0
0
0
0
0
0
0
0
0
0
0
0
0
0
0
0
0
0
0
0
0
6.57937e-09
1.15831e-08
2.10739e-09
0
0
0
0
3.83957e-07
4.71627e-06
9.62267e-06
1.29908e-05
1.29808e-05
7.41904e-06
0
0
0
0
0
0
0
6.86566e-06
3.46717e-05
1.92529e-05
6.89397e-06
4.94699e-06
3.75349e-06
3.85726e-07
0
0
0
0
0
0
0
0
0
0
0
0
0
0
0
0
0
0
0
0
0
0
0
0
0
0
0
0
0
0
0
0
0
0
0
0
0
0
0
0
0
0
0
0
0
0
4.21255e-08
1.70943e-07
2.84988e-07
3.22387e-07
2.13619e-07
0
0
0
0
0
0
0
0
0
0
0
0
0
0
0
0
0
0
0
0
0
0
0
0
0
0
0
0
0
4.96016e-09
3.18819e-08
6.15121e-08
1.00091e-07
1.57e-07
2.20229e-07
2.78818e-07
3.25521e-07
3.56898e-07
3.83259e-07
4.10046e-07
4.43509e-07
5.05315e-07
6.26916e-07
8.07315e-07
1.08609e-06
1.54725e-06
1.88078e-06
2.30401e-06
2.81454e-06
3.23065e-06
3.6044e-06
3.88032e-06
3.95626e-06
3.91062e-06
3.67416e-06
3.13279e-06
2.39073e-06
1.55223e-06
7.2356e-07
4.37062e-08
0
0
0
0
0
8.82027e-08
2.59112e-07
3.60603e-07
3.58973e-07
2.25004e-07
0
0
0
0
0
0
0
0
0
0
0
0
0
0
0
0
0
0
0
0
0
0
0
0
0
0
0
0
0
0
0
0
0
0
0
0
0
0
0
3.39222e-06
1.0279e-05
1.352e-05
1.58591e-05
1.96651e-05
1.95021e-05
1.70947e-06
0
0
0
0
0
0
6.03248e-05
4.28097e-05
1.83662e-05
1.09306e-05
7.44522e-06
3.1565e-06
0
0
0
0
0
0
0
0
0
0
0
0
0
0
0
0
0
0
0
0
0
0
0
0
0
0
0
0
0
0
0
0
0
0
0
0
0
0
0
0
0
0
0
0
0
0
0
1.53863e-07
3.15461e-07
2.51987e-07
1.22748e-07
2.16803e-09
0
0
0
0
0
0
0
0
0
0
0
0
0
0
0
0
0
0
0
0
0
0
0
0
0
0
0
0
3.31145e-08
7.56596e-08
1.22127e-07
1.69079e-07
2.20105e-07
2.86277e-07
3.99646e-07
5.33099e-07
6.30737e-07
6.84098e-07
6.98303e-07
6.90639e-07
6.78908e-07
6.73216e-07
6.7984e-07
7.01716e-07
7.45484e-07
8.57077e-07
9.57251e-07
1.1045e-06
1.3337e-06
1.52702e-06
1.73964e-06
1.88808e-06
1.946e-06
1.98034e-06
1.93329e-06
1.76685e-06
1.55092e-06
1.31459e-06
1.07522e-06
8.59276e-07
6.89271e-07
5.63184e-07
4.71411e-07
4.04578e-07
3.54551e-07
3.15102e-07
2.76459e-07
2.26287e-07
1.41909e-07
0
0
0
0
0
0
0
0
0
0
0
0
0
0
0
0
0
0
0
0
0
0
0
0
0
0
0
0
0
0
0
0
0
0
0
0
0
0
0
1.20781e-06
7.18811e-06
1.29404e-05
9.99725e-06
7.5035e-06
1.49837e-05
1.70538e-05
1.19236e-06
0
0
0
0
0
1.0885e-05
0.000106365
3.74899e-05
1.65656e-05
9.39081e-06
4.6525e-06
1.23279e-06
0
0
0
0
0
0
0
0
0
0
0
0
0
0
0
0
0
0
0
0
0
0
0
0
0
0
0
0
0
0
0
0
0
0
0
0
0
0
0
0
2.68885e-07
0
0
0
0
0
0
0
0
0
0
0
0
0
0
0
0
0
0
0
3.50541e-08
6.60042e-08
8.72142e-08
9.88665e-08
1.0088e-07
9.29236e-08
7.59065e-08
5.39301e-08
3.2379e-08
1.31845e-08
0
0
0
0
0
0
0
0
4.76468e-08
1.01048e-07
1.40525e-07
1.59983e-07
1.60829e-07
1.51682e-07
1.43833e-07
1.46304e-07
1.649e-07
2.07413e-07
2.70873e-07
3.29631e-07
3.75559e-07
4.07376e-07
4.29888e-07
4.41176e-07
4.41665e-07
4.39563e-07
4.35694e-07
4.32845e-07
4.33804e-07
4.43063e-07
4.76801e-07
5.29117e-07
5.6767e-07
5.9055e-07
6.01066e-07
5.80898e-07
5.36424e-07
4.77678e-07
4.14821e-07
3.62315e-07
3.21049e-07
2.87823e-07
2.60361e-07
2.36102e-07
2.14424e-07
1.96142e-07
1.8085e-07
1.67473e-07
1.60126e-07
1.58018e-07
1.48874e-07
1.26686e-07
5.96278e-08
0
1.2273e-07
0
0
0
0
0
0
0
0
0
0
0
0
0
0
2.91517e-07
5.61355e-07
4.00276e-07
0
0
0
2.0391e-07
7.10193e-07
6.22664e-07
2.55138e-07
0
0
0
1.3897e-07
1.74247e-07
6.11834e-08
0
0
0
0
0
9.1252e-07
6.39715e-06
3.9379e-06
0
0
0
9.25329e-06
0
0
0
0
0
0
2.80188e-06
4.47989e-05
2.77763e-05
1.21928e-05
5.17219e-06
1.04794e-06
0
0
0
0
0
0
0
0
0
0
0
0
0
0
0
0
0
0
0
0
0
0
0
0
0
0
0
0
0
0
0
0
0
0
0
0
0
0
0
0
0
3.86414e-07
0
0
0
0
0
9.41224e-08
1.57987e-07
1.63332e-07
9.77624e-08
0
0
0
0
0
0
0
0
0
0
0
0
1.99123e-08
2.93711e-08
3.22055e-08
3.40756e-08
3.92929e-08
4.92913e-08
6.11129e-08
6.73075e-08
6.06033e-08
3.93887e-08
7.56166e-09
0
0
0
0
0
5.47707e-08
1.10585e-07
1.51907e-07
1.74528e-07
1.79843e-07
1.71038e-07
1.48189e-07
1.12415e-07
8.27466e-08
6.6321e-08
6.46397e-08
7.7495e-08
1.02668e-07
1.42771e-07
1.92815e-07
2.33649e-07
2.59845e-07
2.71221e-07
2.72619e-07
2.68568e-07
2.6242e-07
2.56806e-07
2.54111e-07
2.60742e-07
2.65102e-07
2.63295e-07
2.58081e-07
2.43644e-07
2.11874e-07
1.70114e-07
1.41162e-07
1.4194e-07
1.64658e-07
1.84175e-07
1.86176e-07
1.76628e-07
1.68075e-07
1.64781e-07
1.61247e-07
1.5203e-07
1.41839e-07
1.2968e-07
1.17379e-07
1.14134e-07
1.27175e-07
1.4405e-07
1.67484e-07
1.08699e-07
0
0
0
0
0
0
0
5.7329e-08
8.33533e-11
0
0
0
0
0
0
0
0
0
0
2.81622e-06
3.67935e-06
3.0035e-06
1.95025e-06
1.19127e-06
8.72645e-07
8.71438e-07
9.13075e-07
8.10252e-07
4.86496e-07
2.1132e-07
1.93603e-07
0
0
0
6.14615e-07
5.47973e-06
0
0
0
0
1.88594e-05
8.75344e-06
0
0
0
0
0
0
1.44506e-05
2.23923e-05
8.88053e-06
1.89837e-06
0
0
0
0
0
0
0
0
0
0
0
0
0
0
0
0
0
0
0
0
0
0
0
0
0
0
0
0
0
0
0
0
0
0
0
0
0
0
0
0
0
0
0
2.08133e-07
3.93176e-07
5.9834e-07
7.96983e-07
9.64303e-07
1.08664e-06
1.13757e-06
1.07819e-06
9.54912e-07
7.50715e-07
4.20032e-07
0
0
0
0
0
0
0
1.52637e-08
7.669e-08
7.56315e-08
3.94487e-08
0
0
0
0
0
0
0
0
0
8.82877e-09
2.21017e-08
3.62696e-08
4.83352e-08
5.00144e-08
4.16962e-08
3.38567e-08
3.70704e-08
5.65605e-08
8.51054e-08
1.07712e-07
1.11341e-07
9.11166e-08
4.98943e-08
4.79923e-09
0
0
0
0
2.65891e-09
3.52174e-08
6.92418e-08
9.72613e-08
1.14162e-07
1.20606e-07
1.20633e-07
1.18783e-07
1.17762e-07
1.17619e-07
1.17661e-07
1.1607e-07
1.12816e-07
1.09461e-07
1.00541e-07
7.88508e-08
4.95757e-08
3.36198e-08
6.09296e-08
1.18369e-07
1.40768e-07
1.22419e-07
9.02685e-08
6.34658e-08
4.67203e-08
3.38894e-08
2.87585e-08
3.23547e-08
3.12728e-08
1.98277e-08
0
0
0
1.46137e-07
6.75947e-07
1.01266e-06
8.59367e-07
7.19355e-07
5.07892e-07
3.85739e-07
4.32021e-07
5.00391e-07
4.5549e-07
2.98465e-07
1.60453e-08
0
0
0
0
0
0
0
0
0
0
1.18925e-06
2.46094e-06
2.05617e-06
1.54654e-06
1.31702e-06
1.36671e-06
1.57834e-06
1.53856e-06
1.10875e-06
7.26896e-07
4.98745e-07
0
0
0
1.74044e-07
6.0634e-06
0
0
0
5.53227e-06
3.18228e-05
1.96718e-05
6.35607e-06
3.99012e-07
0
0
0
0
0
1.81483e-05
5.77391e-06
0
0
0
0
0
0
0
0
0
0
0
0
0
0
0
0
0
0
0
0
0
0
0
0
0
0
0
0
0
0
0
0
0
0
0
0
0
0
0
0
0
0
0
0
5.73239e-07
8.88383e-07
1.17565e-06
1.43727e-06
1.51244e-06
1.39952e-06
1.17612e-06
9.16722e-07
6.56821e-07
4.10574e-07
2.31396e-07
1.51093e-07
1.75497e-07
2.7301e-07
3.58043e-07
3.45607e-07
2.38854e-07
1.10908e-07
3.10251e-08
3.08178e-08
8.43466e-08
1.26993e-07
1.19408e-07
6.4445e-08
0
0
0
0
0
0
0
0
0
2.01128e-08
6.46999e-08
9.59942e-08
7.38142e-08
1.21128e-08
0
0
0
4.89792e-09
2.94043e-08
2.48345e-08
0
0
0
0
0
0
0
1.12126e-09
1.28941e-08
2.02882e-08
2.43396e-08
2.6564e-08
2.90513e-08
3.41223e-08
4.23947e-08
5.45677e-08
6.8368e-08
7.62412e-08
7.47704e-08
6.49645e-08
4.1908e-08
9.74357e-09
0
0
5.26299e-08
1.30759e-07
1.20141e-07
9.13207e-08
6.49292e-08
4.48054e-08
2.12624e-08
0
0
0
0
0
0
0
0
0
0
0
0
0
9.90943e-07
1.82725e-06
2.0645e-06
1.81509e-06
1.26603e-06
7.35652e-07
3.00383e-07
0
3.09643e-08
4.87433e-07
6.78696e-07
7.21405e-07
0
0
0
0
0
0
1.77925e-07
2.05842e-07
6.84333e-08
2.73513e-07
7.8346e-07
1.41496e-06
1.6142e-06
1.36127e-06
1.15184e-06
1.2567e-06
1.15588e-06
1.35636e-07
0
0
1.00307e-05
0
0
0
8.39875e-06
3.82528e-05
3.02913e-05
9.04641e-06
4.2338e-06
4.96837e-06
1.4243e-06
0
0
0
1.49595e-05
2.81928e-06
0
0
0
0
0
0
0
0
0
0
0
0
0
0
0
0
0
0
0
0
0
0
0
0
0
0
0
0
0
0
0
0
0
0
0
0
0
0
0
0
0
0
9.18639e-08
9.1642e-07
2.16501e-07
2.60498e-07
3.5541e-07
4.86052e-07
6.13211e-07
6.75811e-07
6.41112e-07
5.18576e-07
3.62801e-07
2.85986e-07
3.98892e-07
6.23249e-07
7.88197e-07
8.27823e-07
7.52592e-07
5.95111e-07
3.78165e-07
1.85578e-07
6.52728e-08
2.87538e-08
1.02309e-07
3.11051e-07
5.07559e-07
4.10809e-07
1.85763e-07
3.74225e-08
0
0
0
0
0
0
0
0
0
0
0
0
0
0
0
0
0
0
0
0
0
0
1.3548e-08
2.74724e-08
3.62485e-08
3.94565e-08
3.82789e-08
3.41143e-08
2.86481e-08
2.32301e-08
1.92558e-08
1.88708e-08
2.20694e-08
3.15661e-08
4.79215e-08
6.17022e-08
7.24379e-08
6.41211e-08
8.97517e-09
0
0
0
0
1.56202e-07
6.88154e-08
3.39095e-08
2.70691e-08
4.44088e-08
0
0
0
0
0
0
0
0
0
0
0
0
0
0
0
0
1.41518e-06
1.99891e-06
1.85246e-06
1.43019e-06
7.45087e-07
5.88718e-07
1.68393e-06
2.69697e-06
4.82785e-06
4.81623e-06
6.4015e-07
0
0
0
0
0
6.00941e-08
0
0
0
1.72518e-08
5.55686e-07
6.39595e-07
3.77541e-07
2.20778e-07
5.06168e-07
1.19731e-06
2.70628e-06
0
0
9.59544e-06
1.27742e-05
0
0
8.55139e-06
3.50427e-05
3.44254e-05
9.22492e-06
5.92542e-06
7.46547e-06
7.36958e-06
2.92244e-06
0
0
1.1303e-05
0
0
0
0
0
0
0
0
0
0
0
0
0
0
0
0
0
0
0
0
0
0
0
0
0
0
0
0
0
0
0
0
0
0
0
0
0
0
0
0
0
0
0
6.05868e-07
1.4278e-06
1.84354e-07
3.68688e-08
0
2.22854e-09
6.62687e-08
1.70686e-07
2.60097e-07
3.35716e-07
4.91763e-07
6.70843e-07
8.52269e-07
1.02058e-06
1.1614e-06
1.26458e-06
1.31676e-06
1.22443e-06
9.44905e-07
6.52713e-07
4.59976e-07
4.09974e-07
4.50354e-07
4.87331e-07
4.45817e-07
3.27478e-07
1.87408e-07
6.71848e-08
0
0
0
0
2.67584e-08
5.77406e-08
7.24061e-08
6.1543e-08
4.02629e-08
3.56419e-08
8.98035e-09
0
0
0
0
0
0
0
0
0
0
0
0
0
2.46565e-09
4.80746e-09
2.70367e-09
0
0
0
0
0
0
0
0
8.33605e-09
5.12299e-08
7.8295e-08
3.64719e-08
0
0
1.55411e-08
2.28781e-07
2.10937e-07
1.33007e-07
0
0
0
0
0
2.21114e-08
1.62453e-07
0
0
0
0
0
0
0
0
0
0
0
0
0
1.42572e-06
2.65591e-06
2.62003e-06
6.16943e-07
1.11697e-06
3.97188e-06
6.17701e-06
7.60596e-06
6.79634e-06
2.20031e-06
0
0
0
0
1.93627e-06
8.98558e-07
0
0
0
0
0
0
0
0
0
0
0
0
0
2.54785e-06
7.23383e-06
0
0
8.96833e-06
2.76932e-05
3.4015e-05
1.06191e-05
5.8743e-06
6.79712e-06
9.25634e-06
7.38997e-06
3.52114e-06
0
4.27465e-06
0
0
0
0
0
0
0
0
0
0
0
0
0
0
0
0
0
0
0
0
0
0
0
0
0
0
0
0
0
0
0
0
0
0
0
0
0
0
4.55418e-08
1.03588e-07
8.68427e-08
6.00088e-09
0
6.65735e-07
1.61087e-06
2.88078e-07
2.53802e-07
2.06744e-07
2.55354e-07
3.61879e-07
4.84802e-07
6.46999e-07
7.5957e-07
8.60956e-07
9.9498e-07
1.15146e-06
1.30401e-06
1.41413e-06
1.33706e-06
1.05207e-06
6.7584e-07
3.28826e-07
1.10191e-07
1.81148e-08
8.87964e-09
4.53154e-08
9.357e-08
1.23655e-07
1.18447e-07
8.53384e-08
4.58465e-08
3.00577e-08
5.29645e-08
9.36512e-08
1.09972e-07
9.01397e-08
5.51678e-08
2.73588e-08
5.01987e-09
0
0
0
0
0
0
0
0
0
0
0
0
0
0
0
0
0
0
0
0
0
0
0
0
0
0
0
0
0
0
0
0
0
0
0
0
9.6896e-08
6.5047e-08
2.83812e-07
5.52149e-07
1.21641e-07
1.47144e-07
1.5485e-06
2.34812e-06
6.21547e-07
6.92831e-07
8.0988e-07
0
0
8.57679e-07
1.75343e-06
0
0
0
0
0
0
8.57495e-07
2.99667e-06
3.19645e-06
0
0
5.66178e-06
4.70545e-06
5.70801e-06
8.02426e-06
2.97619e-06
0
0
0
2.42038e-06
3.50164e-06
1.3342e-06
0
0
0
0
0
0
0
0
0
0
0
0
0
0
1.3296e-06
6.80901e-06
0
1.01315e-05
2.33321e-05
3.29087e-05
1.29464e-05
5.39379e-06
5.15751e-06
7.90928e-06
8.54569e-06
7.7627e-06
3.77356e-06
0
0
0
0
0
0
0
0
0
0
0
0
0
0
0
0
0
0
0
0
0
0
0
0
0
0
0
0
0
5.3076e-09
1.00068e-08
1.55846e-08
3.37786e-08
3.24926e-08
3.54513e-09
4.25701e-08
1.15878e-07
5.40916e-08
0
0
7.55697e-08
4.59506e-08
0
0
5.93085e-07
1.39762e-06
0
0
1.23575e-09
3.622e-09
6.10037e-09
7.98288e-09
8.5958e-09
7.57483e-09
5.10848e-09
1.90693e-09
0
0
0
0
0
0
0
0
0
0
0
3.68018e-10
1.75001e-09
2.55428e-09
2.52439e-09
1.80512e-09
6.65631e-10
0
0
0
0
0
0
0
0
0
0
0
0
0
4.5374e-10
8.01477e-10
7.13488e-10
3.27316e-10
0
0
0
0
0
0
0
0
0
2.99115e-10
1.18538e-09
0
4.94737e-09
0
0
9.5401e-09
0
0
6.39105e-08
0
0
0
0
0
0
0
0
0
1.03435e-06
1.98955e-06
7.30905e-07
4.79039e-07
5.53139e-06
1.00549e-05
5.38231e-06
5.85166e-06
6.59385e-06
3.33141e-06
2.46657e-06
4.39251e-06
5.39145e-06
2.06195e-06
0
0
0
0
2.15938e-07
1.14189e-06
3.36461e-06
6.09033e-06
0
0
6.15611e-07
1.85633e-06
1.19708e-05
2.24875e-05
1.12707e-05
9.7341e-08
0
0
3.09964e-06
3.40731e-06
7.93907e-07
0
0
0
0
0
0
0
0
0
0
0
0
0
0
0
0
0
9.32915e-07
1.4206e-05
3.13255e-05
1.51839e-05
8.49263e-06
4.42521e-06
3.84909e-06
4.44358e-06
3.33612e-06
1.22975e-06
0
0
0
0
0
0
0
0
0
0
0
0
0
0
0
0
0
0
0
0
0
0
0
0
0
2.74127e-09
6.19268e-09
1.44091e-08
2.08429e-08
1.6112e-08
1.01657e-08
3.01067e-08
5.56845e-08
2.62261e-08
0
4.5821e-08
1.44222e-07
9.80359e-08
0
0
0
0
0
0
3.93598e-07
1.01989e-06
0
0
2.89144e-10
7.49438e-10
1.14462e-09
1.36854e-09
1.31837e-09
9.20738e-10
1.92373e-10
0
0
0
0
0
0
0
0
0
0
0
0
5.33383e-11
1.78966e-10
2.50568e-11
0
0
0
0
0
0
0
0
0
0
0
0
0
0
0
0
3.4014e-10
5.68929e-10
5.87251e-10
4.4125e-10
2.14784e-10
0
0
0
0
0
1.78201e-10
5.17652e-10
6.21202e-10
1.19531e-09
1.23526e-09
8.9027e-10
2.15771e-09
3.22991e-10
7.21642e-10
3.93633e-09
0
2.08889e-08
3.79029e-07
7.64032e-08
0
0
0
0
0
0
0
0
1.9726e-06
5.64172e-06
2.7534e-06
0
1.01344e-05
2.34424e-05
1.32545e-05
1.15623e-05
1.28727e-05
8.0628e-06
6.21468e-06
1.14935e-05
1.57697e-05
8.56185e-06
4.60581e-07
0
0
0
0
0
1.47409e-07
5.7037e-07
0
0
0
0
4.15003e-05
4.84083e-05
2.24496e-05
8.51922e-06
3.23113e-06
1.08248e-06
0
0
0
0
0
0
0
0
0
0
0
0
1.11243e-07
0
0
0
0
0
0
5.76462e-07
7.20684e-07
0
2.23525e-05
2.23616e-05
2.20487e-05
7.07583e-06
1.47143e-06
1.44626e-07
0
0
0
0
0
0
0
0
0
0
0
0
0
0
0
0
0
0
0
0
0
0
0
0
0
5.7916e-09
1.00937e-08
9.72537e-09
9.83687e-09
1.45673e-08
1.69902e-08
1.13989e-08
9.81826e-09
2.4271e-08
3.1478e-08
9.0303e-09
0
3.29829e-08
6.47403e-08
1.51001e-08
0
0
0
0
0
0
2.64014e-07
6.30284e-07
0
0
1.29081e-10
2.0294e-10
2.11418e-10
1.52095e-10
2.71403e-11
0
0
0
0
0
0
0
0
0
0
0
0
0
0
0
5.56375e-11
0
0
0
0
0
0
0
0
0
0
0
0
0
0
0
0
2.51191e-10
5.0803e-10
6.8049e-10
7.38089e-10
6.99141e-10
6.19918e-10
5.06079e-10
3.91755e-10
3.64869e-10
4.50121e-10
5.93791e-10
9.02702e-10
1.20508e-09
1.3109e-09
1.71945e-09
1.54972e-09
1.31565e-09
2.08505e-09
2.81769e-10
1.23209e-09
2.36716e-09
0
7.38052e-08
1.18179e-06
1.19959e-06
0
0
0
0
0
0
0
0
2.48704e-06
1.4229e-05
3.52718e-06
0
3.00186e-06
2.13518e-05
2.54165e-05
3.50292e-05
5.92463e-05
5.63393e-05
2.235e-05
1.10314e-05
9.61073e-06
3.63058e-06
1.26882e-06
2.22178e-07
0
0
0
0
0
0
0
0
0
0
2.66873e-05
6.60944e-05
2.07641e-05
2.2996e-06
5.23686e-07
1.66143e-07
0
0
0
0
0
0
0
0
0
0
0
8.21923e-08
2.47343e-08
0
0
0
0
0
0
4.09963e-07
1.31498e-06
0
3.25367e-06
1.59712e-05
4.55607e-05
1.8007e-05
8.84361e-07
0
0
0
0
0
9.20199e-10
1.18258e-09
0
0
0
0
0
0
0
0
0
0
0
0
0
0
0
0
0
7.89275e-10
3.89134e-09
7.12795e-09
8.55718e-09
7.39822e-09
7.23314e-09
9.44658e-09
8.82546e-09
5.01071e-09
6.70438e-09
1.32521e-08
9.37208e-09
0
0
1.47932e-08
4.57237e-09
0
0
0
0
0
0
0
1.78181e-07
1.73943e-07
0
4.59291e-11
4.66605e-11
0
0
0
0
0
0
0
0
0
0
0
0
0
0
0
0
0
0
0
0
0
0
0
0
0
0
0
0
0
0
0
0
0
0
7.48466e-11
3.79852e-10
1.05917e-09
1.84028e-09
2.50205e-09
2.91967e-09
3.04685e-09
2.97083e-09
2.80771e-09
2.64134e-09
2.64862e-09
2.82567e-09
3.04539e-09
3.50188e-09
3.79548e-09
3.68647e-09
4.04193e-09
3.29383e-09
2.69658e-09
3.42399e-09
2.19999e-10
1.61367e-09
1.24693e-09
0
1.92718e-07
2.65882e-06
4.01831e-06
5.87746e-07
6.17203e-07
3.18294e-06
2.03724e-06
0
0
0
0
0
7.81693e-06
0
0
0
4.13236e-06
1.93465e-05
3.89169e-05
6.41955e-05
0.000100837
3.31541e-05
1.47817e-06
2.09237e-06
1.63449e-06
8.67772e-07
4.66405e-07
3.18048e-07
0
0
1.46267e-07
7.64348e-07
9.73104e-07
0
0
0
0
5.90271e-06
4.00149e-05
1.38824e-05
8.88502e-07
1.08381e-07
2.89449e-08
0
0
0
0
0
0
0
0
0
0
3.5888e-08
2.2291e-08
0
0
0
2.65416e-08
3.42958e-08
2.86149e-09
1.04442e-07
3.56778e-07
1.20776e-06
0
1.60556e-06
5.36212e-06
3.48621e-05
2.34885e-05
4.09469e-07
0
0
0
0
0
2.51e-09
6.9648e-09
6.64982e-09
0
0
0
0
0
0
0
5.57737e-09
2.93417e-08
1.91329e-08
8.41459e-09
1.37648e-09
0
0
0
0
1.18694e-09
2.5615e-09
3.82376e-09
4.07579e-09
3.29222e-09
3.20097e-09
3.8778e-09
2.89452e-09
1.27324e-09
2.78009e-09
4.58772e-09
5.77298e-10
0
4.86532e-10
3.8793e-09
0
0
0
0
0
6.83003e-09
0
0
1.07686e-07
6.53046e-08
0
0
0
0
0
0
0
0
0
0
0
0
0
1.16576e-07
2.11442e-07
8.9827e-08
0
2.73137e-08
0
0
0
3.3284e-06
3.66758e-05
0
0
0
0
0
0
0
0
0
0
0
0
0
0
0
0
5.83016e-08
1.23722e-08
0
0
0
0
0
4.52657e-06
3.05911e-05
0
0
1.25963e-06
2.3775e-08
0
0
0
0
0
0
0
0
0
0
0
0
0
0
0
0
0
0
0
7.81527e-06
1.46151e-05
0
0
1.37402e-05
1.09156e-05
5.91087e-06
0
0
0
0
0
0
0
0
0
0
0
0
0
0
0
0
0
0
1.20109e-05
9.96935e-06
0
0
1.84696e-05
1.29156e-05
4.08667e-06
0
0
0
0
0
0
0
0
0
0
0
0
0
0
0
1.71443e-06
2.33303e-06
0
1.85494e-05
1.06615e-05
2.51367e-07
1.15278e-05
1.87939e-05
8.59905e-06
0
1.09664e-05
0
0
0
0
0
0
0
0
0
0
0
0
0
0
0
0
0
2.57975e-05
1.34095e-05
0
0.00021647
1.05505e-05
0
0
5.59767e-05
1.6288e-05
0
0
0
0
0
0
0
0
0
0
0
0
0
0
0
0
3.11471e-05
1.48348e-05
0
0.000404493
0
0
2.81276e-06
5.71409e-05
3.49854e-05
7.43174e-06
0
0
0
0
0
0
0
0
0
0
0
0
0
0
0
3.35422e-05
1.1731e-05
0
0.000479797
0
0
1.23899e-05
4.01941e-05
3.70543e-05
1.94497e-05
0
0
0
0
0
0
0
0
0
0
0
0
0
0
0
3.29643e-05
4.01393e-06
0
0.000317954
0
0
1.2684e-05
3.05917e-05
3.40989e-05
2.5269e-05
7.8842e-06
0
0
0
0
0
0
0
0
0
0
2.51315e-06
0
0
0
3.23295e-05
0
0
0
0
7.35489e-07
1.27428e-05
2.64653e-05
3.23742e-05
2.82043e-05
1.44395e-05
0
0
0
0
0
0
0
0
0
0
3.61904e-06
0
0
0
3.16792e-05
0
0
0
0
5.07099e-06
1.32605e-05
2.52269e-05
3.24777e-05
3.03075e-05
1.86978e-05
1.27539e-06
0
0
0
0
0
0
0
0
0
2.84818e-06
2.45142e-06
0
0
3.00489e-05
2.09502e-06
0
0
0
6.14474e-06
1.37108e-05
2.58437e-05
3.43559e-05
3.25972e-05
2.17301e-05
5.20736e-06
0
0
0
0
0
0
0
0
0
2.71754e-06
1.24445e-05
1.07264e-06
0
2.73166e-05
1.19414e-05
0
0
0
4.95596e-06
1.36933e-05
2.7206e-05
3.68887e-05
3.51492e-05
2.41346e-05
8.15846e-06
0
0
0
0
0
0
0
0
0
3.41354e-06
3.07597e-05
6.07016e-06
0
2.35372e-05
2.39125e-05
0
0
0
3.20292e-06
1.29745e-05
2.81349e-05
3.88461e-05
3.70893e-05
2.59553e-05
1.03287e-05
0
0
0
0
0
0
0
0
0
4.03951e-06
5.45552e-05
1.34661e-05
0
1.92657e-05
3.54644e-05
0
0
0
2.19297e-06
1.21943e-05
2.84751e-05
3.99205e-05
3.83772e-05
2.72724e-05
1.1883e-05
0
0
0
0
0
0
5.74964e-07
0
0
5.01977e-06
7.89615e-05
2.34556e-05
0
1.55161e-05
4.50838e-05
0
0
0
2.37483e-06
1.23356e-05
2.8973e-05
4.04708e-05
3.90503e-05
2.8068e-05
1.29104e-05
0
0
0
0
0
0
1.37871e-06
0
0
7.60108e-06
0.000107363
3.54117e-05
0
1.31304e-05
5.41501e-05
0
0
0
3.81731e-06
1.41151e-05
3.06831e-05
4.13441e-05
3.93543e-05
2.82945e-05
1.34505e-05
1.12883e-06
0
0
0
0
0
1.80995e-06
2.94046e-07
0
1.35268e-05
0.000145545
4.88904e-05
0
1.25907e-05
6.46871e-05
0
0
0
6.46349e-06
1.7886e-05
3.44479e-05
4.33052e-05
3.96447e-05
2.79828e-05
1.34954e-05
3.30998e-06
0
0
0
0
0
1.92171e-06
1.74558e-06
0
2.4516e-05
0.000170117
6.23952e-05
0
1.42548e-05
7.77997e-05
0
0
1.45066e-06
1.02349e-05
2.3764e-05
4.07146e-05
4.6538e-05
3.96044e-05
2.65906e-05
1.28395e-05
5.88622e-06
2.74419e-06
0
0
0
0
1.74703e-06
3.47894e-06
0
3.98275e-05
0.00014322
7.09871e-05
0
1.83666e-05
9.49645e-05
0
0
5.02873e-06
1.53738e-05
3.17671e-05
4.9636e-05
5.0755e-05
3.82906e-05
2.31466e-05
1.11534e-05
9.18776e-06
7.4813e-06
2.58779e-06
0
0
0
1.33206e-06
5.42577e-06
1.39253e-06
5.4723e-05
0.000100822
6.72431e-05
3.32739e-06
2.50616e-05
0.000118226
6.59129e-05
0
1.15571e-05
2.29086e-05
4.24655e-05
6.18312e-05
5.52865e-05
3.34125e-05
1.55742e-05
8.03967e-06
1.34023e-05
1.20942e-05
5.42676e-06
8.85244e-09
0
0
7.67237e-07
7.58792e-06
3.91464e-06
6.41017e-05
7.16811e-05
5.15975e-05
1.22439e-05
3.46288e-05
0.000146304
9.87065e-05
0
2.50913e-05
3.61918e-05
5.90454e-05
8.00259e-05
5.80474e-05
1.81795e-05
0
3.67148e-06
1.83046e-05
1.58627e-05
7.29135e-06
2.48242e-07
0
0
2.25125e-07
9.87376e-06
6.35366e-06
6.62005e-05
5.42337e-05
3.30024e-05
2.51569e-05
4.75767e-05
0.000168827
0.000105922
0
5.46826e-05
6.48031e-05
9.26187e-05
0.000113451
4.61133e-05
0
0
6.43132e-07
2.27641e-05
1.81445e-05
8.03049e-06
0
0
0
1.12196e-08
1.20887e-05
8.44845e-06
6.15115e-05
4.27216e-05
1.78357e-05
4.39168e-05
6.4103e-05
0.00016876
0.000102534
0
0.000106993
0.00013292
0.000175668
0.000177846
0
0
0
3.33855e-06
2.5275e-05
1.88863e-05
7.76622e-06
0
0
0
4.67858e-07
1.42156e-05
1.01831e-05
5.1528e-05
3.4244e-05
7.43437e-06
6.99155e-05
8.41349e-05
0.000149228
9.72222e-05
0
0.000108166
0.000157988
0.000156515
2.24471e-05
0
0
0
1.04705e-05
2.52523e-05
1.87977e-05
6.61322e-06
0
0
0
1.74046e-06
1.61202e-05
1.2134e-05
3.93579e-05
2.78845e-05
1.29963e-06
0.00010043
0.000107168
0.000123427
9.22345e-05
0
4.09752e-05
4.49835e-05
2.23193e-05
0
0
0
0
1.5931e-05
2.32481e-05
1.88409e-05
3.78795e-06
0
0
0
3.59618e-06
1.71388e-05
1.54636e-05
2.79947e-05
2.29824e-05
0
0.000112003
0.00013102
0.000100172
8.79211e-05
3.08657e-06
8.58605e-06
1.01998e-05
2.7486e-06
0
0
0
3.71487e-06
1.95032e-05
2.27378e-05
2.13581e-05
0
0
0
1.30046e-06
5.90895e-06
1.7809e-05
2.06193e-05
2.10498e-05
2.02279e-05
0
8.9262e-05
0.000170895
9.16666e-05
9.39127e-05
9.18017e-06
0
4.05222e-07
1.06832e-07
9.52438e-07
3.43613e-06
4.71816e-06
1.22399e-05
2.02244e-05
2.11316e-05
2.22134e-05
0
0
0
2.92897e-06
7.97281e-06
1.74075e-05
2.18651e-05
1.40702e-05
1.56411e-05
1.70323e-06
4.34652e-05
0.000200585
8.12001e-05
9.46178e-05
1.08081e-05
0
0
0
3.18744e-06
5.71678e-06
8.52994e-06
1.5811e-05
2.00691e-05
2.04948e-05
1.79851e-05
0
0
0
4.28495e-06
1.01251e-05
1.76467e-05
2.16867e-05
9.36533e-06
1.15664e-05
3.37654e-06
6.66907e-06
0.000219374
7.00167e-05
9.34288e-05
1.143e-05
0
0
0
2.53191e-06
5.09525e-06
1.03445e-05
1.6955e-05
1.97004e-05
1.98538e-05
2.51021e-06
0
0
0
5.00902e-06
1.21092e-05
1.89239e-05
2.12914e-05
6.88621e-06
8.61555e-06
4.41258e-06
0
0.000158392
5.72682e-05
9.03109e-05
1.30667e-05
0
0
0
1.28204e-07
4.22106e-06
1.16849e-05
1.69699e-05
1.83832e-05
1.57466e-05
0
0
0
0
4.43166e-06
1.35107e-05
2.01476e-05
2.09315e-05
6.30941e-06
6.70532e-06
4.52017e-06
0
5.19082e-05
4.19263e-05
8.30695e-05
1.55815e-05
0
0
0
0
4.83796e-06
1.23343e-05
1.54008e-05
1.44771e-05
6.09897e-06
0
0
0
0
7.6011e-07
1.34937e-05
2.11844e-05
2.05861e-05
7.13769e-06
5.62689e-06
3.76768e-06
0
9.57939e-06
2.15415e-05
7.02307e-05
1.85842e-05
0
0
0
0
5.61975e-06
1.06934e-05
1.19891e-05
9.06308e-06
0
0
6.71724e-07
7.96845e-06
0
0
1.01391e-05
2.15006e-05
1.98575e-05
7.70145e-06
5.23048e-06
2.66452e-06
0
2.82503e-06
9.16148e-06
5.85129e-05
2.30098e-05
0
0
0
0
4.62428e-06
8.3426e-06
8.26509e-06
3.84088e-06
0
0
1.23108e-05
3.48229e-05
0
0
4.05711e-07
2.00058e-05
1.82092e-05
6.85085e-06
5.06189e-06
1.466e-06
0
1.08134e-06
5.8821e-06
5.45126e-05
3.1573e-05
0
0
0
0
3.40146e-06
5.71708e-06
4.47583e-06
9.49406e-07
0
0
2.0928e-05
8.35526e-05
0
0
0
1.59674e-05
1.52555e-05
4.61008e-06
4.54238e-06
2.94235e-07
0
0
3.74771e-06
6.13596e-05
4.37328e-05
0
0
0
0
2.53585e-06
3.4084e-06
2.26604e-06
1.40421e-07
0
1.12307e-06
1.51279e-05
4.70718e-05
0
0
0
1.01749e-05
1.04696e-05
1.40212e-06
3.43823e-06
0
0
0
1.19783e-06
6.96921e-05
5.36477e-05
0
0
0
1.63557e-07
1.96888e-06
2.03298e-06
1.26539e-06
2.10716e-07
1.21612e-06
4.06848e-06
6.33177e-06
1.7666e-06
0
0
0
4.96292e-06
4.63036e-06
0
2.01079e-06
0
0
0
2.39362e-06
6.09993e-05
5.81937e-05
0
0
0
5.3266e-07
1.39914e-06
1.25306e-06
8.5285e-07
7.7501e-07
4.42088e-06
7.04608e-06
6.73169e-07
0
0
0
0
1.5573e-06
0
0
4.16823e-07
0
4.75605e-06
5.43879e-07
6.64578e-06
4.48031e-05
5.64596e-05
0
0
0
6.05029e-07
9.63699e-07
8.72321e-07
7.55949e-07
1.91379e-06
8.62077e-06
1.02325e-05
0
0
0
0
8.44375e-07
0
0
0
0
0
1.334e-05
5.79473e-06
9.26329e-06
3.29764e-05
4.9888e-05
0
0
0
5.95405e-07
7.29367e-07
6.88829e-07
9.60503e-07
3.75162e-06
1.33629e-05
1.38134e-05
0
0
0
3.66103e-06
6.7022e-06
0
0
0
0
0
3.85793e-06
1.32451e-05
7.72232e-06
2.3208e-05
3.96677e-05
0
0
0
5.93606e-07
6.28677e-07
6.70277e-07
1.47971e-06
6.3882e-06
1.82358e-05
1.80176e-05
0
0
0
9.4772e-06
1.0465e-05
0
0
0
0
0
0
7.45517e-06
1.97842e-06
1.09904e-05
2.55332e-05
0
0
0
7.37964e-07
6.99186e-07
8.16081e-07
2.27097e-06
9.28296e-06
2.18754e-05
2.20703e-05
3.35976e-06
0
0
1.39717e-05
1.20616e-05
0
0
0
0
0
0
0
0
0
6.25267e-06
0
0
0
1.31577e-06
1.0668e-06
1.13611e-06
3.40269e-06
1.22043e-05
2.45047e-05
2.57643e-05
9.00539e-06
0
0
1.83336e-05
1.17762e-05
0
0
0
0
0
0
0
0
0
0
0
0
0
2.48347e-06
1.88516e-06
1.70892e-06
4.83397e-06
1.46622e-05
2.59706e-05
2.81883e-05
1.49127e-05
0
0
2.28383e-05
9.36467e-06
0
0
0
0
0
0
0
0
0
0
0
0
0
4.27928e-06
3.24437e-06
2.66559e-06
6.43484e-06
1.64913e-05
2.6479e-05
2.93159e-05
1.94097e-05
0
0
2.7126e-05
4.91069e-06
0
0
0
0
0
0
0
0
0
0
0
0
0
4.37069e-06
4.30117e-06
3.89055e-06
7.95922e-06
1.77681e-05
2.65135e-05
2.93965e-05
2.16006e-05
2.34086e-06
0
3.01879e-05
0
0
0
0
0
0
0
0
0
0
0
0
0
6.97792e-07
1.34566e-06
2.65411e-06
3.86643e-06
8.86148e-06
1.85833e-05
2.63734e-05
2.89051e-05
2.17805e-05
8.95385e-06
0
2.88014e-05
0
0
0
0
0
0
0
0
0
0
0
0
0
2.65815e-07
5.65744e-07
9.03253e-07
1.9442e-06
8.17916e-06
1.88603e-05
2.61582e-05
2.8176e-05
2.10105e-05
1.25426e-05
0
2.11728e-05
0
0
0
0
0
0
0
0
0
0
0
0
0
1.35153e-07
5.54303e-07
2.96432e-07
4.15627e-07
5.55018e-06
1.84723e-05
2.56753e-05
2.7023e-05
2.03318e-05
1.36567e-05
0
9.17603e-06
0
0
0
0
0
0
0
1.53187e-07
0
0
0
3.03956e-07
0
2.32831e-07
6.61391e-07
1.02176e-07
0
2.25014e-06
1.72448e-05
2.47501e-05
2.52584e-05
1.94896e-05
1.35659e-05
5.08574e-06
0
0
0
0
0
0
0
0
4.01415e-07
0
0
0
4.16118e-07
0
3.54847e-07
7.04956e-07
0
0
0
1.42389e-05
2.31692e-05
2.29308e-05
1.79612e-05
1.30838e-05
9.16798e-06
0
0
0
0
0
0
0
0
2.03097e-07
0
0
0
2.78005e-07
0
2.86288e-07
6.07055e-07
0
0
0
3.63022e-06
1.63323e-05
1.92349e-05
1.61263e-05
1.19319e-05
9.67511e-06
0
0
0
0
0
0
0
0
0
0
0
0
0
0
1.10125e-07
4.4551e-07
0
0
0
0
1.03015e-06
7.93805e-06
1.28904e-05
1.04569e-05
9.76316e-06
0
0
0
0
0
1.24009e-08
0
0
0
0
0
0
0
0
9.83162e-08
4.81197e-07
1.61659e-07
0
0
0
0
1.75663e-07
1.965e-06
9.01085e-06
7.52767e-07
0
0
0
0
0
7.26833e-08
0
0
1.44503e-08
0
0
0
0
0
4.0153e-07
8.12459e-07
3.4062e-07
3.54327e-08
0
0
0
0
2.30461e-07
4.14153e-06
0
0
0
0
0
0
8.12848e-08
0
0
3.34892e-08
7.78703e-09
0
0
0
9.1865e-08
1.09151e-06
9.94221e-07
3.17912e-07
3.29092e-08
0
0
0
0
8.11729e-08
8.77961e-07
0
0
0
0
0
2.57518e-08
5.29516e-08
0
0
2.22609e-08
1.54401e-08
0
0
)
;

boundaryField
{
    inlet
    {
        type            zeroGradient;
    }
    outlet
    {
        type            zeroGradient;
    }
    upperWall
    {
        type            zeroGradient;
    }
    lowerWall
    {
        type            zeroGradient;
    }
    frontAndBack
    {
        type            empty;
    }
}


// ************************************************************************* //
