/*--------------------------------*- C++ -*----------------------------------*\
  =========                 |
  \\      /  F ield         | OpenFOAM: The Open Source CFD Toolbox
   \\    /   O peration     | Website:  https://openfoam.org
    \\  /    A nd           | Version:  6
     \\/     M anipulation  |
\*---------------------------------------------------------------------------*/
FoamFile
{
    version     2.0;
    format      ascii;
    class       volScalarField;
    location    "0.45";
    object      p;
}
// * * * * * * * * * * * * * * * * * * * * * * * * * * * * * * * * * * * * * //

dimensions      [0 2 -2 0 0 0 0];

internalField   nonuniform List<scalar> 
12225
(
346.103
338.03
330.995
324.466
318.25
312.472
307.145
302.233
297.692
293.467
289.507
285.749
282.123
278.551
275.011
271.384
267.59
263.407
345.448
337.982
330.976
324.438
318.213
312.439
307.121
302.218
297.682
293.458
289.499
285.747
282.131
278.582
275.056
271.479
267.758
263.833
345.259
337.893
330.964
324.413
318.19
312.425
307.109
302.202
297.664
293.442
289.491
285.75
282.153
278.633
275.147
271.648
268.063
264.444
343.894
337.794
331.021
324.401
318.124
312.348
307.04
302.154
297.638
293.436
289.498
285.768
282.188
278.7
275.27
271.864
268.452
265.111
345.306
337.856
331.054
324.366
318.048
312.265
306.965
302.087
297.577
293.385
289.465
285.766
282.228
278.8
275.446
272.148
268.905
265.778
344.272
337.853
331.045
324.307
317.957
312.156
306.857
301.991
297.503
293.338
289.451
285.785
282.285
278.909
275.633
272.449
269.364
266.419
343.613
338.064
331.086
324.213
317.806
311.981
306.688
301.843
297.381
293.249
289.401
285.783
282.344
279.048
275.87
272.805
269.862
267.073
343.888
338.221
331.109
324.065
317.604
311.782
306.507
301.686
297.252
293.153
289.345
285.777
282.4
279.181
276.1
273.154
270.35
267.717
346.545
338.769
331.244
323.97
317.363
311.473
306.194
301.409
297.031
293
289.263
285.769
282.475
279.35
276.376
273.549
270.875
268.376
346.133
339.293
331.253
323.678
317.014
311.149
305.888
301.121
296.78
292.802
289.13
285.713
282.506
279.477
276.61
273.901
271.358
268.991
347.909
339.958
331.165
323.283
316.499
310.624
305.408
300.721
296.475
292.592
289.004
285.666
282.542
279.61
276.853
274.265
271.847
269.604
353.197
340.837
331.031
322.822
315.934
310.051
304.87
300.242
296.078
292.29
288.803
285.566
282.548
279.726
277.08
274.602
272.293
270.153
357.419
341.555
330.585
322.062
315.137
309.32
304.239
299.712
295.646
291.954
288.562
285.42
282.5
279.781
277.244
274.878
272.682
270.655
360.394
341.338
329.491
320.835
313.966
308.263
303.32
298.941
295.024
291.478
288.224
285.214
282.425
279.837
277.436
275.206
273.14
271.234
355.771
338.661
327.124
318.805
312.193
306.697
301.971
297.819
294.108
290.746
287.673
284.846
282.232
279.807
277.555
275.467
273.538
271.765
349.723
333.035
322.706
315.264
309.316
304.343
300.038
296.238
292.826
289.723
286.885
284.277
281.871
279.647
277.589
275.685
273.927
272.308
327.831
321.855
315.438
309.966
305.2
301.026
297.331
294.033
291.053
288.325
285.812
283.488
281.33
279.326
277.466
275.743
274.154
272.694
307.179
308.076
305.98
302.676
299.468
296.485
293.664
291.021
288.558
286.266
284.139
282.166
280.335
278.634
277.054
275.586
274.224
272.961
300.249
297.923
296.145
294.29
292.429
290.554
288.692
286.906
285.199
283.555
281.974
280.463
279.022
277.65
276.347
275.118
273.965
272.888
284.59
286.112
286.586
286.363
285.898
285.254
284.364
283.319
282.221
281.086
279.918
278.752
277.621
276.535
275.491
274.493
273.547
272.656
272.952
277.79
279.963
280.952
281.367
281.379
281.059
280.516
279.872
279.146
278.332
277.467
276.592
275.721
274.857
274.011
273.192
272.405
272.03
273.38
275.109
276.548
277.584
278.216
278.436
278.354
278.093
277.679
277.114
276.449
275.741
275.02
274.295
273.571
272.858
272.161
268.256
268.798
270.926
273.16
274.849
275.957
276.545
276.753
276.724
276.516
276.155
275.679
275.128
274.527
273.892
273.24
272.585
271.941
259.299
263.645
267.513
270.515
272.672
274.16
275.101
275.619
275.823
275.772
275.512
275.108
274.622
274.094
273.539
272.967
272.386
271.802
249.951
259.55
264.799
268.464
271.09
272.913
274.065
274.715
275.034
275.12
275.013
274.746
274.36
273.891
273.366
272.807
272.235
271.667
248.53
257.18
263.009
267.122
270.001
272.024
273.374
274.192
274.619
274.756
274.669
274.417
274.057
273.631
273.16
272.659
272.14
271.615
249.261
255.591
261.676
266.148
269.284
271.461
272.896
273.778
274.279
274.501
274.493
274.303
273.98
273.566
273.093
272.587
272.067
271.548
243.996
254.091
260.783
265.547
268.834
271.109
272.619
273.554
274.087
274.328
274.34
274.171
273.868
273.47
273.01
272.52
272.021
271.523
242.638
253.414
260.336
265.202
268.557
270.89
272.454
273.44
274.01
274.272
274.293
274.129
273.829
273.431
272.97
272.479
271.984
271.5
240.505
253.016
260.192
265.111
268.491
270.835
272.395
273.376
273.953
274.23
274.271
274.124
273.832
273.431
272.963
272.465
271.966
271.486
257.197
257.081
257.046
257.283
257.742
258.165
258.357
258.214
257.735
256.985
256.037
254.942
253.733
252.437
251.076
249.676
248.257
246.84
245.445
244.093
242.805
241.604
240.515
239.561
238.762
238.147
237.715
237.467
237.412
237.502
237.758
238.133
238.497
238.927
239.236
239
238.266
237.384
236.816
236.715
236.795
236.867
236.953
237.107
237.381
237.816
238.429
239.209
240.124
241.122
242.144
243.125
243.947
244.481
244.638
244.458
244.141
243.799
243.247
242.555
243.252
244.967
243.538
236.91
226.95
215.294
203.508
192.502
182.794
174.552
167.784
162.399
158.294
155.372
153.562
152.769
152.888
153.811
155.423
157.603
160.23
163.19
166.38
169.706
173.091
176.469
179.786
182.997
186.067
188.969
191.682
194.19
196.483
198.553
200.4
202.023
203.426
204.616
205.601
206.39
206.996
207.431
207.707
207.837
207.831
207.697
207.442
207.068
206.575
205.962
205.227
204.37
203.395
202.307
201.121
199.855
198.532
197.178
195.827
194.509
193.251
192.069
190.957
189.885
188.807
187.671
186.438
185.088
183.621
182.055
180.414
178.724
177.013
175.305
173.62
171.976
170.383
168.849
167.379
165.971
164.606
163.28
162.011
160.773
159.517
158.297
157.233
156.254
154.956
152.983
150.776
149.234
148.502
147.983
147.259
146.295
145.109
143.696
142.142
140.6
139.188
137.95
136.816
135.564
133.983
132.141
130.382
128.9
127.398
125.546
123.42
121.195
118.747
115.648
111.475
106.171
100.061
93.6296
87.344
81.3721
256.566
256.384
256.333
256.544
256.947
257.277
257.356
257.128
256.617
255.88
254.971
253.928
252.779
251.548
250.254
248.916
247.553
246.183
244.825
243.497
242.222
241.026
239.93
238.964
238.15
237.497
237.024
236.727
236.614
236.663
236.824
237.123
237.407
237.665
238.069
237.955
237.101
236.707
236.968
236.998
236.772
236.654
236.65
236.737
236.971
237.396
238.024
238.847
239.837
240.94
242.089
243.21
244.17
244.882
245.196
245.112
244.72
243.92
243.273
242.067
240.16
239.142
235.199
227.563
217.94
207.306
196.863
187.127
178.525
171.157
165.07
160.199
156.487
153.857
152.241
151.576
151.8
152.816
154.517
156.783
159.492
162.529
165.789
169.182
172.629
176.065
179.436
182.697
185.813
188.756
191.504
194.043
196.36
198.451
200.313
201.948
203.358
204.553
205.539
206.328
206.931
207.363
207.635
207.761
207.753
207.619
207.367
206.999
206.515
205.912
205.187
204.339
203.37
202.286
201.099
199.827
198.493
197.126
195.757
194.423
193.153
191.968
190.864
189.812
188.76
187.649
186.435
185.096
183.634
182.065
180.418
178.721
177.001
175.286
173.595
171.947
170.351
168.816
167.35
165.947
164.585
163.262
161.994
160.759
159.514
158.285
157.148
156.108
154.744
152.716
150.635
149.268
148.582
148.022
147.266
146.302
145.12
143.707
142.146
140.586
139.163
137.93
136.808
135.577
134.005
132.156
130.401
128.912
127.384
125.509
123.381
121.177
118.74
115.587
111.308
105.914
99.7563
93.2921
86.9278
80.8576
256.33
256.171
256.047
256.076
256.196
256.228
256.061
255.672
255.085
254.331
253.44
252.438
251.344
250.176
248.947
247.671
246.362
245.034
243.704
242.392
241.116
239.902
238.773
237.759
236.886
236.182
235.675
235.369
235.26
235.326
235.534
235.865
236.205
236.519
236.791
236.798
236.749
237.01
237.069
236.714
236.446
236.309
236.157
236.084
236.214
236.587
237.208
238.066
239.145
240.402
241.759
243.145
244.477
245.612
246.406
246.765
246.446
245.027
242.415
238.936
234.231
228.894
222.133
214.236
205.592
196.644
187.958
179.853
172.623
166.364
161.133
156.904
153.659
151.363
149.993
149.521
149.904
151.068
152.91
155.31
158.145
161.301
164.673
168.172
171.723
175.26
178.729
182.084
185.287
188.31
191.129
193.729
196.098
198.23
200.125
201.783
203.211
204.415
205.406
206.195
206.796
207.222
207.487
207.607
207.594
207.46
207.212
206.853
206.383
205.798
205.093
204.262
203.305
202.228
201.041
199.762
198.413
197.023
195.628
194.265
192.974
191.782
190.692
189.674
188.666
187.6
186.42
185.101
183.645
182.073
180.415
178.705
176.971
175.242
173.541
171.885
170.287
168.755
167.29
165.888
164.538
163.23
161.963
160.719
159.474
158.242
157.053
155.872
154.448
152.676
150.973
149.716
148.859
148.093
147.204
146.173
145.009
143.656
142.117
140.585
139.232
138.012
136.838
135.581
134.031
132.209
130.451
128.94
127.402
125.53
123.401
121.173
118.646
115.318
110.868
105.392
99.225
92.7375
86.2609
80.0343
256.518
256.448
256.221
255.933
255.635
255.281
254.811
254.208
253.481
252.65
251.73
250.732
249.665
248.537
247.353
246.12
244.848
243.549
242.235
240.924
239.635
238.391
237.214
236.132
235.175
234.37
233.755
233.359
233.199
233.287
233.593
234.065
234.629
235.203
235.754
236.231
236.56
236.683
236.633
236.569
236.426
236.071
235.644
235.332
235.238
235.415
235.882
236.649
237.721
239.082
240.684
242.458
244.295
246.005
247.413
248.104
247.092
244.163
239.243
232.842
225.595
217.949
210.066
202.158
194.212
186.45
179.089
172.334
166.334
161.141
156.765
153.187
150.405
148.429
147.286
146.996
147.54
148.855
150.838
153.367
156.322
159.592
163.077
166.695
170.37
174.038
177.642
181.132
184.466
187.611
190.542
193.24
195.692
197.892
199.84
201.538
202.994
204.216
205.216
206.008
206.606
207.024
207.279
207.388
207.365
207.224
206.976
206.625
206.171
205.608
204.93
204.125
203.19
202.126
200.941
199.654
198.287
196.87
195.44
194.039
192.716
191.511
190.436
189.458
188.504
187.493
186.356
185.064
183.618
182.044
180.377
178.653
176.907
175.165
173.453
171.789
170.186
168.656
167.2
165.812
164.476
163.175
161.906
160.664
159.427
158.176
156.932
155.697
154.364
152.861
151.336
150.009
148.966
148.061
147.113
146.065
144.899
143.569
142.108
140.672
139.332
138.046
136.823
135.593
134.093
132.256
130.454
128.958
127.483
125.673
123.556
121.232
118.49
114.915
110.304
104.774
98.6014
92.0812
85.4829
79.0698
256.844
256.686
256.275
255.717
255.107
254.455
253.748
252.987
252.176
251.316
250.404
249.435
248.405
247.316
246.169
244.971
243.729
242.453
241.157
239.855
238.569
237.317
236.124
235.014
234.012
233.147
232.447
231.933
231.652
231.657
231.938
232.475
233.223
234.057
234.897
235.66
236.138
236.312
236.453
236.628
236.559
236.099
235.379
234.632
234.048
233.744
233.778
234.199
235.058
236.384
238.166
240.335
242.678
244.875
246.524
246.746
244.546
239.558
232.448
224.314
215.974
207.714
199.644
191.847
184.383
177.417
171.048
165.373
160.409
156.133
152.495
149.464
147.048
145.305
144.317
144.149
144.806
146.228
148.31
150.931
153.973
157.332
160.92
164.656
168.471
172.297
176.074
179.744
183.258
186.576
189.667
192.51
195.088
197.395
199.43
201.196
202.703
203.96
204.982
205.785
206.384
206.796
207.039
207.132
207.092
206.938
206.679
206.325
205.877
205.33
204.674
203.9
202.997
201.961
200.797
199.513
198.132
196.684
195.207
193.75
192.373
191.133
190.058
189.12
188.231
187.281
186.189
184.922
183.49
181.924
180.258
178.53
176.776
175.028
173.313
171.651
170.052
168.527
167.077
165.698
164.378
163.101
161.85
160.613
159.367
158.102
156.852
155.625
154.337
152.898
151.405
150.083
149.014
148.06
147.068
145.989
144.819
143.528
142.13
140.715
139.359
138.065
136.828
135.575
134.074
132.256
130.481
129.034
127.644
125.914
123.799
121.335
118.34
114.52
109.742
104.125
97.9044
91.3144
84.574
77.9519
256.778
256.471
255.915
255.244
254.52
253.782
253.032
252.259
251.448
250.591
249.682
248.714
247.684
246.593
245.446
244.25
243.014
241.75
240.471
239.194
237.934
236.712
235.549
234.468
233.493
232.642
231.935
231.401
231.088
231.038
231.276
231.826
232.628
233.549
234.54
235.484
236.127
236.468
236.77
237.042
236.992
236.368
235.218
233.827
232.472
231.332
230.531
230.224
230.57
231.661
233.506
235.954
238.613
240.902
242.123
241.27
237.545
231.021
222.997
214.546
206.165
198.015
190.169
182.727
175.82
169.582
164.066
159.28
155.152
151.588
148.492
145.822
143.607
141.955
141.011
140.886
141.606
143.102
145.257
147.941
151.043
154.471
158.149
162.005
165.974
169.986
173.972
177.866
181.607
185.147
188.448
191.481
194.23
196.685
198.846
200.715
202.304
203.623
204.689
205.519
206.132
206.547
206.784
206.864
206.808
206.636
206.36
205.992
205.536
204.991
204.347
203.592
202.714
201.706
200.569
199.313
197.951
196.501
194.994
193.482
192.033
190.727
189.618
188.687
187.84
186.945
185.899
184.657
183.234
181.669
180.01
178.297
176.558
174.819
173.106
171.446
169.857
168.352
166.93
165.574
164.271
163.008
161.771
160.543
159.306
158.053
156.796
155.538
154.223
152.814
151.412
150.161
149.078
148.068
147.037
145.946
144.777
143.499
142.118
140.718
139.381
138.087
136.798
135.484
134.002
132.27
130.556
129.146
127.832
126.185
124.061
121.454
118.231
114.175
109.201
103.463
97.1499
90.4199
83.4667
76.5812
256.147
255.841
255.361
254.758
254.105
253.433
252.726
251.978
251.177
250.311
249.375
248.369
247.298
246.168
244.99
243.774
242.534
241.283
240.037
238.81
237.62
236.481
235.412
234.429
233.546
232.777
232.137
231.655
231.373
231.34
231.596
232.142
232.922
233.884
234.965
235.958
236.652
237.14
237.598
237.922
237.735
236.713
234.913
232.656
230.233
227.841
225.74
224.294
223.833
224.534
226.364
228.966
231.648
233.59
233.996
232.066
227.351
220.42
212.603
204.561
196.576
188.822
181.425
174.53
168.282
162.775
158.026
153.977
150.496
147.438
144.678
142.172
139.987
138.304
137.349
137.272
138.08
139.66
141.862
144.563
147.674
151.128
154.869
158.837
162.965
167.181
171.404
175.556
179.564
183.367
186.917
190.181
193.138
195.775
198.091
200.091
201.784
203.186
204.314
205.189
205.832
206.265
206.509
206.588
206.524
206.338
206.045
205.658
205.184
204.625
203.979
203.233
202.372
201.388
200.283
199.062
197.734
196.309
194.811
193.283
191.79
190.419
189.245
188.27
187.404
186.512
185.479
184.256
182.847
181.295
179.645
177.942
176.218
174.502
172.818
171.185
169.615
168.12
166.707
165.381
164.13
162.913
161.694
160.472
159.244
157.991
156.714
155.428
154.122
152.776
151.443
150.21
149.102
148.064
147.014
145.906
144.726
143.456
142.101
140.728
139.392
138.072
136.738
135.387
133.937
132.291
130.641
129.26
128
126.418
124.275
121.539
118.126
113.85
108.681
102.813
96.3548
89.3776
82.1016
74.8796
255.621
255.452
255.088
254.595
254.058
253.473
252.821
252.094
251.275
250.36
249.357
248.284
247.153
245.972
244.754
243.511
242.26
241.019
239.808
238.644
237.546
236.529
235.607
234.791
234.088
233.501
233.041
232.723
232.572
232.626
232.921
233.459
234.219
235.153
236.137
237.002
237.713
238.37
238.936
239.141
238.529
236.854
234.241
230.935
227.127
223.089
219.396
216.718
215.495
215.918
217.78
220.373
222.772
224.157
223.844
221.304
216.355
209.792
202.61
195.146
187.668
180.406
173.54
167.246
161.652
156.822
152.738
149.286
146.288
143.561
140.966
138.481
136.242
134.531
133.632
133.671
134.575
136.175
138.321
140.928
143.954
147.371
151.143
155.216
159.519
163.965
168.458
172.904
177.217
181.323
185.161
188.69
191.882
194.724
197.214
199.357
201.167
202.662
203.864
204.796
205.481
205.942
206.204
206.292
206.23
206.039
205.738
205.339
204.851
204.277
203.615
202.86
202.001
201.032
199.953
198.766
197.479
196.098
194.635
193.118
191.606
190.188
188.947
187.901
186.969
186.018
184.944
183.702
182.303
180.776
179.159
177.485
175.789
174.101
172.442
170.83
169.286
167.825
166.454
165.163
163.931
162.738
161.571
160.397
159.182
157.92
156.636
155.356
154.068
152.749
151.44
150.222
149.115
148.062
146.994
145.873
144.692
143.437
142.102
140.731
139.376
138.034
136.684
135.314
133.876
132.292
130.702
129.339
128.102
126.559
124.39
121.552
117.992
113.53
108.181
102.162
95.4826
88.1507
80.4709
72.8711
255.608
255.485
255.189
254.805
254.36
253.814
253.157
252.382
251.499
250.527
249.478
248.355
247.162
245.913
244.627
243.328
242.045
240.802
239.623
238.53
237.539
236.668
235.927
235.325
234.864
234.545
234.364
234.311
234.392
234.631
235.041
235.604
236.295
237.07
237.848
238.602
239.371
240.101
240.563
240.359
239.11
236.728
233.287
228.837
223.511
217.864
212.88
209.401
207.878
208.32
210.126
212.381
214.235
215.004
214.146
211.303
206.467
200.432
193.814
186.832
179.812
173.011
166.637
160.877
155.846
151.588
148.044
145.056
142.409
139.89
137.366
134.856
132.59
130.924
130.134
130.255
131.128
132.572
134.487
136.862
139.716
143.057
146.861
151.069
155.594
160.327
165.15
169.949
174.623
179.081
183.25
187.077
190.529
193.592
196.265
198.559
200.491
202.084
203.362
204.355
205.087
205.585
205.874
205.979
205.924
205.734
205.429
205.023
204.526
203.943
203.276
202.518
201.66
200.696
199.627
198.46
197.204
195.861
194.432
192.936
191.422
189.975
188.679
187.551
186.523
185.479
184.332
183.047
181.634
180.12
178.535
176.907
175.258
173.609
171.986
170.412
168.905
167.473
166.122
164.858
163.672
162.537
161.414
160.267
159.082
157.852
156.586
155.305
154.014
152.71
151.436
150.244
149.136
148.069
146.991
145.863
144.678
143.425
142.096
140.723
139.354
138
136.637
135.245
133.805
132.266
130.72
129.353
128.111
126.584
124.392
121.483
117.823
113.207
107.685
101.475
94.4959
86.7477
78.6317
70.6401
255.873
255.759
255.52
255.182
254.734
254.162
253.475
252.679
251.775
250.764
249.642
248.416
247.105
245.736
244.343
242.966
241.642
240.401
239.273
238.28
237.441
236.768
236.268
235.943
235.788
235.796
235.945
236.214
236.593
237.079
237.637
238.214
238.798
239.406
240.056
240.775
241.526
242.106
242.198
241.434
239.627
236.732
232.63
227.197
220.685
214.044
208.525
204.962
203.583
204.023
205.465
207.062
208.131
208.128
206.657
203.454
198.649
192.911
186.586
179.893
173.193
166.734
160.738
155.391
150.796
146.979
143.847
141.212
138.824
136.452
133.97
131.456
129.207
127.601
126.841
126.866
127.49
128.573
130.101
132.15
134.791
138.052
141.911
146.299
151.107
156.199
161.431
166.661
171.765
176.635
181.186
185.354
189.1
192.408
195.281
197.734
199.79
201.48
202.834
203.885
204.664
205.2
205.519
205.647
205.609
205.427
205.124
204.716
204.215
203.626
202.951
202.19
201.337
200.385
199.33
198.178
196.939
195.616
194.211
192.734
191.229
189.771
188.43
187.215
186.068
184.905
183.666
182.33
180.9
179.394
177.833
176.235
174.624
173.021
171.446
169.914
168.443
167.049
165.742
164.522
163.375
162.276
161.191
160.093
158.958
157.774
156.535
155.257
153.97
152.694
151.455
150.28
149.17
148.094
147.007
145.867
144.668
143.415
142.094
140.722
139.341
137.967
136.583
135.17
133.727
132.217
130.688
129.295
128.026
126.5
124.294
121.345
117.621
112.877
107.173
100.73
93.4101
85.2238
76.6464
68.2537
256.086
255.977
255.745
255.403
254.947
254.37
253.674
252.855
251.891
250.764
249.478
248.054
246.524
244.937
243.348
241.813
240.391
239.133
238.081
237.268
236.706
236.39
236.305
236.425
236.721
237.163
237.72
238.371
239.095
239.842
240.539
241.141
241.679
242.225
242.821
243.449
243.995
244.226
243.857
242.687
240.635
237.554
233.131
227.217
220.283
213.517
208.153
204.842
203.559
203.704
204.448
205.093
205.129
204.167
201.908
198.147
193.132
187.36
181.038
174.416
167.857
161.582
155.821
150.744
146.443
142.931
140.098
137.734
135.557
133.312
130.881
128.385
126.153
124.524
123.616
123.328
123.504
124.072
125.108
126.764
129.149
132.303
136.208
140.792
145.928
151.452
157.18
162.934
168.553
173.908
178.898
183.453
187.533
191.121
194.223
196.859
199.058
200.857
202.291
203.401
204.224
204.794
205.142
205.294
205.274
205.105
204.809
204.405
203.905
203.317
202.643
201.882
201.029
200.081
199.036
197.897
196.672
195.365
193.977
192.519
191.028
189.564
188.175
186.866
185.599
184.321
182.995
181.605
180.151
178.643
177.093
175.516
173.931
172.357
170.816
169.327
167.905
166.562
165.302
164.127
163.026
161.976
160.941
159.89
158.804
157.666
156.466
155.221
153.962
152.712
151.493
150.332
149.223
148.139
147.041
145.886
144.674
143.419
142.102
140.726
139.328
137.929
136.521
135.091
133.643
132.146
130.612
129.175
127.863
126.327
124.118
121.151
117.387
112.531
106.641
99.94
92.2659
83.6308
74.5666
65.793
255.948
255.839
255.606
255.26
254.79
254.189
253.443
252.509
251.345
249.93
248.272
246.414
244.425
242.382
240.378
238.518
236.905
235.63
234.758
234.311
234.274
234.603
235.238
236.113
237.157
238.298
239.478
240.654
241.786
242.817
243.701
244.452
245.122
245.709
246.189
246.534
246.699
246.55
245.88
244.602
242.627
239.715
235.504
229.879
223.354
217.056
212.067
208.882
207.322
206.763
206.508
206.017
204.918
202.918
199.735
195.248
189.788
183.705
177.141
170.393
163.795
157.541
151.861
146.904
142.757
139.429
136.8
134.646
132.653
130.536
128.174
125.705
123.448
121.671
120.433
119.65
119.227
119.153
119.588
120.761
122.806
125.774
129.669
134.427
139.912
145.929
152.25
158.641
164.891
170.831
176.338
181.338
185.791
189.688
193.042
195.882
198.246
200.175
201.709
202.891
203.765
204.372
204.748
204.924
204.924
204.769
204.483
204.083
203.585
202.998
202.324
201.565
200.716
199.774
198.738
197.609
196.395
195.101
193.73
192.293
190.816
189.339
187.896
186.496
185.124
183.75
182.351
180.911
179.426
177.901
176.344
174.768
173.192
171.637
170.123
168.669
167.29
165.996
164.792
163.677
162.637
161.645
160.665
159.664
158.624
157.535
156.393
155.202
153.98
152.754
151.557
150.411
149.303
148.21
147.1
145.929
144.699
143.434
142.114
140.73
139.313
137.89
136.459
135.011
133.552
132.054
130.5
129.007
127.641
126.091
123.882
120.907
117.117
112.167
106.095
99.1282
91.1012
82.0232
72.4842
63.3925
255.255
255.143
254.9
254.526
254.004
253.302
252.365
251.117
249.495
247.49
245.141
242.513
239.705
236.86
234.159
231.798
229.952
228.741
228.218
228.37
229.13
230.402
232.084
234.068
236.238
238.47
240.65
242.68
244.482
246
247.241
248.291
249.212
249.893
250.184
250.116
249.834
249.387
248.644
247.49
245.809
243.381
239.901
235.238
229.739
224.264
219.674
216.349
214.143
212.59
211.171
209.482
207.215
204.085
199.831
194.477
188.386
181.791
174.804
167.771
160.978
154.599
148.857
143.881
139.757
136.494
133.972
131.961
130.131
128.163
125.904
123.474
121.144
119.115
117.409
115.996
114.85
114.02
113.756
114.347
115.934
118.589
122.36
127.214
133.021
139.562
146.556
153.701
160.715
167.372
173.512
179.043
183.928
188.168
191.791
194.841
197.371
199.433
201.074
202.339
203.273
203.922
204.33
204.532
204.554
204.418
204.145
203.754
203.259
202.672
201.997
201.235
200.385
199.446
198.417
197.301
196.101
194.823
193.469
192.048
190.574
189.077
187.584
186.112
184.658
183.206
181.738
180.239
178.709
177.15
175.57
173.983
172.408
170.865
169.371
167.947
166.608
165.366
164.224
163.175
162.202
161.276
160.361
159.423
158.44
157.405
156.318
155.182
154.009
152.821
151.651
150.521
149.413
148.308
147.183
145.992
144.74
143.459
142.131
140.736
139.301
137.853
136.397
134.927
133.451
131.946
130.363
128.807
127.379
125.81
123.602
120.622
116.814
111.791
105.551
98.3246
89.9603
80.4817
70.5364
61.2014
253.921
253.8
253.526
253.072
252.398
251.447
250.128
248.332
246.012
243.178
239.853
236.089
232.045
227.995
224.264
221.16
218.92
217.684
217.51
218.377
220.188
222.779
225.958
229.544
233.353
237.179
240.819
244.119
246.979
249.347
251.235
252.722
253.873
254.599
254.736
254.341
253.693
253.036
252.313
251.364
250.065
248.267
245.752
242.366
238.234
233.833
229.743
226.273
223.381
220.801
218.196
215.26
211.708
207.262
201.783
195.463
188.63
181.399
173.885
166.462
159.361
152.742
146.821
141.706
137.483
134.165
131.64
129.7
128.021
126.235
124.125
121.751
119.329
116.997
114.755
112.634
110.695
109.052
108.03
107.945
108.924
111.084
114.555
119.36
125.396
132.43
140.129
148.111
156.007
163.509
170.404
176.571
181.969
186.608
190.531
193.803
196.499
198.691
200.436
201.782
202.776
203.465
203.899
204.122
204.164
204.048
203.792
203.414
202.928
202.344
201.669
200.906
200.055
199.116
198.092
196.986
195.799
194.533
193.19
191.773
190.294
188.777
187.247
185.72
184.197
182.668
181.121
179.55
177.956
176.347
174.733
173.127
171.547
170.016
168.548
167.16
165.868
164.683
163.605
162.627
161.728
160.878
160.037
159.172
158.259
157.285
156.251
155.164
154.039
152.895
151.758
150.644
149.537
148.423
147.283
146.071
144.795
143.495
142.153
140.746
139.293
137.822
136.337
134.839
133.344
131.824
130.206
128.583
127.088
125.499
123.293
120.306
116.485
111.413
105.031
97.5657
88.9023
79.1002
68.8511
59.3366
252.063
251.919
251.584
251.002
250.109
248.826
247.04
244.617
241.495
237.672
233.111
227.856
222.175
216.503
211.307
207.009
203.95
202.37
202.402
204.08
207.276
211.667
216.841
222.487
228.422
234.385
240.001
244.96
249.142
252.553
255.252
257.312
258.762
259.551
259.624
259.08
258.215
257.377
256.641
255.871
254.929
253.696
252.061
249.899
247.143
243.931
240.524
237.125
233.764
230.32
226.601
222.386
217.44
211.594
204.902
197.66
190.101
182.224
174.172
166.326
158.865
151.941
145.763
140.42
135.995
132.507
129.871
127.923
126.365
124.785
122.869
120.572
118.064
115.457
112.713
109.891
107.157
104.703
102.894
102.031
102.234
103.704
106.675
111.25
117.365
124.784
133.137
141.97
150.815
159.263
167.016
173.912
179.897
184.99
189.253
192.77
195.642
197.962
199.809
201.24
202.299
203.033
203.493
203.729
203.781
203.676
203.432
203.066
202.59
202.014
201.343
200.582
199.733
198.8
197.783
196.685
195.506
194.245
192.903
191.484
189.999
188.464
186.9
185.318
183.72
182.105
180.468
178.811
177.141
175.469
173.808
172.173
170.583
169.06
167.622
166.282
165.051
163.939
162.943
162.048
161.231
160.46
159.696
158.91
158.078
157.179
156.202
155.157
154.069
152.962
151.851
150.749
149.65
148.538
147.389
146.161
144.862
143.538
142.178
140.757
139.289
137.796
136.281
134.751
133.229
131.688
130.035
128.345
126.779
125.165
122.963
119.97
116.14
111.044
104.557
96.8928
87.9895
77.9556
67.514
57.8834
250.016
249.836
249.43
248.713
247.599
245.997
243.782
240.805
236.949
232.144
226.308
219.481
212.032
204.585
197.783
192.177
188.226
186.319
186.683
189.346
194.074
200.362
207.477
214.827
222.458
230.465
238.336
245.316
251.034
255.525
258.95
261.47
263.186
264.133
264.344
263.915
263.055
262.115
261.328
260.642
259.941
259.126
258.1
256.8
255.117
252.955
250.29
247.15
243.558
239.464
234.778
229.377
223.154
216.112
208.46
200.5
192.351
183.941
175.436
167.203
159.396
152.154
145.676
140.047
135.341
131.593
128.748
126.694
125.178
123.772
122.055
119.863
117.333
114.576
111.467
108.015
104.514
101.26
98.6175
96.8532
96.1093
96.6879
98.9514
103.105
109.137
116.814
125.731
135.372
145.182
154.643
163.347
171.056
177.692
183.287
187.925
191.713
194.772
197.221
199.165
200.678
201.807
202.595
203.092
203.35
203.414
203.317
203.08
202.72
202.25
201.681
201.016
200.261
199.418
198.492
197.485
196.394
195.221
193.963
192.621
191.198
189.702
188.144
186.535
184.887
183.206
181.496
179.761
178.01
176.255
174.51
172.79
171.113
169.5
167.976
166.56
165.268
164.11
163.091
162.203
161.418
160.702
160.022
159.343
158.639
157.889
157.072
156.168
155.17
154.108
153.019
151.918
150.82
149.73
148.631
147.486
146.251
144.934
143.586
142.205
140.767
139.285
137.771
136.227
134.663
133.106
131.535
129.849
128.1
126.459
124.81
122.617
119.622
115.788
110.697
104.152
96.344
87.275
77.1013
66.5734
56.9003
248.48
248.272
247.824
247.043
245.819
244.054
241.619
238.369
234.155
228.851
222.372
214.773
206.432
198.065
190.489
184.398
180.31
178.577
179.374
182.647
188.071
195.187
203.302
211.261
218.852
227.201
236.483
245.287
252.472
257.93
261.937
264.757
266.577
267.568
267.892
267.704
267.131
266.351
265.604
264.972
264.374
263.736
262.981
262.047
260.852
259.243
257.062
254.175
250.512
246.038
240.721
234.541
227.525
219.812
211.665
203.338
194.871
186.17
177.4
168.912
160.854
153.35
146.592
140.675
135.67
131.616
128.478
126.184
124.553
123.207
121.666
119.652
117.241
114.518
111.231
107.29
103.117
99.1276
95.6493
92.9214
91.1129
90.6226
91.9861
95.5583
101.39
109.233
118.616
128.951
139.621
150.032
159.679
168.221
175.524
181.624
186.637
190.7
193.95
196.525
198.553
200.128
201.313
202.148
202.682
202.967
203.052
202.97
202.744
202.391
201.929
201.367
200.711
199.965
199.13
198.212
197.211
196.126
194.956
193.7
192.356
190.927
189.415
187.825
186.166
184.449
182.682
180.875
179.038
177.184
175.331
173.497
171.701
169.965
168.317
166.784
165.384
164.132
163.044
162.125
161.358
160.707
160.123
159.561
158.982
158.362
157.69
156.956
156.131
155.193
154.16
153.076
151.97
150.86
149.769
148.685
147.555
146.325
145.002
143.634
142.23
140.775
139.277
137.742
136.17
134.574
132.977
131.367
129.654
127.856
126.138
124.441
122.258
119.267
115.438
110.381
103.834
95.951
86.7979
76.5744
66.0534
56.4042
247.853
247.622
247.162
246.404
245.207
243.474
241.088
237.916
233.82
228.681
222.436
215.145
207.11
198.966
191.539
185.575
181.578
179.851
180.59
183.805
189.094
195.882
203.943
212.087
219.041
226.236
235.444
245.348
253.633
259.665
263.898
266.819
268.76
269.854
270.238
270.143
269.765
269.234
268.665
268.137
267.618
267.051
266.37
265.486
264.352
262.846
260.778
257.971
254.281
249.638
244.04
237.535
230.234
222.331
214.082
205.689
197.161
188.415
179.595
171.015
162.836
155.177
148.218
142.072
136.807
132.449
128.972
126.347
124.49
123.113
121.724
119.932
117.703
115.08
111.748
107.545
102.923
98.3394
94.1167
90.4936
87.6393
86.0395
86.4308
89.3449
94.9018
102.831
112.582
123.465
134.797
145.958
156.395
165.679
173.597
180.159
185.506
189.81
193.234
195.928
198.031
199.657
200.881
201.75
202.309
202.613
202.711
202.643
202.429
202.088
201.635
201.083
200.439
199.706
198.885
197.977
196.982
195.9
194.731
193.473
192.124
190.683
189.149
187.524
185.815
184.029
182.178
180.273
178.33
176.365
174.401
172.462
170.573
168.758
167.053
165.5
164.115
162.909
161.897
161.08
160.438
159.926
159.488
159.067
158.609
158.083
157.488
156.826
156.075
155.2
154.203
153.132
152.019
150.888
149.779
148.7
147.589
146.377
145.057
143.676
142.252
140.78
139.266
137.71
136.111
134.485
132.848
131.197
129.459
127.623
125.828
124.069
121.891
118.915
115.103
110.109
103.621
95.7389
86.5855
76.3987
65.9627
56.3865
248.017
247.756
247.283
246.578
245.505
243.946
241.794
238.942
235.284
230.739
225.269
218.921
211.907
204.692
197.952
192.386
188.539
186.721
187.064
189.681
194.378
200.346
207.418
215.144
221.715
227.649
235.781
245.864
254.736
260.961
265.181
268.042
269.899
271.046
271.622
271.683
271.396
270.967
270.517
270.087
269.641
269.106
268.438
267.548
266.329
264.714
262.566
259.7
255.962
251.263
245.6
239.05
231.761
223.938
215.807
207.527
199.106
190.485
181.779
173.252
165.072
157.365
150.297
143.988
138.504
133.863
130.054
127.095
124.987
123.521
122.216
120.59
118.498
115.962
112.704
108.508
103.696
98.6902
93.8752
89.5055
85.7298
83.1162
82.5824
84.8105
89.9819
97.8443
107.812
119.095
130.91
142.605
153.626
163.506
171.95
178.915
184.548
189.054
192.622
195.417
197.587
199.256
200.511
201.408
201.99
202.308
202.416
202.356
202.151
201.819
201.374
200.83
200.196
199.476
198.669
197.774
196.789
195.714
194.547
193.285
191.927
190.469
188.908
187.244
185.481
183.625
181.686
179.68
177.623
175.538
173.45
171.39
169.389
167.474
165.695
164.102
162.716
161.553
160.631
159.943
159.445
159.084
158.801
158.533
158.215
157.798
157.28
156.681
155.995
155.18
154.224
153.173
152.065
150.916
149.779
148.691
147.595
146.404
145.095
143.708
142.269
140.781
139.252
137.676
136.053
134.398
132.725
131.035
129.274
127.405
125.535
123.702
121.521
118.569
114.788
109.885
103.517
95.7184
86.6483
76.5792
66.2932
56.8327
248.723
248.43
247.919
247.233
246.294
244.959
243.125
240.691
237.588
233.768
229.219
223.994
218.245
212.281
206.598
201.754
198.227
196.394
196.413
198.327
202.062
206.964
212.534
218.682
224.593
230.321
237.89
247.449
256.067
262.003
265.889
268.626
270.486
271.621
272.223
272.437
272.33
271.98
271.543
271.111
270.677
270.143
269.43
268.496
267.23
265.503
263.224
260.266
256.482
251.785
246.168
239.714
232.577
224.951
217.032
208.951
200.725
192.325
183.834
175.463
167.38
159.714
152.615
146.203
140.548
135.674
131.591
128.353
125.999
124.376
123.045
121.481
119.463
117.018
113.941
109.955
105.165
99.933
94.7282
89.8124
85.3316
81.919
80.608
82.1735
86.8467
94.4426
104.416
115.912
128.03
140.061
151.461
161.76
170.612
177.909
183.776
188.438
192.116
194.992
197.217
198.92
200.197
201.111
201.709
202.041
202.16
202.11
201.916
201.593
201.157
200.621
199.995
199.284
198.489
197.605
196.63
195.563
194.402
193.139
191.77
190.291
188.698
186.991
185.17
183.239
181.208
179.092
176.915
174.698
172.469
170.268
168.136
166.106
164.235
162.587
161.187
160.051
159.214
158.672
158.353
158.175
158.067
157.965
157.799
157.506
157.071
156.528
155.895
155.137
154.225
153.2
152.104
150.949
149.784
148.674
147.581
146.41
145.117
143.729
142.279
140.777
139.234
137.642
135.996
134.314
132.611
130.89
129.107
127.205
125.265
123.351
121.154
118.234
114.498
109.711
103.521
95.889
86.9865
77.1111
67.0339
57.7337
249.722
249.429
248.871
248.142
247.251
246.088
244.539
242.498
239.903
236.721
232.966
228.707
224.073
219.279
214.668
210.637
207.578
205.846
205.596
206.827
209.435
213.035
217.308
222.133
227.262
233.065
240.734
249.731
257.544
262.909
266.421
268.897
270.643
271.783
272.447
272.723
272.7
272.457
272.054
271.58
271.078
270.498
269.719
268.68
267.34
265.566
263.214
260.186
256.382
251.725
246.21
239.915
232.984
225.598
217.924
210.078
202.09
193.951
185.723
177.57
169.648
162.084
155.013
148.555
142.787
137.747
133.464
129.996
127.391
125.549
124.099
122.529
120.566
118.227
115.371
111.676
107.055
101.808
96.4278
91.1778
86.239
82.282
80.3843
81.3575
85.4721
92.6371
102.404
113.907
126.143
138.327
149.918
160.464
169.592
177.138
183.185
187.965
191.718
194.648
196.914
198.645
199.938
200.862
201.469
201.808
201.935
201.893
201.71
201.401
200.976
200.449
199.831
199.129
198.344
197.47
196.506
195.449
194.293
193.028
191.647
190.147
188.523
186.771
184.888
182.876
180.747
178.517
176.208
173.847
171.458
169.09
166.803
164.642
162.671
160.957
159.521
158.398
157.643
157.254
157.137
157.177
157.278
157.363
157.362
157.207
156.866
156.379
155.793
155.088
154.228
153.235
152.151
150.989
149.798
148.659
147.559
146.401
145.123
143.739
142.281
140.768
139.212
137.606
135.941
134.234
132.505
130.762
128.96
127.025
125.02
123.023
120.798
117.913
114.238
109.589
103.625
96.24
87.5897
77.9835
68.1739
59.0797
250.845
250.58
250.006
249.214
248.275
247.15
245.748
243.984
241.779
239.087
235.922
232.362
228.532
224.615
220.848
217.51
214.89
213.242
212.708
213.3
214.917
217.355
220.582
224.775
230.002
236.432
244.198
252.191
258.773
263.411
266.646
269.016
270.697
271.77
272.4
272.722
272.765
272.567
272.192
271.695
271.117
270.45
269.599
268.453
266.987
265.149
262.785
259.748
255.955
251.361
245.97
239.854
233.147
226.009
218.59
210.993
203.258
195.391
187.441
179.534
171.809
164.385
157.39
150.937
145.114
139.969
135.537
131.868
129.016
126.936
125.336
123.737
121.826
119.582
116.911
113.502
109.158
104.083
98.7121
93.3292
88.1679
83.9057
81.6047
82.0778
85.6286
92.2667
101.667
112.997
125.178
137.349
148.968
159.607
168.884
176.588
182.761
187.62
191.421
194.381
196.671
198.421
199.725
200.655
201.266
201.612
201.744
201.708
201.534
201.236
200.823
200.307
199.698
199.004
198.227
197.364
196.41
195.363
194.213
192.948
191.556
190.037
188.383
186.586
184.638
182.543
180.312
177.96
175.506
172.981
170.412
167.86
165.4
163.095
161.029
159.256
157.763
156.613
155.918
155.681
155.783
156.075
156.423
156.722
156.901
156.896
156.665
156.243
155.701
155.049
154.248
153.294
152.217
151.04
149.821
148.651
147.537
146.385
145.119
143.739
142.276
140.754
139.185
137.568
135.887
134.156
132.406
130.646
128.829
126.865
124.801
122.724
120.46
117.611
114.011
109.519
103.82
96.7527
88.4379
79.1771
69.6947
60.8532
252.007
251.761
251.197
250.38
249.372
248.185
246.79
245.136
243.149
240.772
238.003
234.907
231.608
228.279
225.09
222.244
219.944
218.354
217.594
217.688
218.587
220.364
223.352
227.797
233.561
240.342
247.558
254.215
259.6
263.639
266.655
268.928
270.559
271.632
272.252
272.557
272.622
272.458
272.092
271.569
270.928
270.174
269.245
268.02
266.437
264.493
262.108
259.11
255.372
250.858
245.593
239.655
233.166
226.27
219.101
211.751
204.269
196.669
188.994
181.341
173.829
166.571
159.685
153.28
147.445
142.236
137.686
133.846
130.78
128.488
126.745
125.107
123.227
121.039
118.494
115.343
111.341
106.56
101.35
96.017
90.8359
86.4617
83.9099
83.9794
87.0045
93.088
102.027
113.045
125.023
137.041
148.551
159.153
168.469
176.247
182.489
187.392
191.214
194.184
196.482
198.24
199.55
200.482
201.094
201.442
201.579
201.549
201.383
201.096
200.695
200.19
199.592
198.907
198.139
197.284
196.339
195.301
194.158
192.892
191.494
189.96
188.278
186.435
184.423
182.245
179.91
177.424
174.805
172.092
169.329
166.593
163.967
161.527
159.381
157.561
156.018
154.811
154.125
153.989
154.29
154.855
155.489
156.036
156.413
156.571
156.465
156.121
155.626
155.024
154.283
153.373
152.303
151.105
149.855
148.654
147.521
146.367
145.108
143.731
142.266
140.735
139.155
137.526
135.831
134.081
132.311
130.537
128.709
126.721
124.606
122.457
120.148
117.331
113.82
109.499
104.092
97.4015
89.4994
80.6595
71.5652
63.0245
253.205
252.916
252.332
251.505
250.459
249.209
247.773
246.134
244.232
242.008
239.447
236.603
233.605
230.611
227.775
225.251
223.164
221.628
220.764
220.632
221.322
223.179
226.653
231.731
237.846
244.254
250.306
255.633
260.114
263.733
266.552
268.712
270.281
271.335
271.973
272.287
272.359
272.208
271.842
271.295
270.597
269.764
268.758
267.474
265.817
263.776
261.335
258.371
254.719
250.307
245.169
239.397
233.111
226.442
219.508
212.397
205.156
197.811
190.397
182.993
175.699
168.621
161.865
155.535
149.716
144.467
139.832
135.863
132.635
130.172
128.295
126.6
124.722
122.558
120.097
117.172
113.521
109.096
104.163
99.0311
93.9854
89.6442
86.966
86.7276
89.2924
94.844
103.282
113.893
125.549
137.298
148.591
159.053
168.312
176.091
182.351
187.265
191.086
194.049
196.342
198.099
199.409
200.34
200.95
201.299
201.439
201.414
201.255
200.977
200.588
200.096
199.508
198.834
198.076
197.231
196.295
195.265
194.126
192.861
191.459
189.912
188.204
186.318
184.246
181.985
179.535
176.899
174.099
171.188
168.226
165.311
162.528
159.955
157.741
155.898
154.318
153.082
152.402
152.301
152.71
153.519
154.469
155.3
155.898
156.228
156.26
156.009
155.568
155.01
154.323
153.458
152.399
151.182
149.902
148.67
147.516
146.353
145.095
143.719
142.25
140.713
139.121
137.481
135.775
134.008
132.221
130.433
128.594
126.59
124.435
122.223
119.868
117.08
113.667
109.528
104.429
98.1564
90.7313
82.3842
73.7403
65.5514
254.422
254.052
253.374
252.481
251.39
250.113
248.668
247.045
245.195
243.053
240.59
237.854
234.979
232.137
229.493
227.172
225.258
223.862
223.132
223.215
224.347
226.91
231.062
236.333
241.912
247.224
252.111
256.585
260.553
263.861
266.46
268.45
269.927
270.949
271.593
271.922
272.003
271.868
271.506
270.934
270.187
269.282
268.203
266.87
265.174
263.075
260.573
257.612
254.043
249.75
244.746
239.13
233.03
226.568
219.853
212.965
205.951
198.843
191.672
184.504
177.425
170.528
163.911
157.67
151.887
146.624
141.936
137.885
134.542
131.939
129.933
128.165
126.273
124.121
121.725
118.983
115.648
111.6
107.026
102.2
97.3988
93.1994
90.4987
90.0456
92.2285
97.2982
105.233
115.377
126.622
138.013
149.006
159.249
168.378
176.095
182.327
187.222
191.024
193.967
196.244
197.991
199.296
200.222
200.829
201.177
201.321
201.301
201.149
200.879
200.501
200.02
199.445
198.782
198.035
197.201
196.275
195.253
194.119
192.856
191.453
189.895
188.162
186.237
184.106
181.756
179.179
176.379
173.394
170.288
167.12
164.006
161.049
158.296
155.964
154.122
152.547
151.348
150.749
150.713
151.141
152.105
153.364
154.513
155.356
155.871
156.049
155.902
155.522
155.006
154.364
153.538
152.494
151.265
149.959
148.7
147.522
146.347
145.083
143.705
142.233
140.689
139.087
137.434
135.719
133.94
132.136
130.332
128.481
126.468
124.285
122.023
119.625
116.863
113.553
109.602
104.817
98.9842
92.0823
84.2914
76.1602
68.3783
255.813
255.22
254.347
253.268
252.082
250.788
249.362
247.789
246.024
243.981
241.596
238.899
236.032
233.21
230.661
228.549
226.958
225.985
225.783
226.524
228.408
231.547
235.687
240.253
244.774
249.115
253.325
257.34
260.935
263.933
266.32
268.179
269.581
270.554
271.173
271.504
271.588
271.458
271.108
270.529
269.746
268.783
267.634
266.253
264.535
262.41
259.869
256.892
253.381
249.206
244.342
238.88
232.951
226.679
220.164
213.481
206.679
199.787
192.841
185.892
179.015
172.293
165.816
159.672
153.941
148.691
143.984
139.885
136.46
133.74
131.614
129.77
127.86
125.722
123.374
120.769
117.702
114.027
109.851
105.391
100.906
96.9312
94.2962
93.715
95.5983
100.249
107.7
117.345
128.117
139.084
149.718
159.686
168.63
176.234
182.399
187.25
191.016
193.929
196.181
197.911
199.206
200.126
200.727
201.074
201.221
201.207
201.061
200.799
200.431
199.963
199.4
198.751
198.017
197.194
196.279
195.265
194.137
192.879
191.475
189.907
188.153
186.193
183.999
181.549
178.838
175.875
172.705
169.399
165.992
162.613
159.429
156.444
153.892
152.003
150.502
149.423
149.022
149.165
149.63
150.663
152.191
153.677
154.791
155.503
155.834
155.799
155.487
155.012
154.405
153.613
152.587
151.352
150.027
148.744
147.542
146.349
145.076
143.692
142.215
140.666
139.053
137.389
135.665
133.876
132.057
130.235
128.371
126.352
124.154
121.855
119.424
116.685
113.479
109.716
105.24
99.8521
93.4969
86.3089
78.7481
71.4297
257.25
256.407
255.18
253.86
252.584
251.284
249.876
248.356
246.698
244.772
242.454
239.767
236.913
234.207
231.94
230.271
229.239
228.886
229.32
230.636
232.833
235.773
239.202
242.868
246.648
250.506
254.351
257.989
261.211
263.917
266.125
267.884
269.231
270.171
270.757
271.07
271.151
271.023
270.678
270.095
269.287
268.282
267.077
265.647
263.915
261.787
259.229
256.235
252.757
248.686
243.965
238.658
232.892
226.793
220.46
213.965
207.355
200.662
193.918
187.17
180.48
173.925
167.584
161.543
155.879
150.664
145.964
141.84
138.353
135.539
133.309
131.397
129.47
127.346
125.032
122.528
119.684
116.354
112.579
108.512
104.386
100.698
98.2024
97.5717
99.2351
103.532
110.527
119.66
129.921
140.421
150.658
160.313
169.031
176.486
182.553
187.337
191.054
193.928
196.148
197.855
199.136
200.047
200.643
200.988
201.138
201.13
200.991
200.737
200.379
199.922
199.373
198.738
198.018
197.209
196.307
195.302
194.183
192.93
191.526
189.949
188.179
186.183
183.918
181.361
178.519
175.4
172.034
168.494
164.801
161.066
157.563
154.327
151.499
149.463
148.07
147.177
147.072
147.499
148.115
149.211
150.969
152.798
154.207
155.131
155.62
155.701
155.461
155.026
154.45
153.686
152.675
151.441
150.102
148.799
147.574
146.361
145.075
143.683
142.2
140.643
139.021
137.346
135.615
133.818
131.985
130.144
128.264
126.244
124.04
121.718
119.264
116.549
113.443
109.865
105.686
100.73
94.9216
88.3601
81.4103
74.6078
259.138
257.493
255.952
254.486
253.169
251.857
250.438
248.929
247.322
245.49
243.301
240.799
238.227
235.916
234.119
232.937
232.36
232.387
233.054
234.37
236.272
238.683
241.539
244.77
248.25
251.821
255.306
258.537
261.403
263.862
265.919
267.583
268.866
269.774
270.338
270.634
270.706
270.57
270.226
269.647
268.825
267.786
266.538
265.06
263.307
261.185
258.627
255.625
252.168
248.185
243.606
238.461
232.861
226.929
220.767
214.448
208.018
201.51
194.955
188.395
181.885
175.492
169.291
163.361
157.779
152.617
147.941
143.81
140.282
137.394
135.077
133.102
131.159
129.048
126.765
124.342
121.69
118.68
115.301
111.652
107.931
104.586
102.298
101.689
103.2
107.192
113.745
122.341
132.046
142.032
151.829
161.13
169.582
176.849
182.787
187.481
191.133
193.958
196.139
197.818
199.08
199.979
200.569
200.911
201.064
201.063
200.932
200.687
200.34
199.896
199.362
198.743
198.038
197.246
196.359
195.369
194.26
193.015
191.612
190.031
188.245
186.205
183.858
181.188
178.213
174.923
171.309
167.451
163.391
159.212
155.266
151.724
148.614
146.359
145.029
144.388
144.657
145.471
146.363
147.602
149.603
151.809
153.559
154.727
155.393
155.603
155.442
155.052
154.504
153.763
152.768
151.538
150.191
148.87
147.621
146.384
145.08
143.677
142.185
140.621
138.99
137.303
135.564
133.761
131.914
130.052
128.155
126.133
123.931
121.597
119.133
116.448
113.447
110.06
106.185
101.672
96.4421
90.565
84.3029
78.1125
260.413
258.477
256.842
255.354
253.997
252.643
251.213
249.712
248.118
246.345
244.342
242.192
240.094
238.267
236.863
235.941
235.503
235.558
236.124
237.211
238.831
240.989
243.636
246.648
249.844
253.046
256.12
258.977
261.554
263.81
265.722
267.276
268.475
269.337
269.883
270.167
270.236
270.095
269.743
269.163
268.333
267.27
265.986
264.469
262.688
260.566
258.018
255.02
251.585
247.682
243.25
238.285
232.867
227.111
221.12
214.971
208.716
202.388
196.018
189.642
183.31
177.083
171.029
165.222
159.736
154.642
150.005
145.885
142.337
139.392
137
134.963
133
130.904
128.654
126.303
123.818
121.101
118.112
114.902
111.631
108.688
106.674
106.155
107.576
111.301
117.411
125.434
134.529
143.949
153.258
162.16
170.302
177.339
183.11
187.687
191.256
194.02
196.155
197.799
199.038
199.922
200.502
200.842
200.998
201.006
200.885
200.651
200.317
199.888
199.371
198.77
198.085
197.312
196.445
195.472
194.38
193.146
191.749
190.168
188.363
186.268
183.834
181.054
177.932
174.426
170.486
166.189
161.638
156.926
152.422
148.447
145.05
142.591
141.269
140.899
141.595
142.934
144.225
145.744
148.057
150.69
152.835
154.289
155.155
155.505
155.433
155.09
154.571
153.849
152.867
151.642
150.293
148.958
147.685
146.421
145.096
143.678
142.175
140.601
138.961
137.263
135.516
133.708
131.849
129.966
128.049
126.025
123.833
121.501
119.042
116.398
113.504
110.307
106.728
102.645
97.991
92.8123
87.281
81.7749
261.528
259.582
257.892
256.349
254.924
253.531
252.092
250.594
249.036
247.389
245.642
243.849
242.123
240.595
239.381
238.556
238.156
238.205
238.734
239.774
241.332
243.369
245.793
248.475
251.274
254.075
256.793
259.356
261.696
263.761
265.517
266.948
268.054
268.856
269.378
269.654
269.719
269.576
269.218
268.631
267.796
266.715
265.403
263.854
262.045
259.916
257.379
254.397
250.992
247.173
242.896
238.133
232.922
227.357
221.543
215.565
209.479
203.325
197.134
190.939
184.784
178.725
172.823
167.147
161.767
156.753
152.17
148.078
144.526
141.541
139.081
136.982
134.995
132.916
130.702
128.415
126.068
123.607
120.981
118.205
115.402
112.898
111.206
110.836
112.222
115.718
121.392
128.823
137.279
146.103
154.898
163.372
171.171
177.942
183.516
187.95
191.42
194.112
196.194
197.798
199.009
199.875
200.446
200.783
200.943
200.96
200.85
200.63
200.311
199.9
199.403
198.821
198.157
197.407
196.563
195.613
194.54
193.321
191.937
190.361
188.535
186.382
183.868
180.981
177.684
173.902
169.573
164.75
159.587
154.249
149.098
144.558
140.821
138.208
136.93
136.857
138.043
139.992
141.776
143.688
146.411
149.515
152.087
153.848
154.924
155.417
155.432
155.137
154.642
153.933
152.961
151.745
150.398
149.053
147.758
146.468
145.121
143.686
142.171
140.587
138.938
137.23
135.476
133.664
131.795
129.894
127.958
125.932
123.755
121.437
118.997
116.4
113.605
110.579
107.258
103.546
99.3971
94.8367
89.9797
85.1243
262.481
260.581
258.862
257.29
255.84
254.435
253.007
251.551
250.083
248.583
247.031
245.458
243.955
242.64
241.615
240.945
240.662
240.788
241.35
242.36
243.789
245.591
247.702
250.034
252.49
254.979
257.415
259.721
261.832
263.701
265.297
266.601
267.613
268.351
268.841
269.102
269.162
269.018
268.65
268.055
267.217
266.127
264.795
263.223
261.39
259.25
256.725
253.768
250.404
246.674
242.56
238.018
233.04
227.688
222.061
216.251
210.33
204.342
198.322
192.301
186.321
180.428
174.681
169.142
163.879
158.958
154.444
150.395
146.854
143.841
141.321
139.162
137.149
135.086
132.913
130.685
128.453
126.207
123.905
121.538
119.196
117.144
115.806
115.633
117.033
120.331
125.579
132.418
140.228
148.449
156.718
164.747
172.176
178.65
183.998
188.267
191.619
194.23
196.252
197.813
198.993
199.839
200.398
200.731
200.897
200.924
200.828
200.624
200.323
199.933
199.457
198.899
198.258
197.533
196.715
195.793
194.744
193.546
192.182
190.616
188.767
186.563
183.977
180.976
177.464
173.335
168.542
163.112
157.208
151.1
145.188
139.955
135.788
133.044
131.852
132.14
133.977
136.662
139.04
141.435
144.666
148.299
151.325
153.411
154.702
155.335
155.437
155.189
154.714
154.015
153.051
151.845
150.505
149.154
147.838
146.523
145.153
143.702
142.174
140.58
138.922
137.206
135.444
133.63
131.754
129.837
127.885
125.857
123.697
121.402
118.99
116.445
113.744
110.868
107.763
104.363
100.638
96.5971
92.3292
88.0437
263.318
261.484
259.799
258.242
256.787
255.386
253.996
252.607
251.218
249.816
248.404
247.025
245.757
244.676
243.846
243.311
243.107
243.261
243.789
244.69
245.948
247.537
249.403
251.47
253.65
255.861
258.021
260.066
261.945
263.619
265.056
266.238
267.159
267.831
268.281
268.522
268.567
268.417
268.045
267.436
266.59
265.499
264.159
262.574
260.732
258.591
256.086
253.168
249.862
246.228
242.281
237.97
233.246
228.129
222.7
217.06
211.296
205.465
199.605
193.75
187.937
182.208
176.616
171.22
166.082
161.265
156.832
152.837
149.317
146.288
143.718
141.502
139.46
137.413
135.283
133.115
130.981
128.913
126.888
124.887
122.976
121.363
120.39
120.443
121.89
125.016
129.859
136.123
143.306
150.938
158.687
166.262
173.301
179.454
184.55
188.632
191.851
194.369
196.326
197.84
198.986
199.81
200.357
200.687
200.858
200.896
200.817
200.632
200.352
199.986
199.536
199.003
198.389
197.692
196.904
196.012
194.992
193.823
192.489
190.936
189.069
186.826
184.173
181.035
177.268
172.738
167.395
161.241
154.442
147.398
140.601
134.587
129.944
127.095
126.01
126.69
129.334
132.938
136.033
139.011
142.849
147.068
150.568
152.985
154.492
155.261
155.446
155.243
154.786
154.093
153.137
151.944
150.614
149.258
147.924
146.585
145.193
143.725
142.184
140.579
138.913
137.19
135.422
133.605
131.725
129.797
127.83
125.799
123.658
121.392
119.017
116.527
113.913
111.164
108.24
105.095
101.709
98.0883
94.3025
90.479
264.113
262.378
260.753
259.227
257.788
256.412
255.062
253.722
252.398
251.1
249.844
248.654
247.573
246.651
245.944
245.5
245.354
245.522
246.014
246.834
247.973
249.393
251.039
252.847
254.749
256.673
258.557
260.353
262.021
263.517
264.809
265.873
266.699
267.297
267.69
267.898
267.927
267.767
267.392
266.778
265.927
264.839
263.505
261.922
260.084
257.964
255.503
252.653
249.43
245.906
242.124
238.04
233.576
228.705
223.486
218.021
212.408
206.722
201.011
195.31
189.656
184.086
178.648
173.397
168.39
163.685
159.341
155.407
151.917
148.883
146.274
144.006
141.932
139.895
137.811
135.704
133.659
131.736
129.937
128.249
126.719
125.509
124.885
125.169
126.68
129.654
134.12
139.851
146.451
153.526
160.772
167.894
174.53
180.34
185.162
189.038
192.111
194.527
196.413
197.875
198.986
199.787
200.321
200.649
200.824
200.876
200.814
200.651
200.397
200.06
199.639
199.135
198.551
197.885
197.13
196.274
195.287
194.156
192.86
191.324
189.452
187.185
184.462
181.162
177.102
172.121
166.13
159.09
151.216
143.088
135.324
128.515
123.421
120.518
119.579
120.676
124.213
128.857
132.778
136.457
141.002
145.855
149.839
152.585
154.301
155.198
155.461
155.301
154.859
154.17
153.221
152.042
150.723
149.366
148.015
146.652
145.239
143.754
142.2
140.585
138.912
137.182
135.408
133.589
131.709
129.773
127.796
125.762
123.638
121.404
119.07
116.637
114.102
111.461
108.687
105.748
102.627
99.3338
95.9144
92.4526
264.891
263.235
261.668
260.184
258.775
257.424
256.114
254.837
253.602
252.415
251.282
250.223
249.276
248.489
247.906
247.561
247.472
247.654
248.12
248.869
249.878
251.108
252.519
254.069
255.703
257.366
259.013
260.598
262.075
263.404
264.55
265.493
266.224
266.747
267.081
267.239
267.231
267.054
266.681
266.078
265.232
264.15
262.83
261.267
259.456
257.378
254.992
252.253
249.161
245.776
242.158
238.284
234.063
229.438
224.434
219.147
213.686
208.138
202.565
197.008
191.502
186.085
180.799
175.692
170.818
166.228
161.977
158.108
154.654
151.623
148.984
146.668
144.559
142.528
140.488
138.448
136.488
134.684
133.063
131.628
130.418
129.553
129.24
129.738
131.31
134.148
138.278
143.535
149.612
156.177
162.944
169.619
175.842
181.292
185.823
189.478
192.392
194.697
196.507
197.915
198.989
199.766
200.288
200.612
200.795
200.86
200.819
200.681
200.456
200.152
199.766
199.295
198.744
198.113
197.396
196.578
195.631
194.548
193.296
191.786
189.925
187.647
184.853
181.375
176.992
171.492
164.715
156.608
147.5
138.193
129.461
121.932
116.47
113.566
112.822
114.395
118.86
124.555
129.357
133.844
139.187
144.707
149.168
152.226
154.136
155.151
155.488
155.366
154.938
154.25
153.307
152.14
150.833
149.475
148.109
146.724
145.29
143.79
142.224
140.6
138.918
137.183
135.403
133.581
131.703
129.764
127.78
125.745
123.636
121.436
119.145
116.768
114.305
111.755
109.103
106.328
103.416
100.376
97.2277
94.0461
265.655
264.083
262.584
261.153
259.786
258.478
257.222
256.014
254.853
253.749
252.713
251.771
250.952
250.287
249.801
249.519
249.461
249.642
250.062
250.709
251.565
252.613
253.825
255.158
256.565
258.002
259.428
260.805
262.091
263.252
264.255
265.08
265.718
266.169
266.447
266.565
266.523
266.313
265.92
265.319
264.489
263.428
262.137
260.61
258.846
256.837
254.554
251.96
249.045
245.844
242.407
238.724
234.718
230.318
225.527
220.425
215.121
209.714
204.275
198.854
193.49
188.218
183.077
178.11
173.365
168.889
164.731
160.931
157.52
154.5
151.84
149.482
147.337
145.305
143.307
141.336
139.459
137.757
136.274
135.033
134.075
133.488
133.429
134.103
135.723
138.438
142.283
147.138
152.759
158.861
165.177
171.411
177.216
182.294
186.521
189.944
192.689
194.876
196.603
197.954
198.989
199.742
200.252
200.575
200.765
200.846
200.827
200.718
200.527
200.261
199.913
199.48
198.968
198.376
197.701
196.924
196.024
194.996
193.795
192.325
190.497
188.22
185.356
181.701
176.969
170.85
163.118
153.771
143.349
132.879
123.268
115.18
109.475
106.595
106.072
108.193
113.581
120.239
125.91
131.289
137.493
143.681
148.589
151.93
154.012
155.132
155.534
155.446
155.027
154.338
153.398
152.242
150.945
149.586
148.207
146.802
145.348
143.833
142.256
140.622
138.933
137.192
135.406
133.581
131.704
129.768
127.781
125.747
123.653
121.484
119.237
116.915
114.518
112.044
109.492
106.845
104.099
101.253
98.3159
95.3591
266.423
264.929
263.496
262.125
260.816
259.565
258.369
257.226
256.141
255.124
254.189
253.351
252.628
252.042
251.616
251.373
251.325
251.476
251.825
252.369
253.103
254.002
255.033
256.159
257.348
258.569
259.786
260.963
262.064
263.061
263.928
264.642
265.191
265.57
265.786
265.854
265.78
265.553
265.151
264.551
263.733
262.691
261.429
259.948
258.244
256.316
254.152
251.727
249.017
246.031
242.795
239.302
235.49
231.295
226.709
221.798
216.665
211.411
206.115
200.834
195.611
190.481
185.481
180.652
176.036
171.677
167.617
163.893
160.529
157.526
154.85
152.453
150.27
148.228
146.263
144.361
142.567
140.956
139.582
138.485
137.71
137.328
137.458
138.263
139.91
142.521
146.131
150.651
155.877
161.56
167.446
173.246
178.628
183.326
187.241
190.425
192.995
195.057
196.697
197.987
198.981
199.709
200.208
200.531
200.731
200.83
200.837
200.76
200.607
200.382
200.077
199.689
199.221
198.673
198.043
197.311
196.465
195.499
194.356
192.944
191.169
188.907
185.992
182.17
177.047
170.186
161.333
150.641
138.943
127.456
117.153
108.71
102.894
100.033
99.7333
102.463
108.703
116.155
122.631
128.944
136.023
142.841
148.14
151.72
153.946
155.152
155.607
155.545
155.13
154.438
153.498
152.348
151.059
149.699
148.308
146.884
145.412
143.882
142.294
140.652
138.956
137.208
135.417
133.587
131.712
129.78
127.796
125.766
123.685
121.546
119.342
117.073
114.737
112.332
109.86
107.311
104.689
101.989
99.2213
96.4326
267.142
265.727
264.368
263.065
261.819
260.628
259.494
258.419
257.41
256.473
255.618
254.856
254.203
253.679
253.301
253.079
253.022
253.137
253.43
253.895
254.513
255.261
256.116
257.057
258.054
259.076
260.094
261.078
262.004
262.845
263.577
264.18
264.64
264.95
265.11
265.124
265
264.738
264.326
263.737
262.945
261.937
260.716
259.287
257.65
255.806
253.756
251.487
248.981
246.219
243.194
239.889
236.261
232.262
227.886
223.183
218.245
213.168
208.034
202.906
197.83
192.846
187.99
183.299
178.814
174.573
170.613
166.965
163.648
160.659
157.971
155.54
153.322
151.268
149.33
147.491
145.781
144.256
142.973
141.983
141.337
141.097
141.359
142.252
143.908
146.43
149.847
154.082
158.957
164.251
169.726
175.095
180.051
184.367
187.97
190.914
193.304
195.236
196.784
198.01
198.958
199.659
200.147
200.473
200.686
200.807
200.844
200.802
200.691
200.512
200.255
199.916
199.498
199.001
198.419
197.737
196.951
196.049
194.974
193.64
191.936
189.712
186.78
182.804
177.224
169.489
159.405
147.38
134.574
122.316
111.566
102.975
97.1528
94.3033
94.2378
97.5996
104.541
112.558
119.742
126.983
134.892
142.254
147.863
151.622
153.953
155.223
155.715
155.669
155.254
154.554
153.609
152.463
151.178
149.816
148.412
146.97
145.481
143.938
142.34
140.689
138.985
137.231
135.435
133.601
131.726
129.799
127.821
125.797
123.731
121.618
119.454
117.235
114.957
112.617
110.213
107.742
105.211
102.619
99.9677
97.2856
267.856
266.517
265.228
263.992
262.809
261.682
260.614
259.607
258.665
257.796
257.006
256.307
255.712
255.232
254.878
254.66
254.59
254.672
254.902
255.27
255.767
256.376
257.08
257.854
258.674
259.515
260.352
261.164
261.927
262.619
263.218
263.709
264.079
264.317
264.422
264.391
264.226
263.924
263.477
262.873
262.095
261.127
259.962
258.601
257.043
255.291
253.346
251.208
248.866
246.297
243.472
240.357
236.914
233.113
228.954
224.48
219.768
214.904
209.966
205.02
200.114
195.292
190.59
186.046
181.697
177.58
173.724
170.154
166.884
163.91
161.211
158.752
156.504
154.436
152.516
150.729
149.093
147.647
146.445
145.539
144.984
144.837
145.183
146.129
147.781
150.22
153.463
157.437
161.985
166.912
171.987
176.928
181.46
185.398
188.694
191.4
193.611
195.41
196.861
198.016
198.915
199.584
200.06
200.39
200.621
200.769
200.841
200.841
200.777
200.646
200.44
200.156
199.793
199.352
198.823
198.195
197.472
196.639
195.643
194.403
192.789
190.637
187.729
183.604
177.487
168.765
157.432
144.218
130.572
117.845
106.908
98.3368
92.5716
89.7568
89.9764
93.9461
101.36
109.686
117.471
125.581
134.21
141.982
147.791
151.657
154.048
155.352
155.863
155.822
155.4
154.689
153.737
152.589
151.303
149.936
148.52
147.061
145.556
144
142.391
140.731
139.021
137.261
135.46
133.622
131.745
129.823
127.852
125.838
123.786
121.697
119.568
117.394
115.171
112.892
110.553
108.15
105.694
103.187
100.617
98.0237
268.483
267.206
265.981
264.805
263.682
262.613
261.601
260.649
259.764
258.951
258.216
257.567
257.013
256.561
256.222
256.005
255.915
255.952
256.114
256.399
256.796
257.291
257.865
258.502
259.179
259.873
260.563
261.226
261.842
262.394
262.869
263.256
263.543
263.721
263.781
263.712
263.511
263.179
262.706
262.08
261.294
260.34
259.213
257.91
256.431
254.771
252.928
250.898
248.676
246.243
243.566
240.61
237.337
233.726
229.783
225.545
221.074
216.443
211.726
206.983
202.268
197.623
193.088
188.699
184.491
180.495
176.738
173.239
170.008
167.046
164.337
161.86
159.592
157.514
155.607
153.862
152.287
150.913
149.781
148.944
148.453
148.371
148.771
149.744
151.376
153.73
156.81
160.547
164.803
169.395
174.092
178.629
182.765
186.357
189.372
191.86
193.901
195.568
196.92
198.001
198.847
199.482
199.941
200.276
200.527
200.708
200.821
200.867
200.854
200.775
200.622
200.393
200.089
199.706
199.232
198.661
198.001
197.236
196.325
195.188
193.683
191.644
188.802
184.523
177.804
168.062
155.598
141.472
127.331
114.459
103.575
95.1296
89.4531
86.7412
87.3137
91.7814
99.3826
107.787
116.056
124.903
134.071
142.073
147.949
151.839
154.236
155.542
156.052
156.005
155.57
154.844
153.881
152.726
151.436
150.061
148.631
147.156
145.635
144.066
142.447
140.778
139.06
137.295
135.489
133.648
131.77
129.851
127.889
125.886
123.848
121.78
119.68
117.546
115.371
113.147
110.87
108.532
106.149
103.721
101.226
98.7122
269.077
267.874
266.719
265.61
264.548
263.537
262.581
261.681
260.844
260.073
259.375
258.757
258.227
257.791
257.457
257.229
257.11
257.102
257.206
257.415
257.72
258.109
258.569
259.081
259.626
260.184
260.734
261.256
261.735
262.158
262.516
262.799
262.997
263.102
263.106
263.004
262.787
262.439
261.946
261.301
260.503
259.555
258.453
257.193
255.775
254.197
252.452
250.529
248.416
246.096
243.544
240.726
237.61
234.18
230.446
226.442
222.219
217.839
213.362
208.845
204.339
199.886
195.526
191.294
187.223
183.343
179.677
176.242
173.052
170.11
167.409
164.934
162.668
160.601
158.717
157.01
155.488
154.172
153.101
152.321
151.884
151.847
152.277
153.25
154.841
157.096
160.013
163.525
167.503
171.768
176.094
180.237
183.998
187.267
190.024
192.308
194.185
195.719
196.964
197.962
198.745
199.339
199.781
200.118
200.393
200.613
200.775
200.876
200.918
200.896
200.8
200.628
200.384
200.062
199.644
199.133
198.535
197.837
197.015
195.986
194.612
192.724
189.977
185.526
178.155
167.416
154.013
139.297
124.992
112.253
101.598
93.3556
87.8294
85.3169
86.276
91.0634
98.5814
106.91
115.572
124.99
134.483
142.524
148.334
152.161
154.517
155.796
156.288
156.222
155.767
155.022
154.044
152.879
151.579
150.192
148.747
147.255
145.72
144.137
142.507
140.829
139.103
137.333
135.523
133.679
131.8
129.884
127.929
125.938
123.916
121.867
119.792
117.691
115.557
113.382
111.158
108.881
106.569
104.217
101.782
99.3275
269.747
268.608
267.513
266.462
265.457
264.5
263.597
262.75
261.963
261.241
260.587
260.008
259.508
259.09
258.758
258.517
258.369
258.313
258.348
258.469
258.67
258.941
259.269
259.64
260.039
260.448
260.85
261.231
261.579
261.881
262.123
262.297
262.392
262.403
262.326
262.158
261.895
261.531
261.046
260.418
259.636
258.704
257.628
256.408
255.042
253.53
251.866
250.039
248.034
245.833
243.412
240.743
237.8
234.57
231.06
227.301
223.338
219.225
215.013
210.753
206.489
202.261
198.107
194.061
190.154
186.415
182.867
179.528
176.41
173.518
170.848
168.392
166.142
164.088
162.222
160.542
159.054
157.78
156.75
156.004
155.59
155.561
155.982
156.919
158.434
160.563
163.298
166.569
170.251
174.166
178.098
181.838
185.229
188.187
190.695
192.777
194.485
195.875
196.998
197.891
198.589
199.123
199.536
199.878
200.184
200.458
200.685
200.855
200.963
201.005
200.974
200.869
200.69
200.429
200.071
199.622
199.083
198.452
197.72
196.806
195.585
193.881
191.242
186.59
178.531
166.881
152.815
137.888
123.758
111.393
101.113
93.1902
87.9435
85.7207
86.9985
91.838
99.0232
107.19
116.156
125.943
135.502
143.359
148.96
152.645
154.911
156.131
156.581
156.483
156
155.231
154.232
153.051
151.737
150.333
148.87
147.361
145.81
144.214
142.571
140.883
139.149
137.373
135.56
133.713
131.834
129.921
127.973
125.994
123.987
121.956
119.903
117.83
115.731
113.596
111.418
109.195
106.95
104.662
102.272
99.8772
270.384
269.328
268.316
267.344
266.413
265.525
264.684
263.893
263.157
262.478
261.86
261.307
260.822
260.406
260.065
259.798
259.607
259.49
259.446
259.473
259.564
259.71
259.904
260.134
260.388
260.653
260.916
261.165
261.385
261.563
261.688
261.751
261.745
261.662
261.498
261.252
260.923
260.508
259.997
259.376
258.63
257.747
256.718
255.547
254.236
252.786
251.193
249.452
247.547
245.463
243.178
240.671
237.922
234.92
231.669
228.189
224.517
220.695
216.769
212.784
208.781
204.8
200.875
197.038
193.32
189.745
186.336
183.107
180.069
177.232
174.597
172.164
169.929
167.889
166.041
164.385
162.924
161.676
160.666
159.929
159.511
159.464
159.844
160.711
162.121
164.099
166.624
169.622
172.971
176.503
180.032
183.384
186.435
189.113
191.391
193.277
194.81
196.042
197.021
197.785
198.365
198.802
199.156
199.492
199.841
200.194
200.518
200.784
200.978
201.091
201.129
201.098
200.993
200.796
200.495
200.101
199.612
199.039
198.387
197.581
196.513
194.995
192.448
187.564
178.881
166.581
152.284
137.616
124.003
112.22
102.463
95.0225
90.1795
88.2263
89.5924
94.1495
100.834
108.819
117.969
127.849
137.154
144.589
149.843
153.306
155.43
156.553
156.937
156.793
156.274
155.474
154.448
153.244
151.909
150.485
149.002
147.474
145.905
144.294
142.638
140.939
139.197
137.415
135.598
133.75
131.871
129.961
128.02
126.052
124.06
122.045
120.013
117.965
115.896
113.794
111.652
109.477
107.296
105.064
102.713
100.387
271.047
270.078
269.143
268.242
267.379
266.555
265.773
265.037
264.347
263.707
263.118
262.582
262.102
261.68
261.317
261.015
260.773
260.591
260.466
260.396
260.374
260.397
260.458
260.548
260.659
260.781
260.902
261.013
261.102
261.158
261.173
261.137
261.041
260.881
260.651
260.348
259.965
259.497
258.938
258.283
257.525
256.655
255.668
254.555
253.311
251.934
250.421
248.769
246.97
245.01
242.873
240.544
238.009
235.26
232.299
229.139
225.801
222.315
218.717
215.043
211.33
207.615
203.931
200.308
196.774
193.356
190.075
186.95
183.999
181.233
178.66
176.283
174.102
172.114
170.314
168.697
167.263
166.026
165.009
164.246
163.78
163.66
163.943
164.682
165.917
167.656
169.876
172.514
175.467
178.599
181.756
184.79
187.579
190.039
192.125
193.83
195.182
196.232
197.032
197.626
198.049
198.347
198.595
198.884
199.269
199.732
200.202
200.615
200.933
201.141
201.253
201.292
201.261
201.128
200.878
200.519
200.054
199.512
198.902
198.156
197.178
195.766
193.206
188.085
179.068
166.638
152.684
138.793
126.02
115.012
105.933
99.0876
94.6178
92.7385
93.8849
97.9197
104.089
111.896
121.029
130.64
139.348
146.149
150.947
154.118
156.053
157.051
157.353
157.152
156.588
155.747
154.686
153.451
152.089
150.64
149.136
147.588
146.001
144.374
142.704
140.994
139.243
137.456
135.635
133.785
131.907
130
128.066
126.109
124.13
122.131
120.117
118.092
116.048
113.969
111.856
109.724
107.601
105.416
103.098
100.844
271.553
270.677
269.834
269.022
268.241
267.492
266.778
266.099
265.459
264.858
264.299
263.782
263.31
262.885
262.505
262.174
261.888
261.648
261.45
261.291
261.167
261.072
261.002
260.949
260.909
260.875
260.84
260.796
260.736
260.652
260.537
260.385
260.189
259.945
259.645
259.285
258.858
258.358
257.779
257.108
256.339
255.469
254.493
253.408
252.21
250.896
249.46
247.897
246.203
244.37
242.393
240.261
237.966
235.504
232.871
230.073
227.119
224.028
220.821
217.525
214.169
210.783
207.396
204.039
200.741
197.529
194.43
191.466
188.656
186.017
183.558
181.284
179.189
177.263
175.495
173.881
172.423
171.129
170.016
169.112
168.463
168.123
168.147
168.58
169.46
170.808
172.621
174.859
177.439
180.245
183.147
185.999
188.655
190.994
192.946
194.491
195.657
196.492
197.053
197.396
197.577
197.667
197.76
197.965
198.362
198.949
199.625
200.258
200.762
201.117
201.335
201.447
201.472
201.388
201.174
200.817
200.331
199.763
199.113
198.298
197.222
195.63
192.731
187.37
178.633
166.9
154.012
141.414
129.797
119.727
111.409
105.09
100.792
98.7569
99.4919
102.97
108.711
116.28
125.086
134.031
141.863
147.906
152.19
155.034
156.758
157.618
157.824
157.551
156.928
156.038
154.933
153.66
152.267
150.793
149.266
147.699
146.094
144.45
142.766
141.045
139.286
137.493
135.669
133.817
131.939
130.036
128.109
126.161
124.194
122.207
120.21
118.207
116.184
114.12
112.026
109.933
107.862
105.713
103.428
101.253
271.968
271.194
270.438
269.703
268.991
268.303
267.642
267.008
266.404
265.832
265.291
264.784
264.31
263.87
263.464
263.092
262.752
262.444
262.165
261.914
261.687
261.481
261.294
261.122
260.96
260.802
260.644
260.479
260.299
260.099
259.872
259.612
259.315
258.976
258.589
258.15
257.653
257.09
256.456
255.747
254.959
254.089
253.133
252.09
250.956
249.725
248.392
246.953
245.402
243.733
241.939
240.017
237.96
235.768
233.439
230.978
228.391
225.69
222.887
220
217.047
214.05
211.032
208.02
205.038
202.114
199.273
196.54
193.934
191.472
189.164
187.006
184.986
183.091
181.308
179.626
178.044
176.57
175.224
174.036
173.04
172.282
171.822
171.738
172.109
172.999
174.428
176.363
178.717
181.379
184.214
187.063
189.74
192.078
193.97
195.384
196.352
196.928
197.169
197.133
196.897
196.585
196.375
196.447
196.892
197.672
198.639
199.582
200.356
200.93
201.325
201.559
201.637
201.563
201.336
200.933
200.367
199.681
198.843
197.724
196.172
193.774
189.81
184.057
176.554
166.964
156.245
145.503
135.361
126.287
118.664
112.651
108.305
105.986
106.274
109.26
114.595
121.725
129.82
137.757
144.551
149.793
153.549
156.055
157.553
158.253
158.344
157.985
157.292
156.34
155.182
153.867
152.441
150.941
149.392
147.804
146.18
144.52
142.824
141.092
139.325
137.527
135.699
133.846
131.969
130.068
128.147
126.21
124.254
122.276
120.294
118.311
116.305
114.25
112.17
110.113
108.089
105.964
103.715
101.64
272.026
271.352
270.697
270.061
269.44
268.835
268.248
267.681
267.135
266.612
266.11
265.63
265.17
264.731
264.312
263.912
263.53
263.167
262.821
262.49
262.173
261.867
261.571
261.28
260.993
260.706
260.415
260.116
259.806
259.48
259.134
258.765
258.368
257.94
257.477
256.975
256.427
255.831
255.18
254.471
253.699
252.86
251.949
250.963
249.898
248.75
247.514
246.189
244.77
243.253
241.634
239.911
238.08
236.139
234.088
231.93
229.669
227.311
224.866
222.346
219.762
217.131
214.468
211.791
209.125
206.496
203.933
201.461
199.105
196.88
194.787
192.812
190.929
189.105
187.317
185.545
183.782
182.032
180.311
178.653
177.11
175.75
174.658
173.924
173.655
173.966
174.947
176.622
178.938
181.761
184.885
188.056
191.015
193.533
195.465
196.774
197.505
197.727
197.506
196.905
195.993
194.927
194.011
193.669
194.183
195.425
196.978
198.438
199.608
200.486
201.133
201.569
201.757
201.681
201.363
200.832
200.116
199.206
197.992
196.292
193.839
189.927
183.994
177.458
172.38
167.13
159.965
151.521
142.889
134.603
127.425
121.46
116.927
114.283
114.125
116.605
121.382
127.767
134.828
141.578
147.311
151.775
155.011
157.168
158.42
158.942
158.902
158.443
157.668
156.645
155.429
154.069
152.608
151.082
149.51
147.902
146.26
144.584
142.876
141.134
139.361
137.557
135.726
133.872
131.995
130.096
128.18
126.252
124.306
122.338
120.371
118.407
116.415
114.362
112.294
110.271
108.293
106.185
103.973
102.005
271.945
271.381
270.818
270.258
269.703
269.156
268.617
268.089
267.572
267.067
266.574
266.093
265.625
265.169
264.726
264.295
263.876
263.47
263.074
262.689
262.313
261.944
261.582
261.223
260.866
260.508
260.147
259.779
259.4
259.008
258.597
258.165
257.708
257.222
256.705
256.151
255.56
254.926
254.247
253.518
252.735
251.896
250.996
250.035
249.01
247.919
246.759
245.527
244.22
242.833
241.364
239.807
238.16
236.421
234.587
232.66
230.643
228.54
226.356
224.098
221.775
219.399
216.983
214.541
212.092
209.663
207.292
205.024
202.899
200.936
199.12
197.413
195.758
194.101
192.393
190.6
188.697
186.677
184.551
182.351
180.141
178.016
176.091
174.487
173.365
172.924
173.352
174.775
177.234
180.623
184.616
188.725
192.46
195.47
197.601
198.87
199.35
199.111
198.217
196.717
194.706
192.448
190.43
189.334
189.798
191.784
194.425
196.805
198.59
199.88
200.831
201.484
201.8
201.739
201.316
200.626
199.725
198.54
196.91
194.662
191.514
186.571
179.202
172.096
169.674
169.476
165.731
159.015
151.099
143.055
135.85
129.686
124.891
121.942
121.38
123.33
127.427
132.944
138.988
144.727
149.626
153.484
156.299
158.16
159.195
159.558
159.4
158.848
157.994
156.905
155.635
154.236
152.747
151.198
149.606
147.98
146.323
144.635
142.916
141.167
139.388
137.58
135.747
133.892
132.016
130.119
128.209
126.287
124.346
122.385
120.434
118.492
116.51
114.451
112.392
110.406
108.474
106.375
104.22
102.36
271.759
271.24
270.723
270.209
269.697
269.189
268.685
268.186
267.693
267.207
266.729
266.259
265.798
265.345
264.9
264.464
264.035
263.613
263.197
262.787
262.381
261.979
261.58
261.181
260.781
260.378
259.968
259.551
259.123
258.682
258.225
257.75
257.254
256.735
256.188
255.612
255
254.352
253.665
252.935
252.16
251.337
250.462
249.531
248.542
247.491
246.378
245.199
243.955
242.643
241.261
239.808
238.281
236.675
234.991
233.227
231.383
229.46
227.459
225.38
223.224
220.995
218.706
216.375
214.027
211.694
209.425
207.289
205.354
203.65
202.14
200.742
199.358
197.904
196.324
194.569
192.601
190.401
187.963
185.28
182.389
179.391
176.43
173.712
171.545
170.273
170.183
171.492
174.298
178.47
183.592
188.975
193.826
197.57
200.045
201.382
201.728
201.139
199.577
196.918
193.196
188.924
185.207
183.373
184.257
187.489
191.554
195.041
197.539
199.285
200.558
201.451
201.898
201.819
201.293
200.48
199.411
197.993
196.092
193.591
190.291
185.408
178.3
171.804
171.168
174.138
172.411
166.293
158.318
150.195
142.674
136.212
131.114
127.874
126.95
128.417
131.898
136.685
141.953
146.984
151.322
154.765
157.281
158.923
159.796
160.039
159.789
159.162
158.242
157.099
155.789
154.361
152.85
151.284
149.677
148.039
146.37
144.673
142.946
141.191
139.407
137.596
135.762
133.908
132.031
130.137
128.232
126.318
124.38
122.42
120.482
118.563
116.59
114.519
112.469
110.523
108.632
106.54
104.465
102.737
271.586
271.122
270.65
270.174
269.695
269.215
268.735
268.255
267.778
267.304
266.834
266.369
265.908
265.451
264.999
264.551
264.107
263.668
263.234
262.804
262.376
261.951
261.526
261.099
260.671
260.237
259.798
259.351
258.894
258.425
257.941
257.44
256.92
256.379
255.813
255.221
254.598
253.944
253.253
252.524
251.753
250.936
250.071
249.156
248.188
247.166
246.088
244.955
243.764
242.515
241.207
239.838
238.408
236.913
235.353
233.725
232.027
230.257
228.41
226.479
224.454
222.326
220.087
217.757
215.379
213.01
210.739
208.685
206.953
205.564
204.442
203.448
202.422
201.24
199.828
198.136
196.122
193.768
191.033
187.88
184.343
180.476
176.322
172.105
168.352
165.726
164.835
166.159
169.813
175.392
182.148
189.128
195.288
199.89
202.792
204.289
204.689
204.064
202.13
198.346
192.433
185.12
178.546
175.389
177.061
182.373
188.513
193.385
196.632
198.797
200.339
201.433
202.016
201.962
201.367
200.42
199.179
197.597
195.575
193.027
189.901
185.697
179.841
174.761
175.036
179.328
178.938
172.836
164.699
156.346
148.447
141.606
136.151
132.59
131.303
132.324
135.272
139.471
144.159
148.686
152.626
155.769
158.057
159.527
160.275
160.423
160.097
159.405
158.432
157.247
155.906
154.455
152.928
151.349
149.731
148.083
146.406
144.701
142.968
141.209
139.421
137.608
135.774
133.921
132.045
130.151
128.249
126.341
124.407
122.449
120.523
118.623
116.654
114.569
112.528
110.625
108.768
106.688
104.708
103.133
271.404
270.972
270.535
270.093
269.646
269.195
268.741
268.284
267.824
267.363
266.901
266.439
265.978
265.519
265.061
264.605
264.149
263.695
263.242
262.792
262.345
261.899
261.456
261.011
260.565
260.114
259.658
259.193
258.72
258.234
257.734
257.218
256.683
256.127
255.548
254.943
254.309
253.645
252.947
252.215
251.444
250.632
249.777
248.874
247.924
246.924
245.875
244.776
243.628
242.428
241.177
239.874
238.52
237.115
235.658
234.147
232.578
230.943
229.235
227.436
225.533
223.5
221.302
218.925
216.405
213.839
211.42
209.387
207.891
206.912
206.284
205.785
205.197
204.355
203.153
201.521
199.487
197.055
194.066
190.429
186.259
181.548
176.114
170.081
164.101
159.232
156.835
158.109
163.164
171.032
180.295
189.416
197.028
202.398
205.609
207.19
207.742
207.449
205.633
201.231
193.435
183.206
173.733
168.853
170.728
177.697
185.757
192
195.972
198.479
200.243
201.532
202.22
202.175
201.511
200.423
199.055
197.405
195.349
192.841
189.971
186.481
181.766
177.893
178.526
183.102
183.757
178.015
170.045
161.461
153.276
146.009
140.176
136.275
134.642
135.276
137.794
141.545
145.809
149.973
153.625
156.543
158.657
159.996
160.645
160.717
160.329
159.585
158.571
157.355
155.992
154.525
152.986
151.397
149.771
148.116
146.432
144.721
142.984
141.221
139.431
137.617
135.784
133.931
132.056
130.163
128.265
126.36
124.425
122.469
120.56
118.681
116.707
114.601
112.571
110.711
108.878
106.816
104.946
103.521
271.311
270.906
270.487
270.058
269.621
269.177
268.728
268.274
267.817
267.357
266.897
266.436
265.975
265.515
265.056
264.598
264.141
263.685
263.228
262.771
262.313
261.856
261.398
260.939
260.478
260.012
259.542
259.064
258.576
258.078
257.566
257.039
256.494
255.929
255.341
254.728
254.086
253.416
252.715
251.983
251.217
250.414
249.571
248.685
247.754
246.777
245.754
244.685
243.569
242.408
241.204
239.957
238.668
237.34
235.973
234.566
233.113
231.604
230.022
228.338
226.528
224.555
222.372
219.934
217.191
214.258
211.531
209.446
208.209
207.735
207.715
207.781
207.647
207.189
206.249
204.674
202.645
200.24
197.086
193.042
188.364
182.917
176.275
168.408
159.753
151.614
146.788
147.82
154.506
165.135
177.574
189.472
198.854
204.95
208.201
209.638
210.255
210.367
208.843
204.079
194.991
183.269
172.498
166.565
167.996
175.332
184.213
191.193
195.585
198.294
200.246
201.724
202.535
202.517
201.764
200.54
199.074
197.364
195.289
192.864
190.236
187.332
183.48
180.235
180.839
185.315
186.665
181.832
174.238
165.637
157.242
149.567
143.355
139.113
137.167
137.482
139.665
143.081
147.034
150.934
154.372
157.122
159.107
160.347
160.921
160.933
160.496
159.714
158.67
157.432
156.054
154.576
153.028
151.432
149.801
148.139
146.45
144.735
142.995
141.229
139.438
137.624
135.791
133.939
132.064
130.172
128.279
126.378
124.438
122.48
120.589
118.736
116.758
114.625
112.6
110.779
108.963
106.919
105.171
103.868
271.188
270.798
270.403
270
269.588
269.167
268.737
268.3
267.855
267.404
266.949
266.49
266.027
265.56
265.091
264.619
264.146
263.673
263.202
262.732
262.266
261.801
261.337
260.871
260.403
259.929
259.448
258.96
258.464
257.957
257.439
256.906
256.357
255.788
255.197
254.583
253.942
253.273
252.575
251.845
251.082
250.282
249.444
248.565
247.644
246.679
245.671
244.62
243.528
242.395
241.224
240.018
238.778
237.51
236.216
234.9
233.558
232.184
230.747
229.204
227.51
225.56
223.322
220.765
217.691
214.245
211.121
208.984
208.083
208.229
208.947
209.656
209.936
209.779
209.057
207.57
205.663
203.289
199.962
195.755
190.925
185.064
177.753
168.858
157.874
145.935
138.081
138.617
146.355
159.13
174.42
189.006
200.161
206.957
209.93
211.09
211.77
211.871
210.291
205.063
195.619
184.059
173.44
167.33
168.302
175.145
183.826
190.89
195.432
198.26
200.343
201.964
202.88
202.875
202.055
200.725
199.155
197.384
195.327
193.002
190.553
188.082
184.91
182.045
182.396
186.478
188.134
184.372
177.343
169.014
160.417
152.399
145.814
141.253
139.037
139.098
141.029
144.198
147.925
151.633
154.915
157.543
159.433
160.6
161.117
161.084
160.613
159.803
158.739
157.486
156.097
154.611
153.058
151.457
149.82
148.155
146.462
144.744
143.002
141.235
139.442
137.628
135.797
133.946
132.07
130.178
128.289
126.394
124.45
122.488
120.612
118.782
116.8
114.643
112.624
110.834
109.029
107.001
105.359
104.129
271.172
270.804
270.419
270.02
269.608
269.184
268.749
268.304
267.852
267.394
266.932
266.469
266.005
265.541
265.076
264.608
264.137
263.66
263.181
262.7
262.221
261.745
261.273
260.802
260.33
259.851
259.365
258.87
258.367
257.855
257.333
256.799
256.249
255.681
255.091
254.476
253.833
253.163
252.463
251.735
250.976
250.183
249.352
248.48
247.567
246.613
245.618
244.584
243.511
242.402
241.257
240.083
238.884
237.663
236.434
235.196
233.953
232.716
231.439
230.087
228.59
226.703
224.365
221.476
217.747
213.58
210.013
207.894
207.506
208.489
210.14
211.663
212.462
212.457
211.568
210.191
208.858
206.405
202.518
198.437
193.734
187.516
180.132
171.364
159.173
144.319
134.273
134.534
142.399
155.861
172.546
188.599
200.884
208.176
210.547
211.013
212.007
211.905
209.792
204.88
196.082
185.159
175.208
169.412
170.019
176.038
183.983
190.729
195.299
198.277
200.51
202.252
203.238
203.233
202.345
200.91
199.256
197.465
195.445
193.189
190.836
188.639
186.01
183.561
183.395
186.664
188.432
185.707
179.599
171.722
162.914
154.595
147.651
142.813
140.377
140.244
141.992
144.984
148.551
152.122
155.294
157.836
159.658
160.772
161.249
161.185
160.69
159.862
158.785
157.522
156.126
154.635
153.078
151.473
149.833
148.165
146.469
144.749
143.006
141.239
139.445
137.631
135.8
133.95
132.074
130.182
128.297
126.405
124.457
122.495
120.638
118.827
116.83
114.649
112.641
110.881
109.083
107.061
105.481
104.279
271.107
270.745
270.374
269.99
269.593
269.181
268.755
268.317
267.868
267.411
266.948
266.481
266.012
265.542
265.069
264.594
264.116
263.636
263.155
262.673
262.193
261.715
261.237
260.758
260.276
259.788
259.293
258.791
258.284
257.769
257.246
256.711
256.164
255.599
255.013
254.402
253.764
253.096
252.399
251.671
250.911
250.116
249.285
248.416
247.51
246.566
245.584
244.564
243.507
242.415
241.29
240.138
238.966
237.78
236.597
235.419
234.264
233.147
232.03
230.925
229.709
228.079
225.861
222.382
217.397
212.131
207.98
205.859
206.109
208.162
210.943
213.424
215.151
215.455
213.63
212.013
211.807
209.164
203.943
199.955
195.347
188.401
180.924
172.868
161.132
145.417
134.378
134.551
142.335
155.705
172.633
188.686
200.873
208.128
210.54
210.766
211.258
210.981
208.741
204.346
196.677
186.601
177.259
171.75
171.97
177.123
184.246
190.614
195.221
198.387
200.777
202.594
203.589
203.537
202.563
201.058
199.382
197.603
195.603
193.375
191.066
189.033
186.798
184.844
184.056
186.048
187.881
186.14
181.158
173.848
164.897
156.238
148.967
143.895
141.289
141.019
142.638
145.51
148.968
152.447
155.545
158.028
159.804
160.883
161.333
161.25
160.739
159.9
158.814
157.545
156.144
154.65
153.089
151.482
149.84
148.17
146.473
144.751
143.008
141.24
139.446
137.632
135.803
133.953
132.075
130.185
128.305
126.414
124.458
122.495
120.662
118.876
116.861
114.642
112.644
110.919
109.119
107.093
105.541
104.338
271.106
270.761
270.4
270.023
269.628
269.214
268.782
268.334
267.876
267.411
266.947
266.484
266.023
265.56
265.089
264.608
264.114
263.611
263.107
262.607
262.119
261.643
261.173
260.705
260.23
259.745
259.249
258.745
258.233
257.715
257.191
256.657
256.111
255.549
254.966
254.357
253.72
253.054
252.358
251.632
250.873
250.079
249.249
248.383
247.48
246.541
245.566
244.555
243.508
242.426
241.314
240.18
239.025
237.871
236.724
235.588
234.519
233.492
232.506
231.683
230.74
229.573
228.017
224.015
217.241
210.466
205.551
203.36
204.173
207.211
211.024
214.181
217.013
218.12
214.907
212.267
212.782
210.336
203.831
198.925
194.809
188.593
181.461
173.561
162.925
148.335
136.732
136.263
143.827
156.885
173.496
189.056
200.662
207.351
210.028
210.686
210.905
210.098
207.573
203.818
197.56
188.359
179.246
173.735
173.552
178.013
184.503
190.583
195.23
198.563
201.072
202.913
203.866
203.739
202.707
201.186
199.521
197.752
195.753
193.54
191.263
189.319
187.376
185.989
184.748
185.181
187.049
186.133
182.026
175.355
166.461
157.431
149.864
144.599
141.87
141.506
143.042
145.837
149.226
152.647
155.698
158.144
159.892
160.949
161.382
161.287
160.767
159.921
158.83
157.557
156.154
154.657
153.095
151.486
149.843
148.172
146.474
144.752
143.009
141.241
139.446
137.632
135.804
133.955
132.076
130.186
128.311
126.423
124.458
122.491
120.674
118.911
116.894
114.645
112.636
110.93
109.133
107.103
105.562
104.348
271.098
270.767
270.419
270.053
269.668
269.259
268.826
268.369
267.893
267.408
266.924
266.449
265.986
265.531
265.076
264.611
264.126
263.624
263.109
262.595
262.09
261.598
261.119
260.643
260.165
259.68
259.185
258.682
258.173
257.657
257.136
256.606
256.063
255.503
254.922
254.317
253.684
253.022
252.33
251.607
250.851
250.059
249.231
248.365
247.462
246.525
245.553
244.546
243.507
242.433
241.332
240.211
239.067
237.934
236.812
235.7
234.7
233.735
232.848
232.269
231.512
230.893
230.321
226.208
217.921
209.647
204.018
201.882
203.188
206.835
211.169
214.501
217.537
219.073
215.508
212.069
211.685
209.363
203.876
198.95
194.549
188.565
181.401
173.475
164.482
152.241
140.399
138.598
145.515
158.186
174.347
189.39
200.422
206.749
209.677
210.766
210.871
209.678
207.014
203.517
198.291
189.982
180.931
175.19
174.641
178.628
184.705
190.605
195.286
198.733
201.313
203.144
204.04
203.858
202.805
201.289
199.635
197.865
195.848
193.641
191.398
189.473
187.809
186.929
185.448
184.657
186.559
186.121
182.301
176.093
167.492
158.243
150.427
145.016
142.204
141.781
143.267
146.017
149.367
152.755
155.78
158.205
159.937
160.982
161.407
161.304
160.779
159.93
158.836
157.562
156.157
154.659
153.096
151.487
149.843
148.172
146.474
144.752
143.009
141.241
139.446
137.632
135.805
133.956
132.077
130.187
128.313
126.426
124.46
122.491
120.68
118.922
116.905
114.654
112.639
110.925
109.126
107.109
105.574
104.338
271.091
270.767
270.426
270.068
269.688
269.284
268.854
268.398
267.922
267.437
266.952
266.475
266.008
265.546
265.081
264.603
264.108
263.596
263.078
262.564
262.063
261.578
261.106
260.636
260.16
259.672
259.172
258.664
258.15
257.633
257.111
256.583
256.043
255.487
254.909
254.305
253.673
253.012
252.32
251.598
250.842
250.051
249.224
248.359
247.458
246.523
245.552
244.547
243.51
242.439
241.344
240.225
239.088
237.966
236.842
235.757
234.781
233.815
233.057
232.519
231.826
231.715
231.31
227.346
219.08
210.016
203.736
201.507
202.995
206.844
211.21
214.641
217.453
218.466
215.454
212.224
211.434
209.075
203.999
199.093
194.458
188.454
181.185
173.411
165.344
154.659
143.386
140.499
146.591
159.106
174.984
189.737
200.482
206.603
209.528
210.793
210.903
209.62
206.949
203.399
198.549
190.787
181.85
175.941
175.172
178.918
184.806
190.624
195.322
198.822
201.432
203.253
204.117
203.912
202.851
201.336
199.677
197.897
195.87
193.672
191.455
189.513
188.085
187.385
185.821
184.592
186.505
186.175
182.257
176.239
167.87
158.628
150.684
145.202
142.347
141.894
143.358
146.088
149.422
152.796
155.81
158.227
159.953
160.993
161.414
161.308
160.782
159.931
158.837
157.562
156.157
154.659
153.096
151.486
149.843
148.172
146.473
144.752
143.009
141.241
139.446
137.633
135.805
133.956
132.077
130.188
128.315
126.426
124.46
122.494
120.684
118.922
116.901
114.653
112.64
110.924
109.124
107.113
105.58
104.326
75.7485
70.8288
67.1937
65.3766
65.7714
68.4009
72.7362
77.7679
82.2248
84.9875
85.4563
83.6986
80.2642
75.7748
70.6816
65.2578
59.5024
53.8244
48.0542
42.3885
36.0256
28.9363
18.0189
-0.239671
-0.260453
75.2404
70.3651
66.7902
65.0526
65.5304
68.2407
72.6484
77.735
82.2181
84.9779
85.4187
83.6221
80.1556
75.6505
70.5461
65.1138
59.3638
53.6885
47.9049
42.2592
35.8662
28.7831
17.7419
-0.597431
-1.04497
74.3686
69.509
65.9711
64.3107
64.8906
67.7301
72.2864
77.512
82.099
84.9038
85.3357
83.5056
80.0085
75.4941
70.3933
64.964
59.2367
53.5613
47.7194
42.1085
35.6944
28.6135
17.471
-0.978056
-2.16564
73.2736
68.371
64.8289
63.2271
63.9192
66.918
71.6797
77.1174
81.8809
84.7819
85.2278
83.366
79.8345
75.308
70.2168
64.7984
59.0874
53.4014
47.5138
41.9468
35.5306
28.4077
17.2843
-1.21866
-3.32273
71.9568
66.9308
63.3362
61.7649
62.5744
65.7664
70.794
76.5273
81.5501
84.6108
85.1022
83.2094
79.636
75.0934
70.016
64.6142
58.9144
53.2212
47.2998
41.7785
35.3995
28.1664
17.169
-1.34669
-4.42118
70.3331
65.1221
61.4407
59.8911
60.8288
64.2469
69.5992
75.7145
81.0852
84.3777
84.9564
83.0426
79.4198
74.8564
69.7919
64.4097
58.7235
53.0245
47.0727
41.6154
35.2793
27.8774
17.0314
-1.39268
-5.36532
68.3435
62.9342
59.1643
57.6392
58.7154
62.3802
68.0996
74.6677
80.466
84.0561
84.7708
82.8549
79.1808
74.5954
69.5456
64.1852
58.5179
52.8209
46.8402
41.4547
35.1509
27.5569
16.8385
-1.37203
-6.06575
66.0336
60.4323
56.586
55.0893
56.3037
60.2184
66.3295
73.4015
79.6927
83.6279
84.5223
82.6332
78.9105
74.3005
69.2705
63.942
58.3079
52.6285
46.6076
41.2716
35.0158
27.2411
16.6262
-1.28063
-6.51391
63.4938
57.7103
53.8132
52.3644
53.7175
57.8654
64.3537
71.95
78.7808
83.0946
84.1941
82.3672
78.61
73.9749
68.9671
63.6813
58.0986
52.4456
46.3691
41.0483
34.863
26.9427
16.4213
-1.13149
-6.77325
60.8191
54.9041
51.0112
49.638
51.1288
55.4797
62.2867
70.3755
77.7548
82.4644
83.7764
82.043
78.2767
73.624
68.6414
63.4043
57.8817
52.2516
46.124
40.7894
34.6734
26.6492
16.2141
-0.943239
-6.91481
58.1489
52.1867
48.3501
47.0602
48.6722
53.1904
60.2476
68.7566
76.652
81.75
83.2657
81.6453
77.9032
73.2474
68.2942
63.1105
57.649
52.0338
45.8753
40.5018
34.4344
26.3433
15.9918
-0.721301
-6.96621
55.6402
49.7001
45.9446
44.7302
46.439
51.0866
58.327
67.1679
75.513
80.9689
82.6654
81.1653
77.482
72.8433
67.925
62.7995
57.4
51.7959
45.6179
40.1812
34.145
26.0145
15.7554
-0.470247
-6.91441
53.4151
47.5335
43.8625
42.7105
44.4923
49.2373
56.6005
65.6756
74.3754
80.1377
81.9838
80.5988
77.0075
72.4089
67.532
62.4706
57.1389
51.5449
45.3428
39.822
33.8097
25.6605
15.5124
-0.183966
-6.75702
51.5625
45.7504
42.1442
41.0316
42.8656
47.6842
55.1199
64.3331
73.2747
79.2693
81.2313
79.9463
76.4749
71.9423
67.1148
62.1222
56.8657
51.2828
45.0502
39.4313
33.4319
25.2802
15.269
0.152235
-6.49719
50.1507
44.406
40.8257
39.7197
41.587
46.4591
53.9191
63.1795
72.2432
78.3767
80.4162
79.2148
75.8816
71.4421
66.6741
61.7542
56.5786
51.0099
44.7487
39.0278
33.0149
24.8731
15.0293
0.547944
-6.13892
49.2204
43.5315
39.9419
38.8095
40.6903
45.5932
53.0269
62.2434
71.3067
77.4737
79.5453
78.414
75.2287
70.9071
66.2101
61.3668
56.2766
50.7273
44.4548
38.6375
32.5628
24.4393
14.7909
1.0037
-5.6844
48.7776
43.134
39.5222
38.3412
40.2126
45.1146
52.465
61.5449
70.4844
76.5739
78.6265
77.5541
74.5211
70.3376
65.7231
60.9611
55.9604
50.44
44.1867
38.2839
32.0815
23.9783
14.5479
1.52526
-5.13738
48.8141
43.216
39.5894
38.3519
40.1881
45.0463
52.2485
61.0966
69.7899
75.6904
77.6698
76.6465
73.7662
69.735
65.2143
60.5395
55.6332
50.154
43.9533
37.9812
31.5817
23.4914
14.3053
2.12004
-4.50588
49.3259
43.7803
40.1559
38.8638
40.6374
45.3998
52.3836
60.9038
69.2319
74.8358
76.6879
75.7035
72.9731
69.1021
64.6856
60.1054
55.2993
49.873
43.7559
37.734
31.0791
22.9859
14.075
2.78129
-3.8041
50.3099
44.8253
41.2204
39.8798
41.5633
46.1734
52.8667
60.9635
68.814
74.0231
75.6963
74.7392
72.1518
68.442
64.1395
59.6621
54.9627
49.5993
43.5926
37.5412
30.5906
22.4729
13.8626
3.49462
-3.05088
51.7598
46.3436
42.7706
41.3878
42.9553
47.354
53.6849
61.2665
68.5348
73.264
74.7132
73.7687
71.3128
67.7582
63.5779
59.2129
54.6264
49.3358
43.4596
37.3993
30.1313
21.9653
13.6689
4.24376
-2.26594
53.6617
48.321
44.7862
43.3661
44.792
48.9177
54.8156
61.7962
68.3889
72.5678
73.7568
72.8078
70.4657
67.0542
63.0019
58.7607
54.2933
49.0856
43.3518
37.3035
29.7161
21.4784
13.497
5.00867
-1.46922
55.9915
50.7375
47.2446
45.7883
47.0425
50.8302
56.2265
62.5288
68.367
71.9417
72.8438
71.8704
69.6184
66.3327
62.4121
58.3081
53.9658
48.851
43.265
37.247
29.361
21.0303
13.3553
5.77274
-0.681452
58.7166
53.5685
50.1159
48.6158
49.6629
53.0478
57.8766
63.4322
68.4552
71.3906
71.9878
70.9663
68.7744
65.5943
61.8089
57.8564
53.6463
48.6341
43.1966
37.2214
29.0782
20.6412
13.2584
6.52396
0.0772044
61.7919
56.7701
53.3481
51.7949
52.5979
55.5191
59.7157
64.4688
68.6361
70.9179
71.1984
70.0994
67.9314
64.8357
61.1912
57.4075
53.3361
48.4358
43.1461
37.223
28.8761
20.3335
13.2238
7.25145
0.788071
65.1461
60.2668
56.8747
55.263
55.7829
58.1794
61.6871
65.598
68.89
70.5238
70.4806
69.2683
67.0804
64.0488
60.5557
56.9621
53.037
48.2557
43.1132
37.2562
28.765
20.131
13.2687
7.94386
1.43564
68.6783
63.9651
60.6242
58.9386
59.1279
60.9479
63.7308
66.7794
69.1988
70.2039
69.8306
68.4624
66.2057
63.2204
59.8977
56.5201
52.7514
48.0934
43.095
37.3223
28.758
20.0565
13.4055
8.59066
2.00963
72.6215
68.1329
64.8717
63.0722
62.8523
64.0138
65.9889
68.0946
69.5821
69.9225
69.1707
67.5721
65.1841
62.2406
59.1425
56.0377
52.453
47.9349
43.0867
37.416
28.8616
20.1385
13.6676
9.24455
2.55386
76.8011
72.6082
69.437
67.4655
66.7825
67.2507
68.3719
69.4953
70.0344
69.6909
68.4889
66.535
63.9213
61.0321
58.2616
55.5175
52.1496
47.7876
43.0884
37.5233
29.0885
20.4566
14.1055
9.88406
3.02776
80.6635
76.7803
73.6817
71.5262
70.4246
70.2681
70.5979
70.8179
70.5034
69.5216
67.8105
65.3595
62.4194
59.6142
57.2967
55.0027
51.8734
47.6642
43.0933
37.6196
29.4023
20.9882
14.6891
10.4464
3.39178
84.0475
80.462
77.4282
75.1225
73.6794
72.9914
72.6192
72.0414
70.9859
69.4056
67.1002
63.9721
60.5882
57.9176
56.2195
54.4908
51.6288
47.5633
43.0964
37.691
29.7675
21.6847
15.3912
10.9325
3.66836
86.8861
83.5631
80.5873
78.1919
76.503
75.3905
74.4172
73.1638
71.4902
69.3428
66.3388
62.3297
58.3735
55.8981
55.0076
53.9772
51.4164
47.4846
43.0983
37.736
30.1403
22.4594
16.1588
11.3493
3.88231
89.1812
86.0561
83.171
80.7779
78.9254
77.4683
75.9961
74.2032
72.0337
69.3418
65.5328
60.4459
55.7881
53.5605
53.6534
53.4585
51.2381
47.4289
43.102
37.7678
30.4831
23.2195
16.9135
11.7033
4.0584
91.0136
88.0712
85.3339
82.9629
80.9642
79.2294
77.3824
75.1934
72.6349
69.4128
64.7113
58.3969
52.9251
50.9729
52.1766
52.9363
51.0976
47.3974
43.1132
37.8052
30.7736
23.8915
17.5747
12.0029
4.21938
92.5252
89.7568
87.1173
84.7199
82.623
80.7187
78.6298
76.1707
73.3105
69.5678
63.9133
56.296
49.9412
48.2594
50.6301
52.4189
50.999
47.3927
43.1403
37.8641
31.0119
24.4223
18.0902
12.2642
4.38728
93.7383
91.0805
88.4867
86.1003
84.0014
82.0243
79.7915
77.1575
74.0696
69.8263
63.1879
54.2692
47.0237
45.5806
49.0935
51.925
50.9464
47.418
43.1927
37.9508
31.2132
24.7875
18.4464
12.508
4.57595
94.6851
92.1182
89.5863
87.2578
85.204
83.204
80.8933
78.1625
74.9143
70.2148
62.6078
52.4526
44.3649
43.1081
47.6588
51.4836
50.9431
47.4754
43.2775
38.0644
31.3907
25.0028
18.6695
12.7444
4.77955
95.5199
93.0285
90.5313
88.2549
86.2676
84.2817
81.9468
79.1868
75.842
70.7582
62.2629
50.9954
42.1548
41.0081
46.4197
51.1283
50.9907
47.5664
43.3973
38.2021
31.5494
25.1147
18.8106
12.9672
4.97621
96.2877
93.8228
91.323
89.1063
87.2157
85.275
82.9591
80.224
76.8414
71.4742
62.237
50.0365
40.5602
39.4277
45.4643
50.89
51.0879
47.6915
43.5509
38.3605
31.6917
25.1754
18.9181
13.167
5.14609
96.9608
94.4937
91.9762
89.8368
88.0707
86.1974
83.9308
81.2572
77.888
72.3606
62.5928
49.6869
39.6959
38.4729
44.8635
50.7914
51.2291
47.8496
43.7355
38.5357
31.8219
25.2215
19.0219
13.3463
5.28449
97.5611
95.0617
92.5051
90.4628
88.8466
87.0495
84.8488
82.2605
78.948
73.3894
63.3476
50.0109
39.6269
38.1996
44.6599
50.8412
51.4039
48.0378
43.9473
38.723
31.9465
25.272
19.1362
13.5183
5.39924
98.1128
95.5333
92.9065
90.984
89.5401
87.8211
85.6956
83.2079
79.9852
74.5163
64.4639
50.9894
40.3542
38.6158
44.863
51.0302
51.5989
48.2522
44.1814
38.9151
32.069
25.3347
19.2704
13.6973
5.50091
98.5943
95.8891
93.1653
91.3794
90.1222
88.4796
86.4299
84.0436
80.9235
75.6361
65.8092
52.4677
41.7356
39.6223
45.4203
51.3181
51.7903
48.4777
44.4196
39.0958
32.1858
25.4092
19.4248
13.8828
5.59278
98.995
96.1175
93.288
91.6582
90.5933
89.0212
87.037
84.7373
81.7101
76.6403
67.1843
54.1598
43.4485
40.9532
46.1709
51.6341
51.9589
48.6943
44.639
39.2531
32.2946
25.4926
19.5908
14.0639
5.67548
99.3526
96.2427
93.2865
91.8387
90.9803
89.4754
87.5412
85.3074
82.356
77.4994
68.468
55.8579
45.2485
42.3953
46.98
51.9308
52.1005
48.8925
44.832
39.389
32.3984
25.5839
19.7644
14.2373
5.75098
99.6772
96.295
93.1856
91.9373
91.3007
89.8631
87.9618
85.7723
82.8821
78.2126
69.5879
57.4194
46.9612
43.7944
47.7536
52.1843
52.2149
49.0658
44.9975
39.5079
32.4979
25.6805
19.9409
14.4003
5.82039
99.95
96.2509
92.9922
91.971
91.5672
90.1967
88.3109
86.1456
83.3062
78.7934
70.5196
58.7671
48.479
45.0504
48.4347
52.3878
52.3032
49.2114
45.1363
39.612
32.5923
25.7787
20.1144
14.55
5.88491
100.197
96.0909
92.6865
91.9371
91.7857
90.4841
88.5963
86.4362
83.6402
79.2572
71.2743
59.8836
49.7572
46.1134
48.999
52.5436
52.3676
49.3288
45.2496
39.7025
32.6799
25.8746
20.2797
14.685
5.94532
100.471
95.8878
92.3122
91.8424
91.9557
90.7283
88.824
86.6536
83.8952
79.6195
71.8762
60.7885
50.799
46.9769
49.4471
52.6574
52.4113
49.4195
45.3392
39.7796
32.7599
25.9652
20.4324
14.8044
6.00216
100.775
95.749
91.9941
91.7372
92.0843
90.9314
89.0014
86.8099
84.0859
79.8994
72.3487
61.5102
51.6326
47.6612
49.7922
52.7348
52.4385
49.4866
45.4078
39.8441
32.832
26.0489
20.5698
14.9083
6.05594
101.053
95.7139
91.83
91.6812
92.1891
91.0981
89.1379
86.9183
84.2284
80.1182
72.7143
62.0717
52.2861
48.1908
50.049
52.7816
52.4537
49.5345
45.4591
39.8975
32.8967
26.1249
20.6905
14.9977
6.10678
101.245
95.7516
91.8132
91.6885
92.2815
91.2353
89.2453
86.9919
84.332
80.2907
72.9968
62.497
52.7796
48.5843
50.23
52.8048
52.4607
49.5676
45.4976
39.9421
32.9549
26.1934
20.7945
15.0733
6.15442
101.342
95.8274
91.8844
91.7392
92.3632
91.3471
89.3326
87.0456
84.4024
80.419
73.2148
62.8179
53.1409
48.8628
50.3481
52.8106
52.4621
49.5902
45.5278
39.9802
33.0071
26.2543
20.8815
15.1356
6.19873
101.386
95.9288
91.9942
91.8085
92.4328
91.4372
89.4039
87.0907
84.4524
80.5063
73.375
63.0602
53.4016
49.0525
50.4183
52.8043
52.4609
49.6069
45.5535
40.0141
33.0539
26.3073
20.9508
15.1859
6.24034
101.42
96.0449
92.1175
91.8819
92.4891
91.5041
89.4574
87.1283
84.4925
80.5657
73.4867
63.2381
53.5852
49.175
50.4535
52.7909
52.4603
49.6221
45.5776
40.046
33.0956
26.3512
21.0026
15.2271
6.28021
101.453
96.1517
92.2302
91.944
92.5261
91.5463
89.4933
87.1572
84.5239
80.6112
73.5711
63.3653
53.7088
49.2471
50.4645
52.775
52.4619
49.6379
45.6015
40.0768
33.1322
26.3866
21.0392
15.2612
6.31969
101.491
96.2302
92.304
91.977
92.5386
91.5665
89.5171
87.1799
84.5482
80.6508
73.6418
63.4558
53.7855
49.2818
50.4609
52.7617
52.4672
49.6542
45.6242
40.1054
33.1641
26.4158
21.0661
15.2896
6.35736
)
;

boundaryField
{
    inlet
    {
        type            zeroGradient;
    }
    outlet
    {
        type            fixedValue;
        value           uniform 0;
    }
    upperWall
    {
        type            zeroGradient;
    }
    lowerWall
    {
        type            zeroGradient;
    }
    frontAndBack
    {
        type            empty;
    }
}


// ************************************************************************* //
