/*--------------------------------*- C++ -*----------------------------------*\
  =========                 |
  \\      /  F ield         | OpenFOAM: The Open Source CFD Toolbox
   \\    /   O peration     | Website:  https://openfoam.org
    \\  /    A nd           | Version:  6
     \\/     M anipulation  |
\*---------------------------------------------------------------------------*/
FoamFile
{
    version     2.0;
    format      ascii;
    class       volScalarField;
    location    "0.45";
    object      pPrime2Mean;
}
// * * * * * * * * * * * * * * * * * * * * * * * * * * * * * * * * * * * * * //

dimensions      [0 4 -4 0 0 0 0];

internalField   nonuniform List<scalar> 
12225
(
1.19156e+06
1.1737e+06
1.15564e+06
1.13786e+06
1.1205e+06
1.1036e+06
1.08719e+06
1.07125e+06
1.05576e+06
1.04069e+06
1.02599e+06
1.0116e+06
997451
983436
969411
955145
940213
923577
1.19161e+06
1.17373e+06
1.15567e+06
1.13788e+06
1.12052e+06
1.10363e+06
1.08721e+06
1.07127e+06
1.05578e+06
1.04072e+06
1.02602e+06
1.01165e+06
997512
983520
969534
955345
940597
924559
1.19169e+06
1.17381e+06
1.15573e+06
1.13793e+06
1.12057e+06
1.10367e+06
1.08726e+06
1.07132e+06
1.05584e+06
1.04078e+06
1.02611e+06
1.01175e+06
997645
983702
969799
955766
941356
926287
1.19184e+06
1.17393e+06
1.15583e+06
1.13802e+06
1.12065e+06
1.10375e+06
1.08734e+06
1.07141e+06
1.05594e+06
1.04089e+06
1.02624e+06
1.01192e+06
997863
983998
970224
956418
942458
928361
1.19207e+06
1.17411e+06
1.15598e+06
1.13815e+06
1.12077e+06
1.10386e+06
1.08745e+06
1.07153e+06
1.05607e+06
1.04106e+06
1.02643e+06
1.01216e+06
998178
984421
970817
957297
943837
930606
1.1924e+06
1.17436e+06
1.15619e+06
1.13833e+06
1.12093e+06
1.10402e+06
1.08761e+06
1.0717e+06
1.05626e+06
1.04128e+06
1.0267e+06
1.01249e+06
998601
984981
971584
958386
945431
932933
1.19281e+06
1.1747e+06
1.15646e+06
1.13857e+06
1.12114e+06
1.10422e+06
1.08782e+06
1.07192e+06
1.05651e+06
1.04156e+06
1.02705e+06
1.01292e+06
999142
985684
972522
959665
947190
935302
1.19335e+06
1.17512e+06
1.15681e+06
1.13887e+06
1.12142e+06
1.10449e+06
1.08809e+06
1.07221e+06
1.05683e+06
1.04193e+06
1.02748e+06
1.01345e+06
999806
986532
973622
961108
949077
937695
1.19403e+06
1.17566e+06
1.15725e+06
1.13925e+06
1.12177e+06
1.10482e+06
1.08842e+06
1.07256e+06
1.05722e+06
1.04238e+06
1.02801e+06
1.01409e+06
1.0006e+06
987524
974876
962694
951061
940103
1.19488e+06
1.17631e+06
1.1578e+06
1.13972e+06
1.12219e+06
1.10522e+06
1.08883e+06
1.07299e+06
1.0577e+06
1.04292e+06
1.02865e+06
1.01485e+06
1.00152e+06
988655
976268
964401
953122
942520
1.19584e+06
1.1771e+06
1.15845e+06
1.14029e+06
1.1227e+06
1.10571e+06
1.08932e+06
1.07351e+06
1.05827e+06
1.04357e+06
1.02939e+06
1.01573e+06
1.00257e+06
989917
977784
966210
955243
944944
1.19683e+06
1.17796e+06
1.15917e+06
1.1409e+06
1.12326e+06
1.10624e+06
1.08985e+06
1.07407e+06
1.05888e+06
1.04425e+06
1.03018e+06
1.01665e+06
1.00365e+06
991186
979276
967946
957232
947170
1.19806e+06
1.17894e+06
1.15998e+06
1.1416e+06
1.12389e+06
1.10684e+06
1.09045e+06
1.0747e+06
1.05956e+06
1.04501e+06
1.03105e+06
1.01765e+06
1.00481e+06
992530
980829
969722
959232
949377
1.19973e+06
1.18026e+06
1.16105e+06
1.14252e+06
1.12471e+06
1.10762e+06
1.09123e+06
1.07551e+06
1.06044e+06
1.04599e+06
1.03214e+06
1.01889e+06
1.00623e+06
994161
982681
971804
961538
951889
1.20201e+06
1.18199e+06
1.16245e+06
1.14371e+06
1.12578e+06
1.10864e+06
1.09224e+06
1.07656e+06
1.06156e+06
1.04722e+06
1.03351e+06
1.02044e+06
1.00797e+06
996112
984859
974211
964165
954714
1.20493e+06
1.18422e+06
1.16423e+06
1.14522e+06
1.12714e+06
1.10992e+06
1.09352e+06
1.07788e+06
1.06297e+06
1.04875e+06
1.0352e+06
1.0223e+06
1.01004e+06
998400
987372
976946
967108
957844
1.20856e+06
1.18694e+06
1.16641e+06
1.14706e+06
1.1288e+06
1.1115e+06
1.09509e+06
1.0795e+06
1.06469e+06
1.0506e+06
1.03721e+06
1.0245e+06
1.01245e+06
1.00102e+06
990204
979985
970340
961248
1.21255e+06
1.18995e+06
1.16882e+06
1.14914e+06
1.1307e+06
1.11334e+06
1.09693e+06
1.08141e+06
1.06669e+06
1.05275e+06
1.03953e+06
1.02701e+06
1.01514e+06
1.00392e+06
993299
983267
973795
964856
1.21627e+06
1.19258e+06
1.17099e+06
1.15112e+06
1.13261e+06
1.11525e+06
1.0989e+06
1.08348e+06
1.06889e+06
1.0551e+06
1.04205e+06
1.0297e+06
1.01802e+06
1.00698e+06
996534
986666
977344
968538
1.21518e+06
1.19273e+06
1.17168e+06
1.15208e+06
1.13375e+06
1.11654e+06
1.10033e+06
1.08504e+06
1.07059e+06
1.05693e+06
1.04401e+06
1.0318e+06
1.02025e+06
1.00932e+06
998999
989240
980015
971295
1.21389e+06
1.19223e+06
1.17168e+06
1.15242e+06
1.13432e+06
1.11728e+06
1.1012e+06
1.08602e+06
1.07168e+06
1.05811e+06
1.04529e+06
1.03317e+06
1.0217e+06
1.01086e+06
1.0006e+06
990910
981744
973076
1.21244e+06
1.19149e+06
1.17142e+06
1.15247e+06
1.1346e+06
1.11772e+06
1.10177e+06
1.08669e+06
1.07244e+06
1.05895e+06
1.0462e+06
1.03414e+06
1.02274e+06
1.01195e+06
1.00175e+06
992098
982972
974340
1.21115e+06
1.19076e+06
1.17108e+06
1.15241e+06
1.13473e+06
1.11799e+06
1.10214e+06
1.08715e+06
1.07296e+06
1.05954e+06
1.04684e+06
1.03483e+06
1.02347e+06
1.01272e+06
1.00255e+06
992937
983839
975230
1.20999e+06
1.1901e+06
1.17075e+06
1.1523e+06
1.13477e+06
1.11815e+06
1.10239e+06
1.08746e+06
1.07332e+06
1.05995e+06
1.04729e+06
1.03531e+06
1.02398e+06
1.01326e+06
1.00312e+06
993521
984442
975850
1.20912e+06
1.18957e+06
1.17048e+06
1.15219e+06
1.13478e+06
1.11824e+06
1.10254e+06
1.08766e+06
1.07357e+06
1.06022e+06
1.04759e+06
1.03564e+06
1.02433e+06
1.01363e+06
1.0035e+06
993922
984856
976276
1.20842e+06
1.18917e+06
1.17026e+06
1.15211e+06
1.13478e+06
1.1183e+06
1.10264e+06
1.0878e+06
1.07373e+06
1.06041e+06
1.04779e+06
1.03586e+06
1.02456e+06
1.01387e+06
1.00376e+06
994190
985133
976560
1.20782e+06
1.18887e+06
1.17011e+06
1.15204e+06
1.13477e+06
1.11833e+06
1.10271e+06
1.08788e+06
1.07383e+06
1.06052e+06
1.04792e+06
1.036e+06
1.02471e+06
1.01403e+06
1.00393e+06
994363
985311
976743
1.20744e+06
1.18867e+06
1.17001e+06
1.152e+06
1.13477e+06
1.11835e+06
1.10274e+06
1.08793e+06
1.07389e+06
1.0606e+06
1.048e+06
1.03608e+06
1.0248e+06
1.01413e+06
1.00403e+06
994467
985419
976853
1.20724e+06
1.18857e+06
1.16996e+06
1.15198e+06
1.13476e+06
1.11836e+06
1.10276e+06
1.08796e+06
1.07393e+06
1.06063e+06
1.04805e+06
1.03613e+06
1.02485e+06
1.01418e+06
1.00408e+06
994523
985477
976913
1.20712e+06
1.18852e+06
1.16994e+06
1.15197e+06
1.13476e+06
1.11836e+06
1.10277e+06
1.08797e+06
1.07394e+06
1.06065e+06
1.04806e+06
1.03615e+06
1.02487e+06
1.0142e+06
1.0041e+06
994546
985500
976937
780887
780825
780699
780510
780254
779933
779545
779088
778561
777963
777293
776550
775734
774845
773882
772845
771734
770548
769288
767953
766544
765062
763505
761876
760175
758402
756558
754645
752662
750611
748493
746310
744061
741748
739371
736933
734433
731873
729254
726577
723842
721050
718202
715299
712342
709332
706270
703155
699988
696769
693500
690181
686815
683402
679943
676439
672890
669298
665665
661991
658278
654525
650734
646906
643041
639139
635200
631225
627217
623175
619099
614991
610850
606674
602465
598225
593956
589661
585340
580993
576620
572223
567802
563355
558884
554389
549871
545330
540764
536174
531560
526926
522273
517603
512914
508207
503483
498744
493990
489217
484424
479609
474771
469910
465032
460142
455238
450322
445399
440475
435550
430618
425675
420715
415734
410734
405715
400680
395632
390573
385507
380436
375361
370284
365208
360135
355065
349999
344937
339876
334813
329746
324673
319590
314499
309408
304327
299257
294198
289146
284097
279047
273995
268938
263879
258819
253764
248720
243689
238675
233679
228703
223746
218808
213890
208994
204124
199283
194470
189679
184907
180154
175422
170714
166034
161384
156765
152179
147629
143118
138650
134225
129845
125511
121225
116991
112813
108700
104667
100752
781169
781106
780980
780789
780533
780210
779819
779359
778829
778228
777555
776808
775989
775096
774129
773087
771971
770780
769514
768174
766759
765270
763708
762072
760364
758585
756735
754816
752828
750771
748648
746459
744206
741888
739507
737064
734560
731996
729373
726692
723953
721157
718306
715400
712440
709426
706359
703241
700071
696849
693577
690255
686885
683469
680006
676498
672947
669353
665718
662043
658328
654573
650779
646948
643080
639176
635235
631260
627250
623208
619131
615021
610877
606699
602489
598249
593981
589686
585365
581018
576645
572248
567826
563380
558908
554412
549892
545349
540781
536190
531577
526943
522292
517622
512934
508228
503507
498769
494015
489241
484447
479631
474792
469931
465053
460160
455254
450340
445421
440501
435578
430646
425702
420740
415758
410756
405735
400698
395648
390587
385520
380448
375372
370296
365220
360148
355079
350014
344952
339890
334827
329759
324684
319601
314513
309427
304349
299280
294220
289167
284115
279064
274009
268952
263891
258831
253776
248731
243699
238683
233686
228709
223752
218813
213894
208999
204130
199290
194476
189685
184912
180159
175427
170719
166038
161388
156768
152182
147631
143120
138652
134227
129847
125513
121226
116990
112811
108695
104657
100723
781735
781671
781544
781351
781093
780766
780371
779906
779371
778764
778084
777330
776503
775602
774626
773574
772448
771246
769969
768617
767190
765689
764114
762466
760745
758954
757091
755160
753159
751092
748958
746758
744494
742167
739777
737325
734812
732241
729610
726921
724175
721373
718514
715601
712633
709612
706539
703414
700237
697009
693730
690401
687025
683601
680132
676618
673062
669464
665825
662146
658427
654668
650870
647034
643162
639253
635310
631332
627320
623274
619194
615079
610931
606751
602539
598299
594031
589736
585414
581066
576693
572296
567873
563425
558952
554453
549930
545384
540814
536222
531609
526978
522327
517659
512972
508270
503551
498814
494059
489284
484487
479669
474828
469967
465086
460191
455286
450375
445462
440547
435626
430694
425748
420784
415799
410793
405769
400729
395676
390613
385543
380469
375393
370317
365242
360170
355102
350038
344976
339915
334851
329782
324706
319625
314542
309461
304387
299319
294259
289202
284148
279093
274037
268977
263915
258855
253799
248752
243718
238699
233700
228721
223761
218822
213903
209008
204140
199301
194487
189695
184922
180168
175435
170727
166047
161395
156775
152188
147636
143124
138655
134230
129849
125515
121227
116989
112806
108686
104639
100680
782589
782524
782395
782200
781937
781606
781205
780733
780189
779572
778881
778117
777277
776362
775371
774305
773163
771944
770650
769280
767836
766316
764723
763056
761317
759507
757626
755676
753658
751573
749422
747207
744927
742585
740181
737716
735191
732607
729965
727266
724509
721696
718827
715902
712924
709893
706809
703673
700486
697248
693958
690620
687233
683800
680321
676799
673235
669630
665985
662300
658575
654809
651005
647164
643286
639373
635425
631443
627426
623374
619287
615167
611014
606830
602617
598375
594105
589809
585486
581138
576764
572365
567940
563489
559013
554511
549985
545435
540864
536272
531660
527029
522379
517713
513029
508329
503612
498877
494121
489343
484543
479721
474877
470013
465130
460234
455332
450427
445519
440607
435688
430756
425808
420841
415853
410843
405815
400770
395713
390647
385575
380499
375422
370346
365272
360201
355134
350071
345010
339949
334884
329815
324740
319662
314584
309508
304437
299371
294309
289250
284192
279135
274075
269013
263950
258889
253832
248782
243745
238723
233720
228738
223776
218835
213916
209021
204155
199316
194502
189708
184934
180180
175447
170739
166058
161406
156785
152196
147644
143130
138660
134234
129853
125517
121228
116987
112800
108674
104616
100633
783737
783670
783538
783338
783070
782731
782321
781839
781283
780653
779947
779166
778309
777375
776364
775277
774113
772872
771555
770161
768692
767149
765531
763840
762076
760242
758338
756364
754323
752216
750043
747806
745506
743144
740721
738238
735696
733096
730439
727724
724953
722126
719243
716305
713312
710267
707169
704020
700818
697566
694263
690910
687510
684065
680575
677042
673467
669852
666197
662503
658768
654994
651182
647334
643450
639531
635577
631588
627563
623503
619410
615284
611126
606938
602721
598476
594204
589906
585582
581232
576856
572454
568026
563571
559090
554584
550055
545503
540930
536338
531726
527095
522447
517783
513103
508406
503690
498955
494198
489417
484613
479786
474938
470070
465185
460292
455394
450494
445591
440682
435764
430832
425882
420911
415918
410903
405869
400820
395758
390688
385613
380536
375458
370381
365307
360237
355172
350111
345051
339991
334927
329857
324785
319712
314638
309565
304497
299431
294368
289307
284246
279185
274123
269058
263994
258931
253872
248820
243779
238753
233746
228760
223796
218853
213933
209039
204173
199334
194519
189725
184950
180195
175462
170754
166072
161419
156797
152207
147653
143139
138667
134240
129858
125521
121229
116985
112794
108661
104590
100584
785184
785115
784979
784773
784496
784147
783725
783229
782657
782009
781284
780482
779602
778643
777607
776493
775301
774032
772685
771262
769762
768188
766539
764817
763024
761160
759226
757224
755154
753019
750819
748555
746230
743843
741396
738891
736327
733707
731030
728296
725507
722662
719761
716805
713795
710732
707617
704450
701232
697961
694640
691271
687855
684394
680889
677342
673753
670125
666457
662750
659004
655219
651397
647540
643648
639721
635759
631762
627729
623662
619562
615430
611267
607074
602852
598602
594326
590025
585697
581344
576965
572559
568126
563666
559180
554670
550138
545584
541011
536417
531805
527175
522529
517868
513191
508496
503782
499047
494288
489505
484697
479865
475012
470140
465256
460365
455471
450575
445675
440769
435851
430918
425965
420990
415992
410972
405932
400877
395811
390737
385659
380579
375500
370422
365348
360280
355216
350156
345099
340040
334977
329910
324841
319771
314700
309631
304564
299499
294435
289371
284307
279243
274177
269110
264044
258979
253919
248864
243819
238789
233777
228787
223819
218875
213955
209061
204195
199355
194539
189744
184968
180213
175480
170771
166088
161434
156811
152221
147665
143149
138677
134249
129865
125526
121231
116984
112788
108647
104564
100537
786941
786868
786726
786511
786224
785861
785423
784908
784315
783645
782895
782066
781157
780169
779101
777954
776728
775424
774041
772581
771045
769434
767748
765990
764160
762260
760291
758255
756151
753983
751750
749455
747099
744682
742207
739674
737084
734438
731736
728979
726167
723299
720377
717399
714368
711285
708149
704960
701720
698429
695088
691699
688263
684783
681260
677695
674089
670443
666759
663037
659277
655481
651648
647780
643878
639941
635970
631964
627923
623849
619742
615603
611434
607234
603006
598750
594469
590162
585830
581472
577087
572676
568237
563772
559281
554768
550232
545677
541102
536509
531896
527268
522624
517966
513291
508599
503885
499150
494390
489604
484792
479956
475099
470224
465340
460450
455559
450666
445769
440865
435947
431012
426056
421077
416074
411048
406003
400943
395871
390793
385711
380628
375546
370468
365394
360326
355264
350206
345151
340094
335033
329970
324905
319838
314770
309703
304637
299571
294505
289440
284373
279304
274235
269166
264098
259032
253970
248913
243864
238829
233812
228818
223847
218901
213980
209087
204220
199380
194562
189765
184989
180233
175500
170791
166107
161452
156828
152237
147680
143163
138689
134260
129874
125533
121235
116984
112782
108633
104538
100494
789019
788941
788790
788564
788262
787882
787423
786884
786266
785566
784785
783923
782980
781955
780849
779662
778395
777049
775624
774121
772542
770888
769160
767359
765487
763546
761536
759459
757316
755108
752838
750506
748113
745662
743152
740586
737964
735288
732557
729771
726932
724038
721089
718087
715031
711922
708762
705549
702284
698969
695604
692192
688734
685231
681686
678100
674473
670808
667105
663365
659589
655778
651932
648052
644138
640190
636209
632194
628145
624062
619948
615801
611624
607416
603180
598918
594629
590315
585976
581612
577221
572803
568358
563888
559393
554875
550337
545779
541203
536609
531997
527370
522728
518072
513400
508709
503996
499260
494499
489711
484896
480057
475196
470319
465433
460544
455654
450763
445868
440965
436048
431111
426152
421169
416162
411131
406081
401014
395937
390854
385767
380681
375596
370517
365443
360376
355315
350259
345206
340152
335094
330034
324972
319908
314842
309776
304710
299644
294577
289509
284439
279367
274295
269224
264155
259088
254023
248963
243911
238872
233851
228852
223878
218930
214009
209115
204248
199406
194587
189789
185011
180255
175522
170813
166128
161472
156847
152255
147697
143179
138704
134273
129885
125541
121240
116985
112777
108620
104513
100453
791431
791347
791185
790945
790624
790222
789737
789170
788518
787784
786965
786063
785077
784008
782856
781623
780308
778913
777439
775887
774258
772554
770777
768927
767006
765017
762959
760836
758647
756395
754081
751706
749272
746780
744231
741627
738969
736257
733492
730673
727802
724877
721898
718867
715783
712646
709457
706217
702925
699582
696191
692752
689268
685740
682170
678559
674909
671221
667496
663736
659941
656113
652251
648356
644429
640469
636477
632451
628392
624300
620176
616020
611833
607617
603373
599102
594806
590484
586137
581764
577365
572940
568489
564013
559513
554991
550449
545889
541311
536716
532105
527479
522839
518184
513513
508822
504109
499373
494610
489821
485005
480162
475298
470418
465531
460641
455751
450861
445968
441066
436148
431211
426250
421264
416253
411218
406162
401090
396008
390918
385827
380736
375649
370568
365494
360427
355367
350313
345262
340210
335156
330099
325040
319977
314913
309849
304782
299714
294646
289575
284503
279429
274355
269282
264211
259143
254077
249014
243959
238916
233891
228889
223912
218962
214039
209145
204277
199434
194614
189814
185036
180279
175546
170836
166152
161495
156869
152276
147717
143198
138721
134288
129898
125550
121246
116986
112772
108608
104490
100416
794194
794102
793928
793670
793327
792897
792381
791778
791088
790311
789446
788496
787460
786339
785134
783845
782475
781023
779492
777883
776197
774436
772602
770696
768719
766675
764563
762386
760146
757843
755479
753056
750574
748036
745443
742796
740096
737344
734540
731683
728775
725814
722802
719737
716620
713452
710232
706961
703639
700267
696846
693378
689865
686309
682711
679073
675396
671682
667933
664149
660333
656484
652604
648692
644750
640776
636771
632733
628662
624558
620422
616256
612059
607835
603582
599304
594999
590668
586311
581929
577521
573087
568629
564147
559642
555115
550568
546005
541424
536828
532215
527590
522951
518296
513625
508934
504221
499483
494720
489929
485111
480267
475400
470519
465629
460738
455847
450958
446065
441163
436246
431307
426345
421357
416344
411305
406245
401167
396078
390984
385888
380793
375704
370621
365547
360480
355421
350368
345318
340268
335216
330162
325105
320044
314981
309916
304848
299779
294708
289636
284562
279486
274410
269336
264265
259196
254128
249063
244005
238958
233930
228925
223945
218994
214071
209176
204308
199464
194641
189841
185061
180304
175571
170862
166177
161519
156892
152298
147739
143219
138740
134304
129911
125561
121253
116988
112768
108595
104468
100381
797329
797228
797039
796760
796390
795928
795374
794729
793992
793164
792246
791239
790144
788962
787694
786342
784907
783390
781792
780117
778365
776538
774639
772668
770629
768522
766349
764112
761812
759452
757032
754554
752019
749430
746786
744090
741342
738543
735693
732793
729842
726841
723789
720687
717533
714329
711075
707771
704417
701013
697561
694063
690519
686933
683304
679636
675930
672188
668411
664601
660760
656889
652988
649058
645098
641108
637087
633035
628950
624832
620684
616505
612299
608066
603806
599519
595206
590866
586499
582106
577688
573245
568778
564289
559777
555245
550693
546124
541540
536941
532327
527700
523061
518405
513733
509040
504326
499586
494821
490029
485210
480365
475498
470615
465725
460831
455939
451049
446156
441254
436336
431397
426434
421445
416429
411387
406322
401240
396147
391048
385948
380851
375759
370675
365600
360533
355473
350420
345370
340322
335273
330221
325165
320104
315040
309974
304905
299834
294762
289688
284612
279536
274459
269385
264314
259244
254175
249108
244047
238998
233967
228960
223979
219026
214102
209207
204339
199493
194670
189868
185088
180331
175597
170888
166202
161544
156917
152322
147762
143240
138760
134322
129926
125572
121259
116989
112763
108582
104446
100348
800865
800753
800546
800242
799839
799339
798741
798046
797254
796367
795386
794313
793149
791896
790554
789127
787615
786021
784347
782595
780768
778866
776892
774849
772737
770559
768316
766010
763643
761216
758732
756192
753596
750947
748246
745493
742690
739837
736936
733986
730988
727941
724845
721701
718507
715265
711973
708633
705245
701808
698323
694792
691217
687598
683938
680239
676502
672729
668923
665085
661217
657321
653398
649447
645468
641459
637420
633350
629249
625117
620956
616766
612551
608309
604041
599747
595424
591074
586697
582294
577864
573411
568936
564438
559919
555380
550821
546247
541658
537054
532437
527808
523166
518508
513833
509138
504420
499678
494910
490117
485298
480453
475587
470705
465814
460919
456024
451131
446237
441333
436415
431475
426511
421521
416504
411459
406391
401305
396208
391107
386005
380907
375814
370729
365652
360583
355522
350467
345417
340370
335322
330272
325216
320154
315089
310021
304950
299877
294804
289729
284653
279576
274500
269427
264356
259285
254215
249146
244084
239033
234001
228992
224010
219057
214133
209238
204369
199523
194699
189896
185115
180357
175623
170913
166228
161569
156941
152346
147785
143262
138780
134339
129940
125582
121265
116990
112757
108569
104423
100316
804839
804714
804485
804151
803710
803165
802514
801760
800904
799947
798892
797740
796494
795155
793727
792210
790609
788926
787163
785323
783407
781419
779360
777232
775036
772775
770451
768065
765620
763118
760559
757947
755282
752564
749797
746980
744116
741204
738246
735241
732191
729094
725950
722760
719523
716238
712907
709528
706103
702630
699111
695547
691939
688288
684596
680864
677096
673292
669456
665590
661695
657774
653827
649853
645852
641823
637763
633675
629557
625410
621236
617036
612811
608561
604286
599983
595652
591293
586905
582490
578049
573585
569099
564593
560065
555518
550952
546370
541775
537167
532545
527912
523265
518604
513925
509225
504503
499757
494986
490192
485373
480529
475664
470784
465893
460997
456100
451204
446306
441401
436480
431539
426574
421582
416564
411517
406446
401358
396261
391160
386058
380960
375866
370780
365701
360630
355566
350508
345457
340409
335362
330313
325256
320192
315125
310054
304981
299906
294832
289756
284680
279605
274530
269458
264388
259318
254246
249177
244114
239063
234030
229021
224039
219085
214161
209266
204398
199552
194727
189924
185142
180384
175649
170939
166253
161594
156965
152369
147808
143283
138799
134356
129953
125591
121270
116989
112750
108555
104401
100285
809297
809157
808902
808531
808045
807445
806731
805906
804971
803929
802783
801536
800191
798750
797218
795597
793890
792102
790234
788290
786272
784182
782023
779796
777503
775147
772730
770253
767719
765130
762487
759793
757049
754257
751416
748530
745598
742621
739601
736537
733429
730278
727082
723842
720558
717229
713854
710435
706970
703460
699906
696308
692667
688984
685260
681498
677698
673865
670000
666106
662184
658237
654265
650268
646244
642193
638113
634005
629869
625707
621520
617310
613075
608818
604535
600225
595886
591517
587118
582690
578237
573762
569265
564749
560212
555656
551082
546493
541891
537276
532650
528011
523359
518692
514007
509301
504574
499823
495049
490252
485433
480591
475729
470851
465961
461064
456164
451265
446364
441455
436531
431587
426619
421626
416606
411558
406486
401398
396302
391203
386105
381008
375915
370827
365745
360671
355603
350542
345488
340439
335391
330340
325282
320216
315145
310072
304997
299921
294845
289770
284695
279621
274549
269479
264410
259340
254269
249199
244136
239087
234055
229047
224065
219112
214188
209294
204425
199580
194755
189951
185169
180409
175674
170963
166276
161617
156988
152391
147829
143303
138817
134371
129965
125599
121273
116987
112742
108540
104378
100254
814298
814139
813852
813436
812892
812222
811428
810513
809479
808332
807074
805711
804246
802684
801028
799282
797449
795535
793543
791476
789338
787130
784856
782516
780114
777651
775129
772550
769917
767231
764495
761711
758881
756005
753085
750122
747117
744070
740983
737854
734685
731476
728224
724931
721595
718218
714798
711336
707831
704283
700693
697061
693388
689673
685918
682126
678297
674435
670543
666622
662675
658703
654706
650685
646638
642565
638464
634336
630183
626006
621806
617583
613340
609073
604783
600466
596119
591740
587330
582890
578425
573936
569428
564901
560355
555791
551210
546613
542004
537383
532750
528104
523445
518771
514079
509367
504633
499876
495098
490299
485479
480638
475779
470903
466015
461117
456216
451314
446408
441495
436566
431617
426646
421650
416628
411579
406509
401423
396331
391237
386143
381049
375956
370866
365782
360704
355632
350567
345509
340457
335407
330353
325293
320224
315150
310075
304998
299920
294844
289770
284697
279626
274557
269489
264421
259351
254280
249212
244151
239104
234075
229069
224089
219136
214214
209320
204452
199607
194782
189978
185195
180434
175698
170986
166299
161639
157009
152412
147848
143321
138833
134384
129974
125604
121274
116983
112733
108524
104355
100225
820091
819906
819574
819095
818472
817706
816803
815767
814604
813319
811920
810411
808797
807082
805272
803371
801385
799318
797175
794962
792681
790336
787927
785458
782930
780344
777702
775008
772263
769470
766629
763745
760818
757850
754841
751793
748707
745583
742422
739223
735987
732712
729399
726046
722655
719225
715755
712247
708699
705111
701484
697817
694110
690363
686578
682756
678899
675010
671092
667145
663173
659175
655154
651109
647039
642943
638821
634674
630503
626310
622095
617860
613605
609330
605031
600707
596351
591962
587541
583089
578611
574109
569589
565051
560497
555925
551336
546732
542115
537486
532846
528193
523526
518842
514142
509422
504681
499918
495135
490332
485511
480672
475815
470942
466055
461157
456255
451349
446439
441519
436585
431631
426655
421655
416631
411582
406514
401433
396347
391259
386171
381080
375988
370897
365811
360729
355653
350582
345520
340463
335409
330352
325288
320217
315141
310063
304984
299906
294830
289757
284686
279618
274552
269487
264420
259352
254282
249217
244159
239116
234091
229089
224111
219160
214239
209345
204478
199633
194809
190004
185220
180459
175722
171009
166321
161661
157030
152432
147867
143338
138847
134396
129983
125609
121274
116979
112723
108508
104333
100197
826506
826285
825891
825326
824594
823700
822654
821462
820133
818678
817102
815414
813618
811720
809726
807644
805478
803237
800926
798550
796114
793618
791064
788456
785793
783076
780309
777494
774633
771728
768780
765792
762764
759699
756598
753461
750291
747086
743848
740575
737269
733927
730549
727134
723684
720199
716678
713122
709530
705902
702236
698533
694793
691015
687201
683352
679470
675557
671615
667646
663650
659629
655584
651516
647424
643307
639166
635000
630811
626601
622371
618123
613856
609570
605263
600929
596565
592167
587735
583273
578783
574270
569738
565190
560627
556048
551453
546842
542217
537580
532931
528269
523593
518901
514192
509464
504716
499947
495158
490351
485529
480690
475835
470964
466078
461180
456276
451367
446451
441524
436583
431623
426642
421639
416613
411566
406502
401427
396349
391269
386186
381099
376008
370917
365828
360742
355662
350587
345519
340456
335397
330336
325269
320196
315118
310038
304958
299879
294804
289732
284664
279599
274536
269473
264408
259341
254275
249213
244161
239123
234104
229106
224131
219183
214262
209370
204502
199658
194833
190029
185245
180483
175745
171031
166343
161682
157051
152451
147884
143354
138860
134406
129990
125612
121274
116974
112714
108493
104313
100171
832975
832711
832239
831566
830699
829651
828433
827058
825539
823887
822113
820224
818230
816136
813949
811678
809332
806917
804439
801906
799318
796679
793988
791247
788456
785617
782732
779803
776833
773824
770776
767691
764570
761415
758226
755005
751755
748473
745161
741818
738444
735037
731597
728124
724619
721081
717512
713911
710276
706609
702907
699170
695398
691591
687752
683879
679976
676042
672080
668090
664074
660033
655967
651879
647767
643632
639473
635291
631087
626862
622618
618356
614077
609780
605463
601119
596746
592339
587899
583428
578930
574408
569868
565311
560740
556154
551551
546933
542300
537656
532999
528328
523644
518944
514227
509492
504738
499963
495169
490359
485535
480695
475840
470970
466084
461187
456281
451368
446446
441513
436565
431600
426614
421608
416581
411536
406477
401409
396338
391265
386189
381105
376016
370925
365833
360745
355661
350582
345508
340440
335375
330310
325240
320165
315086
310004
304923
299844
294770
289701
284635
279573
274512
269450
264387
259324
254262
249205
244159
239128
234114
229121
224151
219205
214286
209393
204526
199681
194857
190052
185268
180506
175768
171054
166365
161704
157072
152471
147902
143370
138874
134417
129998
125617
121275
116971
112706
108482
104296
100149
839472
839154
838584
837775
836742
835505
834082
832492
830751
828877
826882
824778
822575
820280
817899
815443
812920
810337
807701
805017
802289
799515
796697
793833
790925
787972
784978
781944
778873
775766
772625
769450
766243
763004
759735
756437
753111
749757
746375
742965
739527
736059
732562
729034
725477
721890
718274
714629
710954
707249
703513
699743
695942
692109
688246
684352
680428
676475
672495
668487
664453
660393
656309
652203
648074
643922
639748
635551
631333
627094
622837
618563
614272
609963
605634
601280
596896
592481
588035
583558
579054
574527
569980
565416
560837
556243
551632
547007
542367
537714
533049
528372
523680
518974
514250
509509
504749
499969
495172
490359
485531
480690
475834
470963
466077
461179
456271
451353
446426
441487
436533
431563
426574
421566
416540
411497
406443
401381
396317
391251
386179
381100
376013
370921
365829
360739
355652
350569
345491
340417
335347
330278
325205
320128
315048
309966
304884
299806
294734
289666
284602
279542
274482
269423
264362
259303
254246
249195
244156
239131
234124
229136
224170
219227
214309
209417
204549
199704
194879
190075
185292
180530
175792
171078
166390
161728
157095
152493
147923
143388
138890
134430
130008
125624
121279
116972
112703
108474
104285
100134
845991
845603
844906
843922
842681
841210
839542
837701
835711
833593
831366
829041
826628
824134
821565
818931
816239
813497
810711
807888
805028
802131
799196
796219
793202
790144
787049
783917
780752
777556
774329
771071
767784
764469
761127
757757
754363
750942
747496
744024
740527
737003
733452
729874
726268
722636
718977
715291
711578
707837
704068
700268
696439
692581
688695
684781
680838
676867
672869
668844
664794
660717
656617
652493
648349
644182
639994
635784
631553
627303
623034
618748
614445
610123
605781
601416
597023
592600
588148
583667
579159
574628
570075
565504
560917
556316
551698
547065
542418
537758
533087
528402
523705
518992
514263
509516
504751
499967
495167
490351
485521
480677
475819
470947
466060
461159
456248
451327
446394
441450
436492
431518
426527
421518
416493
411453
406402
401346
396287
391227
386160
381083
375998
370908
365816
360725
355636
350551
345469
340391
335316
330243
325167
320089
315008
309926
304845
299768
294696
289630
284568
279508
274450
269393
264336
259281
254229
249186
244153
239135
234134
229152
224190
219249
214332
209440
204571
199726
194901
190098
185316
180556
175819
171106
166417
161756
157122
152518
147947
143410
138910
134447
130023
125636
121288
116977
112706
108473
104280
100126
852537
852056
851190
849980
848474
846719
844762
842639
840381
838010
835545
833000
830382
827696
824949
822146
819296
816404
813479
810526
807546
804535
801491
798411
795292
792137
788946
785724
782472
779194
775888
772556
769197
765813
762404
758970
755513
752033
748528
745000
741449
737874
734275
730651
727001
723327
719629
715905
712156
708382
704581
700753
696898
693016
689108
685174
681213
677224
673209
669168
665102
661011
656895
652757
648598
644418
640217
635995
631753
627491
623211
618913
614598
610264
605910
601533
597131
592701
588243
583759
579248
574712
570154
565577
560984
556374
551750
547110
542456
537790
533112
528422
523719
519000
514265
509514
504745
499958
495155
490336
485503
480657
475796
470922
466033
461131
456216
451292
446355
441406
436445
431468
426475
421466
416442
411404
406358
401306
396252
391195
386131
381058
375976
370888
365797
360706
355616
350528
345444
340362
335284
330208
325130
320050
314968
309887
304806
299730
294659
289594
284532
279474
274418
269363
264310
259260
254215
249178
244152
239141
234145
229168
224209
219271
214355
209462
204593
199748
194924
190122
185341
180583
175848
171136
166448
161786
157152
152548
147975
143437
138935
134470
130043
125654
121303
116990
112715
108480
104284
100128
859126
858514
857416
855907
854071
851982
849703
847279
844741
842114
839415
836654
833838
830970
828054
825094
822097
819068
816014
812942
809850
806734
803588
800410
797197
793950
790673
787367
784036
780683
777307
773907
770484
767038
763570
760079
756567
753033
749476
745899
742299
738678
735035
731369
727680
723968
720233
716475
712694
708888
705059
701203
697323
693418
689490
685537
681558
677552
673520
669464
665384
661279
657150
652998
648825
644633
640420
636188
631935
627662
623371
619062
614735
610390
606024
601636
597225
592787
588325
583836
579321
574782
570219
565637
561037
556421
551790
547144
542484
537812
533129
528433
523724
519000
514260
509504
504732
499943
495138
490316
485480
480631
475768
470892
466001
461096
456179
451250
446310
441358
436393
431414
426421
421412
416389
411354
406311
401263
396212
391158
386097
381027
375948
370863
365774
360683
355593
350504
345417
340334
335253
330173
325093
320012
314931
309850
304771
299695
294625
289559
284499
279442
274388
269337
264288
259243
254203
249172
244153
239148
234158
229184
224228
219292
214376
209484
204615
199770
194947
190147
185368
180612
175879
171168
166482
161821
157187
152583
148010
143470
138967
134500
130071
125679
121325
117010
112733
108496
104298
100140
865790
864977
863548
861648
859416
856953
854329
851595
848778
845898
842971
840004
837001
833963
830891
827787
824654
821500
818328
815145
811949
808733
805492
802223
798923
795593
792236
788856
785454
782034
778595
775136
771655
768154
764632
761091
757529
753947
750345
746723
743081
739418
735736
732033
728308
724562
720794
717005
713193
709359
705503
701623
697719
693793
689845
685873
681876
677854
673807
669736
665642
661524
657383
653219
649035
644830
640606
636363
632100
627818
623516
619196
614859
610503
606126
601728
597308
592863
588394
583901
579382
574838
570272
565684
561079
556458
551821
547170
542505
537827
533138
528437
523722
518993
514249
509489
504714
499923
495115
490292
485453
480601
475736
470857
465964
461057
456137
451206
446263
441308
436340
431360
426366
421358
416336
411305
406265
401220
396171
391119
386060
380993
375917
370834
365747
360658
355567
350478
345391
340306
335223
330141
325059
319978
314896
309816
304738
299663
294593
289529
284469
279414
274362
269314
264269
259229
254195
249170
244157
239156
234171
229201
224247
219312
214397
209505
204637
199792
194971
190173
185397
180644
175912
171204
166519
161859
157227
152623
148050
143510
139006
134538
130107
125713
121357
117039
112760
108521
104322
100162
872593
871446
869541
867146
864456
861589
858613
855569
852480
849360
846217
843057
839880
836686
833471
830235
826980
823710
820431
817146
813852
810544
807215
803862
800483
797078
793651
790204
786739
783260
779765
776252
772720
769169
765600
762013
758408
754784
751141
747479
743799
740100
736382
732645
728888
725111
721313
717496
713658
709798
705916
702013
698088
694142
690175
686185
682172
678133
674071
669987
665880
661750
657598
653423
649227
645012
640778
636525
632252
627959
623648
619318
614970
610604
606219
601811
597382
592930
588454
583955
579432
574884
570313
565722
561112
556486
551845
547189
542519
537836
533141
528434
523714
518981
514233
509471
504693
499899
495090
490264
485423
480568
475701
470820
465925
461016
456093
451159
446214
441256
436287
431306
426311
421304
416285
411256
406219
401177
396130
391078
386021
380957
375884
370804
365719
360631
355541
350452
345365
340279
335195
330112
325029
319947
314866
309786
304709
299635
294566
289502
284444
279391
274342
269296
264255
259219
254190
249171
244162
239167
234185
229217
224266
219331
214417
209525
204658
199815
194997
190201
185428
180677
175948
171241
166559
161901
157270
152668
148096
143557
139052
134584
130152
125755
121397
117077
112797
108556
104356
100195
879673
877922
875336
872333
869138
865855
862531
859192
855848
852503
849161
845823
842488
839152
835806
832450
829084
825710
822333
818955
815573
812181
808772
805343
801893
798421
794932
791426
787906
784374
780828
777268
773690
770095
766484
762856
759211
755550
751871
748174
744460
740727
736977
733210
729424
725619
721795
717952
714089
710206
706302
702377
698431
694466
690482
686475
682446
678392
674316
670219
666100
661959
657795
653611
649405
645180
640936
636673
632391
628089
623768
619429
615072
610696
606302
601886
597448
592988
588506
584001
579473
574921
570346
565751
561138
556508
551862
547202
542527
537840
533140
528428
523703
518966
514215
509450
504670
499874
495062
490234
485391
480534
475664
470782
465885
460973
456049
451113
446165
441206
436235
431253
426259
421253
416236
411209
406175
401134
396089
391039
385983
380920
375849
370772
365689
360603
355515
350427
345340
340254
335169
330085
325002
319920
314839
309760
304684
299611
294543
289481
284424
279373
274326
269283
264246
259214
254190
249175
244170
239178
234198
229233
224282
219349
214436
209546
204680
199840
195024
190230
185460
180711
175984
171280
166600
161945
157316
152716
148146
143609
139105
134637
130204
125806
121445
117124
112842
108600
104399
100238
887293
884358
880829
877131
873415
869726
866075
862463
858886
855338
851816
848318
844839
841373
837910
834446
830979
827512
824048
820587
817126
813659
810178
806681
803167
799637
796092
792535
788966
785387
781797
778194
774575
770941
767292
763627
759948
756252
752541
748813
745068
741306
737527
733732
729920
726090
722243
718377
714491
710586
706661
702716
698752
694769
690768
686746
682701
678633
674544
670434
666303
662151
657978
653784
649569
645335
641082
636809
632518
628207
623878
619529
615163
610780
606377
601953
597507
593040
588551
584040
579507
574951
570373
565774
561157
556524
551875
547210
542532
537840
533136
528419
523690
518949
514195
509427
504644
499846
495032
490202
485357
480498
475627
470742
465844
460931
456005
451067
446117
441156
436185
431202
426208
421204
416189
411164
406132
401093
396049
391000
385945
380883
375815
370739
365659
360575
355488
350402
345316
340230
335146
330062
324978
319896
314816
309739
304663
299592
294525
289465
284410
279360
274316
269276
264241
259213
254193
249181
244180
239190
234212
229247
224298
219366
214454
209566
204703
199865
195051
190260
185492
180745
176021
171319
166642
161990
157365
152768
148201
143666
139164
134697
130263
125864
121501
117178
112894
108652
104450
100287
895549
890552
885865
881463
877253
873193
869248
865392
861607
857879
854199
850559
846952
843369
839801
836240
832683
829133
825591
822057
818526
814992
811448
807891
804321
800739
797146
793544
789932
786311
782681
779039
775384
771715
768032
764335
760624
756898
753157
749401
745628
741840
738036
734216
730380
726528
722659
718772
714866
710941
706997
703033
699052
695053
691035
686998
682939
678858
674756
670634
666492
662330
658148
653944
649721
645478
641216
636936
632636
628316
623978
619621
615247
610855
606444
602012
597559
593085
588590
584074
579535
574975
570393
565792
561172
556536
551884
547216
542534
537838
533129
528409
523676
518931
514174
509403
504618
499817
495000
490169
485322
480462
475589
470703
465803
460889
455961
451022
446071
441109
436137
431154
426160
421157
416144
411121
406091
401053
396010
390962
385908
380847
375780
370707
365629
360547
355463
350378
345294
340209
335125
330041
324958
319877
314798
309722
304648
299578
294513
289454
284401
279353
274311
269274
264242
259216
254198
249189
244190
239200
234223
229259
224311
219380
214471
209586
204725
199890
195078
190290
185523
180778
176056
171357
166682
162034
157413
152820
148256
143725
139227
134761
130327
125926
121562
117237
112952
108709
104505
100340
904061
896153
890294
885266
880635
876257
872060
867994
864031
860150
856334
852571
848851
845166
841504
837859
834224
830601
826991
823392
819800
816207
812608
808999
805380
801753
798118
794475
790824
787166
783501
779825
776137
772437
768723
764997
761258
757505
753738
749955
746158
742345
738518
734676
730819
726946
723057
719151
715226
711282
707319
703339
699341
695326
691294
687242
683169
679075
674960
670827
666675
662503
658311
654099
649867
645616
641346
637057
632748
628420
624073
619708
615325
610925
606506
602067
597608
593127
588625
584103
579560
574996
570411
565806
561184
556545
551889
547219
542533
537834
533121
528396
523660
518912
514151
509377
504589
499785
494966
490133
485285
480423
475548
470661
465760
460845
455916
450975
446023
441060
436087
431104
426111
421109
416097
411076
406047
401012
395970
390922
385869
380809
375744
370673
365597
360518
355437
350355
345272
340189
335106
330023
324941
319861
314783
309708
304637
299569
294506
289448
284397
279351
274310
269275
264245
259222
254206
249198
244199
239210
234233
229270
224323
219394
214488
209607
204750
199917
195107
190320
185555
180812
176091
171395
166724
162080
157463
152875
148317
143791
139297
134833
130399
125997
121631
117305
113019
108773
104567
100400
909282
900921
894381
888842
883846
879186
874759
870502
866375
862349
858404
854525
850700
846917
843165
839438
835730
832038
828363
824703
821052
817404
813752
810093
806428
802757
799082
795400
791712
788019
784318
780609
776889
773158
769416
765661
761895
758115
754321
750514
746692
742857
739007
735143
731265
727372
723462
719537
715593
711630
707649
703651
699637
695606
691558
687492
683405
679297
675170
671025
666862
662680
658478
654257
650016
645757
641478
637180
632863
628526
624170
619796
615404
610996
606569
602122
597655
593167
588660
584132
579584
575015
570426
565819
561193
556552
551894
547220
542531
537828
533112
528383
523643
518890
514126
509348
504557
499751
494930
490095
485245
480382
475506
470617
465715
460799
455869
450928
445975
441011
436037
431054
426061
421060
416049
411030
406003
400968
395928
390882
385829
380771
375707
370638
365566
360490
355412
350332
345252
340171
335090
330008
324928
319849
314773
309701
304631
299565
294504
289448
284397
279353
274313
269280
264251
259229
254214
249206
244206
239217
234240
229278
224333
219408
214506
209628
204775
199944
195136
190350
185585
180842
176124
171430
166763
162123
157512
152930
148379
143859
139371
134910
130476
126074
121707
117379
113090
108842
104633
100462
913426
905178
898338
892438
887131
882212
877565
873119
868825
864652
860575
856576
852640
848755
844911
841098
837311
833547
829804
826079
822366
818658
814951
811241
807528
803812
800094
796372
792645
788914
785176
781431
777678
773914
770140
766356
762560
758752
754932
751098
747252
743392
739518
735632
731732
727817
723887
719940
715977
711995
707995
703979
699946
695899
691835
687752
683650
679529
675389
671231
667056
662862
658649
654418
650169
645901
641613
637305
632979
628632
624267
619884
615483
611065
606630
602175
597701
593206
588692
584159
579606
575033
570440
565829
561201
556556
551895
547219
542527
537821
533101
528369
523624
518868
514100
509318
504524
499715
494892
490055
485204
480340
475463
470572
465669
460752
455822
450880
445926
440962
435988
431004
426012
421011
416001
410983
405958
400925
395886
390841
385790
380733
375672
370606
365536
360464
355389
350314
345236
340158
335079
329999
324920
319844
314770
309700
304632
299567
294506
289451
284401
279357
274318
269284
264256
259234
254218
249208
244207
239218
234241
229281
224339
219418
214520
209646
204796
199967
195159
190373
185607
180865
176148
171456
166792
162157
157551
152975
148432
143920
139437
134980
130548
126145
121777
117447
113156
108904
104691
100516
916963
909025
902111
895993
890447
885305
880458
875832
871377
867058
862848
858727
854678
850688
846747
842845
838976
835136
831320
827525
823746
819976
816211
812446
808682
804920
801157
797392
793623
789851
786075
782293
778503
774705
770899
767083
763257
759419
755570
751709
747836
743950
740053
736143
732219
728282
724330
720362
716377
712375
708356
704320
700270
696204
692122
688023
683906
679770
675616
671445
667256
663050
658826
654584
650325
646047
641749
637432
633095
628739
624364
619971
615561
611135
606690
602228
597746
593244
588724
584185
579627
575049
570452
565837
561205
556558
551894
547215
542520
537811
533089
528353
523605
518844
514072
509287
504490
499678
494853
490014
485162
480297
475418
470527
465623
460705
455775
450832
445878
440914
435939
430955
425963
420963
415954
410938
405914
400883
395845
390802
385753
380698
375639
370577
365510
360442
355371
350299
345225
340149
335072
329995
324919
319844
314773
309704
304638
299573
294512
289456
284405
279360
274320
269286
264257
259233
254214
249203
244201
239211
234236
229279
224341
219424
214530
209659
204811
199983
195175
190387
185620
180878
176161
171470
166809
162177
157577
153008
148472
143968
139491
135038
130608
126205
121837
117505
113212
108956
104738
100559
920160
912558
905692
899469
893758
888438
883416
878626
874019
869559
865219
860976
856813
852718
848678
844685
840730
836809
832916
829048
825198
821362
817535
813714
809897
806083
802272
798461
794648
790833
787016
783194
779367
775533
771692
767842
763984
760115
756236
752347
748446
744534
740611
736676
732728
728766
724791
720801
716795
712772
708732
704676
700606
696522
692422
688306
684172
680020
675851
671666
667464
663245
659008
654755
650484
646196
641888
637560
633213
628847
624462
620059
615640
611204
606751
602280
597790
593282
588755
584210
579647
575064
570462
565843
561208
556557
551891
547209
542512
537800
533075
528336
523584
518820
514044
509256
504455
499641
494814
489973
485120
480253
475374
470481
465576
460658
455727
450784
445830
440866
435891
430907
425916
420916
415908
410893
405871
400841
395806
390764
385718
380666
375611
370551
365489
360424
355357
350288
345217
340144
335070
329996
324923
319851
314782
309714
304647
299581
294518
289460
284408
279360
274319
269283
264251
259224
254203
249189
244186
239196
234224
229271
224337
219424
214533
209665
204817
199988
195179
190389
185622
180879
176161
171471
166812
162183
157587
153024
148496
143999
139528
135079
130652
126251
121883
117550
113254
108995
104773
100590
923152
915859
909100
902850
897038
891584
886418
881484
876737
872144
867678
863316
859042
854841
850702
846615
842573
838567
834595
830650
826727
822822
818930
815048
811174
807306
803443
799581
795721
791862
788001
784138
780271
776399
772521
768635
764743
760841
756931
753011
749081
745142
741192
737231
733256
729269
725270
721257
717228
713183
709122
705046
700956
696852
692733
688598
684447
680280
676096
671895
667678
663445
659195
654929
650647
646347
642028
637690
633332
628955
624560
620147
615719
611274
606812
602333
597835
593320
588787
584235
579666
575078
570472
565848
561209
556555
551886
547201
542501
537787
533059
528317
523562
518795
514016
509225
504421
499604
494775
489933
485078
480210
475329
470436
465529
460610
455679
450736
445783
440819
435845
430862
425870
420871
415865
410851
405830
400802
395769
390730
385686
380638
375586
370531
365473
360412
355349
350282
345214
340144
335073
330002
324931
319862
314793
309725
304657
299588
294523
289461
284405
279355
274310
269271
264236
259205
254181
249165
244162
239175
234205
229256
224326
219417
214527
209660
204811
199981
195170
190379
185611
180867
176148
171459
166800
162174
157581
153022
148500
144009
139543
135098
130675
126278
121912
117580
113282
109020
104795
100609
926016
918990
912362
906132
900269
894722
889443
884386
879516
874800
870215
865739
861356
857051
852813
848632
844500
840410
836355
832332
828334
824357
820398
816452
812517
808591
804671
800757
796847
792939
789032
785125
781215
777302
773385
769462
765533
761596
757653
753702
749742
745773
741794
737805
733803
729790
725765
721728
717676
713608
709525
705428
701317
697192
693054
688901
684732
680548
676347
672131
667899
663651
659387
655108
650812
646500
642169
637820
633451
629063
624658
620236
615798
611344
606873
602386
597881
593358
588818
584260
579685
575091
570480
565852
561209
556551
551879
547191
542489
537772
533041
528297
523539
518769
513987
509194
504387
499568
494737
489893
485036
480167
475285
470390
465482
460563
455631
450689
445736
440773
435800
430818
425828
420830
415824
410811
405792
400766
395735
390699
385659
380615
375568
370517
365463
360405
355344
350281
345215
340147
335079
330011
324943
319874
314806
309736
304664
299592
294522
289456
284395
279340
274292
269249
264210
259176
254149
249133
244131
239146
234180
229235
224308
219399
214511
209642
204792
199961
195148
190356
185587
180842
176123
171433
166775
162149
157557
153002
148482
143995
139534
135094
130677
126284
121922
117591
113294
109032
104805
100616
928794
921997
915502
909322
903443
897838
892473
887317
882339
877514
872819
868235
863747
859341
855006
850731
846509
842333
838196
834092
830018
825968
821938
817926
813927
809939
805961
801991
798027
794068
790111
786157
782202
778245
774285
770322
766355
762382
758403
754419
750427
746427
742418
738398
734369
730328
726277
722214
718137
714046
709940
705821
701689
697543
693385
689212
685025
680823
676605
672372
668124
663861
659582
655289
650980
646654
642311
637950
633570
629172
624757
620325
615878
611415
606935
602439
597926
593396
588848
584284
579703
575104
570488
565856
561208
556547
551871
547180
542475
537756
533023
528276
523516
518744
513960
509163
504355
499534
494700
489854
484996
480125
475241
470345
465436
460516
455585
450643
445691
440729
435758
430778
425789
420793
415788
410777
405758
400735
395707
390674
385638
380598
375556
370509
365459
360404
355345
350283
345220
340154
335089
330022
324954
319885
314815
309742
304666
299588
294512
289441
284375
279315
274262
269215
264173
259137
254109
249094
244094
239111
234148
229204
224279
219371
214481
209611
204760
199927
195114
190321
185552
180806
176087
171396
166737
162111
157518
152963
148445
143959
139501
135066
130654
126268
121911
117585
113290
109029
104802
100614
931513
924911
918543
912426
906557
900920
895495
890260
885192
880270
875476
870792
866205
861702
857271
852905
848594
844331
840111
835928
831776
827651
823550
819469
815404
811353
807314
803285
799265
795251
791242
787237
783233
779229
775225
771219
767211
763199
759183
755162
751136
747103
743061
739011
734952
730883
726805
722714
718611
714495
710366
706223
702069
697902
693723
689530
685324
681103
676868
672617
668353
664074
659780
655472
651149
646810
642454
638081
633690
629281
624856
620415
615958
611486
606998
602493
597972
593434
588879
584309
579721
575117
570496
565859
561208
556543
551863
547170
542462
537740
533004
528255
523493
518719
513933
509134
504323
499500
494665
489817
484957
480085
475199
470302
465393
460472
455541
450599
445649
440689
435719
430741
425755
420760
415757
410747
405732
400711
395686
390657
385625
380590
375551
370508
365460
360407
355350
350289
345227
340164
335099
330033
324964
319892
314818
309740
304658
299574
294492
289415
284343
279279
274222
269171
264126
259090
254063
249049
244050
239069
234108
229165
224240
219330
214438
209566
204713
199881
195068
190277
185508
180762
176042
171350
166689
162060
157466
152908
148389
143903
139446
135014
130609
126231
121881
117560
113270
109012
104788
100602
934188
927753
921504
915455
909610
903961
898497
893202
888061
883056
878173
873398
868718
864123
859602
855146
850747
846400
842097
837833
833603
829404
825230
821078
816946
812830
808728
804639
800560
796489
792426
788367
784312
780259
776208
772156
768104
764051
759995
755935
751871
747802
743726
739643
735553
731454
727346
723227
719097
714954
710800
706634
702456
698268
694067
689854
685628
681388
677134
672866
668585
664289
659980
655658
651320
646967
642598
638212
633809
629390
624955
620505
616039
611557
607060
602547
598017
593472
588910
584333
579740
575131
570505
565864
561209
556540
551857
547160
542450
537725
532987
528236
523472
518695
513907
509107
504294
499469
494631
489782
484921
480047
475160
470262
465352
460432
455501
450561
445611
440653
435686
430710
425726
420733
415733
410725
405712
400695
395674
390649
385622
380590
375555
370514
365468
360416
355359
350298
345236
340173
335107
330040
324968
319892
314813
309729
304641
299550
294462
289378
284302
279233
274172
269118
264073
259037
254011
248999
244002
239022
234061
229117
224189
219277
214383
209509
204656
199825
195015
190225
185457
180712
175991
171297
166634
162001
157402
152841
148318
143830
139373
134945
130545
126174
121832
117519
113235
108983
104764
100583
936829
930537
924396
918417
912605
906959
901471
896132
890932
885857
880897
876041
871276
866594
861987
857445
852961
848530
844145
839802
835495
831219
826972
822750
818549
814367
810202
806050
801911
797782
793662
789549
785441
781337
777236
773137
769038
764940
760841
756740
752637
748529
744416
740298
736174
732042
727903
723754
719596
715426
711245
707054
702853
698642
694419
690185
685938
681678
677405
673119
668820
664509
660184
655846
651493
647126
642743
638344
633930
629500
625055
620595
616120
611629
607123
602602
598064
593511
588943
584360
579761
575146
570516
565872
561213
556540
551854
547154
542441
537713
532973
528219
523453
518674
513884
509082
504267
499440
494601
489751
484888
480013
475126
470227
465318
460397
455468
450529
445581
440625
435660
430686
425703
420713
415716
410712
405703
400690
395673
390653
385629
380601
375568
370528
365481
360428
355370
350308
345245
340180
335112
330041
324965
319884
314798
309708
304613
299517
294422
289333
284251
279179
274115
269061
264015
258981
253957
248946
243950
238969
234006
229060
224129
219214
214318
209443
204592
199763
194957
190170
185404
180658
175936
171240
166573
161936
157332
152765
148236
143746
139288
134862
130467
126103
121769
117464
113188
108944
104733
100559
939224
933048
926996
921080
915304
909669
904172
898806
893565
888439
883419
878496
873662
868908
864226
859610
855052
850547
846089
841674
837296
832952
828638
824351
820087
815843
811618
807408
803213
799030
794856
790692
786534
782381
778233
774089
769947
765806
761665
757524
753381
749236
745087
740934
736777
732613
728443
724265
720078
715882
711676
707460
703236
699003
694758
690503
686236
681957
677666
673363
669047
664719
660379
656026
651659
647278
642882
638471
634046
629606
625151
620682
616198
611699
607185
602656
598111
593551
588977
584388
579784
575164
570530
565882
561220
556544
551855
547152
542435
537705
532962
528206
523438
518657
513865
509061
504245
499416
494576
489724
484860
479985
475097
470199
465290
460371
455443
450506
445560
440605
435641
430670
425690
420703
415709
410709
405703
400695
395682
390666
385646
380620
375586
370546
365497
360441
355380
350317
345252
340184
335111
330035
324953
319866
314773
309676
304576
299474
294375
289282
284197
279122
274057
269002
263958
258924
253902
248891
243893
238910
233945
228995
224062
219145
214248
209374
204525
199700
194899
190115
185350
180604
175880
171181
166510
161867
157258
152684
148149
143655
139197
134772
130380
126022
121695
117398
113132
108898
104697
100534
941580
935505
929534
923676
917937
912319
906819
901434
896161
890992
885920
880940
876042
871222
866472
861785
857157
852581
848053
843568
839122
834710
830330
825978
821651
817346
813061
808794
804542
800304
796077
791861
787653
783452
779256
775066
770879
766695
762512
758330
754148
749964
745778
741590
737397
733200
728998
724790
720574
716350
712118
707878
703630
699373
695106
690829
686542
682244
677934
673612
669279
664935
660579
656211
651830
647434
643025
638602
634166
629715
625251
620772
616279
611772
607250
602713
598162
593596
589015
584421
579811
575187
570549
565897
561232
556553
551860
547154
542435
537702
532957
528199
523428
518646
513852
509046
504228
499398
494557
489704
484839
479963
475077
470179
465272
460355
455428
450493
445549
440596
435634
430665
425688
420704
415714
410717
405716
400711
395702
390690
385671
380645
375610
370567
365515
360455
355392
350326
345257
340183
335105
330022
324932
319837
314738
309636
304531
299427
294325
289229
284143
279066
274001
268946
263902
258869
253846
248833
243833
238847
233879
228927
223993
219076
214179
209308
204461
199641
194843
190062
185298
180551
175825
171123
166447
161799
157183
152603
148063
143564
139105
134681
130291
125937
121617
117329
113073
108850
104662
100512
944238
938261
932371
926574
920875
915276
909778
904379
899077
893867
888745
883706
878744
873854
869031
864269
859564
854911
850305
845742
841219
836732
832277
827852
823453
819079
814725
810391
806075
801773
797485
793209
788943
784686
780436
776193
771955
767721
763490
759261
755033
750805
746577
742347
738114
733879
729640
725396
721147
716891
712628
708359
704082
699798
695506
691204
686893
682571
678240
673897
669545
665182
660808
656422
652024
647613
643189
638753
634304
629841
625366
620876
616374
611857
607326
602781
598223
593650
589063
584462
579847
575218
570576
565920
561250
556568
551872
547163
542440
537705
532957
528196
523424
518639
513843
509035
504216
499385
494543
489689
484824
479949
475064
470168
465263
460348
455424
450491
445549
440598
435639
430672
425698
420718
415731
410738
405740
400738
395732
390720
385701
380673
375636
370588
365532
360468
355401
350331
345256
340176
335089
329997
324900
319798
314693
309587
304480
299374
294272
289176
284089
279012
273946
268891
263847
258812
253786
248770
243767
238780
233809
228857
223923
219008
214114
209245
204402
199585
194790
190011
185247
180500
175772
171065
166384
161731
157110
152525
147981
143478
139017
134593
130205
125854
121540
117261
113016
108806
104632
100498
947203
941321
935508
929772
924115
918539
913047
907638
902311
897064
891894
886798
881771
876811
871913
867072
862286
857550
852861
848214
843607
839036
834499
829992
825514
821060
816630
812221
807831
803457
799100
794756
790424
786103
781791
777487
773190
768900
764613
760331
756051
751773
747496
743219
738942
734662
730381
726097
721809
717516
713218
708915
704605
700290
695967
691636
687297
682950
678593
674228
669853
665468
661073
656667
652251
647822
643381
638929
634465
629989
625501
621000
616485
611958
607418
602864
598297
593717
589123
584515
579894
575260
570612
565952
561278
556591
551891
547179
542453
537715
532964
528201
523426
518639
513841
509032
504211
499379
494537
489683
484820
479946
475063
470170
465267
460356
455434
450504
445564
440616
435659
430695
425724
420746
415762
410772
405776
400775
395768
390754
385732
380700
375658
370606
365544
360475
355403
350327
345246
340157
335061
329961
324856
319749
314641
309534
304427
299322
294220
289126
284039
278961
273894
268837
263789
258751
253723
248704
243699
238711
233741
228790
223858
218946
214055
209189
204349
199533
194739
189962
185198
180449
175718
171008
166322
161665
157041
152453
147905
143401
138938
134513
130126
125778
121468
117197
112963
108767
104610
100494
950465
944670
938931
933251
927635
922085
916602
911187
905840
900560
895346
890196
885107
880077
875104
870184
865315
860493
855715
850980
846283
841623
836996
832401
827834
823294
818779
814287
809815
805362
800926
796506
792100
787706
783325
778953
774590
770235
765887
761544
757206
752872
748540
744211
739882
735554
731226
726896
722564
718229
713891
709549
705203
700852
696495
692131
687762
683385
679000
674608
670207
665797
661379
656951
652513
648065
643606
639136
634655
630164
625661
621146
616619
612080
607528
602965
598388
593799
589198
584583
579955
575314
570661
565995
561316
556625
551921
547204
542475
537734
532980
528215
523438
518650
513850
509039
504218
499386
494544
489692
484831
479960
475080
470190
465291
460382
455463
450535
445597
440650
435695
430734
425765
420789
415806
410817
405819
400815
395802
390782
385754
380717
375670
370613
365546
360472
355393
350310
345219
340122
335020
329914
324806
319698
314591
309484
304378
299274
294174
289079
283992
278913
273843
268783
263732
258690
253659
248640
243636
238649
233680
228732
223803
218894
214006
209142
204302
199487
194693
189914
185150
180400
175667
170954
166266
161606
156979
152390
147842
143337
138873
134447
130061
125714
121408
117144
112921
108739
104598
100502
953990
948273
942598
936971
931394
925868
920395
914977
909614
904306
899052
893852
888706
883610
878564
873566
868614
863706
858839
854013
849223
844469
839749
835059
830400
825767
821160
816577
812017
807477
802955
798452
793964
789492
785033
780586
776150
771724
767307
762898
758495
754098
749706
745319
740934
736551
732171
727790
723410
719029
714647
710262
705874
701484
697089
692690
688286
683876
679461
675038
670609
666172
661728
657276
652814
648344
643865
639375
634876
630367
625847
621317
616775
612223
607659
603084
598497
593899
589288
584665
580030
575382
570723
566051
561367
556670
551962
547242
542509
537765
533009
528242
523464
518674
513874
509064
504243
499412
494572
489723
484864
479997
475119
470232
465335
460428
455511
450584
445647
440701
435747
430786
425817
420841
415857
410863
405860
400847
395826
390797
385761
380717
375664
370603
365531
360452
355366
350274
345175
340072
334967
329861
324755
319650
314546
309441
304337
299233
294132
289037
283947
278866
273793
268729
263676
258632
253601
248583
243582
238598
233632
228686
223760
218853
213967
209102
204262
199446
194650
189870
185105
180355
175621
170906
166216
161555
156929
152340
147792
143287
138823
134396
130010
125665
121362
117104
112890
108720
104596
100520
957703
952053
946436
940855
935312
929808
924346
918927
913551
908219
902931
897688
892488
887333
882219
877148
872117
867125
862172
857255
852374
847526
842710
837925
833169
828441
823739
819062
814408
809775
805164
800572
795997
791439
786897
782369
777854
773352
768860
764379
759906
755442
750984
746533
742087
737646
733208
728773
724340
719909
715478
711047
706615
702182
697746
693308
688866
684421
679971
675517
671057
666591
662118
657639
653153
648659
644157
639647
635127
630599
626061
621514
616957
612390
607813
603225
598626
594017
589396
584764
580120
575465
570798
566120
561430
556729
552017
547293
542558
537812
533056
528288
523511
518723
513924
509115
504297
499468
494630
489783
484927
480060
475184
470298
465402
460495
455578
450651
445713
440766
435810
430846
425874
420892
415901
410898
405885
400861
395828
390788
385742
380692
375635
370569
365494
360409
355318
350220
345117
340013
334909
329806
324704
319603
314503
309401
304298
299193
294091
288992
283900
278816
273741
268676
263622
258580
253551
248537
243539
238560
233597
228651
223726
218821
213934
209069
204227
199409
194610
189830
185064
180313
175578
170863
166174
161514
156888
152299
147753
143249
138784
134358
129972
125628
121329
117075
112869
108711
104602
100544
961475
955881
950312
944769
939255
933771
928318
922898
917512
912161
906845
901564
896320
891111
885938
880800
875697
870629
865595
860594
855624
850687
845779
840901
836051
831229
826432
821660
816912
812187
807484
802801
798137
793492
788864
784253
779656
775074
770505
765948
761402
756867
752341
747823
743313
738809
734312
729820
725331
720847
716364
711884
707405
702927
698448
693969
689488
685005
680520
676031
671539
667042
662540
658033
653521
649002
644476
639944
635403
630855
626299
621734
617160
612578
607986
603385
598774
594152
589521
584880
580227
575564
570891
566207
561512
556807
552091
547366
542630
537886
533132
528368
523594
518809
514014
509208
504390
499562
494723
489874
485016
480148
475270
470384
465488
460581
455662
450731
445787
440833
435868
430895
425911
420918
415915
410901
405875
400840
395797
390749
385697
380642
375582
370513
365435
360347
355253
350152
345049
339946
334845
329747
324650
319554
314457
309358
304255
299150
294045
288943
283849
278763
273689
268626
263575
258536
253512
248502
243508
238532
233571
228626
223700
218794
213907
209039
204196
199376
194575
189793
185026
180275
175541
170827
166138
161479
156855
152268
147722
143220
138755
134329
129944
125602
121305
117055
112856
108708
104613
100574
964291
958733
953193
947675
942181
936710
931264
925845
920454
915091
909758
904454
899181
893938
888726
883545
878395
873276
868187
863128
858099
853099
848127
843183
838266
833376
828511
823671
818854
814061
809289
804539
799809
795098
790405
785730
781071
776428
771800
767185
762583
757992
753413
748844
744284
739733
735189
730651
726120
721593
717071
712553
708037
703523
699011
694499
689987
685475
680961
676445
671927
667406
662882
658353
653819
649281
644737
640187
635630
631066
626495
621917
617330
612736
608133
603521
598901
594272
589633
584985
580327
575660
570982
566295
561599
556893
552178
547454
542722
537981
533232
528472
523701
518918
514122
509313
504491
499658
494814
489961
485098
480227
475347
470458
465559
460648
455723
450781
445824
440854
435874
430886
425890
420886
415875
410856
405826
400788
395744
390694
385641
380584
375522
370450
365370
360281
355185
350083
344979
339877
334778
329684
324593
319501
314408
309311
304209
299104
293998
288895
283801
278717
273645
268586
263539
258505
253484
248477
243487
238512
233552
228606
223678
218772
213883
209014
204169
199348
194545
189761
184993
180242
175508
170795
166108
161450
156827
152241
147697
143195
138731
134305
129920
125579
121285
117039
112844
108704
104622
100601
966107
960570
955050
949547
944064
938601
933161
927743
922349
916981
911638
906321
901031
895769
890535
885328
880150
875000
869878
864784
859718
854680
849668
844684
839725
834792
829884
825000
820140
815303
810488
805695
800921
796168
791433
786717
782018
777335
772667
768014
763375
758749
754135
749532
744939
740355
735780
731213
726653
722099
717550
713006
708466
703928
699393
694860
690327
685795
681262
676728
672193
667656
663116
658572
654025
649474
644918
640356
635789
631215
626634
622047
617452
612850
608240
603623
598997
594363
589721
585069
580410
575741
571064
566378
561682
556978
552266
547545
542815
538076
533329
528569
523797
519011
514211
509397
504570
499731
494882
490023
485155
480278
475393
470499
465593
460674
455738
450785
445816
440833
435841
430844
425842
420835
415824
410806
405779
400743
395700
390650
385595
380535
375470
370398
365316
360225
355128
350025
344920
339818
334722
329631
324543
319455
314365
309269
304169
299065
293960
288858
283766
278685
273616
268561
263518
258486
253467
248462
243473
238499
233539
228592
223664
218756
213867
208997
204151
199327
194523
189737
184969
180217
175484
170772
166086
161430
156808
152223
147680
143179
138714
134288
129904
125565
121272
117029
112838
108705
104634
100629
967394
961872
956364
950871
945396
939940
934503
929086
923691
918319
912970
907645
902344
897069
891820
886596
881399
876229
871085
865967
860876
855811
850773
845760
840773
835810
830872
825958
821068
816200
811354
806530
801726
796943
792178
787432
782704
777993
773298
768618
763952
759300
754660
750033
745416
740810
736212
731624
727043
722469
717901
713338
708780
704225
699673
695124
690576
686029
681483
676936
672388
667839
663288
658734
654178
649618
645053
640484
635910
631329
626742
622149
617548
612941
608327
603706
599077
594441
589798
585147
580487
575820
571144
566460
561766
557063
552350
547628
542898
538158
533408
528646
523870
519080
514275
509455
504623
499778
494922
490055
485178
480294
475401
470499
465586
460658
455714
450753
445775
440786
435791
430792
425791
420787
415779
410763
405738
400703
395659
390608
385551
380488
375422
370349
365266
360175
355076
349972
344868
339767
334673
329585
324499
319413
314325
309232
304133
299031
293928
288829
283739
278661
273596
268543
263503
258473
253456
248451
243463
238489
233529
228582
223653
218744
213855
208984
204136
199311
194505
189717
184949
180197
175465
170754
166069
161415
156794
152210
147668
143166
138702
134276
129893
125554
121263
117022
112835
108707
104645
100657
968300
962789
957289
951804
946334
940882
935447
930032
924636
919261
913908
908578
903270
897987
892727
887492
882283
877098
871939
866805
861697
856615
851557
846525
841518
836535
831576
826641
821729
816840
811972
807127
802302
797497
792711
787945
783196
778465
773749
769050
764366
759695
755038
750393
745759
741136
736523
731919
727324
722735
718153
713577
709006
704439
699876
695315
690756
686199
681642
677086
672529
667971
663412
658852
654289
649723
645155
640582
636003
631419
626827
622230
617625
613015
608398
603774
599144
594507
589864
585214
580556
575891
571217
566532
561836
557130
552414
547689
542955
538213
533460
528693
523912
519116
514306
509481
504643
499791
494928
490053
485168
480275
475376
470467
465548
460616
455668
450704
445725
440736
435743
430746
425748
420747
415740
410724
405699
400663
395619
390568
385510
380447
375378
370304
365221
360129
355031
349928
344824
339726
334633
329546
324462
319377
314291
309199
304102
299002
293901
288806
283719
278644
273582
268531
263492
258464
253447
248444
243455
238482
233522
228574
223645
218736
213846
208974
204125
199298
194490
189702
184932
180181
175450
170740
166056
161403
156783
152201
147659
143157
138692
134267
129884
125546
121256
117017
112833
108709
104655
100682
968932
963427
957933
952453
946988
941538
936105
930691
925295
919918
914563
909229
903916
898627
893361
888118
882900
877706
872537
867392
862272
857177
852107
847062
842040
837044
832070
827121
822194
817290
812408
807547
802707
797887
793087
788306
783543
778797
774068
769355
764658
759974
755304
750647
746002
741368
736744
732129
727523
722924
718333
713747
709167
704592
700020
695451
690884
686319
681756
677192
672629
668065
663501
658935
654369
649801
645231
640656
636076
631488
626893
622292
617684
613071
608451
603826
599195
594558
589915
585266
580610
575946
571270
566583
561884
557173
552452
547722
542985
538239
533482
528710
523923
519122
514306
509476
504632
499775
494906
490024
485134
480236
475331
470419
465497
460564
455617
450655
445678
440692
435702
430709
425712
420711
415703
410687
405661
400626
395583
390533
385476
380411
375341
370266
365182
360090
354993
349891
344790
339693
334602
329516
324432
319348
314262
309171
304075
298977
293880
288787
283703
278631
273571
268522
263484
258457
253441
248438
243450
238476
233516
228569
223639
218730
213840
208967
204116
199288
194478
189689
184919
180168
175438
170729
166047
161394
156775
152194
147652
143150
138685
134260
129878
125541
121251
117013
112831
108711
104664
100705
969365
963865
958375
952898
947435
941988
936556
931142
925746
920369
915012
909675
904360
899067
893796
888548
883324
878124
872948
867796
862668
857565
852486
847431
842401
837394
832411
827452
822515
817601
812708
807837
802987
798157
793347
788555
783782
779027
774289
769567
764860
760168
755489
750824
746170
741528
736896
732274
727661
723056
718458
713866
709280
704698
700120
695545
690973
686403
681834
677266
672698
668130
663561
658993
654425
649857
645287
640712
636129
631539
626940
622335
617724
613108
608488
603861
599230
594593
589949
585299
580643
575977
571299
566609
561906
557191
552466
547732
542991
538241
533479
528702
523909
519102
514282
509448
504601
499741
494868
489984
485091
480192
475285
470371
465448
460516
455571
450611
445638
440656
435669
430677
425680
420678
415670
410654
405628
400594
395553
390504
385447
380382
375311
370234
365150
360059
354963
349863
344764
339669
334578
329492
324409
319326
314240
309149
304054
298958
293862
288772
283691
278621
273563
268515
263478
258452
253436
248434
243445
238472
233511
228564
223635
218725
213835
208962
204109
199279
194469
189678
184909
180158
175428
170721
166039
161388
156770
152189
147647
143144
138680
134255
129873
125536
121247
117010
112830
108713
104671
100725
969654
964157
958670
953195
947735
942288
936858
931444
926048
920670
915312
909974
904657
899361
894087
888836
883608
878404
873223
868066
862933
857825
852740
847680
842643
837630
832641
827674
822731
817810
812910
808032
803175
798338
793521
788723
783943
779182
774437
769709
764996
760298
755614
750943
746284
741637
737000
732373
727755
723145
718542
713946
709356
704770
700188
695610
691034
686460
681888
677316
672745
668173
663602
659032
654463
649896
645326
640749
636164
631571
626969
622360
617747
613130
608509
603881
599249
594611
589966
585314
580656
575987
571306
566613
561907
557190
552461
547724
542978
538223
533456
528675
523879
519069
514247
509412
504564
499703
494828
489944
485052
480152
475246
470331
465407
460476
455533
450576
445606
440627
435641
430649
425653
420651
415643
410627
405602
400569
395528
390480
385423
380358
375287
370209
365125
360035
354941
349843
344745
339651
334560
329474
324392
319309
314224
309133
304039
298943
293849
288761
283682
278614
273557
268510
263474
258448
253433
248431
243442
238468
233508
228561
223631
218721
213830
208958
204104
199272
194461
189670
184900
180150
175421
170714
166034
161383
156766
152185
147643
143141
138676
134251
129870
125533
121245
117008
112829
108714
104676
100741
969840
964345
958860
953387
947927
942482
937052
931639
926242
920864
915505
910166
904848
899551
894275
889022
883792
878585
873401
868241
863105
857992
852904
847840
842799
837782
832789
827818
822870
817945
813041
808158
803297
798455
793634
788831
784047
779281
774532
769800
765084
760382
755695
751020
746358
741707
737067
732437
727816
723203
718598
714000
709407
704819
700234
695653
691074
686498
681923
677349
672776
668202
663629
659058
654489
649921
645350
640771
636183
631587
626983
622373
617758
613140
608518
603890
599256
594616
589968
585314
580653
575982
571298
566603
561894
557175
552444
547703
542954
538195
533426
528643
523845
519035
514213
509379
504530
499669
494795
489911
485020
480121
475215
470300
465376
460445
455503
450548
445581
440604
435620
430628
425631
420629
415622
410607
405583
400549
395508
390460
385404
380339
375267
370190
365106
360018
354925
349828
344732
339638
334548
329461
324379
319297
314212
309122
304028
298933
293840
288753
283676
278609
273552
268506
263471
258445
253430
248428
243440
238466
233505
228558
223628
218718
213827
208954
204100
199267
194455
189664
184894
180144
175415
170709
166030
161380
156763
152182
147640
143138
138673
134249
129867
125531
121242
117006
112828
108715
104680
100754
969953
964459
958975
953503
948044
942599
937170
931756
926360
920982
915623
910283
904964
899666
894389
889135
883903
878694
873509
868347
863209
858094
853004
847937
842894
837875
832878
827905
822955
818027
813120
808235
803370
798526
793702
788896
784110
779341
774590
769855
765137
760433
755744
751068
746403
741751
737108
732476
727854
723240
718633
714034
709440
704850
700264
695681
691101
686523
681947
677372
672797
668221
663647
659075
654505
649936
645363
640783
636192
631594
626989
622377
617761
613142
608519
603890
599255
594613
589963
585307
580643
575969
571284
566586
561877
557156
552424
547681
542930
538169
533398
528614
523816
519006
514186
509352
504504
499643
494770
489887
484996
480099
475194
470279
465355
460423
455482
450528
445563
440588
435604
430613
425615
420614
415608
410594
405569
400535
395493
390445
385389
380324
375253
370176
365094
360006
354914
349819
344723
339630
334539
329451
324369
319288
314203
309114
304021
298926
293834
288748
283671
278605
273549
268504
263468
258443
253428
248427
243438
238464
233503
228556
223626
218715
213824
208952
204097
199264
194451
189659
184889
180140
175411
170706
166027
161378
156761
152180
147638
143136
138671
134247
129865
125529
121241
117005
112827
108715
104682
100763
970013
964520
959037
953565
948107
942662
937233
931820
926424
921045
915686
910346
905026
899728
894451
889195
883963
878753
873567
868404
863265
858149
853057
847989
842945
837924
832927
827952
823000
818071
813163
808276
803410
798564
793738
788931
784143
779373
774620
769884
765165
760460
755770
751093
746428
741774
737130
732497
727874
723259
718652
714052
709457
704867
700280
695696
691115
686537
681960
677384
672808
668232
663657
659084
654514
649943
645369
640787
636196
631596
626990
622378
617761
613141
608517
603888
599251
594608
589956
585298
580632
575957
571270
566572
561862
557140
552407
547664
542911
538149
533378
528594
523797
518987
514167
509334
504486
499625
494753
489871
484982
480085
475181
470266
465342
460410
455468
450515
445552
440578
435594
430603
425605
420604
415598
410584
405560
400526
395484
390435
385379
380315
375243
370167
365085
359999
354908
349813
344717
339624
334534
329445
324362
319282
314198
309109
304016
298922
293831
288745
283669
278603
273548
268502
263467
258441
253427
248425
243437
238462
233501
228554
223625
218714
213823
208950
204095
199262
194448
189656
184886
180137
175408
170703
166025
161376
156760
152179
147637
143134
138670
134246
129864
125528
121240
117004
112827
108715
104683
100768
970038
964545
959062
953590
948132
942688
937259
931845
926449
921071
915711
910371
905052
899753
894475
889220
883987
878777
873591
868427
863287
858171
853079
848011
842966
837945
832947
827971
823019
818089
813180
808293
803426
798580
793753
788946
784157
779386
774632
769896
765176
760471
755780
751102
746437
741782
737138
732505
727881
723266
718659
714058
709463
704873
700285
695701
691120
686542
681965
677389
672812
668236
663661
659087
654516
649944
645369
640787
636196
631596
626990
622378
617760
613139
608515
603885
599248
594603
589951
585292
580626
575950
571263
566565
561854
557132
552398
547655
542902
538140
533368
528585
523787
518978
514159
509325
504478
499617
494745
489864
484975
480079
475175
470260
465336
460403
455461
450509
445546
440573
435589
430598
425600
420599
415594
410580
405556
400521
395479
390430
385374
380310
375239
370162
365081
359996
354905
349810
344715
339622
334531
329442
324359
319279
314195
309107
304014
298920
293829
288744
283668
278602
273547
268501
263466
258441
253426
248425
243436
238462
233500
228554
223624
218713
213822
208949
204094
199261
194447
189655
184885
180135
175407
170702
166024
161376
156759
152178
147636
143134
138669
134245
129864
125527
121239
117003
112826
108715
104684
100770
97144.1
93388.1
89454.9
85382.1
81190.2
76892.2
72495.1
68005
63430
58781.1
54073.8
49327
44559.8
39793.1
35051.4
30364.4
25769.9
21315.1
17054.7
13055.2
9393.46
6156.51
3447.94
1398.61
189.646
97000.8
93228.2
89293.6
85222.8
81034
76739.7
72346.7
67861
63290.5
58646.3
53944.2
49203
44441.9
39681.7
34946.9
30267.2
25680.4
21233.5
16981.4
12990.9
9338.86
6112.23
3414.91
1377.64
182.681
96887.5
93090.9
89149.6
85077.5
80889.8
76597.8
72208
67725.9
63159
58518.9
53821.4
49085.3
44329.9
39575.9
34847.8
30175.1
25595.6
21156.3
16912
12929.7
9286.89
6069.98
3383.47
1357.93
176.863
96792.5
92972
89020.7
84945
80756.7
76465.8
72078.3
67598.9
63035
58398.3
53705
48973.7
44223.6
39475.5
34753.7
30087.7
25515.1
21083
16846.1
12871.6
9237.41
6029.65
3353.48
1339.31
171.837
96709.9
92867.5
88905
84824.1
80633.8
76343.1
71957
67479.7
62918.3
58284.7
53595.1
48868.1
44122.9
39380.3
34664.3
30004.6
25438.7
21013.4
16783.5
12816.4
9190.21
5991.12
3324.85
1321.71
167.459
96636.8
92774.9
88800.7
84713.6
80520.4
76229
71843.7
67367.9
62808.7
58177.9
53491.7
48768.7
44028
39290.3
34579.7
29925.8
25366.1
20947.2
16724
12763.9
9145.21
5954.37
3297.56
1305.13
163.605
96571.7
92692.4
88706.6
84612.6
80415.7
76122.8
71737.6
67263
62705.7
58077.6
53394.7
48675.4
43938.8
39205.6
34500
29851.4
25297.3
20884.5
16667.6
12714
9102.43
5919.4
3271.61
1289.57
160.189
96513.4
92618.7
88621.4
84520.2
80319
76024
71638.2
67164.5
62609.1
57983.5
53303.8
48588
43855.2
39126.1
34425
29781.2
25232.4
20825.2
16614.3
12666.9
9061.91
5886.26
3247.04
1275
157.144
96460.8
92552.2
88544.2
84435.6
80229.6
75932
71545.4
67072.2
62518.5
57895.4
53218.7
48506.2
43776.9
39051.6
34354.5
29715.3
25171.3
20769.4
16564.1
12622.5
9023.71
5854.99
3223.87
1261.42
154.425
96412.7
92491.7
88473.8
84357.9
80147
75846.5
71458.7
66985.9
62433.8
57813
53139.1
48429.7
43703.6
38981.8
34288.5
29653.4
25114
20717.1
16517.1
12581
8987.93
5825.69
3202.18
1248.82
152
96367.9
92435.9
88408.9
84286.3
80070.6
75767.1
71378
66905.3
62354.6
57736.1
53064.9
48358.3
43635.2
38916.6
34226.8
29595.5
25060.5
20668.3
16473.4
12542.5
8954.7
5798.47
3182.05
1237.21
149.848
96325.6
92383.7
88348.7
84219.9
79999.9
75693.4
71302.9
66830.3
62280.8
57664.4
52995.8
48291.7
43571.3
38855.7
34169.1
29541.6
25010.8
20623.1
16433.1
12507.1
8924.18
5773.46
3163.54
1226.61
147.959
96285.2
92334.8
88292.6
84158.4
79934.6
75625.4
71233.3
66760.6
62212.2
57597.9
52931.6
48229.9
43512
38799.1
34115.7
29491.6
24964.8
20581.5
16396.2
12474.9
8896.5
5750.75
3146.76
1217.04
146.326
96246.5
92288.7
88240.5
84101.7
79874.6
75563
71169.4
66696.4
62149
57536.5
52872.3
48172.9
43457.4
38747.1
34066.5
29445.8
24922.7
20543.6
16362.8
12445.9
8871.77
5730.44
3131.77
1208.55
144.947
96209.8
92245.8
88192.5
84050
79820.1
75506.3
71111.3
66637.9
62091.2
57480.3
52818.2
48121
43407.7
38699.9
34021.9
29404.3
24884.7
20509.6
16333
12420.3
8850.08
5712.64
3118.65
1201.16
143.819
96175.9
92206.7
88149.4
84003.8
79771.6
75455.9
71059.5
66585.5
62039.3
57429.8
52769.6
48074.4
43363.4
38657.8
33982.2
29367.3
24851
20479.5
16306.9
12398.2
8831.51
5697.4
3107.46
1194.9
142.932
96145.9
92172.6
88111.9
83963.9
79729.9
75412.5
71014.8
66540.1
61994.1
57385.7
52727
48033.9
43324.8
38621.2
33947.7
29335.3
24821.9
20453.7
16284.7
12379.6
8816.08
5684.75
3098.24
1189.79
142.275
96121.1
92144.6
88081.4
83931.4
79695.8
75376.9
70977.9
66502.4
61956.3
57348.6
52691.2
47999.8
43292.6
38590.5
33918.7
29308.4
24797.5
20432.2
16266.4
12364.5
8803.8
5674.71
3091
1185.84
141.836
96103.1
92124.1
88059
83907.4
79670.4
75350.1
70949.8
66473.3
61926.9
57319.4
52663
47973
43267.1
38566.1
33895.6
29287
24778.1
20415.1
16252.1
12353
8794.66
5667.26
3085.73
1183.05
141.6
96093.5
92112.6
88045.9
83893
79654.6
75333
70931.3
66453.7
61906.6
57298.9
52642.9
47953.9
43248.7
38548.4
33878.6
29271.2
24763.8
20402.7
16242
12345.2
8788.62
5662.37
3082.4
1181.4
141.553
96093.6
92111.2
88043.1
83888.8
79649.1
75326.1
70923
66444.1
61896
57287.6
52631.7
47942.9
43237.9
38537.5
33867.9
29261.1
24754.6
20394.9
16235.9
12340.8
8785.61
5659.98
3080.95
1180.83
141.678
96104.4
92120.7
88051.2
83895.4
79654.2
75329.6
70925
66444.7
61895.2
57285.8
52629.4
47940.3
43234.6
38533.5
33863.5
29256.8
24750.8
20391.9
16233.9
12339.9
8785.54
5660
3081.28
1181.3
141.955
96126.1
92141.1
88069.9
83912.5
79669.6
75343.4
70937.1
66455.3
61904.2
57293.4
52636.2
47946
43238.9
38536.3
33865.4
29258.1
24752
20393.4
16235.9
12342.5
8788.28
5662.3
3083.25
1182.7
142.362
96158.3
92171.7
88098.7
83939.2
79694.5
75366.6
70958.7
66475.2
61922.4
57310.1
52651.7
47959.8
43250.4
38545.8
33873.2
29264.8
24758.3
20399.4
16241.8
12348.2
8793.63
5666.72
3086.71
1184.93
142.876
96199.4
92211.1
88135.8
83974.2
79727.5
75397.9
70988.4
66503.3
61948.8
57335.1
52675.4
47981.2
43268.7
38561.3
33886.6
29276.6
24769.1
20409.5
16251.1
12356.8
8801.39
5673.03
3091.49
1187.91
143.473
96247.2
92256.9
88179.3
84015.4
79766.8
75435.5
71024.5
66538.1
61982.2
57367.5
52706.3
48009.2
43293.1
38582.4
33904.9
29293
24784
20423.3
16263.5
12368
8811.29
5681.04
3097.37
1191.52
144.133
96298.9
92306.4
88226.4
84060.5
79810.1
75477.4
71065.2
66577.6
62020.8
57405.7
52743.1
48042.7
43322.6
38608.1
33927.4
29313.1
24802.5
20440.2
16278.8
12381.5
8823.02
5690.5
3104.16
1195.66
144.836
96356.8
92361.7
88279.3
84111.3
79859.4
75525.4
71112.4
66624.3
62067.3
57452.4
52788.4
48084.2
43359.4
38640.2
33955.8
29338.7
24826
20461.7
16298
12398.5
8837.6
5702.23
3112.47
1200.68
145.636
96415.4
92417.7
88333
84163.3
79910.3
75575.9
71162.8
66675.2
62119.4
57505.8
52840.7
48132.6
43402.6
38678.2
33989.5
29369.3
24854.2
20487.6
16321.2
12418.8
8854.94
5716.1
3122.2
1206.51
146.461
96465.7
92465.4
88378.8
84208.2
79954.9
75620.8
71208.8
66722.9
62169.9
57558.7
52893.1
48181.6
43446.8
38717.2
34024.3
29401.2
24883.9
20514.8
16345.8
12440.3
8873.25
5730.62
3132.33
1212.55
147.197
96504.9
92502.2
88414.2
84243.3
79990.6
75657.7
71247.8
66764.8
62215.9
57608.2
52942.9
48229
43490.1
38755.6
34058.8
29433.2
24913.8
20542.4
16370.9
12462.4
8892.01
5745.35
3142.58
1218.65
147.816
96531.9
92527.1
88438.3
84267.7
80016.2
75685.2
71278.2
66799.2
62255.4
57651.9
52988
48272.9
43530.6
38792.1
34091.9
29464.2
24942.9
20569.6
16395.9
12484.5
8910.8
5759.97
3152.77
1224.7
148.298
96547.4
92541
88451.7
84282
80032.2
75703.8
71300.2
66825.7
62287.6
57688.8
53027.2
48312
43567.5
38825.6
34122.9
29493.5
24970.8
20595.7
16420.2
12506.2
8929.33
5774.23
3162.82
1230.58
148.631
96552.6
92545.3
88456.3
84288.1
80040.5
75715
71315
66845.2
62312.7
57718.6
53059.9
48345.8
43600.2
38856.1
34151.7
29521
24997.1
20620.6
16443.7
12527.3
8947.41
5788.07
3172.72
1236.25
148.818
96549.4
92542.6
88454.8
84288.7
80043.7
75721.4
71325.1
66859.7
62332.1
57742.2
53086.9
48374.7
43629.1
38883.9
34178.4
29546.9
25022
20644.4
16466.3
12547.9
8965.08
5801.54
3182.58
1241.7
148.883
96539.5
92535.2
88450.2
84287
80045.1
75726
71333.3
66871.8
62348
57761.6
53109.5
48399.8
43655.1
38909.8
34204
29571.9
25046.1
20667.5
16488.4
12568.1
8982.55
5814.87
3192.57
1246.97
148.866
96525.2
92525.8
88445.5
84286.5
80048.2
75732.5
71343.1
66884.5
62363.2
57779.3
53129.9
48422.9
43679.8
38935.3
34229.7
29597
25070.3
20690.7
16510.5
12588.5
9000.19
5828.44
3202.98
1252.14
148.828
96509.2
92517.4
88443.9
84290.6
80056.8
75744.5
71357.9
66901
62380.7
57798.1
53150.8
48446.2
43705.2
38962.1
34256.9
29623.8
25095.9
20714.9
16533.4
12609.5
9018.53
5842.71
3214.13
1257.34
148.848
96494.9
92513
88448.6
84302.8
80074.2
75765.7
71381.2
66924.4
62403.6
57821
53175
48472.5
43733.6
38992
34287.4
29653.7
25124.2
20741.4
16558
12632
9038.17
5858.23
3226.34
1262.76
149.025
96486.1
92516.3
88462.8
84325.9
80103.6
75799
71415.9
66957.8
62434.6
57850.7
53205.4
48504.3
43767.2
39027
34322.9
29688.3
25156.5
20771.3
16585.4
12656.9
9059.79
5875.55
3239.94
1268.63
149.468
96486.7
92530.7
88489.5
84362.4
80147.1
75846.8
71464.6
67003.7
62476.4
57889.8
53244.1
48543.9
43808.1
39068.9
34365.1
29729.2
25194.4
20805.9
16616.7
12684.9
9084.08
5895.27
3255.22
1275.22
150.295
96499.9
92559.3
88531.3
84414.3
80206.1
75910.3
71528.8
67063.9
62531.1
57940.5
53293.2
48593
43858.1
39119.3
34415.3
29777.5
25238.8
20846.4
16652.8
12717.1
9111.71
5917.95
3272.51
1282.83
151.637
96525.9
92602.1
88587.6
84480.1
80278.1
75986.3
71605.4
67136.2
62597.2
58001.5
53351.7
48650.7
43915.8
39176.8
34471.9
29831.8
25288.4
20891.4
16692.8
12752.3
9141.87
5942.97
3291.19
1291.37
153.545
96561.9
92655.1
88653.5
84554.2
80357.2
76068.3
71687.8
67214.5
62669.7
58068.8
53415.5
48712.8
43977.3
39237.3
34531.3
29888.3
25340
20938.1
16734.2
12788.5
9172.81
5968.8
3310.17
1300.46
155.942
96604.9
92715.1
88725.6
84633.5
80440.4
76153.3
71772.5
67295.4
62745.7
58139.7
53482.6
48777.3
44040.6
39299.2
34591.5
29945.4
25392
20985.3
16776
12824.8
9203.87
5994.83
3329.07
1309.94
158.75
96652.6
92779.6
88801.4
84715.3
80525.2
76239
71857.2
67376.7
62823.1
58212.4
53551
48842.8
44104.2
39361
34651.2
30001.9
25443.5
21032.2
16817.5
12860.9
9234.57
6020.59
3347.64
1319.66
161.871
96703.2
92846.8
88878.7
84797.8
80609.9
76323.6
71940.3
67456.8
62899.9
58285
53619.4
48907.8
44167
39421.5
34709.5
30056.9
25493.8
21077.9
16858.1
12896.1
9264.53
6045.69
3365.7
1329.47
165.202
96755.3
92915.2
88956
84879.3
80692.9
76405.9
72020.6
67534.5
62974.9
58356.2
53686.6
48971.4
44228.1
39480.1
34765.5
30109.6
25542.2
21122.1
16897.3
12930.1
9293.43
6069.86
3383.07
1339.21
168.644
96807.9
92983.5
89032.2
84958.8
80773.3
76485
72097.5
67609.2
63047.1
58424.9
53751.5
49032.7
44286.7
39536.2
34818.7
30159.7
25588.5
21164.4
16934.8
12962.6
9321.04
6092.89
3399.66
1348.77
172.109
96860.6
93051.1
89106.4
85035.3
80850.1
76560.4
72170.4
67680.2
63116
58490.6
53813.5
49091.4
44342.6
39589.4
34868.9
30206.9
25632.4
21204.5
16970.4
12993.5
9347.23
6114.65
3415.38
1358.03
175.53
96913
93117.3
89177.8
85108.5
80923.1
76631.6
72239.1
67747.3
63181
58552.9
53872.4
49147
44395.3
39639.7
34916.1
30251.1
25673.9
21242.4
17004
13022.7
9371.92
6135.08
3430.22
1366.93
178.854
96965.1
93181.7
89246.1
85177.8
80991.8
76698.5
72303.7
67810.5
63242.2
58611.4
53927.8
49199.4
44445
39686.8
34960.1
30292.2
25712.9
21277.9
17035.6
13050.1
9395.08
6154.19
3444.15
1375.4
182.047
97016.6
93243.9
89311.1
85243.1
81056.3
76761
72364
67869.6
63299.3
58666.2
53979.7
49248.6
44491.4
39731
35001.1
30330.3
25749.5
21311.1
17065
13075.7
9416.71
6171.97
3457.19
1383.43
185.082
97067.7
93303.6
89372.5
85304.4
81116.4
76819.3
72420.2
67924.7
63352.5
58717.2
54027.9
49294.5
44534.7
39772.2
35039.1
30365.6
25783.7
21342
17092.5
13099.6
9436.86
6188.49
3469.37
1391.02
187.944
97118.3
93360.7
89430.1
85361.6
81172.3
76873.4
72472.6
67976
63401.8
58764.6
54072.8
49337.3
44575
39810.5
35074.3
30398.2
25815.7
21370.7
17118
13121.8
9455.65
6203.84
3480.74
1398.2
190.624
97168.6
93415
89484.2
85414.8
81224.1
76923.7
72521.2
68023.6
63447.5
58808.5
54114.4
49377.1
44612.5
39846.2
35106.9
30428.3
25845.4
21397.4
17141.7
13142.4
9473.16
6218.14
3491.4
1404.99
193.118
97218.7
93466.4
89534.6
85464.3
81272.1
76970.2
72566.3
68067.6
63489.8
58849.3
54153.1
49414.1
44647.3
39879.3
35137.1
30456.1
25872.9
21422
17163.6
13161.6
9489.4
6231.37
3501.35
1411.37
195.433
)
;

boundaryField
{
    inlet
    {
        type            calculated;
        value           nonuniform List<scalar> 
30
(
1.19156e+06
1.19161e+06
1.19169e+06
1.19184e+06
1.19207e+06
1.1924e+06
1.19281e+06
1.19335e+06
1.19403e+06
1.19488e+06
1.19584e+06
1.19683e+06
1.19806e+06
1.19973e+06
1.20201e+06
1.20493e+06
1.20856e+06
1.21255e+06
1.21627e+06
1.21518e+06
1.21389e+06
1.21244e+06
1.21115e+06
1.20999e+06
1.20912e+06
1.20842e+06
1.20782e+06
1.20744e+06
1.20724e+06
1.20712e+06
)
;
    }
    outlet
    {
        type            calculated;
        value           uniform 0;
    }
    upperWall
    {
        type            calculated;
        value           nonuniform List<scalar> 
223
(
1.20712e+06
1.18852e+06
1.16994e+06
1.15197e+06
1.13476e+06
1.11836e+06
1.10277e+06
1.08797e+06
1.07394e+06
1.06065e+06
1.04806e+06
1.03615e+06
1.02487e+06
1.0142e+06
1.0041e+06
994546
985500
976937
970038
964545
959062
953590
948132
942688
937259
931845
926449
921071
915711
910371
905052
899753
894475
889220
883987
878777
873591
868427
863287
858171
853079
848011
842966
837945
832947
827971
823019
818089
813180
808293
803426
798580
793753
788946
784157
779386
774632
769896
765176
760471
755780
751102
746437
741782
737138
732505
727881
723266
718659
714058
709463
704873
700285
695701
691120
686542
681965
677389
672812
668236
663661
659087
654516
649944
645369
640787
636196
631596
626990
622378
617760
613139
608515
603885
599248
594603
589951
585292
580626
575950
571263
566565
561854
557132
552398
547655
542902
538140
533368
528585
523787
518978
514159
509325
504478
499617
494745
489864
484975
480079
475175
470260
465336
460403
455461
450509
445546
440573
435589
430598
425600
420599
415594
410580
405556
400521
395479
390430
385374
380310
375239
370162
365081
359996
354905
349810
344715
339622
334531
329442
324359
319279
314195
309107
304014
298920
293829
288744
283668
278602
273547
268501
263466
258441
253426
248425
243436
238462
233500
228554
223624
218713
213822
208949
204094
199261
194447
189655
184885
180135
175407
170702
166024
161376
156759
152178
147636
143134
138669
134245
129864
125527
121239
117003
112826
108715
104684
100770
97218.7
93466.4
89534.6
85464.3
81272.1
76970.2
72566.3
68067.6
63489.8
58849.3
54153.1
49414.1
44647.3
39879.3
35137.1
30456.1
25872.9
21422
17163.6
13161.6
9489.4
6231.37
3501.35
1411.37
195.433
)
;
    }
    lowerWall
    {
        type            calculated;
        value           nonuniform List<scalar> 
250
(
1.19156e+06
1.1737e+06
1.15564e+06
1.13786e+06
1.1205e+06
1.1036e+06
1.08719e+06
1.07125e+06
1.05576e+06
1.04069e+06
1.02599e+06
1.0116e+06
997451
983436
969411
955145
940213
923577
780887
781169
781735
782589
783737
785184
786941
789019
791431
794194
797329
800865
804839
809297
814298
820091
826506
832975
839472
845991
852537
859126
865790
872593
879673
887293
895549
780887
780825
780699
780510
780254
779933
779545
779088
778561
777963
777293
776550
775734
774845
773882
772845
771734
770548
769288
767953
766544
765062
763505
761876
760175
758402
756558
754645
752662
750611
748493
746310
744061
741748
739371
736933
734433
731873
729254
726577
723842
721050
718202
715299
712342
709332
706270
703155
699988
696769
693500
690181
686815
683402
679943
676439
672890
669298
665665
661991
658278
654525
650734
646906
643041
639139
635200
631225
627217
623175
619099
614991
610850
606674
602465
598225
593956
589661
585340
580993
576620
572223
567802
563355
558884
554389
549871
545330
540764
536174
531560
526926
522273
517603
512914
508207
503483
498744
493990
489217
484424
479609
474771
469910
465032
460142
455238
450322
445399
440475
435550
430618
425675
420715
415734
410734
405715
400680
395632
390573
385507
380436
375361
370284
365208
360135
355065
349999
344937
339876
334813
329746
324673
319590
314499
309408
304327
299257
294198
289146
284097
279047
273995
268938
263879
258819
253764
248720
243689
238675
233679
228703
223746
218808
213890
208994
204124
199283
194470
189679
184907
180154
175422
170714
166034
161384
156765
152179
147629
143118
138650
134225
129845
125511
121225
116991
112813
108700
104667
100752
97144.1
93388.1
89454.9
85382.1
81190.2
76892.2
72495.1
68005
63430
58781.1
54073.8
49327
44559.8
39793.1
35051.4
30364.4
25769.9
21315.1
17054.7
13055.2
9393.46
6156.51
3447.94
1398.61
189.646
)
;
    }
    frontAndBack
    {
        type            empty;
    }
}


// ************************************************************************* //
