/*--------------------------------*- C++ -*----------------------------------*\
  =========                 |
  \\      /  F ield         | OpenFOAM: The Open Source CFD Toolbox
   \\    /   O peration     | Website:  https://openfoam.org
    \\  /    A nd           | Version:  6
     \\/     M anipulation  |
\*---------------------------------------------------------------------------*/
FoamFile
{
    version     2.0;
    format      ascii;
    class       volScalarField;
    location    "0.45";
    object      s_0;
}
// * * * * * * * * * * * * * * * * * * * * * * * * * * * * * * * * * * * * * //

dimensions      [0 0 0 0 0 0 0];

internalField   nonuniform List<scalar> 
12225
(
1
1
1
1
1
1
1
1
1
1
1
1
1
1
1
1
1
1
1
1
1
1
1
1
1
1
1
1
1
1
1
1
1
1
1
1
1
1
1
1
1
1
1
1
1
1
1
1
1
1
1
1
1
1
1
1
1
1
1
1
1
1
1
1
1
1
1
1
1
1
1
1
1
1
1
1
1
1
1
1
1
1
1
1
1
1
1
1
1
1
1
1
1
1
1
1
1
1
1
1
1
1
1
1
1
1
1
1
1
1
1
1
1
1
1
1
1
1
1
1
1
1
1
1
1
1
1
1
1
1
1
1
1
1
1
1
1
1
1
1
1
1
1
1
1
1
1
1
1
1
1
1
1
1
1
1
1
1
1
1
1
1
1
1
1
1
1
1
1
1
1
1
1
1
1
1
1
1
1
1
1
1
1
1
1
1
1
1
1
1
1
1
1
1
1
1
1
1
1
1
1
1
1
1
1
1
1
1
1
1
1
1
1
1
1
1
1
1
1
1
1
1
1
1
1
1
1
1
1
1
1
1
1
1
1
1
1
1
1
1
1
1
1
1
1
1
1
1
1
1
1
1
1
1
1
1
1
1
1
1
1
1
1
1
1
1
1
1
1
1
1
1
1
1
1
1
1
1
1
1
1
1
1
1
1
1
1
1
1
1
1
1
1
1
1
1
1
1
1
1
1
1
1
1
1
1
1
1
1
1
1
1
1
1
1
1
1
1
1
1
1
1
1
1
1
1
1
1
1
1
1
1
1
1
1
1
1
1
1
1
1
1
1
1
1
1
1
1
1
1
1
1
1
1
1
1
1
1
1
1
1
1
1
1
1
1
1
1
1
1
1
1
1
1
1
1
1
1
1
1
1
1
1
1
1
1
1
1
1
1
1
1
1
1
1
1
1
1
1
1
1
1
1
1
1
1
1
1
1
1
1
1
1
1
1
1
1
1
1
1
1
1
1
1
1
1
1
1
1
1
1
1
1
1
1
1
1
1
1
1
1
1
1
1
1
1
1
1
1
1
1
1
1
1
1
1
1
1
1
1
1
1
1
1
1
1
1
1
1
1
1
1
1
1
1
1
1
1
1
1
1
1
1
1
1
1
1
1
1
1
1
1
1
1
1
1
1
1
1
1
1
1
1
1
1
1
1
1
1
1
1
1
1
1
1
1
1
1
1
1
1
1
1
1
1
1
1
1
1
1
1
1
1
1
1
1
1
1
1
1
0.999679
0.99974
0.999743
0.999744
0.999759
0.999769
0.999783
0.999794
0.999805
0.999814
0.999821
0.999827
0.999831
0.999835
0.999838
0.999841
0.999843
0.999845
0.999846
0.999848
0.999849
0.99985
0.99985
0.99985
0.99985
0.99985
0.99985
0.999849
0.999849
0.999848
0.999847
0.999845
0.999841
0.999837
0.999829
0.999806
0.999701
0.999578
0.999533
0.999521
0.999519
0.999519
0.999521
0.999523
0.999524
0.999527
0.999531
0.999533
0.999537
0.999547
0.999559
0.999568
0.999585
0.999626
0.999686
0.999737
0.999763
0.999781
0.999843
0.999854
0.999911
0.999968
0.999966
0.999966
0.999965
0.999965
0.999965
0.999965
0.999965
0.999965
0.999965
0.999964
0.999964
0.999964
0.999964
0.999964
0.999964
0.999964
0.999964
0.999964
0.999964
0.999964
0.999964
0.999964
0.999964
0.999964
0.999965
0.999965
0.999965
0.999965
0.999965
0.999965
0.999965
0.999966
0.999966
0.999966
0.999966
0.999966
0.999966
0.999966
0.999966
0.999967
0.999967
0.999967
0.999967
0.999968
0.999968
0.999968
0.999968
0.999969
0.999969
0.99997
0.99997
0.999971
0.999971
0.999971
0.999972
0.999972
0.999973
0.999973
0.999974
0.999974
0.999975
0.999976
0.999977
0.999978
0.999978
0.999979
0.999979
0.99998
0.99998
0.99998
0.99998
0.999981
0.999981
0.999981
0.999981
0.999981
0.999981
0.99998
0.999979
0.999979
0.999979
0.999978
0.999977
0.999977
0.999976
0.999971
0.99993
0.999838
0.999813
0.999813
0.999816
0.999817
0.999819
0.999832
0.999851
0.999859
0.999862
0.999861
0.999853
0.999846
0.999847
0.999857
0.99989
0.999915
0.999919
0.999921
0.99993
0.999946
0.999954
0.999958
0.999962
0.999967
0.999972
0.999974
0.999975
0.999976
0.999976
0.999977
0.999637
0.999716
0.999717
0.999731
0.999756
0.999792
0.999821
0.999841
0.999851
0.999857
0.999861
0.999865
0.999867
0.999869
0.99987
0.999872
0.999873
0.999874
0.999875
0.999877
0.999879
0.999881
0.999884
0.999885
0.999887
0.99989
0.999891
0.999891
0.999891
0.99989
0.999888
0.999884
0.999881
0.999874
0.999865
0.999852
0.999817
0.999773
0.999698
0.999611
0.999557
0.999533
0.999527
0.999528
0.999531
0.999538
0.99955
0.999557
0.999571
0.999586
0.999609
0.999637
0.999645
0.999659
0.999687
0.999726
0.999747
0.99978
0.999918
0.99995
0.999962
0.999967
0.999964
0.999963
0.999962
0.999961
0.99996
0.999958
0.999957
0.999956
0.999955
0.999955
0.999954
0.999953
0.999953
0.999953
0.999953
0.999953
0.999953
0.999953
0.999953
0.999953
0.999954
0.999954
0.999954
0.999955
0.999955
0.999956
0.999956
0.999957
0.999958
0.999958
0.999959
0.999959
0.999959
0.99996
0.99996
0.999961
0.999961
0.999961
0.999961
0.999962
0.999962
0.999962
0.999962
0.999962
0.999962
0.999961
0.999961
0.999961
0.999961
0.999961
0.999961
0.999961
0.999961
0.999961
0.999961
0.999961
0.999961
0.999961
0.999961
0.999961
0.999961
0.999961
0.999962
0.999963
0.999964
0.999966
0.999968
0.99997
0.999971
0.999973
0.999975
0.999976
0.999978
0.999979
0.999981
0.999982
0.999984
0.999985
0.999986
0.999987
0.999988
0.999988
0.999988
0.999988
0.999988
0.999986
0.999973
0.999927
0.999891
0.999891
0.999895
0.999895
0.999891
0.999875
0.999839
0.999809
0.999789
0.99978
0.99978
0.999786
0.99979
0.999799
0.999831
0.999846
0.999844
0.999847
0.999868
0.999911
0.99994
0.999955
0.999963
0.999971
0.999977
0.999979
0.99998
0.99998
0.99998
0.99998
0.999552
0.999687
0.99971
0.99975
0.999811
0.999842
0.99985
0.999855
0.999856
0.999855
0.999851
0.999846
0.999839
0.999832
0.999826
0.999821
0.999817
0.999816
0.999816
0.999817
0.999821
0.999825
0.99983
0.999835
0.99984
0.999847
0.999852
0.999859
0.999866
0.999871
0.999875
0.999878
0.999878
0.999877
0.999875
0.999872
0.999865
0.999847
0.999821
0.999774
0.999685
0.999606
0.99956
0.999544
0.999541
0.999543
0.999552
0.999569
0.999607
0.999659
0.999712
0.999766
0.999789
0.999788
0.999776
0.999781
0.999814
0.999941
0.999958
0.999962
0.999964
0.999964
0.999961
0.99996
0.999958
0.999955
0.999953
0.999951
0.999949
0.999949
0.999948
0.999948
0.999948
0.999948
0.999949
0.999949
0.999949
0.99995
0.99995
0.99995
0.99995
0.99995
0.99995
0.99995
0.99995
0.999951
0.999951
0.999951
0.999951
0.999951
0.999951
0.999952
0.999952
0.999953
0.999954
0.999955
0.999956
0.999957
0.999958
0.999959
0.99996
0.999961
0.999962
0.999963
0.999964
0.999964
0.999965
0.999965
0.999965
0.999965
0.999964
0.999964
0.999964
0.999963
0.999963
0.999963
0.999963
0.999963
0.999963
0.999963
0.999962
0.999962
0.999961
0.99996
0.999959
0.999958
0.999958
0.999958
0.999958
0.999958
0.999959
0.99996
0.999961
0.999962
0.999963
0.999964
0.999965
0.999966
0.999968
0.99997
0.999973
0.999976
0.99998
0.999983
0.999986
0.999989
0.99999
0.99999
0.999988
0.99998
0.99997
0.999971
0.999973
0.999974
0.999973
0.999969
0.999958
0.999928
0.999887
0.999853
0.999826
0.999805
0.999793
0.999791
0.999796
0.999805
0.999809
0.99982
0.999862
0.999916
0.999944
0.999957
0.999967
0.999976
0.999978
0.999978
0.999976
0.999971
0.999967
0.999966
0.999568
0.999678
0.999754
0.999831
0.999852
0.999855
0.999851
0.99984
0.99982
0.999796
0.999774
0.999756
0.999744
0.999738
0.999736
0.999737
0.99974
0.999743
0.999747
0.999752
0.999758
0.999767
0.999778
0.999789
0.999799
0.999808
0.999815
0.999823
0.999829
0.999835
0.999843
0.999849
0.999854
0.999862
0.999869
0.99987
0.999869
0.999865
0.999857
0.999837
0.999795
0.999707
0.99963
0.999591
0.999581
0.999582
0.99959
0.999622
0.999711
0.999787
0.999837
0.99987
0.99988
0.999877
0.999867
0.999823
0.99993
0.999959
0.999962
0.999963
0.999963
0.99996
0.999958
0.999955
0.99995
0.999948
0.999946
0.999945
0.999945
0.999945
0.999945
0.999946
0.999948
0.999949
0.99995
0.999952
0.999953
0.999955
0.999956
0.999957
0.999957
0.999958
0.999958
0.999957
0.999957
0.999956
0.999955
0.999954
0.999953
0.999952
0.999951
0.99995
0.999949
0.999949
0.999949
0.999949
0.999949
0.999949
0.99995
0.99995
0.999951
0.999953
0.999955
0.999957
0.999959
0.999961
0.999963
0.999965
0.999966
0.999967
0.999968
0.999968
0.999967
0.999967
0.999966
0.999966
0.999966
0.999966
0.999967
0.999967
0.999967
0.999968
0.999968
0.999968
0.999967
0.999965
0.999963
0.99996
0.999958
0.999957
0.999956
0.999956
0.999957
0.999957
0.999958
0.99996
0.999961
0.999961
0.999962
0.999963
0.999963
0.999963
0.999964
0.999966
0.999971
0.999977
0.999982
0.999987
0.999989
0.999989
0.999989
0.999989
0.999989
0.999989
0.999989
0.999988
0.999986
0.999978
0.999957
0.999942
0.999931
0.999908
0.999857
0.999818
0.999803
0.999801
0.999802
0.999811
0.999855
0.999918
0.999947
0.999961
0.999973
0.999977
0.999977
0.99997
0.999963
0.99996
0.999959
0.999959
0.99971
0.99977
0.999847
0.99986
0.999857
0.999841
0.999803
0.999758
0.999725
0.999712
0.999707
0.999708
0.99971
0.999713
0.999718
0.999725
0.99973
0.999735
0.99974
0.999744
0.99975
0.999763
0.99978
0.999796
0.99981
0.999822
0.999831
0.999836
0.999838
0.99984
0.999844
0.999848
0.99985
0.999852
0.999858
0.999864
0.999866
0.999866
0.999863
0.999854
0.999827
0.999745
0.999661
0.999622
0.999616
0.999623
0.99966
0.999762
0.999842
0.999887
0.999913
0.999925
0.999925
0.999921
0.999886
0.999881
0.999954
0.999962
0.999962
0.999962
0.99996
0.999957
0.999953
0.999947
0.999945
0.999944
0.999943
0.999943
0.999944
0.999946
0.999947
0.999949
0.99995
0.999952
0.999953
0.999954
0.999957
0.99996
0.999963
0.999967
0.99997
0.999972
0.999975
0.999976
0.999977
0.999977
0.999977
0.999977
0.999975
0.999973
0.99997
0.999967
0.999963
0.99996
0.999957
0.999954
0.999952
0.999951
0.99995
0.999949
0.999949
0.999949
0.99995
0.999951
0.999952
0.999954
0.999956
0.999959
0.999962
0.999965
0.999968
0.999969
0.99997
0.99997
0.999969
0.999968
0.999968
0.999967
0.999967
0.999967
0.999968
0.999969
0.999969
0.99997
0.999971
0.999972
0.999971
0.999971
0.999968
0.999963
0.99996
0.999957
0.999956
0.999956
0.999956
0.999956
0.999956
0.999958
0.99996
0.999961
0.999962
0.999963
0.999963
0.999963
0.999963
0.999964
0.999966
0.999973
0.999981
0.999986
0.999989
0.99999
0.999991
0.999991
0.999991
0.999991
0.999991
0.999989
0.999982
0.999969
0.999961
0.999954
0.999938
0.999888
0.999831
0.99981
0.999808
0.999814
0.999852
0.999918
0.99995
0.999967
0.999976
0.999977
0.999972
0.999962
0.999959
0.999959
0.999959
0.99996
0.999813
0.99985
0.999867
0.999858
0.99982
0.999753
0.999711
0.999698
0.999697
0.999698
0.999702
0.999708
0.999715
0.999722
0.99973
0.999735
0.999738
0.999741
0.999743
0.999745
0.999751
0.999766
0.999787
0.999806
0.999825
0.999841
0.999851
0.999854
0.999854
0.999854
0.999852
0.999852
0.999852
0.999853
0.999858
0.999864
0.999866
0.999866
0.999863
0.999853
0.99982
0.999723
0.999651
0.999637
0.999648
0.999712
0.999828
0.999892
0.999924
0.999939
0.999945
0.999946
0.999944
0.999932
0.999889
0.99992
0.99996
0.999962
0.999962
0.99996
0.999956
0.999953
0.999946
0.999944
0.999943
0.999942
0.999943
0.999944
0.999946
0.999948
0.999949
0.999949
0.999949
0.99995
0.99995
0.999951
0.999953
0.999959
0.999965
0.99997
0.999974
0.999978
0.999981
0.999984
0.999987
0.999988
0.999989
0.99999
0.99999
0.999991
0.99999
0.99999
0.999989
0.999987
0.999985
0.999981
0.999977
0.999973
0.999968
0.999964
0.99996
0.999957
0.999956
0.999954
0.999954
0.999954
0.999955
0.999957
0.999959
0.999962
0.999965
0.999968
0.99997
0.999971
0.999972
0.999972
0.999972
0.999971
0.99997
0.99997
0.99997
0.99997
0.99997
0.999971
0.999973
0.999974
0.999974
0.999974
0.999974
0.999973
0.999971
0.999967
0.999963
0.99996
0.999958
0.999957
0.999956
0.999955
0.999955
0.999956
0.999958
0.999961
0.999962
0.999963
0.999963
0.999963
0.999964
0.999964
0.999967
0.999973
0.99998
0.999984
0.999987
0.99999
0.999991
0.999992
0.999992
0.999991
0.999989
0.999982
0.999973
0.999968
0.999961
0.999944
0.999886
0.999834
0.999824
0.999828
0.999853
0.999916
0.999953
0.99997
0.999977
0.999976
0.999964
0.999958
0.999958
0.999959
0.99996
0.99996
0.999835
0.999868
0.999863
0.999804
0.999722
0.999697
0.999693
0.999695
0.999703
0.999717
0.999731
0.999743
0.999751
0.999755
0.999756
0.999754
0.999751
0.999748
0.999747
0.999748
0.999749
0.999754
0.999771
0.999801
0.999827
0.999847
0.999857
0.999861
0.999861
0.99986
0.999858
0.999856
0.999856
0.999857
0.999862
0.999865
0.999865
0.999864
0.999858
0.999837
0.999755
0.999662
0.999648
0.999672
0.999785
0.999886
0.999927
0.999944
0.999949
0.999951
0.999952
0.999953
0.999951
0.999927
0.999898
0.999945
0.999962
0.999962
0.999961
0.999957
0.999953
0.999947
0.999943
0.999942
0.999942
0.999942
0.999944
0.999946
0.999948
0.999948
0.999948
0.999946
0.999943
0.999941
0.999941
0.999944
0.999951
0.99996
0.999968
0.999975
0.999981
0.999985
0.999988
0.999991
0.999992
0.999994
0.999995
0.999995
0.999996
0.999996
0.999996
0.999996
0.999996
0.999996
0.999996
0.999995
0.999995
0.999994
0.999993
0.99999
0.999987
0.999983
0.999978
0.999974
0.99997
0.999967
0.999964
0.999963
0.999963
0.999964
0.999966
0.999968
0.99997
0.999971
0.999972
0.999973
0.999973
0.999973
0.999973
0.999973
0.999972
0.999972
0.999973
0.999973
0.999974
0.999976
0.999978
0.999978
0.999978
0.999977
0.999976
0.999974
0.999972
0.999969
0.999967
0.999964
0.999962
0.999959
0.999957
0.999956
0.999956
0.999956
0.999957
0.99996
0.999962
0.999963
0.999964
0.999964
0.999964
0.999965
0.999968
0.999974
0.99998
0.999985
0.999988
0.99999
0.999991
0.999991
0.999991
0.999988
0.999979
0.999974
0.99997
0.999962
0.999935
0.999875
0.999856
0.999856
0.999866
0.999912
0.999954
0.999973
0.999977
0.999972
0.99996
0.999957
0.999959
0.999959
0.999959
0.999957
0.999843
0.999871
0.999826
0.99972
0.999696
0.999692
0.9997
0.999723
0.999754
0.99978
0.999794
0.999798
0.999797
0.999793
0.999787
0.999779
0.999771
0.999764
0.999758
0.999753
0.999749
0.999748
0.99975
0.999765
0.999794
0.999828
0.999849
0.99986
0.999863
0.999864
0.999864
0.999864
0.999864
0.999865
0.999865
0.999865
0.999861
0.999852
0.999828
0.999739
0.999651
0.999648
0.999709
0.999862
0.999926
0.999945
0.99995
0.999951
0.999951
0.999952
0.999955
0.999956
0.999949
0.999919
0.999913
0.999955
0.999962
0.999962
0.999958
0.999954
0.999949
0.999943
0.999941
0.999941
0.999941
0.999942
0.999945
0.999947
0.999947
0.999947
0.999944
0.999938
0.999933
0.999933
0.999935
0.999943
0.999955
0.999967
0.999975
0.999981
0.999985
0.999989
0.999992
0.999994
0.999996
0.999997
0.999998
0.999998
0.999999
0.999999
0.999999
0.999999
0.999999
0.999999
0.999999
0.999999
0.999999
0.999999
0.999998
0.999998
0.999998
0.999997
0.999996
0.999994
0.999992
0.999989
0.999985
0.999982
0.999979
0.999977
0.999976
0.999975
0.999974
0.999974
0.999973
0.999974
0.999974
0.999974
0.999974
0.999973
0.999973
0.999974
0.999974
0.999975
0.999977
0.999981
0.999984
0.999985
0.999985
0.999984
0.999983
0.999979
0.999977
0.999974
0.999972
0.99997
0.999969
0.999968
0.999966
0.999962
0.999959
0.999957
0.999956
0.999956
0.999957
0.999959
0.999962
0.999963
0.999964
0.999964
0.999965
0.999967
0.999972
0.999979
0.999984
0.999988
0.99999
0.999991
0.999991
0.99999
0.999984
0.999977
0.999973
0.999969
0.999958
0.999916
0.999887
0.999882
0.999884
0.999908
0.999953
0.999973
0.999977
0.999968
0.999957
0.999957
0.999959
0.999959
0.999956
0.99995
0.999851
0.999862
0.999758
0.999703
0.999696
0.999708
0.999749
0.999807
0.999844
0.999851
0.999851
0.999849
0.999847
0.999842
0.999834
0.999822
0.999808
0.999794
0.999779
0.999764
0.999753
0.999747
0.999743
0.999742
0.999747
0.999763
0.9998
0.999834
0.999852
0.99986
0.999863
0.999864
0.999864
0.999863
0.999858
0.999846
0.999831
0.9998
0.99971
0.999632
0.99964
0.999766
0.999909
0.999947
0.999952
0.999951
0.99995
0.99995
0.999951
0.999954
0.999958
0.999956
0.999939
0.999919
0.999932
0.999959
0.999962
0.99996
0.999956
0.999952
0.999946
0.999942
0.999941
0.99994
0.999941
0.999944
0.999947
0.999948
0.999948
0.999945
0.999938
0.99993
0.999928
0.999928
0.999934
0.999947
0.999963
0.999971
0.999976
0.999981
0.999985
0.999989
0.999992
0.999994
0.999996
0.999997
0.999998
0.999999
0.999999
0.999999
1
1
1
1
1
1
1
1
1
1
1
0.999999
0.999999
0.999999
0.999998
0.999997
0.999996
0.999995
0.999993
0.999991
0.999989
0.999986
0.999983
0.99998
0.999978
0.999977
0.999976
0.999975
0.999975
0.999975
0.999975
0.999975
0.999976
0.999977
0.999981
0.999985
0.999989
0.999992
0.999992
0.999992
0.999992
0.99999
0.999986
0.999982
0.999977
0.999974
0.999972
0.999971
0.99997
0.99997
0.999968
0.999964
0.999959
0.999957
0.999956
0.999956
0.999956
0.999958
0.999961
0.999962
0.999963
0.999964
0.999966
0.999973
0.99998
0.999985
0.999989
0.99999
0.99999
0.99999
0.999987
0.99998
0.999975
0.999973
0.999967
0.999945
0.999917
0.999902
0.999898
0.999908
0.999949
0.999973
0.999976
0.999966
0.999956
0.999957
0.999958
0.999957
0.999948
0.999935
0.999853
0.999839
0.999731
0.999703
0.99971
0.999758
0.999839
0.999885
0.999897
0.999901
0.999903
0.999904
0.999904
0.999899
0.999888
0.999875
0.99986
0.999843
0.999823
0.9998
0.999779
0.99976
0.999746
0.999739
0.999736
0.999735
0.99974
0.999756
0.999789
0.99982
0.999834
0.99984
0.999834
0.999822
0.999805
0.999791
0.99977
0.999691
0.999614
0.999625
0.999802
0.999934
0.999956
0.999955
0.99995
0.999949
0.999949
0.999952
0.999955
0.999957
0.999958
0.999951
0.999928
0.999923
0.999949
0.999961
0.999962
0.999959
0.999954
0.99995
0.999943
0.99994
0.99994
0.99994
0.999941
0.999945
0.999948
0.999948
0.999948
0.999943
0.999933
0.999926
0.999925
0.999927
0.999936
0.999953
0.999965
0.999969
0.999972
0.999977
0.99998
0.999984
0.999988
0.999991
0.999994
0.999996
0.999997
0.999998
0.999999
0.999999
1
1
1
1
1
1
1
1
1
1
1
1
1
1
1
0.999999
0.999999
0.999999
0.999998
0.999997
0.999994
0.999991
0.999988
0.999985
0.999983
0.999981
0.999979
0.999978
0.999978
0.999978
0.999978
0.999979
0.999981
0.999985
0.99999
0.999994
0.999996
0.999997
0.999998
0.999998
0.999997
0.999997
0.999996
0.999994
0.999989
0.999983
0.999978
0.999975
0.999973
0.999972
0.999971
0.99997
0.999968
0.999962
0.999958
0.999956
0.999956
0.999955
0.999956
0.999958
0.99996
0.999961
0.999963
0.999968
0.999976
0.999983
0.999987
0.999989
0.99999
0.99999
0.999988
0.999982
0.999977
0.999974
0.999971
0.999961
0.999941
0.99992
0.999909
0.999911
0.999943
0.999971
0.999975
0.999964
0.999955
0.999957
0.999957
0.999951
0.999937
0.999927
0.999853
0.999823
0.999726
0.999711
0.999742
0.999832
0.999901
0.999915
0.999919
0.999921
0.999924
0.999928
0.99993
0.999931
0.999931
0.999925
0.999916
0.999902
0.999884
0.999862
0.999837
0.99981
0.999782
0.999758
0.999743
0.999732
0.999727
0.999726
0.999727
0.999737
0.999744
0.999747
0.999748
0.999751
0.999752
0.99974
0.999689
0.999622
0.999605
0.999764
0.999938
0.999959
0.999958
0.999951
0.999948
0.999948
0.999952
0.999956
0.999957
0.999957
0.999954
0.999937
0.999928
0.999932
0.999956
0.999961
0.999961
0.999956
0.999952
0.999947
0.999941
0.99994
0.999939
0.99994
0.999941
0.999945
0.999949
0.999949
0.999948
0.999943
0.999931
0.999923
0.999923
0.999926
0.999939
0.999955
0.99996
0.999961
0.999961
0.999964
0.999967
0.999972
0.999978
0.999983
0.999988
0.999992
0.999995
0.999997
0.999998
0.999999
0.999999
1
1
1
1
1
1
1
1
1
1
1
1
1
1
1
1
1
1
0.999999
0.999999
0.999998
0.999995
0.999992
0.999989
0.999987
0.999985
0.999985
0.999985
0.999985
0.999986
0.999987
0.999991
0.999995
0.999997
0.999998
0.999999
0.999999
0.999999
0.999999
0.999999
0.999999
0.999999
0.999999
0.999998
0.999996
0.999991
0.999985
0.99998
0.999976
0.999975
0.999974
0.999973
0.999971
0.999965
0.999959
0.999957
0.999955
0.999955
0.999955
0.999956
0.999958
0.99996
0.999964
0.999972
0.99998
0.999985
0.999988
0.999989
0.999989
0.999988
0.999984
0.999978
0.999976
0.999974
0.999969
0.99996
0.999937
0.999918
0.999916
0.999936
0.999969
0.999974
0.999964
0.999955
0.999957
0.999956
0.999943
0.99993
0.999923
0.999853
0.999813
0.999729
0.999727
0.999791
0.999895
0.999921
0.999925
0.999927
0.999929
0.999935
0.999942
0.999947
0.999951
0.999956
0.999958
0.999959
0.999958
0.999951
0.999941
0.999925
0.999901
0.999869
0.99983
0.999794
0.999763
0.999738
0.999724
0.999715
0.99971
0.999706
0.999705
0.999709
0.999717
0.999718
0.999694
0.999634
0.999613
0.999661
0.999871
0.999954
0.99996
0.999956
0.99995
0.999948
0.999948
0.999952
0.999955
0.999956
0.999954
0.999942
0.999933
0.999931
0.999947
0.999959
0.999961
0.99996
0.999955
0.999951
0.999946
0.99994
0.999939
0.999939
0.999939
0.999941
0.999944
0.999949
0.99995
0.999949
0.999944
0.99993
0.999922
0.999921
0.999926
0.999942
0.99995
0.99995
0.999946
0.999943
0.999943
0.999946
0.999952
0.999959
0.999968
0.999977
0.999984
0.99999
0.999994
0.999996
0.999998
0.999999
0.999999
1
1
1
1
1
1
1
1
1
1
1
1
1
1
1
1
1
1
1
1
0.999999
0.999999
0.999997
0.999996
0.999996
0.999995
0.999995
0.999996
0.999996
0.999997
0.999998
0.999999
0.999999
1
1
1
1
1
1
1
1
1
1
0.999999
0.999999
0.999997
0.999993
0.999987
0.999983
0.999979
0.999978
0.999976
0.999973
0.999966
0.99996
0.999957
0.999955
0.999955
0.999955
0.999955
0.999956
0.999959
0.999967
0.999976
0.999983
0.999987
0.999989
0.999989
0.999989
0.999985
0.99998
0.999977
0.999976
0.999974
0.999969
0.999956
0.999929
0.999921
0.999931
0.999965
0.999972
0.999964
0.999955
0.999956
0.999952
0.999937
0.999926
0.999921
0.999853
0.99981
0.99974
0.999751
0.99985
0.999919
0.999928
0.99993
0.999932
0.999939
0.999951
0.999962
0.999969
0.999975
0.999977
0.999978
0.999978
0.999978
0.999978
0.999977
0.999975
0.99997
0.999961
0.999943
0.999911
0.999867
0.999815
0.999769
0.999736
0.999712
0.999701
0.999697
0.999697
0.9997
0.999699
0.999674
0.999625
0.999615
0.999682
0.999888
0.999955
0.99996
0.999957
0.99995
0.999947
0.999947
0.999948
0.99995
0.99995
0.999944
0.999936
0.999934
0.999938
0.999955
0.99996
0.999961
0.999958
0.999953
0.99995
0.999944
0.99994
0.999939
0.999938
0.999939
0.99994
0.999943
0.999948
0.999951
0.999951
0.999946
0.999932
0.999921
0.99992
0.999925
0.99994
0.999943
0.99994
0.999934
0.999933
0.999933
0.999933
0.999935
0.999938
0.999945
0.999957
0.999969
0.999979
0.999987
0.999992
0.999996
0.999998
0.999999
0.999999
1
1
1
1
1
1
1
1
1
1
1
1
1
1
1
1
1
1
1
1
1
1
0.999999
0.999999
0.999999
0.999999
0.999999
0.999999
0.999999
1
1
1
1
1
1
1
1
1
1
1
1
1
1
1
0.999999
0.999999
0.999996
0.999992
0.999989
0.999986
0.999984
0.999982
0.999977
0.999968
0.999961
0.999957
0.999956
0.999955
0.999955
0.999955
0.999956
0.999961
0.999972
0.999981
0.999986
0.999989
0.999989
0.999989
0.999986
0.999981
0.999979
0.999978
0.999976
0.999973
0.999967
0.999944
0.999927
0.99993
0.999958
0.99997
0.999964
0.999955
0.999955
0.99995
0.999934
0.999923
0.99992
0.999853
0.999812
0.999753
0.999778
0.999888
0.999927
0.999932
0.999934
0.999942
0.999961
0.999976
0.99998
0.999982
0.999982
0.999982
0.999982
0.999982
0.999982
0.999982
0.999983
0.999984
0.999985
0.999986
0.999985
0.99998
0.999969
0.999945
0.999899
0.999837
0.999768
0.999724
0.999702
0.999694
0.999693
0.999692
0.999678
0.99963
0.999612
0.999647
0.999848
0.999952
0.99996
0.999958
0.999953
0.999948
0.999946
0.999946
0.999945
0.999943
0.99994
0.999937
0.999938
0.999951
0.999959
0.99996
0.99996
0.999957
0.999953
0.99995
0.999944
0.999939
0.999938
0.999938
0.999938
0.999939
0.999941
0.999946
0.99995
0.999952
0.99995
0.999937
0.999921
0.999918
0.999923
0.999936
0.999938
0.999934
0.999931
0.99993
0.99993
0.99993
0.999931
0.999931
0.999933
0.999937
0.999946
0.999961
0.999975
0.999985
0.999991
0.999996
0.999998
0.999999
1
1
1
1
1
1
1
1
1
1
1
1
1
1
1
1
1
1
1
1
1
1
1
1
1
1
1
1
1
1
1
1
1
1
1
1
1
1
1
1
1
1
1
1
1
1
0.999999
0.999998
0.999995
0.999993
0.999991
0.99999
0.999988
0.999982
0.999971
0.999963
0.999958
0.999956
0.999955
0.999955
0.999955
0.999957
0.999966
0.999977
0.999985
0.999988
0.999989
0.999989
0.999987
0.999982
0.99998
0.999979
0.999978
0.999976
0.999973
0.999957
0.999933
0.999932
0.999951
0.999968
0.999964
0.999955
0.999954
0.999948
0.999932
0.999922
0.999919
0.999856
0.999825
0.999766
0.999786
0.999891
0.99993
0.999935
0.99994
0.999957
0.999976
0.999982
0.999983
0.999983
0.999983
0.999981
0.999977
0.999974
0.999973
0.999973
0.999973
0.999976
0.99998
0.999986
0.999989
0.999992
0.999992
0.99999
0.999981
0.999962
0.999921
0.999842
0.999761
0.999715
0.999696
0.99969
0.999684
0.999656
0.999619
0.999614
0.999737
0.999935
0.99996
0.99996
0.999957
0.999952
0.999947
0.999946
0.999945
0.999943
0.999941
0.999941
0.999948
0.999957
0.99996
0.99996
0.999959
0.999956
0.999953
0.999951
0.999944
0.99994
0.999938
0.999938
0.999938
0.999938
0.999939
0.999942
0.999947
0.999953
0.999957
0.999947
0.999922
0.999915
0.999919
0.999933
0.999935
0.999932
0.99993
0.99993
0.99993
0.99993
0.99993
0.99993
0.99993
0.999931
0.999933
0.999939
0.999955
0.999972
0.999984
0.999991
0.999996
0.999998
0.999999
1
1
1
1
1
1
1
1
1
1
1
1
1
1
1
1
1
1
1
1
1
1
1
1
1
1
1
1
1
1
1
1
1
1
1
1
1
1
1
1
1
1
1
1
1
1
1
0.999998
0.999997
0.999996
0.999995
0.999994
0.999991
0.999985
0.999973
0.999964
0.999959
0.999956
0.999955
0.999955
0.999956
0.999961
0.999973
0.999982
0.999987
0.999989
0.999989
0.999987
0.999983
0.99998
0.999979
0.999978
0.999977
0.999975
0.999967
0.999942
0.999935
0.999945
0.999965
0.999964
0.999956
0.999954
0.999947
0.999931
0.999922
0.999919
0.999858
0.999846
0.99978
0.999784
0.999875
0.99993
0.999941
0.999947
0.999961
0.999978
0.999982
0.999983
0.999982
0.999979
0.999972
0.999968
0.999967
0.999966
0.999965
0.999963
0.999961
0.999959
0.999961
0.999973
0.999987
0.999994
0.999996
0.999997
0.999995
0.999987
0.999969
0.999929
0.999839
0.999759
0.999705
0.99969
0.999676
0.999653
0.999615
0.99963
0.999831
0.999953
0.99996
0.99996
0.999957
0.999952
0.999949
0.999947
0.999946
0.999946
0.99995
0.999955
0.999959
0.99996
0.99996
0.999959
0.999956
0.999954
0.999951
0.999945
0.99994
0.999938
0.999938
0.999938
0.999938
0.999938
0.99994
0.999943
0.999951
0.999958
0.999956
0.999931
0.999914
0.999914
0.999928
0.999934
0.999931
0.99993
0.99993
0.99993
0.999931
0.999931
0.999931
0.99993
0.99993
0.99993
0.999931
0.999936
0.999952
0.999971
0.999984
0.999992
0.999996
0.999998
0.999999
1
1
1
1
1
1
1
1
1
1
1
1
1
1
1
1
1
1
1
1
1
1
1
1
1
1
1
1
1
1
1
1
1
1
1
1
1
1
1
1
1
1
1
1
1
1
1
0.999999
0.999998
0.999998
0.999997
0.999996
0.999993
0.999987
0.999974
0.999965
0.999959
0.999956
0.999956
0.999956
0.999958
0.999968
0.99998
0.999986
0.999988
0.999989
0.999988
0.999984
0.999981
0.999979
0.999978
0.999978
0.999977
0.999972
0.999952
0.999938
0.999942
0.999961
0.999963
0.999957
0.999954
0.999946
0.999931
0.999922
0.999919
0.999859
0.999868
0.999802
0.999782
0.999827
0.99992
0.99994
0.999946
0.999957
0.999975
0.999982
0.999983
0.999981
0.999977
0.999971
0.999969
0.999968
0.999968
0.999969
0.999969
0.999965
0.999958
0.999948
0.999943
0.999953
0.999978
0.999993
0.999998
0.999999
0.999999
0.999997
0.999989
0.999966
0.999923
0.999844
0.999754
0.999705
0.999684
0.999639
0.999624
0.999656
0.999862
0.999952
0.99996
0.99996
0.999958
0.999954
0.999953
0.999952
0.999952
0.999955
0.999958
0.99996
0.99996
0.99996
0.999959
0.999957
0.999955
0.999953
0.999948
0.999942
0.999939
0.999938
0.999938
0.999938
0.999938
0.999939
0.999941
0.999946
0.999957
0.999957
0.999948
0.99992
0.999914
0.999921
0.999932
0.999932
0.99993
0.99993
0.999931
0.999933
0.999934
0.999933
0.999932
0.999931
0.99993
0.99993
0.99993
0.999935
0.999954
0.999973
0.999986
0.999993
0.999997
0.999999
0.999999
1
1
1
1
1
1
1
1
1
1
1
1
1
1
1
1
1
1
1
1
1
1
1
1
1
1
1
1
1
1
1
1
1
1
1
1
1
1
1
1
1
1
1
1
1
1
1
0.999999
0.999999
0.999999
0.999998
0.999997
0.999994
0.999988
0.999976
0.999965
0.999959
0.999957
0.999957
0.999958
0.999964
0.999977
0.999985
0.999988
0.999988
0.999988
0.999984
0.999981
0.999979
0.999978
0.999978
0.999977
0.999975
0.999961
0.999942
0.999942
0.999956
0.999962
0.999958
0.999954
0.999946
0.999932
0.999923
0.999919
0.999856
0.999884
0.999842
0.999792
0.9998
0.999867
0.99993
0.999943
0.99995
0.999963
0.999978
0.999982
0.999982
0.99998
0.999976
0.999971
0.99997
0.999971
0.999974
0.999975
0.999974
0.99997
0.999957
0.99994
0.999937
0.999949
0.999978
0.999993
0.999998
1
1
0.999999
0.999995
0.999979
0.999946
0.999909
0.999828
0.999756
0.999694
0.999642
0.999638
0.999676
0.999859
0.999946
0.999959
0.99996
0.999959
0.999957
0.999956
0.999956
0.999957
0.999959
0.99996
0.99996
0.99996
0.999959
0.999957
0.999956
0.999954
0.999951
0.999945
0.999941
0.999939
0.999938
0.999938
0.999938
0.999939
0.99994
0.999943
0.999953
0.999956
0.999954
0.999934
0.999918
0.999918
0.999927
0.999931
0.99993
0.99993
0.999932
0.999936
0.999939
0.99994
0.999938
0.999934
0.999931
0.99993
0.99993
0.99993
0.999938
0.99996
0.999978
0.999989
0.999995
0.999998
0.999999
1
1
1
1
1
1
1
1
1
1
1
1
1
1
1
1
1
1
1
1
1
1
1
1
1
1
1
1
1
1
1
1
1
1
1
1
1
1
1
1
1
1
1
1
1
1
1
1
1
0.999999
0.999999
0.999999
0.999997
0.999995
0.999989
0.999976
0.999966
0.99996
0.999958
0.999958
0.999962
0.999973
0.999983
0.999987
0.999988
0.999988
0.999985
0.999981
0.999979
0.999978
0.999978
0.999977
0.999976
0.999968
0.999947
0.999943
0.999951
0.99996
0.999959
0.999955
0.999947
0.999933
0.999924
0.99992
0.999848
0.999888
0.999868
0.999823
0.999802
0.99982
0.999883
0.99993
0.999943
0.999952
0.999964
0.999975
0.99998
0.99998
0.99998
0.999979
0.999977
0.999976
0.999976
0.999975
0.999974
0.999971
0.999959
0.999941
0.999935
0.999943
0.999971
0.99999
0.999997
0.999999
1
1
1
0.999998
0.999984
0.999948
0.999923
0.999872
0.999823
0.999714
0.999655
0.999654
0.99969
0.999849
0.99994
0.999957
0.999959
0.999959
0.999959
0.999958
0.999959
0.99996
0.99996
0.99996
0.99996
0.99996
0.999958
0.999957
0.999956
0.999954
0.99995
0.999944
0.999941
0.999939
0.999938
0.999939
0.999939
0.99994
0.999942
0.999949
0.999954
0.999954
0.999946
0.999925
0.99992
0.999922
0.999929
0.99993
0.999931
0.999933
0.999939
0.999944
0.999945
0.999945
0.999941
0.999935
0.999931
0.99993
0.99993
0.999932
0.999947
0.999969
0.999984
0.999992
0.999997
0.999999
0.999999
1
1
1
1
1
1
1
1
1
1
1
1
1
1
1
1
1
1
1
1
1
1
1
1
1
1
1
1
1
1
1
1
1
1
1
1
1
1
1
1
1
1
1
1
1
1
1
1
1
0.999999
0.999999
0.999999
0.999998
0.999996
0.999988
0.999974
0.999965
0.99996
0.99996
0.999961
0.99997
0.999982
0.999987
0.999988
0.999988
0.999985
0.999981
0.999978
0.999978
0.999977
0.999977
0.999976
0.999972
0.999953
0.999945
0.999948
0.999958
0.999958
0.999956
0.999948
0.999935
0.999925
0.999921
0.999831
0.999885
0.99989
0.999858
0.999824
0.99982
0.999833
0.999878
0.999923
0.999939
0.999951
0.99996
0.99997
0.999975
0.999977
0.999978
0.999978
0.999977
0.999976
0.999975
0.999971
0.999963
0.999944
0.999934
0.999935
0.999944
0.999971
0.99999
0.999997
0.999999
1
1
1
1
0.999999
0.999989
0.99995
0.999921
0.999893
0.999848
0.999732
0.999669
0.999669
0.999703
0.999845
0.999936
0.999956
0.999959
0.99996
0.99996
0.99996
0.99996
0.99996
0.99996
0.99996
0.99996
0.999959
0.999958
0.999957
0.999956
0.999954
0.999949
0.999945
0.999941
0.99994
0.99994
0.99994
0.999941
0.999942
0.999947
0.999952
0.999953
0.99995
0.999935
0.999923
0.999922
0.999925
0.999929
0.99993
0.999933
0.99994
0.999945
0.999946
0.999946
0.999945
0.99994
0.999934
0.99993
0.999929
0.99993
0.999937
0.99996
0.999979
0.99999
0.999995
0.999998
0.999999
1
1
1
1
1
1
1
1
1
1
1
1
1
1
1
1
1
1
1
1
1
1
1
1
1
1
1
1
1
1
1
1
1
1
1
1
1
1
1
1
1
1
1
1
1
1
1
1
1
1
1
0.999999
0.999999
0.999998
0.999994
0.999983
0.99997
0.999963
0.999961
0.999962
0.999968
0.99998
0.999986
0.999988
0.999988
0.999985
0.999981
0.999979
0.999978
0.999977
0.999977
0.999976
0.999973
0.999959
0.999947
0.999947
0.999955
0.999958
0.999956
0.99995
0.999938
0.999927
0.999923
0.999817
0.999875
0.9999
0.999889
0.999861
0.999832
0.999833
0.999842
0.999866
0.999905
0.999928
0.999942
0.999952
0.99996
0.999966
0.999969
0.99997
0.999969
0.999967
0.999963
0.999955
0.999936
0.99993
0.999932
0.999939
0.999962
0.999987
0.999996
0.999999
1
1
1
1
1
1
0.999999
0.999989
0.999948
0.999916
0.999897
0.999857
0.999744
0.999683
0.999683
0.999717
0.99985
0.999935
0.999956
0.999959
0.99996
0.99996
0.99996
0.999961
0.999961
0.999961
0.99996
0.99996
0.999959
0.999958
0.999957
0.999956
0.999953
0.999949
0.999945
0.999943
0.999942
0.999942
0.999942
0.999943
0.999946
0.999951
0.999953
0.999952
0.999943
0.999928
0.999923
0.999924
0.999927
0.999929
0.999932
0.999939
0.999944
0.999946
0.999946
0.999946
0.999944
0.999937
0.999931
0.99993
0.99993
0.999933
0.999952
0.999974
0.999987
0.999994
0.999998
0.999999
1
1
1
1
1
1
1
1
1
1
1
1
1
1
1
1
1
1
1
1
1
1
1
1
1
1
1
1
1
1
1
1
1
1
1
1
1
1
1
1
1
1
1
1
1
1
1
1
1
1
1
1
1
0.999999
0.999997
0.999989
0.999974
0.999965
0.999962
0.999962
0.999967
0.999979
0.999986
0.999988
0.999988
0.999985
0.999981
0.999979
0.999978
0.999977
0.999977
0.999976
0.999974
0.999964
0.999949
0.999947
0.999952
0.999957
0.999956
0.999952
0.99994
0.99993
0.999925
0.999806
0.999851
0.999897
0.999904
0.999896
0.999876
0.999847
0.999844
0.999848
0.999858
0.999878
0.999899
0.999917
0.999932
0.999941
0.999947
0.999948
0.999947
0.999943
0.999933
0.999921
0.999922
0.999928
0.99994
0.999966
0.999989
0.999996
0.999999
1
1
1
1
1
1
1
1
0.999998
0.999985
0.999941
0.999912
0.999895
0.999856
0.999743
0.999692
0.999694
0.999731
0.999864
0.999937
0.999956
0.999959
0.99996
0.999961
0.999961
0.999961
0.999961
0.999961
0.99996
0.999959
0.999959
0.999958
0.999958
0.999956
0.999952
0.999949
0.999946
0.999944
0.999944
0.999944
0.999945
0.999946
0.99995
0.999952
0.999952
0.999949
0.999934
0.999926
0.999924
0.999925
0.999927
0.999931
0.999938
0.999943
0.999946
0.999946
0.999946
0.999945
0.99994
0.999933
0.99993
0.999929
0.999932
0.999946
0.99997
0.999985
0.999993
0.999997
0.999999
1
1
1
1
1
1
1
1
1
1
1
1
1
1
1
1
1
1
1
1
1
1
1
1
1
1
1
1
1
1
1
1
1
1
1
1
1
1
1
1
1
1
1
1
1
1
1
1
1
1
1
1
1
0.999999
0.999998
0.999992
0.999977
0.999967
0.999963
0.999963
0.999966
0.999978
0.999986
0.999988
0.999988
0.999985
0.999983
0.999982
0.99998
0.999978
0.999978
0.999977
0.999976
0.999968
0.999952
0.999948
0.99995
0.999956
0.999956
0.999954
0.999944
0.999933
0.999927
0.999802
0.999821
0.999882
0.999903
0.99991
0.999907
0.999895
0.999871
0.999858
0.999859
0.999862
0.99987
0.999876
0.999887
0.999894
0.999903
0.999906
0.999905
0.999904
0.999905
0.99991
0.999922
0.999947
0.999979
0.999992
0.999997
0.999999
1
1
1
1
1
1
1
1
1
1
0.999996
0.999976
0.99993
0.999908
0.999891
0.999848
0.999737
0.9997
0.999703
0.999748
0.999883
0.999941
0.999956
0.99996
0.999961
0.999961
0.999961
0.999961
0.999961
0.999961
0.99996
0.99996
0.999959
0.999959
0.999957
0.999954
0.999952
0.999949
0.999947
0.999946
0.999946
0.999946
0.999947
0.99995
0.999952
0.999952
0.999951
0.999941
0.999929
0.999926
0.999925
0.999926
0.999929
0.999936
0.999942
0.999945
0.999946
0.999946
0.999945
0.999941
0.999934
0.99993
0.999929
0.999931
0.999941
0.999966
0.999983
0.999992
0.999997
0.999999
1
1
1
1
1
1
1
1
1
1
1
1
1
1
1
1
1
1
1
1
1
1
1
1
1
1
1
1
1
1
1
1
1
1
1
1
1
1
1
1
1
1
1
1
1
1
1
1
1
1
1
1
1
1
0.999998
0.999993
0.999978
0.999968
0.999963
0.999963
0.999966
0.999977
0.999986
0.999989
0.999989
0.999987
0.999985
0.999984
0.999983
0.999981
0.99998
0.999979
0.999978
0.999972
0.999955
0.999948
0.999949
0.999954
0.999956
0.999955
0.999948
0.999937
0.99993
0.999802
0.999809
0.999841
0.999888
0.999908
0.999916
0.999916
0.999912
0.999902
0.999883
0.999873
0.999873
0.999874
0.999876
0.999878
0.999881
0.999886
0.99989
0.999897
0.999908
0.999931
0.999967
0.999987
0.999995
0.999998
1
1
1
1
1
1
1
1
1
1
1
1
0.999999
0.999992
0.999961
0.999921
0.999904
0.999884
0.999831
0.999728
0.999706
0.999713
0.999771
0.999901
0.999946
0.999958
0.99996
0.999961
0.999961
0.999961
0.999961
0.999961
0.99996
0.99996
0.99996
0.999959
0.999958
0.999956
0.999954
0.999951
0.999949
0.999948
0.999948
0.999948
0.999948
0.99995
0.999952
0.999953
0.999952
0.999947
0.999934
0.999928
0.999926
0.999926
0.999927
0.999933
0.999939
0.999943
0.999945
0.999945
0.999944
0.999941
0.999934
0.99993
0.999929
0.99993
0.999939
0.999963
0.999981
0.999991
0.999996
0.999999
0.999999
1
1
1
1
1
1
1
1
1
1
1
1
1
1
1
1
1
1
1
1
1
1
1
1
1
1
1
1
1
1
1
1
1
1
1
1
1
1
1
1
1
1
1
1
1
1
1
1
1
1
1
1
1
0.999998
0.999993
0.999979
0.999968
0.999964
0.999963
0.999965
0.999976
0.999986
0.999989
0.99999
0.999989
0.999986
0.999986
0.999985
0.999984
0.999983
0.999982
0.999981
0.999975
0.999958
0.999949
0.999948
0.999951
0.999955
0.999955
0.999951
0.999941
0.999933
0.999807
0.99981
0.999828
0.999871
0.999901
0.999915
0.999923
0.999926
0.999926
0.999924
0.999918
0.99991
0.999905
0.999903
0.999904
0.999907
0.999913
0.999924
0.99994
0.999968
0.999986
0.999994
0.999998
0.999999
1
1
1
1
1
1
1
1
1
1
1
1
1
1
0.999997
0.999984
0.999944
0.999911
0.999898
0.999873
0.999794
0.999721
0.999713
0.999727
0.999808
0.999918
0.99995
0.999959
0.999961
0.999961
0.999961
0.999961
0.999961
0.999961
0.99996
0.99996
0.99996
0.999959
0.999957
0.999955
0.999953
0.99995
0.999949
0.999949
0.999949
0.99995
0.999951
0.999952
0.999953
0.999953
0.99995
0.999939
0.99993
0.999927
0.999926
0.999927
0.999929
0.999936
0.999941
0.999943
0.999944
0.999943
0.999941
0.999934
0.99993
0.999929
0.99993
0.999937
0.999961
0.99998
0.999991
0.999996
0.999998
0.999999
1
1
1
1
1
1
1
1
1
1
1
1
1
1
1
1
1
1
1
1
1
1
1
1
1
1
1
1
1
1
1
1
1
1
1
1
1
1
1
1
1
1
1
1
1
1
1
1
1
1
1
1
1
0.999999
0.999993
0.999979
0.999968
0.999964
0.999963
0.999965
0.999975
0.999986
0.99999
0.999991
0.99999
0.999988
0.999987
0.999987
0.999986
0.999985
0.999985
0.999983
0.999977
0.999961
0.99995
0.999948
0.99995
0.999954
0.999954
0.999953
0.999946
0.999937
0.999813
0.99982
0.99984
0.999874
0.999892
0.999907
0.999917
0.999922
0.999925
0.999927
0.999927
0.999928
0.999929
0.999934
0.999941
0.999951
0.999965
0.999979
0.999989
0.999995
0.999998
0.999999
1
1
1
1
1
1
1
1
1
1
1
1
1
1
1
1
0.999999
0.999992
0.999968
0.999926
0.999903
0.999888
0.999854
0.999761
0.99972
0.999721
0.99975
0.999859
0.999933
0.999954
0.99996
0.999961
0.999961
0.999961
0.999961
0.999961
0.999961
0.99996
0.99996
0.999959
0.999958
0.999956
0.999954
0.999952
0.999951
0.99995
0.99995
0.999951
0.999951
0.999953
0.999953
0.999953
0.999952
0.999944
0.999934
0.999928
0.999927
0.999927
0.999928
0.999933
0.999939
0.999942
0.999942
0.999942
0.99994
0.999934
0.99993
0.999929
0.99993
0.999937
0.99996
0.999979
0.99999
0.999996
0.999998
0.999999
1
1
1
1
1
1
1
1
1
1
1
1
1
1
1
1
1
1
1
1
1
1
1
1
1
1
1
1
1
1
1
1
1
1
1
1
1
1
1
1
1
1
1
1
1
1
1
1
1
1
1
1
1
0.999999
0.999993
0.999979
0.999968
0.999964
0.999964
0.999965
0.999975
0.999986
0.999991
0.999992
0.999991
0.99999
0.999989
0.999989
0.999988
0.999987
0.999987
0.999985
0.99998
0.999964
0.999952
0.999948
0.999949
0.999952
0.999954
0.999954
0.999951
0.999942
0.99986
0.999864
0.999876
0.999891
0.999904
0.999913
0.99992
0.999926
0.99993
0.999935
0.999941
0.999949
0.999961
0.999972
0.999983
0.99999
0.999995
0.999997
0.999999
0.999999
1
1
1
1
1
1
1
1
1
1
1
1
1
1
1
1
1
1
0.999999
0.999997
0.999984
0.999947
0.999911
0.999895
0.999877
0.999827
0.999741
0.999724
0.999732
0.999782
0.999899
0.999944
0.999957
0.99996
0.999961
0.999961
0.999961
0.999961
0.999961
0.999961
0.99996
0.99996
0.999958
0.999957
0.999955
0.999953
0.999952
0.999951
0.999951
0.999952
0.999952
0.999953
0.999954
0.999954
0.999953
0.999948
0.999937
0.99993
0.999928
0.999927
0.999928
0.99993
0.999936
0.99994
0.99994
0.99994
0.999938
0.999933
0.999929
0.999929
0.999929
0.999936
0.999959
0.999979
0.99999
0.999996
0.999998
0.999999
1
1
1
1
1
1
1
1
1
1
1
1
1
1
1
1
1
1
1
1
1
1
1
1
1
1
1
1
1
1
1
1
1
1
1
1
1
1
1
1
1
1
1
1
1
1
1
1
1
1
1
1
1
0.999998
0.999993
0.999979
0.999969
0.999965
0.999964
0.999966
0.999975
0.999986
0.999991
0.999992
0.999992
0.999991
0.99999
0.99999
0.99999
0.999989
0.999988
0.999987
0.999982
0.999967
0.999953
0.999948
0.999948
0.99995
0.999953
0.999953
0.999953
0.999949
1
1
1
1
1
1
1
1
1
1
1
1
1
1
1
1
1
1
1
1
1
1
1
1
1
1
1
1
1
1
1
1
1
1
1
1
1
1
1
0.999998
0.999991
0.999965
0.999925
0.999901
0.999888
0.999861
0.999789
0.999735
0.999733
0.999752
0.999838
0.999921
0.999951
0.999959
0.999961
0.999961
0.999961
0.999961
0.999961
0.999961
0.999961
0.99996
0.999959
0.999957
0.999956
0.999954
0.999953
0.999952
0.999952
0.999952
0.999952
0.999953
0.999954
0.999954
0.999954
0.999951
0.999941
0.999933
0.999929
0.999928
0.999928
0.999929
0.999933
0.999937
0.999938
0.999938
0.999937
0.999932
0.999929
0.999929
0.999929
0.999936
0.999959
0.999979
0.99999
0.999996
0.999998
0.999999
1
1
1
1
1
1
1
1
1
1
1
1
1
1
1
1
1
1
1
1
1
1
1
1
1
1
1
1
1
1
1
1
1
1
1
1
1
1
1
1
1
1
1
1
1
1
1
1
1
1
1
1
1
0.999998
0.999993
0.999978
0.999969
0.999965
0.999965
0.999967
0.999976
0.999987
0.999992
0.999994
0.999994
0.999993
0.999992
0.999992
0.999992
0.999991
0.99999
0.999989
0.999984
0.99997
0.999955
0.999949
0.999948
0.999949
0.999952
0.999953
0.999953
0.999952
1
1
1
1
1
1
1
1
1
1
1
1
1
1
1
1
1
1
1
1
1
1
1
1
1
1
1
1
1
1
1
1
1
1
1
1
1
1
1
0.999999
0.999995
0.999981
0.999945
0.999911
0.999895
0.999878
0.999837
0.999766
0.99974
0.999746
0.999786
0.999889
0.999939
0.999955
0.99996
0.999961
0.999961
0.999961
0.999961
0.999961
0.999961
0.99996
0.999959
0.999958
0.999957
0.999955
0.999954
0.999953
0.999953
0.999953
0.999953
0.999953
0.999954
0.999954
0.999954
0.999952
0.999945
0.999936
0.999931
0.999929
0.999928
0.999928
0.99993
0.999935
0.999936
0.999936
0.999934
0.99993
0.999929
0.999928
0.99993
0.999937
0.999961
0.99998
0.999991
0.999996
0.999998
0.999999
1
1
1
1
1
1
1
1
1
1
1
1
1
1
1
1
1
1
1
1
1
1
1
1
1
1
1
1
1
1
1
1
1
1
1
1
1
1
1
1
1
1
1
1
1
1
1
1
1
1
1
1
1
0.999998
0.999993
0.999978
0.999969
0.999966
0.999966
0.999968
0.999977
0.999987
0.999993
0.999995
0.999995
0.999994
0.999994
0.999994
0.999994
0.999993
0.999992
0.99999
0.999986
0.999973
0.999958
0.999951
0.999948
0.999948
0.99995
0.999953
0.999953
0.999953
1
1
1
1
1
1
1
1
1
1
1
1
1
1
1
1
1
1
1
1
1
1
1
1
1
1
1
1
1
1
1
1
1
1
1
1
1
1
1
1
0.999998
0.999989
0.999964
0.999927
0.999902
0.999889
0.999863
0.999804
0.999758
0.999751
0.999766
0.999835
0.999912
0.999947
0.999957
0.99996
0.999961
0.999961
0.999961
0.999961
0.999961
0.99996
0.999959
0.999958
0.999957
0.999956
0.999954
0.999954
0.999953
0.999953
0.999953
0.999953
0.999954
0.999955
0.999955
0.999954
0.999949
0.999939
0.999933
0.99993
0.999929
0.999929
0.999929
0.999932
0.999933
0.999933
0.999932
0.999929
0.999928
0.999928
0.99993
0.999938
0.999962
0.999981
0.999991
0.999996
0.999999
0.999999
1
1
1
1
1
1
1
1
1
1
1
1
1
1
1
1
1
1
1
1
1
1
1
1
1
1
1
1
1
1
1
1
1
1
1
1
1
1
1
1
1
1
1
1
1
1
1
1
1
1
1
1
1
0.999999
0.999993
0.999979
0.999971
0.999968
0.999968
0.99997
0.99998
0.999989
0.999994
0.999996
0.999996
0.999996
0.999996
0.999996
0.999995
0.999994
0.999993
0.999992
0.999988
0.999977
0.999961
0.999952
0.999949
0.999949
0.999949
0.999952
0.999953
0.999953
1
1
1
1
1
1
1
1
1
1
1
1
1
1
1
1
1
1
1
1
1
1
1
1
1
1
1
1
1
1
1
1
1
1
1
1
1
1
1
1
0.999999
0.999994
0.999978
0.999948
0.999916
0.999895
0.999876
0.999833
0.999785
0.999763
0.999767
0.999799
0.999883
0.999932
0.999952
0.999959
0.99996
0.999961
0.999961
0.999961
0.999961
0.999961
0.99996
0.999958
0.999957
0.999956
0.999955
0.999954
0.999953
0.999953
0.999953
0.999953
0.999954
0.999955
0.999955
0.999955
0.999952
0.999943
0.999936
0.999931
0.99993
0.999929
0.999929
0.99993
0.999931
0.999931
0.99993
0.999929
0.999928
0.999928
0.99993
0.999941
0.999965
0.999983
0.999992
0.999997
0.999999
1
1
1
1
1
1
1
1
1
1
1
1
1
1
1
1
1
1
1
1
1
1
1
1
1
1
1
1
1
1
1
1
1
1
1
1
1
1
1
1
1
1
1
1
1
1
1
1
1
1
1
1
1
1
0.999999
0.999993
0.999981
0.999974
0.999972
0.999973
0.999976
0.999985
0.999992
0.999995
0.999997
0.999997
0.999997
0.999997
0.999997
0.999997
0.999996
0.999994
0.999992
0.99999
0.999981
0.999965
0.999954
0.99995
0.999949
0.999949
0.99995
0.999952
0.999953
1
1
1
1
1
1
1
1
1
1
1
1
1
1
1
1
1
1
1
1
1
1
1
1
1
1
1
1
1
1
1
1
1
1
1
1
1
1
1
1
1
0.999997
0.999986
0.999966
0.999937
0.999906
0.999882
0.999851
0.999812
0.999783
0.999776
0.99979
0.999847
0.999908
0.99994
0.999954
0.999959
0.99996
0.999961
0.999961
0.999961
0.99996
0.99996
0.999958
0.999957
0.999956
0.999955
0.999954
0.999953
0.999953
0.999953
0.999953
0.999955
0.999955
0.999955
0.999955
0.999954
0.999947
0.999939
0.999934
0.999931
0.99993
0.99993
0.99993
0.99993
0.99993
0.999929
0.999929
0.999928
0.999929
0.999931
0.999944
0.999968
0.999984
0.999993
0.999997
0.999999
1
1
1
1
1
1
1
1
1
1
1
1
1
1
1
1
1
1
1
1
1
1
1
1
1
1
1
1
1
1
1
1
1
1
1
1
1
1
1
1
1
1
1
1
1
1
1
1
1
1
1
1
1
1
0.999999
0.999994
0.999985
0.99998
0.999979
0.999979
0.999982
0.999989
0.999994
0.999996
0.999998
0.999998
0.999998
0.999998
0.999998
0.999998
0.999997
0.999995
0.999993
0.999991
0.999985
0.99997
0.999957
0.999951
0.999949
0.999949
0.999949
0.999951
0.999952
1
1
1
1
1
1
1
1
1
1
1
1
1
1
1
1
1
1
1
1
1
1
1
1
1
1
1
1
1
1
1
1
1
1
1
1
1
1
1
1
1
0.999999
0.999993
0.999976
0.999956
0.999928
0.999895
0.999864
0.999833
0.999808
0.999795
0.999797
0.999825
0.999887
0.999927
0.999947
0.999956
0.999959
0.99996
0.99996
0.99996
0.99996
0.999959
0.999957
0.999956
0.999955
0.999954
0.999954
0.999953
0.999953
0.999953
0.999953
0.999955
0.999956
0.999956
0.999956
0.999955
0.999951
0.999943
0.999936
0.999932
0.999931
0.99993
0.99993
0.99993
0.99993
0.999929
0.999929
0.999929
0.999929
0.999933
0.99995
0.999973
0.999987
0.999994
0.999998
0.999999
1
1
1
1
1
1
1
1
1
1
1
1
1
1
1
1
1
1
1
1
1
1
1
1
1
1
1
1
1
1
1
1
1
1
1
1
1
1
1
1
1
1
1
1
1
1
1
1
1
1
1
1
1
1
0.999999
0.999995
0.999989
0.999986
0.999985
0.999986
0.999988
0.999993
0.999996
0.999997
0.999998
0.999999
0.999999
0.999999
0.999999
0.999999
0.999998
0.999996
0.999993
0.999991
0.999988
0.999979
0.999963
0.999954
0.99995
0.999948
0.999948
0.999948
0.999949
1
1
1
1
1
1
1
1
1
1
1
1
1
1
1
1
1
1
1
1
1
1
1
1
1
1
1
1
1
1
1
1
1
1
1
1
1
1
1
1
1
1
0.999997
0.999986
0.999968
0.999949
0.999919
0.999883
0.999851
0.999828
0.999817
0.999815
0.999828
0.999875
0.999916
0.99994
0.999951
0.999956
0.999958
0.999958
0.999958
0.999958
0.999957
0.999956
0.999955
0.999954
0.999954
0.999953
0.999953
0.999953
0.999953
0.999954
0.999955
0.999957
0.999958
0.999958
0.999957
0.999955
0.999946
0.999939
0.999935
0.999932
0.999931
0.999931
0.99993
0.99993
0.999929
0.999929
0.999929
0.99993
0.999936
0.999956
0.999977
0.999989
0.999995
0.999998
0.999999
1
1
1
1
1
1
1
1
1
1
1
1
1
1
1
1
1
1
1
1
1
1
1
1
1
1
1
1
1
1
1
1
1
1
1
1
1
1
1
1
1
1
1
1
1
1
1
1
1
1
1
1
1
1
0.999999
0.999996
0.999993
0.999991
0.999991
0.999991
0.999993
0.999995
0.999997
0.999998
0.999999
0.999999
0.999999
0.999999
0.999999
0.999999
0.999999
0.999998
0.999994
0.999991
0.999989
0.999985
0.999974
0.99996
0.999953
0.999949
0.999948
0.999947
0.999946
1
1
1
1
1
1
1
1
1
1
1
1
1
1
1
1
1
1
1
1
1
1
1
1
1
1
1
1
1
1
1
1
1
1
1
1
1
1
1
1
1
1
0.999999
0.999995
0.999978
0.999961
0.999942
0.999912
0.999878
0.99985
0.999836
0.999834
0.999838
0.99987
0.99991
0.999934
0.999947
0.999954
0.999956
0.999957
0.999957
0.999957
0.999957
0.999956
0.999955
0.999954
0.999954
0.999953
0.999953
0.999953
0.999953
0.999955
0.999957
0.999959
0.999959
0.99996
0.999959
0.999958
0.99995
0.999943
0.999937
0.999934
0.999932
0.999932
0.999931
0.99993
0.99993
0.99993
0.99993
0.999932
0.999941
0.999964
0.999982
0.999992
0.999997
0.999999
1
1
1
1
1
1
1
1
1
1
1
1
1
1
1
1
1
1
1
1
1
1
1
1
1
1
1
1
1
1
1
1
1
1
1
1
1
1
1
1
1
1
1
1
1
1
1
1
1
1
1
1
1
1
1
0.999999
0.999997
0.999995
0.999995
0.999995
0.999995
0.999996
0.999997
0.999998
0.999998
0.999999
0.999999
0.999999
1
1
1
0.999999
0.999999
0.999995
0.999991
0.999989
0.999987
0.999983
0.999973
0.99996
0.999953
0.99995
0.999948
0.999947
1
1
1
1
1
1
1
1
1
1
1
1
1
1
1
1
1
1
1
1
1
1
1
1
1
1
1
1
1
1
1
1
1
1
1
1
1
1
1
1
1
1
1
0.999998
0.999992
0.999971
0.999955
0.999936
0.99991
0.999882
0.999862
0.999855
0.999856
0.999874
0.999908
0.999931
0.999944
0.999951
0.999955
0.999956
0.999956
0.999956
0.999956
0.999956
0.999955
0.999954
0.999954
0.999954
0.999954
0.999954
0.999955
0.999958
0.99996
0.999962
0.999962
0.999962
0.999962
0.999961
0.999955
0.999947
0.99994
0.999936
0.999934
0.999933
0.999931
0.999931
0.999931
0.999931
0.999932
0.999936
0.99995
0.999972
0.999986
0.999994
0.999998
0.999999
1
1
1
1
1
1
1
1
1
1
1
1
1
1
1
1
1
1
1
1
1
1
1
1
1
1
1
1
1
1
1
1
1
1
1
1
1
1
1
1
1
1
1
1
1
1
1
1
1
1
1
1
1
1
1
0.999999
0.999998
0.999997
0.999997
0.999997
0.999997
0.999997
0.999998
0.999998
0.999999
0.999999
0.999999
1
1
1
1
1
0.999999
0.999998
0.999993
0.999989
0.999987
0.999985
0.999981
0.999974
0.999966
0.999959
0.999956
0.999956
1
1
1
1
1
1
1
1
1
1
1
1
1
1
1
1
1
1
1
1
1
1
1
1
1
1
1
1
1
1
1
1
1
1
1
1
1
1
1
1
1
1
1
1
0.999997
0.999989
0.999967
0.99995
0.999934
0.999915
0.999896
0.999885
0.999883
0.999887
0.999909
0.99993
0.999943
0.99995
0.999954
0.999956
0.999956
0.999956
0.999956
0.999956
0.999955
0.999955
0.999955
0.999955
0.999955
0.999958
0.999961
0.999963
0.999965
0.999966
0.999966
0.999966
0.999966
0.999965
0.999959
0.999951
0.999945
0.99994
0.999937
0.999935
0.999933
0.999932
0.999932
0.999933
0.999935
0.999942
0.999962
0.99998
0.999991
0.999996
0.999998
0.999999
1
1
1
1
1
1
1
1
1
1
1
1
1
1
1
1
1
1
1
1
1
1
1
1
1
1
1
1
1
1
1
1
1
1
1
1
1
1
1
1
1
1
1
1
1
1
1
1
1
1
1
1
1
1
1
0.999999
0.999999
0.999998
0.999998
0.999998
0.999998
0.999998
0.999998
0.999999
0.999999
0.999999
1
1
1
1
1
1
1
0.999999
0.999996
0.99999
0.999987
0.999985
0.999983
0.99998
0.999977
0.999973
0.999971
0.999971
1
1
1
1
1
1
1
1
1
1
1
1
1
1
1
1
1
1
1
1
1
1
1
1
1
1
1
1
1
1
1
1
1
1
1
1
1
1
1
1
1
1
1
1
0.999999
0.999997
0.999988
0.999965
0.999947
0.999935
0.999924
0.999916
0.999911
0.999911
0.999916
0.999931
0.999943
0.99995
0.999954
0.999956
0.999957
0.999957
0.999957
0.999957
0.999957
0.999958
0.999959
0.999961
0.999963
0.999965
0.999967
0.999968
0.999969
0.999969
0.999969
0.999969
0.999969
0.999968
0.999964
0.999956
0.99995
0.999945
0.99994
0.999937
0.999935
0.999935
0.999935
0.999936
0.99994
0.999954
0.999974
0.999987
0.999994
0.999998
0.999999
1
1
1
1
1
1
1
1
1
1
1
1
1
1
1
1
1
1
1
1
1
1
1
1
1
1
1
1
1
1
1
1
1
1
1
1
1
1
1
1
1
1
1
1
1
1
1
1
1
1
1
1
1
1
1
1
1
0.999999
0.999999
0.999999
0.999999
0.999999
0.999999
0.999999
0.999999
0.999999
0.999999
1
1
1
1
1
1
1
1
0.999999
0.999994
0.999989
0.999986
0.999984
0.999982
0.99998
0.999978
0.999977
0.999978
1
1
1
1
1
1
1
1
1
1
1
1
1
1
1
1
1
1
1
1
1
1
1
1
1
1
1
1
1
1
1
1
1
1
1
1
1
1
1
1
1
1
1
1
1
0.999999
0.999996
0.999988
0.999965
0.999947
0.999938
0.999934
0.999931
0.999931
0.999932
0.999938
0.999947
0.999952
0.999956
0.999958
0.99996
0.999961
0.999962
0.999963
0.999964
0.999965
0.999966
0.999968
0.999969
0.99997
0.99997
0.999971
0.999971
0.999971
0.999971
0.999971
0.99997
0.999969
0.999965
0.999959
0.999953
0.999947
0.999943
0.999939
0.999939
0.999939
0.99994
0.999942
0.99995
0.999969
0.999984
0.999993
0.999997
0.999999
0.999999
1
1
1
1
1
1
1
1
1
1
1
1
1
1
1
1
1
1
1
1
1
1
1
1
1
1
1
1
1
1
1
1
1
1
1
1
1
1
1
1
1
1
1
1
1
1
1
1
1
1
1
1
1
1
1
1
1
1
0.999999
0.999999
0.999999
0.999999
0.999999
0.999999
0.999999
0.999999
1
1
1
1
1
1
1
1
1
1
0.999999
0.999995
0.999989
0.999986
0.999984
0.999982
0.999982
0.999982
0.999983
1
1
1
1
1
1
1
1
1
1
1
1
1
1
1
1
1
1
1
1
1
1
1
1
1
1
1
1
1
1
1
1
1
1
1
1
1
1
1
1
1
1
1
1
1
1
0.999999
0.999997
0.99999
0.999971
0.999952
0.999943
0.999941
0.999941
0.999941
0.999944
0.999951
0.999955
0.999959
0.999962
0.999964
0.999965
0.999967
0.999968
0.999968
0.999969
0.99997
0.99997
0.999971
0.999971
0.999971
0.999971
0.999971
0.999971
0.999971
0.999971
0.99997
0.999969
0.999965
0.999959
0.999954
0.999949
0.999945
0.999943
0.999943
0.999944
0.999946
0.999952
0.999967
0.999983
0.999992
0.999996
0.999998
0.999999
1
1
1
1
1
1
1
1
1
1
1
1
1
1
1
1
1
1
1
1
1
1
1
1
1
1
1
1
1
1
1
1
1
1
1
1
1
1
1
1
1
1
1
1
1
1
1
1
1
1
1
1
1
1
1
1
1
1
1
1
1
0.999999
0.999999
0.999999
0.999999
0.999999
0.999999
1
1
1
1
1
1
1
1
1
1
1
0.999999
0.999996
0.999992
0.999989
0.999989
0.999989
0.99999
0.999992
1
1
1
1
1
1
1
1
1
1
1
1
1
1
1
1
1
1
1
1
1
1
1
1
1
1
1
1
1
1
1
1
1
1
1
1
1
1
1
1
1
1
1
1
1
1
1
0.999999
0.999998
0.999993
0.999983
0.999965
0.999953
0.999948
0.999947
0.999948
0.999951
0.999954
0.999958
0.999961
0.999963
0.999965
0.999967
0.999968
0.999969
0.999969
0.99997
0.99997
0.99997
0.99997
0.99997
0.99997
0.99997
0.999968
0.999967
0.999966
0.999964
0.999961
0.999957
0.999955
0.999952
0.999949
0.999949
0.999949
0.99995
0.999952
0.999958
0.999972
0.999985
0.999992
0.999996
0.999998
0.999999
1
1
1
1
1
1
1
1
1
1
1
1
1
1
1
1
1
1
1
1
1
1
1
1
1
1
1
1
1
1
1
1
1
1
1
1
1
1
1
1
1
1
1
1
1
1
1
1
1
1
1
1
1
1
1
1
1
1
1
1
1
1
1
1
0.999999
1
1
1
1
1
1
1
1
1
1
1
1
1
1
1
0.999999
0.999997
0.999996
0.999996
0.999996
0.999997
0.999998
1
1
1
1
1
1
1
1
1
1
1
1
1
1
1
1
1
1
1
1
1
1
1
1
1
1
1
1
1
1
1
1
1
1
1
1
1
1
1
1
1
1
1
1
1
1
1
1
1
0.999999
0.999996
0.999992
0.999983
0.99997
0.99996
0.999955
0.999954
0.999954
0.999955
0.999956
0.999957
0.999958
0.999959
0.99996
0.999961
0.999962
0.999962
0.999962
0.999962
0.999961
0.99996
0.999959
0.999958
0.999957
0.999956
0.999955
0.999954
0.999954
0.999954
0.999954
0.999954
0.999955
0.999956
0.999959
0.999963
0.999971
0.999982
0.999989
0.999994
0.999997
0.999998
0.999999
1
1
1
1
1
1
1
1
1
1
1
1
1
1
1
1
1
1
1
1
1
1
1
1
1
1
1
1
1
1
1
1
1
1
1
1
1
1
1
1
1
1
1
1
1
1
1
1
1
1
1
1
1
1
1
1
1
1
1
1
1
1
1
1
1
1
1
1
1
1
1
1
1
1
1
1
1
1
1
1
1
1
1
0.999999
0.999999
0.999999
0.999999
1
1
1
1
1
1
1
1
1
1
1
1
1
1
1
1
1
1
1
1
1
1
1
1
1
1
1
1
1
1
1
1
1
1
1
1
1
1
1
1
1
1
1
1
1
1
1
1
1
1
1
1
0.999999
0.999997
0.999994
0.999988
0.99998
0.999972
0.999965
0.999961
0.999959
0.999957
0.999957
0.999956
0.999955
0.999955
0.999955
0.999955
0.999955
0.999955
0.999955
0.999955
0.999955
0.999956
0.999956
0.999957
0.999958
0.999959
0.999962
0.999964
0.999966
0.99997
0.999974
0.999978
0.999983
0.999988
0.999992
0.999994
0.999997
0.999998
0.999999
0.999999
1
1
1
1
1
1
1
1
1
1
1
1
1
1
1
1
1
1
1
1
1
1
1
1
1
1
1
1
1
1
1
1
1
1
1
1
1
1
1
1
1
1
1
1
1
1
1
1
1
1
1
1
1
1
1
1
1
1
1
1
1
1
1
1
1
1
1
1
1
1
1
1
1
1
1
1
1
1
1
1
1
1
1
1
1
1
1
1
1
1
1
1
1
1
1
1
1
1
1
1
1
1
1
1
1
1
1
1
1
1
1
1
1
1
1
1
1
1
1
1
1
1
1
1
1
1
1
1
1
1
1
1
1
1
1
1
1
1
1
1
1
1
0.999999
0.999998
0.999996
0.999994
0.999991
0.999987
0.999982
0.999978
0.999974
0.999971
0.999968
0.999966
0.999964
0.999964
0.999964
0.999964
0.999965
0.999967
0.99997
0.999973
0.999976
0.999979
0.999982
0.999985
0.999988
0.99999
0.999991
0.999993
0.999994
0.999995
0.999996
0.999997
0.999998
0.999999
0.999999
0.999999
1
1
1
1
1
1
1
1
1
1
1
1
1
1
1
1
1
1
1
1
1
1
1
1
1
1
1
1
1
1
1
1
1
1
1
1
1
1
1
1
1
1
1
1
1
1
1
1
1
1
1
1
1
1
1
1
1
1
1
1
1
1
1
1
1
1
1
1
1
1
1
1
1
1
1
1
1
1
1
1
1
1
1
1
1
1
1
1
1
1
1
1
1
1
1
1
1
1
1
1
1
1
1
1
1
1
1
1
1
1
1
1
1
1
1
1
1
1
1
1
1
1
1
1
1
1
1
1
1
1
1
1
1
1
1
1
1
1
1
1
1
1
1
1
1
1
1
0.999999
0.999999
0.999998
0.999997
0.999996
0.999995
0.999993
0.999992
0.999991
0.99999
0.99999
0.99999
0.999991
0.999991
0.999992
0.999993
0.999994
0.999995
0.999996
0.999997
0.999997
0.999998
0.999998
0.999999
0.999999
0.999999
0.999999
0.999999
1
1
1
1
1
1
1
1
1
1
1
1
1
1
1
1
1
1
1
1
1
1
1
1
1
1
1
1
1
1
1
1
1
1
1
1
1
1
1
1
1
1
1
1
1
1
1
1
1
1
1
1
1
1
1
1
1
1
1
1
1
1
1
1
1
1
1
1
1
1
1
1
1
1
1
1
1
1
1
1
1
1
1
1
1
1
1
1
1
1
1
1
1
1
1
1
1
1
1
1
1
1
1
1
1
1
1
1
1
1
1
1
1
1
1
1
1
1
1
1
1
1
1
1
1
1
1
1
1
1
1
1
1
1
1
1
1
1
1
1
1
1
1
1
1
1
1
1
1
1
1
1
1
1
1
1
1
0.999999
0.999999
0.999999
0.999999
0.999999
0.999999
0.999999
0.999999
0.999999
0.999999
0.999999
0.999999
1
1
1
1
1
1
1
1
1
1
1
1
1
1
1
1
1
1
1
1
1
1
1
1
1
1
1
1
1
1
1
1
1
1
1
1
1
1
1
1
1
1
1
1
1
1
1
1
1
1
1
1
1
1
1
1
1
1
1
1
1
1
1
1
1
1
1
1
1
1
1
1
1
1
1
1
1
1
1
1
1
1
1
1
1
1
1
1
1
1
1
1
1
1
1
1
1
1
1
1
1
1
1
1
1
1
1
1
1
1
1
1
1
1
1
1
1
1
1
1
1
1
1
1
1
1
1
1
1
1
1
1
1
1
1
1
1
1
1
1
1
1
1
1
1
1
1
1
1
1
1
1
1
1
1
1
1
1
1
1
1
1
1
1
1
1
1
1
1
1
1
1
1
1
1
1
1
1
1
1
1
1
1
1
1
1
1
1
1
1
1
1
1
1
1
1
1
1
1
1
1
1
1
1
1
1
1
1
1
1
1
1
1
1
1
1
1
1
1
1
1
1
1
1
1
1
1
1
1
1
1
1
1
1
1
1
1
1
1
1
1
1
1
1
1
1
1
1
1
1
1
1
1
1
1
1
1
1
1
1
1
1
1
1
1
1
1
1
1
1
1
1
1
1
1
1
1
1
1
1
1
1
1
1
1
1
1
1
1
1
1
1
1
1
1
1
1
1
1
1
1
1
1
1
1
1
1
1
1
1
1
1
1
1
1
1
1
1
1
1
1
1
1
1
1
1
1
1
1
1
1
1
1
1
1
1
1
1
1
1
1
1
1
1
1
1
1
1
1
1
1
1
1
1
1
1
1
1
1
1
1
1
1
1
1
1
1
1
1
1
1
1
1
1
1
1
1
1
1
1
1
1
1
1
1
1
1
1
1
1
1
1
1
1
1
1
1
1
1
1
1
1
1
1
1
1
1
1
1
1
1
1
1
1
1
1
1
1
1
1
1
1
1
1
1
1
1
1
1
1
1
1
1
1
1
1
1
1
1
1
1
1
1
1
1
1
1
1
1
1
1
1
1
1
1
1
1
1
1
1
1
1
1
1
1
1
1
1
1
1
1
1
1
1
1
1
1
1
1
1
1
1
1
1
1
1
1
1
1
1
1
1
1
1
1
1
1
1
1
1
1
1
1
1
1
1
1
1
1
1
1
1
1
1
1
1
1
1
1
1
1
1
1
1
1
1
1
1
1
1
1
1
1
1
1
1
1
1
1
1
1
1
1
1
1
1
1
1
1
1
1
1
1
1
1
1
1
1
1
1
1
1
1
1
1
1
1
1
1
1
1
1
1
1
1
1
1
1
1
1
1
1
1
1
1
1
1
1
1
1
1
1
1
1
1
1
1
1
1
1
1
1
1
1
1
1
1
1
1
1
1
1
1
1
1
1
1
1
1
1
1
1
1
1
1
1
1
1
1
1
1
1
1
1
1
1
1
1
1
1
1
1
1
1
1
1
1
1
1
1
1
1
1
1
1
1
1
1
1
1
1
1
1
1
1
1
1
1
1
1
1
1
1
1
1
1
1
1
1
1
1
1
1
1
1
1
1
1
1
1
1
1
1
1
1
1
1
1
1
1
1
1
1
1
1
1
1
1
1
1
1
1
1
1
1
1
1
1
1
1
1
1
1
1
1
1
1
1
1
1
1
1
1
1
1
1
1
1
1
1
1
1
1
1
1
1
1
1
1
1
1
1
1
1
1
1
1
1
1
1
1
1
1
1
1
1
1
1
1
1
1
1
1
1
1
1
1
1
1
1
1
1
1
1
1
1
1
1
1
1
1
1
1
1
1
1
1
1
1
1
1
1
1
1
1
1
1
1
1
1
1
1
1
1
1
1
1
1
1
1
1
1
1
1
1
1
0.999999
1
1
1
1
1
1
1
1
1
1
1
1
1
1
1
1
1
1
1
1
1
1
1
1
1
1
1
1
1
1
1
1
1
1
1
1
1
1
1
1
1
1
1
1
1
1
1
1
1
1
1
1
1
1
1
1
1
1
1
1
1
1
1
1
1
1
1
1
1
1
1
1
1
1
1
1
1
1
1
1
1
1
1
1
1
1
1
1
1
1
1
1
1
1
1
1
1
1
1
1
1
1
1
1
1
1
1
1
1
1
1
1
1
1
1
1
1
1
1
1
1
1
1
1
1
1
1
1
1
1
1
1
1
1
1
1
1
1
1
1
1
1
1
1
1
1
1
1
1
1
1
1
1
1
1
1
1
1
1
1
1
1
1
1
1
1
1
1
1
1
1
1
1
1
1
1
1
1
1
0.999998
1
1
1
1
1
1
1
1
1
1
1
1
1
1
1
1
1
1
1
1
1
1
1
1
1
1
1
1
1
1
1
1
1
1
1
1
1
1
1
1
1
1
1
1
1
1
1
1
1
1
1
1
1
1
1
1
1
1
1
1
1
1
1
1
1
1
1
1
1
1
1
1
1
1
1
1
1
1
1
1
1
1
1
1
1
1
1
1
1
1
1
1
1
1
1
1
1
1
1
1
1
1
1
1
1
1
1
1
1
1
1
1
1
1
1
1
1
1
1
1
1
1
1
1
1
1
1
1
1
1
1
1
1
1
1
1
1
1
1
1
1
1
1
1
1
1
1
1
1
1
1
1
1
1
1
1
1
1
1
1
1
1
1
1
1
1
1
1
1
1
1
1
1
1
1
1
1
1
0.999999
0.999995
1
1
1
1
1
1
1
1
1
1
1
1
1
1
1
1
1
1
1
1
1
1
1
1
1
1
1
1
1
1
1
1
1
1
1
1
1
1
1
1
1
1
1
1
1
1
1
1
1
1
1
1
1
1
1
1
1
1
1
1
1
1
1
1
1
1
1
1
1
1
1
1
1
1
1
1
1
1
1
1
1
1
1
1
1
1
1
1
1
1
1
1
1
1
1
1
1
1
1
1
1
1
1
1
1
1
1
1
1
1
1
1
1
1
1
1
1
1
1
1
1
1
1
1
1
1
1
1
1
1
1
1
1
1
1
1
1
1
1
1
1
1
1
1
1
1
1
1
1
1
1
1
1
1
1
1
1
1
1
1
1
1
1
1
1
1
1
1
1
1
1
1
1
1
1
1
1
0.999998
0.999995
0.999989
1
1
1
1
1
1
1
1
1
1
1
1
1
1
1
1
1
1
1
1
1
1
1
1
1
1
1
1
1
1
1
1
1
1
1
1
1
1
1
1
1
1
1
1
1
1
1
1
1
1
1
1
1
1
1
1
1
1
1
1
1
1
1
1
1
1
1
1
1
1
1
1
1
1
1
1
1
1
1
1
1
1
1
1
1
1
1
1
1
1
1
1
1
1
1
1
1
1
1
1
1
1
1
1
1
1
1
1
1
1
1
1
1
1
1
1
1
1
1
1
1
1
1
1
1
1
1
1
1
1
1
1
1
1
1
1
1
1
1
1
1
1
1
1
1
1
1
1
1
1
1
1
1
1
1
1
1
1
1
1
1
1
1
1
1
1
1
1
1
1
1
1
1
1
1
0.999999
0.999997
0.999991
0.999986
0.999985
1
1
1
1
1
1
1
1
1
1
1
1
1
1
1
1
1
1
1
1
1
1
1
1
1
1
1
1
1
1
1
1
1
1
1
1
1
1
1
1
1
1
1
1
1
1
1
1
1
1
1
1
1
1
1
1
1
1
1
1
1
1
1
1
1
1
1
1
1
1
1
1
1
1
1
1
1
1
1
1
1
1
1
1
1
1
1
1
1
1
1
1
1
1
1
1
1
1
1
1
1
1
1
1
1
1
1
1
1
1
1
1
1
1
1
1
1
1
1
1
1
1
1
1
1
1
1
1
1
1
1
1
1
1
1
1
1
1
1
1
1
1
1
1
1
1
1
1
1
1
1
1
1
1
1
1
1
1
1
1
1
1
1
1
1
1
1
1
1
1
1
1
0.999999
0.999998
0.999996
0.99999
0.999984
0.999982
0.999982
0.999983
1
1
1
1
1
1
1
1
1
1
1
1
1
1
1
1
1
1
1
1
1
1
1
1
1
1
1
1
1
1
1
1
1
1
1
1
1
1
1
1
1
1
1
1
1
1
1
1
1
1
1
1
1
1
1
1
1
1
1
1
1
1
1
1
1
1
1
1
1
1
1
1
1
1
1
1
1
1
1
1
1
1
1
1
1
1
1
1
1
1
1
1
1
1
1
1
1
1
1
1
1
1
1
1
1
1
1
1
1
1
1
1
1
1
1
1
1
1
1
1
1
1
1
1
1
1
1
1
1
1
1
1
1
1
1
1
1
1
1
1
1
1
1
1
1
1
1
1
1
1
1
1
1
1
1
1
1
1
1
1
1
1
1
1
1
1
1
0.999999
0.999998
0.999997
0.999997
0.999996
0.999991
0.999984
0.999981
0.99998
0.99998
0.99998
0.99998
0.999978
1
1
1
1
1
1
1
1
1
1
1
1
1
1
1
1
1
1
1
1
1
1
1
1
1
1
1
1
1
1
1
1
1
1
1
1
1
1
1
1
1
1
1
1
1
1
1
1
1
1
1
1
1
1
1
1
1
1
1
1
1
1
1
1
1
1
1
1
1
1
1
1
1
1
1
1
1
1
1
1
1
1
1
1
1
1
1
1
1
1
1
1
1
1
1
1
1
1
1
1
1
1
1
1
1
1
1
1
1
1
1
1
1
1
1
1
1
1
1
1
1
1
1
1
1
1
1
1
1
1
1
1
1
1
1
1
1
1
1
1
1
1
1
1
1
1
1
1
1
1
1
1
1
1
1
1
1
1
0.999999
0.999998
0.999995
0.999984
0.999973
0.999968
0.999966
0.999966
0.999967
0.999971
0.999976
0.999979
0.99998
0.999981
0.99998
0.999979
0.999978
0.999977
0.999977
0.999977
0.999976
0.999975
0.999977
0.999977
0.999978
0.999978
0.999978
0.999978
0.999978
0.999978
0.999977
0.999976
0.999973
0.999969
0.999966
0.999964
0.999964
0.999964
0.999964
0.999964
0.999962
0.99996
0.999959
0.999961
0.999967
0.999968
0.999966
0.999979
0.999977
0.999977
0.999976
0.999977
0.999977
0.999979
0.999981
0.999985
0.999988
0.99999
0.999989
0.999985
0.999973
0.999964
0.999961
0.999961
0.99996
0.99996
0.99996
0.999959
0.999961
0.999966
0.999968
0.999968
0.999965
0.999962
0.999961
0.999961
0.999962
0.999962
0.999963
0.999964
0.999967
0.999975
0.999985
0.999992
0.999994
0.999993
0.999986
0.999964
0.999951
0.999947
0.999947
0.99995
0.999956
0.999959
0.999965
0.999968
0.999968
0.99996
0.99996
0.99996
0.99996
0.99996
0.99996
0.99996
0.99996
0.999961
0.999962
0.999966
0.999979
0.99999
0.999994
0.999995
0.999992
0.999972
0.999954
0.999947
0.999946
0.999948
0.999955
0.999964
0.999967
0.999968
0.99996
0.99996
0.999959
0.999958
0.999958
0.999957
0.999958
0.999959
0.99996
0.999961
0.999962
0.999964
0.999976
0.999989
0.999995
0.999996
0.999994
0.999983
0.999958
0.999951
0.99995
0.999952
0.999963
0.999967
0.999968
0.999959
0.999957
0.999953
0.999949
0.999947
0.999946
0.99995
0.999954
0.999959
0.99996
0.999961
0.999962
0.999965
0.999977
0.99999
0.999995
0.999996
0.999994
0.999984
0.999973
0.999957
0.999956
0.999961
0.999967
0.999968
0.999954
0.999944
0.999936
0.999932
0.99993
0.999931
0.999933
0.99994
0.999951
0.999958
0.999961
0.999961
0.999962
0.999966
0.999981
0.999992
0.999995
0.999995
0.999991
0.999988
0.999975
0.999962
0.999962
0.999966
0.999968
0.999939
0.999929
0.999926
0.999925
0.999925
0.999926
0.999927
0.999929
0.999937
0.999951
0.999959
0.999961
0.999961
0.999963
0.99997
0.999987
0.999995
0.999996
0.999995
0.999995
0.999988
0.999969
0.999964
0.999966
0.999968
0.999928
0.999924
0.999923
0.999923
0.999924
0.999924
0.999926
0.999927
0.999929
0.99994
0.999954
0.99996
0.999961
0.999962
0.999966
0.99998
0.999992
0.999996
0.999997
0.999997
0.999995
0.999978
0.999966
0.999966
0.999968
0.999924
0.999922
0.999921
0.999922
0.999923
0.999924
0.999925
0.999926
0.999928
0.999931
0.999947
0.999957
0.999961
0.999962
0.999964
0.999974
0.999988
0.999995
0.999997
0.999995
0.999994
0.999984
0.999968
0.999967
0.999969
0.999921
0.99992
0.99992
0.99992
0.999921
0.999923
0.999925
0.999926
0.999927
0.999929
0.999938
0.999953
0.999959
0.999961
0.999963
0.99997
0.999985
0.999992
0.999993
0.99999
0.99999
0.999986
0.999971
0.999968
0.999969
0.99992
0.999919
0.999919
0.999918
0.999918
0.99992
0.999924
0.999926
0.999927
0.999929
0.999933
0.999948
0.999958
0.999961
0.999962
0.999968
0.999981
0.999989
0.99999
0.999988
0.999988
0.999985
0.999973
0.999969
0.999969
0.999919
0.999918
0.999917
0.999915
0.999915
0.999917
0.999923
0.999927
0.999928
0.999929
0.999931
0.999942
0.999955
0.99996
0.999962
0.999966
0.999978
0.999987
0.999988
0.999987
0.999987
0.999985
0.999974
0.99997
0.999969
0.999918
0.999917
0.999915
0.999913
0.999913
0.999915
0.999921
0.999927
0.999929
0.999929
0.999931
0.999938
0.999952
0.999959
0.999961
0.999965
0.999975
0.999985
0.999986
0.999985
0.999985
0.999984
0.999976
0.999971
0.999969
0.999917
0.999916
0.999913
0.999912
0.999913
0.999914
0.99992
0.999927
0.99993
0.99993
0.999931
0.999935
0.999949
0.999957
0.99996
0.999963
0.999972
0.999983
0.999985
0.999984
0.999984
0.999984
0.999977
0.999973
0.999969
0.999917
0.999915
0.999913
0.999912
0.999912
0.999914
0.99992
0.999927
0.99993
0.999931
0.999932
0.999934
0.999945
0.999956
0.99996
0.999962
0.99997
0.99998
0.999983
0.999983
0.999983
0.999983
0.999977
0.999974
0.999969
0.999917
0.999915
0.999913
0.999912
0.999912
0.999914
0.999919
0.999927
0.999931
0.999932
0.999932
0.999934
0.999943
0.999954
0.999959
0.999962
0.999968
0.999978
0.999982
0.999983
0.999983
0.999983
0.999978
0.999975
0.999969
0.999918
0.999915
0.999913
0.999912
0.999912
0.999914
0.99992
0.999929
0.999932
0.999933
0.999933
0.999934
0.999941
0.999953
0.999959
0.999961
0.999966
0.999976
0.999981
0.999983
0.999983
0.999983
0.999979
0.999976
0.999968
0.999919
0.999916
0.999913
0.999913
0.999913
0.999915
0.999922
0.99993
0.999934
0.999934
0.999934
0.999935
0.99994
0.999952
0.999958
0.999961
0.999964
0.999974
0.999981
0.999984
0.999984
0.999983
0.999979
0.999976
0.999968
0.99992
0.999917
0.999914
0.999913
0.999914
0.999916
0.999924
0.999932
0.999935
0.999935
0.999935
0.999936
0.99994
0.999951
0.999958
0.99996
0.999964
0.999972
0.99998
0.999984
0.999984
0.999983
0.999979
0.999977
0.999968
0.999922
0.999918
0.999915
0.999914
0.999915
0.999917
0.999927
0.999934
0.999936
0.999936
0.999936
0.999937
0.999941
0.999951
0.999958
0.99996
0.999963
0.99997
0.99998
0.999984
0.999984
0.999983
0.99998
0.999977
0.999967
0.999924
0.999919
0.999916
0.999915
0.999916
0.99992
0.99993
0.999936
0.999937
0.999937
0.999937
0.999938
0.999943
0.999952
0.999958
0.999961
0.999963
0.999969
0.999979
0.999985
0.999985
0.999983
0.99998
0.999977
0.999966
0.999926
0.999921
0.999917
0.999917
0.999918
0.999924
0.999934
0.999938
0.999938
0.999938
0.999938
0.99994
0.999946
0.999954
0.999959
0.999961
0.999963
0.999968
0.999979
0.999985
0.999985
0.999983
0.99998
0.999978
0.999964
0.999928
0.999923
0.999919
0.999919
0.999921
0.999929
0.999937
0.999939
0.999939
0.999939
0.99994
0.999943
0.999951
0.999957
0.999961
0.999963
0.999964
0.999968
0.999979
0.999986
0.999986
0.999983
0.99998
0.999978
0.999962
0.999931
0.999925
0.999922
0.999923
0.999925
0.999935
0.99994
0.999941
0.99994
0.99994
0.999941
0.999947
0.999957
0.999962
0.999964
0.999965
0.999966
0.999968
0.999979
0.999987
0.999986
0.999983
0.99998
0.999978
0.99996
0.999935
0.999929
0.999927
0.999928
0.999932
0.999941
0.999942
0.999942
0.999941
0.999941
0.999944
0.999954
0.999965
0.999968
0.999968
0.999968
0.999968
0.99997
0.999979
0.999987
0.999987
0.999983
0.99998
0.999977
0.999957
0.999942
0.999934
0.999933
0.999934
0.999941
0.999944
0.999943
0.999942
0.999942
0.999943
0.999948
0.999963
0.999973
0.999974
0.999973
0.999972
0.999971
0.999972
0.999979
0.999988
0.999988
0.999983
0.99998
0.999977
0.999954
0.99995
0.999944
0.999943
0.999944
0.999947
0.999946
0.999944
0.999943
0.999943
0.999946
0.999957
0.999972
0.99998
0.99998
0.999979
0.999976
0.999975
0.999975
0.999981
0.99999
0.999989
0.999982
0.99998
0.999976
0.999951
0.999953
0.999951
0.99995
0.99995
0.99995
0.999946
0.999944
0.999944
0.999945
0.999951
0.999969
0.999982
0.999987
0.999987
0.999986
0.999983
0.99998
0.99998
0.999984
0.999992
0.999991
0.999981
0.999979
0.999975
0.999946
0.999953
0.999953
0.999953
0.999952
0.999949
0.999945
0.999944
0.999945
0.999948
0.99996
0.99998
0.999989
0.999992
0.999992
0.999991
0.999989
0.999985
0.999985
0.999988
0.999994
0.999992
0.99998
0.999977
0.999973
0.999942
0.999953
0.999953
0.999953
0.999952
0.999946
0.999945
0.999945
0.999948
0.999954
0.999973
0.999988
0.999993
0.999994
0.999994
0.999993
0.999992
0.99999
0.99999
0.999992
0.999996
0.999993
0.999979
0.999975
0.999971
0.999939
0.999952
0.999952
0.999951
0.999947
0.999945
0.999945
0.999948
0.999953
0.999965
0.999984
0.999993
0.999995
0.999995
0.999995
0.999995
0.999994
0.999994
0.999994
0.999995
0.999997
0.999995
0.99998
0.999974
0.99997
0.999937
0.999949
0.999948
0.999945
0.999944
0.999944
0.999949
0.999953
0.99996
0.999977
0.999991
0.999995
0.999995
0.999995
0.999995
0.999995
0.999995
0.999995
0.999995
0.999997
0.999998
0.999996
0.999981
0.999973
0.99997
0.999935
0.999945
0.999944
0.999944
0.999945
0.999952
0.999956
0.99996
0.999971
0.999989
0.999995
0.999996
0.999996
0.999995
0.999995
0.999995
0.999996
0.999996
0.999996
0.999998
0.999999
0.999998
0.999984
0.999974
0.99997
0.999933
0.999946
0.999946
0.999948
0.999956
0.99996
0.999963
0.999968
0.999985
0.999995
0.999997
0.999996
0.999995
0.999995
0.999995
0.999995
0.999996
0.999996
0.999997
0.999998
0.999999
0.999999
0.999989
0.999975
0.999972
0.999926
0.999956
0.999958
0.999962
0.999966
0.999967
0.999971
0.999983
0.999994
0.999997
0.999997
0.999996
0.999995
0.999994
0.999994
0.999995
0.999996
0.999997
0.999998
0.999999
0.999999
0.999999
0.999994
0.999978
0.999975
0.999908
0.999971
0.999971
0.999973
0.999974
0.999977
0.999985
0.999994
0.999998
0.999998
0.999997
0.999996
0.999995
0.999994
0.999994
0.999995
0.999996
0.999997
0.999998
0.999999
1
1
0.999997
0.999984
0.999981
0.999866
0.999978
0.999978
0.999981
0.999984
0.999989
0.999995
0.999998
0.999999
0.999998
0.999996
0.999995
0.999994
0.999994
0.999994
0.999994
0.999995
0.999997
0.999998
0.999999
1
1
0.999999
0.999991
0.999987
0.999779
0.999984
0.999987
0.999991
0.999993
0.999996
0.999998
0.999999
0.999999
0.999998
0.999996
0.999995
0.999994
0.999994
0.999994
0.999994
0.999995
0.999997
0.999998
0.999999
1
1
0.999999
0.999997
0.999991
0.999618
0.999994
0.999995
0.999997
0.999998
0.999999
0.999999
1
0.999999
0.999997
0.999996
0.999995
0.999994
0.999993
0.999994
0.999994
0.999995
0.999997
0.999998
0.999999
0.999999
0.999999
0.999999
0.999998
0.999992
0.999341
0.999998
0.999999
0.999999
0.999999
1
1
1
0.999999
0.999996
0.999996
0.999995
0.999994
0.999993
0.999993
0.999994
0.999995
0.999997
0.999998
0.999999
0.999999
0.999999
0.999999
0.999999
0.999992
0.998921
1
1
1
1
1
1
1
0.999998
0.999996
0.999996
0.999995
0.999994
0.999993
0.999993
0.999994
0.999995
0.999997
0.999998
0.999999
0.999999
0.999999
0.999999
0.999999
0.999991
0.998652
1
1
1
1
1
1
1
0.999997
0.999995
0.999996
0.999995
0.999994
0.999993
0.999993
0.999994
0.999995
0.999997
0.999999
0.999999
0.999999
0.999998
0.999998
0.999999
0.999992
0.998591
1
1
1
1
1
1
1
0.999997
0.999995
0.999996
0.999996
0.999994
0.999993
0.999993
0.999994
0.999995
0.999997
0.999999
0.999999
0.999998
0.999996
0.999997
0.999998
0.999994
0.998586
1
1
1
1
1
1
0.999999
0.999996
0.999994
0.999995
0.999996
0.999994
0.999993
0.999993
0.999994
0.999995
0.999998
0.999999
0.999999
0.999998
0.999995
0.999996
0.999997
0.999994
0.998621
1
1
1
1
1
1
0.999999
0.999995
0.999993
0.999995
0.999997
0.999995
0.999993
0.999993
0.999994
0.999996
0.999998
0.999999
0.999999
0.999997
0.999994
0.999994
0.999996
0.999994
0.998742
1
1
1
1
1
1
0.999999
0.999994
0.999991
0.999994
0.999997
0.999995
0.999994
0.999994
0.999995
0.999997
0.999998
0.999999
0.999999
0.999996
0.999992
0.999992
0.999995
0.999993
0.998966
1
0.999999
0.999999
0.999999
1
1
0.999999
0.999993
0.99999
0.999992
0.999997
0.999996
0.999995
0.999994
0.999995
0.999998
0.999999
0.999999
0.999999
0.999995
0.99999
0.999991
0.999994
0.999992
0.99934
0.999999
0.999998
0.999998
0.999999
0.999999
0.999999
0.999998
0.999992
0.999987
0.99999
0.999997
0.999997
0.999996
0.999995
0.999997
0.999998
0.999999
0.999999
0.999998
0.999992
0.999988
0.999989
0.999993
0.99999
0.999665
0.999998
0.999996
0.999996
0.999997
0.999998
0.999999
0.999998
0.999991
0.999984
0.999988
0.999997
0.999998
0.999997
0.999997
0.999998
0.999999
0.999999
0.999999
0.999996
0.999989
0.999986
0.999987
0.999991
0.999989
0.99982
0.999995
0.999993
0.999993
0.999995
0.999997
0.999998
0.999997
0.999989
0.999981
0.999984
0.999995
0.999998
0.999998
0.999998
0.999998
0.999999
0.999998
0.999997
0.999991
0.999986
0.999985
0.999986
0.999989
0.999988
0.999908
0.999992
0.999992
0.999992
0.999994
0.999997
0.999997
0.999996
0.999986
0.999977
0.999979
0.999993
0.999998
0.999999
0.999998
0.999999
0.999998
0.999996
0.999991
0.999986
0.999984
0.999984
0.999985
0.999987
0.999986
0.99995
0.99999
0.999992
0.999992
0.999994
0.999996
0.999996
0.999995
0.999984
0.999973
0.999974
0.999987
0.999997
0.999999
0.999999
0.999999
0.999997
0.999989
0.999985
0.999984
0.999984
0.999984
0.999985
0.999986
0.999985
0.999969
0.99999
0.999994
0.999994
0.999995
0.999996
0.999996
0.999994
0.999981
0.999971
0.999971
0.999979
0.999993
0.999998
0.999998
0.999997
0.999989
0.999982
0.999982
0.999983
0.999985
0.999985
0.999985
0.999985
0.999984
0.999976
0.999991
0.999995
0.999996
0.999996
0.999996
0.999995
0.99999
0.999976
0.99997
0.99997
0.999973
0.999982
0.99999
0.999991
0.999985
0.999979
0.99998
0.999983
0.999985
0.999985
0.999985
0.999985
0.999984
0.999984
0.999978
0.999986
0.999994
0.999996
0.999996
0.999995
0.999991
0.999979
0.99997
0.999968
0.99997
0.999973
0.999975
0.999976
0.999978
0.999979
0.999981
0.999985
0.999986
0.999986
0.999986
0.999986
0.999985
0.999985
0.999984
0.999975
0.99998
0.999984
0.999984
0.999981
0.999972
0.999964
0.999962
0.999963
0.999969
0.999973
0.999976
0.999978
0.999979
0.999981
0.999983
0.999985
0.999985
0.999985
0.999984
0.999982
0.999979
0.999973
0.999967
0.999959
0.999956
)
;

boundaryField
{
    inlet
    {
        type            fixedValue;
        value           uniform 1;
    }
    outlet
    {
        type            inletOutlet;
        inletValue      uniform 0;
        value           nonuniform List<scalar> 
57
(
0.999966
0.999968
0.999968
0.999968
0.999968
0.999968
0.999968
0.999968
0.999968
0.999969
0.999969
0.999969
0.999969
0.999969
0.999969
0.999969
0.999969
0.999968
0.999968
0.999968
0.999967
0.999966
0.999964
0.999962
0.99996
0.999957
0.999954
0.999951
0.999946
0.999942
0.999939
0.999937
0.999935
0.999933
0.999926
0.999908
0.999866
0.999779
0.999618
0.999341
0.998921
0.998652
0.998591
0.998586
0.998621
0.998742
0.998966
0.99934
0.999665
0.99982
0.999908
0.99995
0.999969
0.999976
0.999978
0.999975
0.999956
)
;
    }
    upperWall
    {
        type            zeroGradient;
    }
    lowerWall
    {
        type            zeroGradient;
    }
    frontAndBack
    {
        type            empty;
    }
}


// ************************************************************************* //
