/*--------------------------------*- C++ -*----------------------------------*\
  =========                 |
  \\      /  F ield         | OpenFOAM: The Open Source CFD Toolbox
   \\    /   O peration     | Website:  https://openfoam.org
    \\  /    A nd           | Version:  6
     \\/     M anipulation  |
\*---------------------------------------------------------------------------*/
FoamFile
{
    version     2.0;
    format      ascii;
    class       volScalarField;
    location    "0.5";
    object      nut;
}
// * * * * * * * * * * * * * * * * * * * * * * * * * * * * * * * * * * * * * //

dimensions      [0 2 -1 0 0 0 0];

internalField   nonuniform List<scalar> 
12225
(
3.62998e-10
0
0
0
0
0
0
0
0
0
0
0
0
0
0
0
0
0
1.50757e-10
0
0
0
0
0
0
0
0
0
0
0
0
0
0
0
0
0
7.6313e-11
0
0
0
0
0
0
0
0
0
0
0
0
0
0
0
0
0
0
0
1.07893e-08
5.62009e-09
0
0
0
0
0
1.38198e-09
2.45017e-09
2.27628e-09
1.75532e-09
8.031e-10
4.38541e-10
0
0
0
0
0
0
3.99854e-07
4.66662e-07
3.78358e-08
0
0
0
0
0
5.89199e-08
1.09566e-07
1.39652e-07
1.24598e-07
8.30315e-08
3.88005e-08
1.68598e-09
0
0
0
2.03869e-07
4.31661e-07
0
0
0
0
0
0
0
7.37764e-08
5.39241e-08
0
0
0
0
0
0
0
1.47718e-08
7.92209e-08
0
0
0
0
0
0
0
0
0
0
0
0
0
5.06446e-07
8.0487e-07
0
0
0
0
0
6.43468e-09
0
0
0
0
0
0
0
0
0
0
1.60634e-06
1.45407e-06
6.71251e-07
0
0
0
0
3.10353e-07
6.61498e-07
4.84703e-11
0
0
0
1.15386e-07
1.69412e-07
1.78057e-07
1.59637e-07
1.44006e-07
1.25155e-06
8.38819e-07
3.3289e-07
0
0
0
1.77158e-07
3.32489e-07
4.5608e-07
4.96389e-07
1.62445e-07
9.44277e-08
6.28878e-08
0
0
0
0
0
1.66906e-06
1.20617e-06
3.50823e-07
0
0
2.15272e-08
2.2023e-07
1.43755e-07
5.65712e-08
9.40121e-08
1.49225e-07
1.38995e-07
0
0
0
0
0
0
1.1266e-06
2.46825e-07
0
0
0
5.69439e-08
5.61166e-07
0
0
0
0
7.48918e-08
1.41017e-07
1.32294e-07
1.13706e-07
1.26875e-07
1.22027e-07
1.63771e-08
6.16414e-07
0
6.6652e-07
1.8522e-06
1.86642e-07
2.73472e-07
4.83996e-07
0
0
0
0
1.93289e-07
4.01391e-07
4.38554e-07
5.09341e-07
5.48961e-07
2.65848e-07
3.19117e-08
2.86758e-07
0
3.94306e-06
4.77779e-06
2.2372e-06
7.00417e-07
2.1988e-07
0
0
0
0
2.85732e-07
6.6044e-07
5.17796e-07
5.40672e-07
8.87287e-07
7.36181e-07
1.81409e-07
0
0
4.51048e-06
6.96261e-06
5.44095e-06
2.96763e-06
8.43093e-07
0
0
0
0
0
9.716e-08
1.99634e-07
2.65916e-07
3.37228e-07
3.58061e-07
3.35808e-07
4.44084e-07
1.15547e-06
1.40214e-06
1.17697e-06
1.20845e-06
1.0845e-06
8.55659e-07
4.60352e-07
0
0
0
0
1.07118e-07
1.8007e-07
2.43956e-07
3.19255e-07
3.71641e-07
3.92231e-07
1.9192e-07
1.39205e-06
1.1464e-06
0
0
0
4.22785e-07
8.80531e-07
5.13151e-07
0
0
1.55831e-07
3.79792e-07
6.11221e-07
6.49655e-07
5.40363e-07
5.38865e-07
5.69103e-07
0
0
7.60356e-07
0
2.50483e-07
8.06154e-07
1.3104e-06
1.69163e-06
1.80197e-07
0
1.0795e-07
4.30676e-07
8.07331e-07
1.111e-06
1.11857e-06
7.48977e-07
3.24927e-07
1.90924e-07
0
0
0
0
0
2.65615e-07
4.73957e-07
5.33206e-07
0
0
6.71058e-08
6.02606e-07
1.13964e-06
1.51118e-06
1.68628e-06
1.63908e-06
1.22444e-06
4.45494e-07
0
0
0
0
0
2.4003e-07
1.69177e-07
2.60718e-08
1.28272e-08
2.59958e-07
7.3094e-07
7.95751e-07
5.96618e-07
1.64265e-06
2.21427e-06
1.55715e-06
7.18091e-07
0
3.08421e-07
0
0
0
1.82279e-08
4.84697e-07
0
0
0
0
0
0
0
0
0
4.65143e-07
0
0
2.10636e-06
2.0966e-06
1.41501e-06
1.62544e-06
2.53915e-06
3.38768e-06
2.95701e-06
0
0
0
0
0
0
0
0
0
0
0
0
0
1.0467e-07
9.1718e-07
2.26997e-06
2.45853e-06
1.99116e-06
4.27926e-07
0
0
0
0
0
0
0
0
0
0
0
0
0
0
1.63776e-06
1.93967e-06
1.64116e-06
5.90118e-07
0
0
0
0
0
0
0
0
0
0
7.73627e-07
7.42492e-07
0
5.90963e-08
6.47763e-07
3.56466e-07
1.03304e-07
0
0
4.66918e-08
0
0
0
0
1.13634e-06
1.50102e-06
9.26314e-07
1.68743e-07
0
3.25957e-08
0
3.41688e-07
2.46833e-07
1.50982e-07
9.09517e-08
8.89197e-09
0
1.4253e-08
2.47916e-07
0
0
0
1.03822e-06
1.40786e-06
1.01012e-06
7.2853e-07
1.00921e-08
1.02442e-08
0
0
1.13073e-09
9.15423e-09
1.3103e-08
1.29935e-08
1.30918e-08
1.47125e-08
1.48492e-08
1.20281e-08
7.12755e-09
2.02864e-09
0
0
0
0
9.14583e-10
0
1.03706e-10
0
0
0
0
0
0
0
5.00539e-10
9.96652e-10
1.23284e-09
1.11963e-09
7.18766e-10
1.90925e-10
0
0
8.66484e-10
2.38624e-10
5.99872e-10
1.57041e-10
0
0
0
0
0
0
0
0
4.74902e-11
5.4175e-11
0
0
0
0
1.63618e-09
1.44404e-09
2.43408e-09
6.35086e-10
0
0
0
0
0
0
0
0
0
0
0
0
0
0
0
3.64645e-06
1.33853e-06
2.96236e-06
2.87919e-06
5.60697e-07
0
0
0
0
0
0
9.28184e-06
1.84652e-05
2.39327e-05
2.2937e-05
1.46913e-05
4.84347e-06
0
0
0
0
0
1.32153e-06
2.00899e-06
2.08103e-06
2.022e-06
1.92326e-06
1.79951e-06
1.67308e-06
1.54754e-06
1.45917e-06
1.42578e-06
1.39917e-06
1.32639e-06
1.20626e-06
1.05879e-06
8.92312e-07
7.11123e-07
5.20543e-07
3.25151e-07
1.31665e-07
0
0
0
0
0
0
0
0
0
0
0
0
0
0
0
0
0
0
0
0
0
0
0
0
0
0
0
0
0
0
0
0
0
0
0
0
0
0
0
0
6.28331e-07
1.38784e-06
5.37323e-07
0
0
0
0
0
4.9552e-06
1.55511e-06
0
3.17024e-05
0.000132498
0.000138357
9.93041e-05
2.59786e-05
6.33017e-06
2.59532e-06
1.8407e-06
1.47438e-06
1.12293e-06
8.53283e-07
6.27838e-07
4.67256e-07
3.45516e-07
2.4598e-07
1.60851e-07
7.98224e-08
0
0
0
0
0
0
0
0
0
0
0
0
0
0
0
0
0
0
0
0
0
0
0
0
0
0
0
0
0
0
2.23352e-07
4.48847e-07
4.00079e-07
3.17393e-07
2.43336e-07
1.8296e-07
1.34052e-07
9.43791e-08
6.15322e-08
3.3458e-08
8.4494e-09
0
0
0
0
0
0
0
0
0
0
0
0
0
0
0
0
0
0
0
0
6.38083e-08
4.29285e-08
2.56183e-08
1.83916e-07
3.70958e-07
2.33847e-07
0
0
0
2.49008e-05
9.85991e-06
9.98878e-06
1.427e-05
1.63883e-05
1.50249e-05
1.1153e-05
5.33894e-06
0
0
0
0
0
0
0
0
1.0653e-07
3.36474e-06
9.84961e-06
1.2136e-05
7.15318e-06
2.18635e-06
1.78687e-06
2.88147e-06
2.88115e-06
2.52162e-06
2.40936e-06
2.40765e-06
2.43989e-06
2.42106e-06
2.29103e-06
2.11291e-06
1.95177e-06
1.80039e-06
1.6154e-06
1.3856e-06
1.1438e-06
9.11816e-07
6.91768e-07
4.82666e-07
2.86104e-07
1.06561e-07
0
0
0
0
0
0
0
0
0
0
0
0
0
0
0
0
0
0
0
0
0
0
0
1.76388e-06
2.17381e-06
0
0
0
0
0
0
0
0
0
0
0
0
0
0
0
2.33481e-07
1.16013e-06
0
0
0
0
0
0
0
9.87388e-06
4.72653e-05
6.53007e-05
5.96555e-05
4.81348e-05
3.55137e-05
1.66385e-05
6.19891e-06
2.93429e-06
2.31199e-06
1.93015e-06
1.52771e-06
1.18064e-06
9.04772e-07
6.93681e-07
5.27379e-07
3.86697e-07
2.57793e-07
1.30622e-07
1.29852e-09
0
0
0
0
0
0
0
0
0
0
0
0
0
0
0
0
0
0
0
0
0
0
0
0
0
0
0
0
0
1.26327e-08
4.81728e-07
5.64663e-07
5.13617e-07
4.31899e-07
3.52457e-07
2.84827e-07
2.31037e-07
1.90447e-07
1.60656e-07
1.36433e-07
1.10103e-07
7.65211e-08
3.92474e-08
7.30612e-09
0
0
0
0
0
0
0
0
0
0
0
0
0
0
0
0
5.08399e-08
1.6057e-08
0
1.27174e-07
3.72789e-07
2.23646e-07
0
0
0
1.99695e-05
1.58905e-05
1.22863e-05
1.50418e-05
1.90245e-05
1.9589e-05
1.74885e-05
1.49099e-05
1.19408e-05
7.83761e-06
2.86634e-06
0
0
0
0
0
0
0
0
1.34691e-06
4.58949e-06
8.66954e-06
1.19206e-05
1.36376e-05
1.2917e-05
9.25321e-06
6.40311e-06
5.84589e-06
6.34127e-06
6.55786e-06
5.92249e-06
4.9946e-06
4.41437e-06
4.17823e-06
3.86559e-06
3.33151e-06
2.66298e-06
1.97916e-06
1.34245e-06
8.00348e-07
3.64425e-07
3.03674e-08
0
0
0
0
0
0
0
0
0
0
3.30355e-07
8.0155e-07
7.55568e-07
3.13562e-07
0
0
0
0
0
0
0
0
0
4.7735e-07
2.74242e-06
4.22006e-06
3.85325e-06
1.32635e-06
0
0
0
0
0
0
0
0
0
0
0
0
0
0
0
0
0
0
0
0
0
1.4346e-05
3.49337e-05
3.26491e-05
3.61405e-05
1.76196e-05
9.82563e-06
7.102e-06
4.05132e-06
3.84304e-06
5.36968e-06
5.58196e-06
4.65419e-06
3.61652e-06
2.76579e-06
2.12885e-06
1.6318e-06
1.20361e-06
8.09619e-07
4.20625e-07
2.76425e-08
0
0
0
0
0
0
0
0
0
0
0
0
0
0
0
0
0
0
0
0
0
0
0
0
0
0
0
0
0
0
0
0
9.92809e-08
3.13609e-07
4.33824e-07
4.95342e-07
5.3248e-07
5.67916e-07
6.08056e-07
6.30271e-07
5.85205e-07
4.47612e-07
2.66448e-07
1.15987e-07
1.226e-08
0
0
0
0
0
0
0
0
0
0
0
0
0
0
0
0
0
0
3.36298e-08
4.66832e-07
2.85871e-07
0
0
0
1.56058e-05
1.85148e-05
1.38064e-05
1.11096e-05
1.12101e-05
6.59239e-06
2.84772e-06
5.17648e-07
0
3.49234e-07
9.4807e-07
3.78355e-07
0
0
0
0
0
0
0
0
0
1.4705e-06
5.55697e-06
7.46125e-06
6.66732e-06
3.86856e-06
0
0
0
0
0
0
0
0
0
0
0
0
0
0
0
0
0
7.17347e-07
1.26682e-06
1.55925e-06
1.69849e-06
1.78227e-06
1.82579e-06
1.89058e-06
1.99639e-06
2.03501e-06
1.90919e-06
1.63879e-06
1.34173e-06
1.14728e-06
1.10475e-06
1.30346e-06
1.91367e-06
2.74801e-06
2.98698e-06
1.73114e-06
0
0
0
0
0
0
0
0
0
0
0
0
0
1.63681e-08
6.22871e-07
1.55068e-06
2.13907e-06
2.74651e-06
3.12206e-06
1.86678e-06
8.34708e-08
1.17349e-07
0
0
0
0
0
0
0
5.48068e-06
1.10842e-05
2.0641e-05
1.92522e-05
4.9683e-06
5.74115e-07
0
0
0
0
1.27757e-07
3.77573e-07
6.75098e-07
1.04156e-06
1.42181e-06
1.78678e-06
2.08266e-06
2.21728e-06
1.99633e-06
1.13254e-06
0
0
0
0
0
0
0
0
0
0
0
0
0
0
0
0
0
0
0
0
0
0
0
0
0
0
0
0
0
0
0
0
0
0
0
0
0
0
0
0
0
0
0
0
0
0
0
0
0
0
0
1.31932e-07
3.59822e-07
2.2953e-07
0
0
2.0102e-07
9.5011e-07
1.0451e-06
2.52134e-07
0
0
3.15761e-08
2.46567e-07
6.61439e-07
1.07822e-06
0
0
0
3.40341e-06
4.77223e-06
6.51684e-06
9.54004e-06
0
0
0
0
0
0
0
0
0
0
0
0
0
0
0
0
0
0
2.82683e-06
2.79343e-06
4.09976e-07
0
0
0
0
0
0
0
0
0
0
0
0
0
0
0
0
0
1.73297e-07
6.40083e-07
9.45234e-07
1.11961e-06
1.22555e-06
1.28509e-06
1.31718e-06
1.36071e-06
1.4895e-06
1.65575e-06
1.85137e-06
2.08404e-06
2.44237e-06
2.92627e-06
3.32053e-06
3.5861e-06
3.87602e-06
4.01347e-06
3.5793e-06
2.04037e-06
0
0
0
0
0
0
0
0
0
0
0
0
0
0
0
7.03637e-07
2.56903e-06
4.09832e-06
4.54278e-06
2.92038e-06
1.14796e-06
7.73953e-07
3.09106e-06
4.41776e-06
0
0
0
0
0
0
5.02318e-06
1.13771e-05
6.19944e-06
0
0
0
0
0
0
0
0
0
6.56093e-07
1.58504e-06
2.33177e-06
2.69584e-06
2.53173e-06
1.74167e-06
3.0863e-07
0
0
1.92425e-06
1.44643e-06
4.54055e-07
0
0
0
0
0
0
0
0
0
0
0
0
0
0
0
0
0
0
0
0
0
0
0
0
0
0
0
0
0
0
0
0
0
0
0
0
0
0
0
0
0
0
0
0
0
0
0
3.82566e-07
4.30136e-07
3.17137e-07
3.84303e-07
1.07594e-06
1.74128e-06
1.15962e-06
7.21364e-09
0
3.67092e-08
5.53811e-07
1.09152e-06
1.66526e-06
2.29442e-06
1.49018e-06
1.86903e-08
0
5.57459e-07
8.93923e-07
2.05878e-06
0
0
0
0
0
0
0
0
0
0
0
0
0
0
0
0
0
0
0
9.94995e-07
5.06266e-07
0
0
0
0
0
0
0
0
0
0
0
0
0
0
0
0
0
0
1.26439e-07
4.46069e-07
7.14146e-07
9.54276e-07
1.16971e-06
1.34515e-06
1.44217e-06
1.44604e-06
1.39457e-06
1.30502e-06
1.2309e-06
1.23932e-06
1.3881e-06
1.69233e-06
2.16991e-06
2.7135e-06
3.30039e-06
3.72198e-06
3.59657e-06
2.65027e-06
9.82325e-07
0
0
0
0
0
0
0
0
0
0
0
0
0
0
0
2.05296e-06
5.10078e-06
5.6492e-06
3.07945e-06
5.78499e-07
0
1.29425e-06
3.11976e-06
0
0
0
0
0
0
3.01685e-06
5.72393e-06
3.28037e-08
0
0
0
0
0
0
0
0
2.38163e-07
1.76167e-06
2.7861e-06
2.9929e-06
2.52428e-06
1.74756e-06
8.4295e-07
1.78487e-07
2.20411e-06
5.55152e-06
2.7853e-06
6.90061e-07
0
0
0
0
0
0
0
0
0
0
0
0
0
0
0
0
0
0
0
0
0
0
0
0
0
0
0
0
0
0
0
0
0
0
0
0
0
0
0
0
0
0
0
0
0
0
0
0
3.25433e-07
4.08114e-07
3.57796e-07
3.49282e-07
7.69634e-07
1.42963e-06
1.04574e-06
0
0
0
9.63257e-07
2.18383e-06
2.99974e-06
3.31801e-06
1.51222e-06
0
0
1.28212e-07
2.72583e-07
9.2229e-07
0
0
0
0
0
0
0
0
0
0
0
0
0
0
0
0
0
0
0
0
0
0
0
0
0
0
0
0
0
0
0
0
0
0
0
0
0
0
1.94573e-07
3.9208e-07
5.90329e-07
8.72762e-07
1.24274e-06
1.64609e-06
1.97352e-06
2.10813e-06
2.02559e-06
1.81139e-06
1.5302e-06
1.28428e-06
1.06911e-06
9.37516e-07
8.6643e-07
9.19986e-07
1.11694e-06
1.55688e-06
2.33066e-06
3.0323e-06
3.17804e-06
2.63318e-06
1.56125e-06
0
0
0
0
0
0
0
0
0
0
0
0
0
0
1.88921e-06
6.61012e-06
7.10298e-06
3.80839e-06
8.93255e-07
0
4.78617e-07
0
0
0
0
0
0
0
2.17176e-06
2.09822e-06
0
0
0
0
0
0
0
0
0
1.27426e-06
2.60506e-06
2.93429e-06
2.78327e-06
2.31491e-06
1.8651e-06
2.26763e-06
3.68946e-06
3.78439e-06
2.23717e-06
2.26863e-07
0
0
0
0
0
0
0
0
0
0
0
0
0
0
0
0
0
0
0
0
0
0
0
0
0
0
0
0
0
0
0
0
0
0
0
0
0
0
0
0
0
0
0
0
0
0
0
0
0
0
3.30952e-07
3.9979e-07
3.87288e-07
6.82303e-07
1.06363e-06
9.87547e-07
1.59438e-08
0
1.91186e-08
2.51526e-06
4.84755e-06
5.34008e-06
5.03076e-06
3.49306e-06
0
0
5.93016e-08
1.41475e-07
4.68906e-07
0
0
0
0
0
0
0
0
0
0
0
0
0
0
0
0
0
0
0
0
0
0
0
0
0
0
0
0
0
0
0
0
0
0
0
8.47531e-07
1.55228e-06
1.54349e-06
5.76845e-07
0
0
0
0
0
5.65474e-07
1.58016e-06
2.19932e-06
2.29231e-06
2.06301e-06
1.65811e-06
1.28535e-06
1.02972e-06
8.34416e-07
7.1268e-07
6.40035e-07
6.46788e-07
7.59581e-07
9.6829e-07
1.21946e-06
1.4546e-06
1.60339e-06
1.54626e-06
1.00742e-06
0
0
0
0
0
0
0
0
0
0
0
0
1.29437e-06
1.05387e-05
8.14508e-06
3.82952e-06
8.65829e-07
0
0
0
0
0
0
0
0
0
1.4178e-06
0
0
0
0
0
0
0
0
0
0
1.43078e-06
2.5185e-06
2.88654e-06
2.7483e-06
2.06457e-06
1.29475e-06
1.68967e-06
1.41883e-06
0
0
2.97562e-07
4.75744e-07
0
0
0
0
0
0
0
0
0
0
0
0
0
0
0
0
0
0
0
0
0
0
0
0
0
0
0
0
0
0
0
0
0
0
0
0
0
0
9.9641e-08
0
0
0
0
0
0
0
0
0
0
1.89778e-07
4.1831e-07
4.49382e-07
7.19705e-07
9.67663e-07
6.4442e-07
0
0
1.18839e-06
4.73494e-06
5.95395e-06
5.57681e-06
4.61199e-06
1.76536e-06
2.12381e-06
0
3.82133e-08
7.71262e-08
2.27533e-07
0
0
0
0
0
0
0
0
0
0
0
0
0
0
0
0
1.73584e-06
0
0
0
0
0
0
0
0
0
0
0
0
0
0
0
4.28501e-07
2.23929e-06
4.39384e-06
6.09728e-06
6.20032e-06
3.0931e-06
0
0
0
0
0
0
0
0
0
5.08872e-07
1.55952e-06
1.71496e-06
1.54724e-06
1.23075e-06
9.51441e-07
7.43986e-07
6.03151e-07
4.97394e-07
4.20577e-07
3.804e-07
3.69569e-07
3.75972e-07
3.90291e-07
4.44824e-07
5.84071e-07
7.34154e-07
6.19249e-07
0
0
0
0
0
0
0
0
1.20528e-06
1.04432e-06
2.46657e-07
7.89125e-06
1.01346e-05
3.26236e-06
4.51535e-07
0
0
0
0
0
0
0
0
0
4.59431e-07
0
0
0
0
0
0
0
0
0
0
1.17703e-06
2.43147e-06
2.81682e-06
2.28372e-06
5.57312e-07
0
0
0
0
0
0
7.55628e-06
3.68142e-06
1.45527e-07
0
0
0
0
0
0
0
0
0
0
0
0
0
0
0
0
0
0
0
0
0
0
0
0
0
0
0
0
0
0
0
0
0
0
0
3.57365e-07
6.06006e-07
0
0
0
0
0
0
0
0
0
0
0
2.80964e-07
5.95687e-07
9.11853e-07
1.03204e-06
5.93669e-07
0
0
2.40913e-06
5.13819e-06
5.88613e-06
5.4692e-06
3.54972e-06
0
1.01938e-05
5.79004e-06
2.95249e-08
4.12498e-08
7.12852e-08
0
0
0
0
0
0
0
0
0
0
0
0
0
0
0
0
3.67376e-06
2.68711e-06
0
0
0
0
0
0
0
0
0
0
0
0
0
1.58005e-06
4.00691e-06
5.91307e-06
7.19019e-06
7.49353e-06
6.19037e-06
2.72709e-06
0
0
0
0
0
0
0
0
0
0
0
3.81887e-07
1.25294e-06
1.32761e-06
1.10518e-06
8.32275e-07
6.20448e-07
4.80588e-07
3.86222e-07
3.17544e-07
2.68424e-07
2.27377e-07
1.92197e-07
1.58722e-07
1.16798e-07
4.13754e-08
0
0
2.80957e-07
3.40137e-07
0
0
0
0
0
5.99957e-06
2.14256e-06
3.91238e-07
1.86192e-06
7.68419e-06
1.96793e-06
0
0
0
0
0
0
3.51848e-07
0
0
1.72174e-07
0
0
0
0
0
0
0
0
0
0
0
8.06841e-07
2.26951e-06
2.46585e-06
1.23808e-06
0
0
0
0
0
0
0
0
6.00543e-06
2.7176e-06
0
0
0
0
0
0
0
0
0
0
0
0
0
0
0
0
0
0
0
0
0
0
0
0
0
0
0
0
0
0
0
0
0
0
1.41808e-06
2.81955e-06
2.00527e-06
7.21692e-07
2.44579e-07
0
0
0
0
0
0
0
0
0
0
6.76763e-07
1.19213e-06
1.27687e-06
7.83266e-07
2.05791e-07
6.93811e-07
2.71791e-06
4.80694e-06
5.33909e-06
4.06023e-06
3.17157e-07
0
5.80119e-06
7.70647e-06
0
0
0
7.32702e-07
1.36047e-06
1.46889e-06
8.45589e-07
0
0
0
0
0
0
0
0
0
0
0
0
0
6.8392e-06
0
0
0
0
0
0
0
0
0
0
0
0
1.67996e-06
3.89508e-06
5.6826e-06
7.53644e-06
9.35003e-06
1.0469e-05
9.92148e-06
8.02531e-06
5.94733e-06
4.32641e-06
3.30075e-06
2.74454e-06
2.36828e-06
1.78424e-06
5.04129e-07
0
0
0
0
0
0
1.02834e-06
1.1754e-06
9.36625e-07
6.55505e-07
4.51464e-07
3.29757e-07
2.59808e-07
2.18787e-07
1.94343e-07
1.71398e-07
1.42722e-07
1.06048e-07
5.52299e-08
0
0
0
3.55033e-08
2.78674e-07
0
0
0
6.86059e-07
8.62905e-06
1.14158e-06
6.1466e-08
6.68014e-07
1.81402e-06
1.79872e-07
0
0
0
0
0
0
1.84217e-06
1.20703e-06
1.10694e-06
9.17839e-07
0
0
0
0
0
0
0
0
0
0
0
2.5348e-07
1.93745e-06
1.87908e-06
1.10606e-07
0
0
0
0
0
0
0
0
0
7.02649e-06
3.47813e-06
0
0
0
0
0
0
0
0
0
0
0
0
0
0
0
0
0
0
0
0
0
0
0
0
0
0
0
0
0
0
0
0
0
0
0
1.16262e-06
2.01278e-06
3.43357e-06
2.93127e-06
5.79612e-07
0
0
0
0
0
0
0
0
5.5352e-07
1.35046e-06
1.61071e-06
1.15153e-06
7.71774e-07
1.39112e-06
2.92449e-06
4.3145e-06
4.29916e-06
2.02656e-06
0
0
1.05241e-06
4.89921e-06
0
0
0
7.55113e-07
1.60813e-06
2.23512e-06
2.51828e-06
2.07503e-06
1.07882e-06
1.98578e-08
0
0
0
0
0
0
0
0
0
0
2.51378e-06
2.9473e-06
0
0
0
0
0
0
0
0
0
0
2.55443e-06
5.5378e-06
8.0267e-06
1.05632e-05
1.33896e-05
1.59416e-05
1.65198e-05
1.35979e-05
8.49017e-06
3.72602e-06
5.89921e-07
0
0
3.99274e-07
2.14375e-06
3.57524e-06
3.77616e-06
2.1198e-06
0
0
0
0
1.91771e-07
1.12494e-06
1.07614e-06
7.72369e-07
5.02037e-07
3.26814e-07
2.33435e-07
1.87387e-07
1.61096e-07
1.34787e-07
1.09898e-07
9.06549e-08
7.16525e-08
3.0536e-08
0
0
0
0
5.17807e-08
0
0
0
7.25312e-06
2.01925e-06
1.09393e-07
1.99329e-07
0
0
0
0
0
0
0
0
2.53219e-06
2.37274e-06
2.393e-06
1.68984e-06
0
0
0
3.81046e-07
0
0
0
0
0
0
0
0
1.45246e-06
1.35604e-06
0
0
0
0
0
0
0
0
0
0
0
8.09337e-06
3.23832e-06
0
0
0
0
0
0
0
0
0
0
0
0
0
0
0
0
0
0
0
0
0
0
0
0
0
0
0
0
0
0
0
0
0
0
0
0
9.27322e-06
6.47124e-06
0
0
0
0
0
0
0
0
0
0
1.53436e-06
1.75431e-06
1.57175e-06
1.36625e-06
1.90713e-06
3.02117e-06
3.90817e-06
3.32055e-06
2.52194e-07
0
0
0
2.15864e-06
0
0
0
6.77512e-07
1.44339e-06
1.93722e-06
2.53933e-06
2.84215e-06
2.52622e-06
1.842e-06
1.02773e-06
2.63314e-07
0
0
0
0
0
0
0
0
5.96473e-07
1.26001e-06
0
0
0
0
0
0
0
0
9.12866e-07
4.30254e-06
8.19831e-06
1.11136e-05
1.38286e-05
1.72682e-05
2.21506e-05
2.81835e-05
2.91961e-05
9.88275e-06
0
0
0
0
0
0
0
0
1.64737e-06
3.21288e-06
2.16313e-06
0
0
0
0
1.07906e-06
1.15612e-06
8.35879e-07
5.44861e-07
3.50648e-07
2.33413e-07
1.70462e-07
1.43588e-07
1.25745e-07
9.28776e-08
3.89866e-08
0
7.33045e-09
7.59507e-09
0
0
0
0
1.57517e-07
3.05474e-07
5.49127e-07
6.02049e-06
4.97507e-06
6.51603e-07
1.78096e-07
0
0
0
0
0
0
0
0
2.75989e-06
3.15789e-06
3.32542e-06
2.27848e-06
6.41657e-07
0
0
5.16682e-07
0
0
0
0
0
0
0
0
7.70881e-07
1.15778e-06
0
0
0
0
0
0
0
0
0
0
0
0
9.30909e-08
5.45934e-07
0
0
0
0
0
0
0
0
0
0
0
0
0
0
0
0
0
0
0
0
0
0
0
0
0
0
0
0
0
0
0
0
0
0
0
0
0
0
0
0
0
0
0
0
7.22972e-07
1.25048e-06
1.0719e-06
1.66623e-06
1.98466e-06
1.78254e-06
1.91602e-06
2.36192e-06
3.08138e-06
3.62766e-06
2.64172e-06
0
0
0
0
0
0
0
0
0
8.06736e-07
1.13825e-06
1.67074e-06
2.14393e-06
2.24685e-06
1.94712e-06
1.4424e-06
8.68548e-07
3.49491e-07
7.24493e-09
0
0
0
9.87744e-08
3.26957e-07
6.63791e-07
1.05901e-06
1.13757e-06
0
0
0
0
0
0
0
1.27014e-06
4.34553e-06
7.96122e-06
1.03896e-05
1.19899e-05
1.35772e-05
1.56237e-05
1.74197e-05
1.00046e-05
0
0
0
0
0
0
0
0
0
0
0
1.21513e-06
1.99798e-06
5.16154e-07
0
0
0
1.26865e-06
1.21988e-06
7.95941e-07
4.87499e-07
3.13248e-07
2.15034e-07
1.57898e-07
1.26257e-07
1.16741e-07
1.04688e-07
6.14948e-08
0
0
0
0
0
0
0
0
2.04906e-07
5.93659e-07
4.65916e-06
8.95933e-06
1.56001e-06
3.82159e-07
0
0
0
0
0
0
0
0
2.69295e-06
3.56819e-06
3.75683e-06
2.60696e-06
1.02545e-06
0
0
2.25296e-07
0
0
0
0
0
0
0
0
0
1.46578e-06
9.66202e-07
0
0
0
0
0
0
0
0
0
0
0
0
0
0
0
0
0
0
0
0
0
0
0
0
0
0
0
0
0
0
0
0
0
0
0
0
0
0
0
0
0
0
0
0
0
0
0
0
0
0
0
0
0
0
0
0
0
8.47525e-07
1.95305e-06
2.31114e-06
2.55485e-06
2.53915e-06
2.04616e-06
2.1905e-06
2.75403e-06
3.2678e-06
3.45681e-06
2.11827e-06
0
0
0
0
0
0
0
0
0
4.48053e-07
6.49117e-07
1.16208e-06
1.65574e-06
1.83508e-06
1.54024e-06
9.76815e-07
3.74248e-07
0
0
0
0
5.50098e-08
4.65875e-07
9.30151e-07
1.41457e-06
1.79895e-06
1.79065e-06
1.1616e-06
3.66015e-07
0
0
0
2.26454e-07
5.49144e-07
1.20212e-06
2.18592e-06
3.00694e-06
3.43557e-06
3.35467e-06
2.46093e-06
0
0
0
0
0
0
0
0
0
0
0
0
0
0
5.42894e-07
1.56057e-06
2.78706e-07
0
0
0
1.34921e-06
1.13684e-06
6.04716e-07
3.05202e-07
1.83207e-07
1.34794e-07
1.13129e-07
9.98894e-08
9.22728e-08
9.17012e-08
8.33919e-08
2.77579e-08
0
0
0
0
0
0
0
0
2.6238e-07
3.64281e-06
1.24689e-05
2.68847e-06
5.79705e-07
0
0
0
0
0
0
0
0
2.49528e-06
3.72372e-06
3.77066e-06
2.60072e-06
6.39377e-07
0
0
0
0
0
0
0
0
0
0
0
0
2.27325e-06
3.79454e-06
4.46209e-07
0
0
0
0
0
0
0
0
0
0
0
0
0
0
0
0
0
0
0
0
0
0
0
0
0
0
0
0
0
0
0
0
0
0
0
0
0
0
0
0
0
0
0
0
0
0
0
0
0
0
0
0
0
0
0
0
5.13933e-07
1.93053e-06
2.68706e-06
2.85494e-06
3.12414e-06
2.66099e-06
2.35062e-06
2.95634e-06
3.53177e-06
3.39921e-06
1.53281e-06
0
0
0
0
0
0
0
0
0
5.6334e-07
8.07977e-07
1.363e-06
1.92776e-06
2.17463e-06
1.79681e-06
8.68931e-07
0
0
0
0
0
0
4.65073e-07
1.10725e-06
1.68286e-06
2.08633e-06
2.19082e-06
2.0241e-06
1.78563e-06
1.56245e-06
1.43578e-06
1.27114e-06
6.24232e-07
0
0
0
0
0
0
0
0
0
0
0
0
0
0
0
0
0
0
0
0
0
1.278e-06
2.05337e-06
5.24157e-07
0
0
0
1.32424e-06
8.45018e-07
3.25806e-07
1.15529e-07
5.59771e-08
4.28097e-08
4.25564e-08
5.13281e-08
6.3689e-08
7.13801e-08
7.64561e-08
5.99159e-08
0
0
0
0
0
0
0
0
0
2.99503e-06
1.46064e-05
3.95809e-06
7.34372e-07
0
0
0
0
0
0
0
0
2.36047e-06
3.83163e-06
3.78691e-06
2.45602e-06
0
0
0
0
0
0
0
0
0
0
0
0
0
1.95231e-06
7.92716e-06
6.34918e-06
0
0
0
0
0
0
0
0
0
0
0
0
0
0
0
0
0
0
0
0
0
0
0
0
0
0
0
0
0
0
0
0
0
0
0
0
0
0
0
0
0
0
0
0
0
0
0
0
0
0
0
0
0
0
0
0
2.1024e-07
1.46156e-06
2.70059e-06
3.00268e-06
3.03608e-06
3.19997e-06
2.77616e-06
2.97376e-06
3.79705e-06
3.3755e-06
8.2931e-07
0
0
0
0
0
0
0
0
0
3.53186e-07
6.0852e-07
1.17065e-06
1.92271e-06
2.3996e-06
2.15638e-06
1.104e-06
0
0
0
0
0
1.61083e-07
8.09281e-07
1.40618e-06
1.9146e-06
2.29368e-06
2.50135e-06
2.56447e-06
2.50886e-06
2.30722e-06
2.05181e-06
1.44946e-06
5.51396e-07
0
0
0
0
0
0
0
0
0
0
0
0
0
0
0
0
0
0
0
0
0
1.95493e-06
2.23796e-06
8.47037e-07
0
0
8.07569e-07
1.19192e-06
5.09261e-07
1.3204e-07
2.87699e-08
1.88543e-08
2.25702e-08
2.08533e-08
1.80326e-08
2.70698e-08
4.42415e-08
5.30811e-08
5.10353e-08
3.17074e-09
0
0
0
0
0
0
0
0
1.86846e-06
1.42633e-05
4.85453e-06
8.11994e-07
0
0
0
0
0
0
0
0
2.22052e-06
3.77034e-06
3.70754e-06
2.22037e-06
0
0
0
0
0
0
0
0
0
0
0
0
0
0
8.55147e-06
1.28148e-05
5.13389e-06
0
0
0
0
0
0
0
0
0
0
0
0
0
0
0
0
0
0
0
0
0
0
0
0
0
0
0
0
0
0
0
0
0
0
0
0
0
0
0
0
0
0
0
0
0
0
0
0
0
0
0
0
0
0
0
3.00397e-07
1.21665e-06
2.50413e-06
3.06677e-06
3.00067e-06
3.07632e-06
3.13026e-06
3.19347e-06
3.95184e-06
3.35678e-06
1.21121e-07
0
0
0
0
0
0
0
0
0
1.12736e-07
3.06905e-07
6.68139e-07
1.41028e-06
2.06171e-06
2.08239e-06
1.21051e-06
6.62765e-08
0
0
5.61707e-08
5.75159e-07
1.10277e-06
1.60263e-06
2.05182e-06
2.42389e-06
2.70034e-06
2.84519e-06
2.85428e-06
2.71043e-06
2.46323e-06
2.09503e-06
1.48618e-06
7.96986e-07
2.38059e-07
0
0
0
0
0
0
0
0
0
0
0
0
0
0
0
0
0
0
0
1.00621e-06
2.3501e-06
1.80128e-06
8.35031e-07
6.46522e-09
4.00274e-07
1.5283e-06
9.36381e-07
2.8577e-07
4.57107e-08
2.16047e-09
1.32806e-08
2.57419e-08
2.63185e-08
1.69386e-08
1.20437e-08
2.21061e-08
3.19426e-08
3.03699e-08
4.07716e-09
0
0
0
0
0
0
0
0
7.51556e-07
1.11413e-05
5.39216e-06
9.08162e-07
0
0
0
0
0
0
0
0
2.08438e-06
3.70832e-06
3.65955e-06
2.11344e-06
0
0
0
0
0
0
0
0
0
0
0
0
0
0
2.12896e-06
1.14891e-05
9.88724e-06
7.99605e-07
0
0
0
0
0
0
0
0
0
0
0
0
0
0
0
0
0
0
0
0
0
0
0
0
0
0
0
0
0
0
0
0
0
0
0
0
0
0
0
0
0
0
0
0
0
0
0
0
0
0
0
0
0
2.96918e-07
1.28104e-06
1.78496e-06
2.4892e-06
3.1654e-06
3.15322e-06
3.03107e-06
3.10408e-06
3.38088e-06
4.11017e-06
3.55302e-06
0
0
0
0
0
0
0
0
0
0
0
0
1.24785e-07
7.38132e-07
1.43517e-06
1.58438e-06
9.96111e-07
4.69355e-07
4.51918e-07
6.77747e-07
9.55886e-07
1.25031e-06
1.55984e-06
1.87926e-06
2.18346e-06
2.43712e-06
2.60794e-06
2.66537e-06
2.60041e-06
2.43784e-06
2.2329e-06
1.87848e-06
1.43513e-06
9.56809e-07
6.34119e-07
4.57197e-07
2.11803e-07
0
0
0
0
0
0
0
0
0
0
0
0
0
0
0
1.14016e-07
1.57616e-06
2.44496e-06
2.0201e-06
1.31085e-06
1.11933e-06
1.24985e-06
1.78664e-06
1.52577e-06
6.41725e-07
2.01202e-07
5.98582e-08
2.75228e-08
2.72756e-08
3.15923e-08
3.0637e-08
2.20327e-08
1.27844e-08
1.53651e-08
2.38264e-08
2.2899e-08
2.75017e-09
0
0
0
0
0
0
0
0
0
6.85471e-06
5.36511e-06
9.578e-07
0
0
0
0
0
0
0
0
1.77607e-06
3.44216e-06
3.44994e-06
2.02547e-06
0
0
0
0
0
0
0
0
0
0
0
0
0
0
0
2.59848e-06
7.39623e-06
3.6836e-06
0
0
8.1331e-07
1.26005e-06
1.70901e-06
1.5957e-06
3.61557e-07
0
0
0
0
0
0
0
0
0
0
0
0
0
0
0
0
0
0
0
0
0
0
0
0
0
0
0
0
0
0
0
0
0
0
0
0
0
0
0
0
0
0
0
0
0
0
1.29902e-06
3.30605e-06
3.67311e-06
3.46294e-06
3.46298e-06
3.39578e-06
3.14545e-06
3.06437e-06
3.06992e-06
4.06661e-06
4.10295e-06
1.90383e-07
0
0
0
0
0
0
0
0
0
0
0
0
7.96131e-08
7.62267e-07
8.0586e-07
5.18222e-07
1.00871e-06
1.3524e-06
1.39705e-06
1.35016e-06
1.37281e-06
1.50035e-06
1.69379e-06
1.87738e-06
2.00984e-06
2.07498e-06
2.06408e-06
1.97798e-06
1.86018e-06
1.70445e-06
1.45364e-06
1.15869e-06
8.43754e-07
6.38819e-07
5.8508e-07
5.16121e-07
3.26224e-07
0
0
0
0
0
0
0
0
0
0
0
0
0
2.17471e-06
2.06142e-06
2.20292e-06
1.95672e-06
1.22393e-06
1.05692e-06
1.93106e-06
2.52766e-06
2.38438e-06
1.29748e-06
5.06699e-07
2.01262e-07
9.90825e-08
6.72921e-08
5.71367e-08
4.90784e-08
3.93528e-08
2.85886e-08
1.87206e-08
1.93787e-08
2.71641e-08
3.02463e-08
1.70108e-08
0
0
0
0
0
0
0
0
0
2.99537e-06
4.67931e-06
8.54061e-07
0
0
0
0
0
0
0
0
1.3324e-06
2.99534e-06
3.07582e-06
1.92049e-06
0
0
0
0
0
0
0
0
0
0
0
0
0
0
0
0
7.97016e-07
3.18871e-06
1.86048e-06
1.83065e-06
2.791e-06
3.97463e-06
5.47429e-06
6.9958e-06
7.62609e-06
5.10485e-06
0
0
0
0
0
0
0
0
0
0
0
0
0
0
0
0
0
0
0
0
0
0
0
0
0
0
0
0
0
0
0
0
0
0
0
0
0
0
0
0
0
0
0
0
0
1.09344e-06
5.53041e-06
6.71552e-06
5.81771e-06
4.57088e-06
3.82049e-06
3.30944e-06
3.05007e-06
2.83418e-06
3.0227e-06
4.29199e-06
2.08775e-06
0
0
0
0
0
0
0
0
0
0
0
0
0
0
0
0
1.00501e-06
1.35813e-06
1.26515e-06
9.9428e-07
8.37284e-07
8.93011e-07
1.05541e-06
1.18371e-06
1.24793e-06
1.27766e-06
1.2822e-06
1.24808e-06
1.19262e-06
1.09933e-06
9.51905e-07
7.62126e-07
5.51694e-07
3.90904e-07
3.40172e-07
3.37417e-07
3.07787e-07
2.20394e-07
8.53704e-08
0
0
0
0
0
0
0
0
0
1.46088e-06
1.92095e-07
0
0
7.84257e-07
9.67089e-07
6.88812e-07
1.58792e-06
3.2521e-06
3.24093e-06
2.06834e-06
8.78124e-07
3.80358e-07
1.98869e-07
1.27611e-07
9.8368e-08
8.2891e-08
6.84176e-08
5.32689e-08
4.09869e-08
3.35635e-08
3.72904e-08
4.74117e-08
5.13814e-08
4.67997e-08
1.16675e-08
0
0
0
0
0
0
0
0
1.70056e-07
3.26544e-06
6.1301e-07
0
0
0
0
0
0
0
0
8.47825e-07
2.43486e-06
2.5919e-06
1.76598e-06
1.39681e-07
0
0
0
0
0
0
0
0
0
0
0
0
0
0
0
0
0
2.0177e-06
3.75636e-06
4.62894e-06
5.63757e-06
7.38257e-06
1.00202e-05
1.34382e-05
1.646e-05
1.39347e-05
2.09011e-06
0
0
0
0
0
0
0
0
0
0
0
0
0
0
0
0
0
0
0
0
0
0
0
0
0
0
0
0
0
0
0
0
0
0
0
0
0
0
0
0
0
0
0
6.20142e-08
5.61466e-06
1.00677e-05
9.37594e-06
6.87548e-06
4.7553e-06
3.61498e-06
3.03912e-06
2.69585e-06
2.20707e-06
2.65964e-06
3.41064e-06
1.92853e-06
0
0
0
0
0
0
0
0
0
0
0
0
0
0
0
3.26888e-07
8.28143e-07
7.72864e-07
4.00816e-07
1.92876e-07
3.26537e-07
5.49427e-07
6.26235e-07
5.93658e-07
5.65442e-07
5.53728e-07
5.23082e-07
4.71704e-07
4.08001e-07
3.31086e-07
2.34415e-07
1.2424e-07
3.76235e-08
6.86017e-09
2.61926e-08
7.37575e-08
1.32282e-07
2.05286e-07
3.13991e-07
4.66887e-07
6.53367e-07
9.17269e-07
1.30199e-06
1.95973e-06
3.07491e-06
4.78839e-06
7.1647e-06
1.82881e-06
0
0
0
1.15648e-07
3.36697e-07
6.19985e-07
3.35898e-06
4.25448e-06
3.08258e-06
1.44403e-06
6.17027e-07
3.12163e-07
1.96435e-07
1.47986e-07
1.22308e-07
1.01716e-07
8.13211e-08
6.22408e-08
4.95909e-08
4.66232e-08
5.63584e-08
7.28732e-08
7.77382e-08
7.80647e-08
6.39494e-08
2.75837e-08
1.28605e-08
1.99073e-08
0
0
0
0
0
0
1.1612e-06
3.72318e-07
0
0
0
0
0
0
0
0
4.23074e-07
1.82103e-06
2.03445e-06
1.50494e-06
1.32682e-06
3.39124e-06
0
0
0
0
0
0
0
0
0
0
0
7.70467e-07
1.45604e-06
0
0
0
0
2.22294e-06
6.80307e-06
7.88215e-06
7.68886e-06
7.94697e-06
8.84035e-06
9.81372e-06
1.12246e-05
1.2919e-05
1.66806e-06
0
0
0
0
0
0
0
0
0
0
0
0
0
0
0
0
0
0
0
0
0
2.56093e-07
3.60342e-07
3.44277e-07
4.28822e-07
0
0
0
0
0
0
0
0
0
0
0
0
0
0
0
0
0
8.60846e-07
5.24414e-06
1.13677e-05
1.30381e-05
1.00722e-05
6.53794e-06
4.27699e-06
3.1638e-06
2.58673e-06
1.91753e-06
1.42804e-06
2.28811e-06
2.81975e-06
1.89844e-06
4.71427e-07
0
0
0
0
0
0
0
5.09288e-07
5.58311e-07
0
0
0
0
0
5.59427e-08
1.91897e-07
0
0
0
0
0
0
0
0
0
0
0
0
0
0
0
0
0
0
0
2.00273e-07
5.17453e-07
9.24461e-07
1.44311e-06
2.12858e-06
3.02784e-06
4.28483e-06
5.75219e-06
6.89369e-06
4.94205e-06
0
0
0
0
0
0
2.43841e-06
5.60585e-06
4.21269e-06
2.0763e-06
9.09855e-07
4.56442e-07
2.77584e-07
2.09289e-07
1.7791e-07
1.5337e-07
1.28743e-07
1.02912e-07
8.08121e-08
6.56914e-08
6.26204e-08
7.34033e-08
9.30718e-08
9.91181e-08
9.95691e-08
1.02591e-07
7.84161e-08
4.76587e-08
4.81268e-08
6.74948e-09
0
0
0
0
0
0
1.16229e-07
0
0
0
0
0
0
1.08893e-07
0
1.27725e-07
1.20973e-06
1.42394e-06
1.09177e-06
2.0419e-06
9.38056e-06
2.18958e-05
1.69819e-05
0
0
0
0
0
0
0
0
0
2.81853e-08
2.30766e-06
1.14019e-06
0
0
0
0
2.02494e-06
1.11978e-05
1.21737e-05
8.96708e-06
7.11372e-06
6.39266e-06
6.45897e-06
7.5591e-06
6.57867e-06
0
0
0
0
0
0
0
0
0
0
0
0
0
0
0
0
0
0
0
0
1.15554e-07
3.84807e-07
4.64405e-07
5.57232e-07
4.10703e-07
0
0
0
0
0
0
0
0
0
0
0
0
0
0
0
0
0
3.45612e-06
6.40269e-06
1.17325e-05
1.59745e-05
1.35299e-05
8.86513e-06
5.30628e-06
3.50719e-06
2.58614e-06
1.84081e-06
1.00047e-06
1.04012e-06
1.89712e-06
2.0787e-06
1.63066e-06
1.39089e-06
1.63044e-06
0
0
9.61147e-07
3.97727e-06
4.23538e-06
3.7153e-06
2.70208e-06
1.46961e-06
3.1227e-07
0
0
0
0
0
0
0
0
0
0
0
0
0
0
0
0
0
0
0
0
0
0
0
0
1.60063e-08
4.70539e-07
1.06691e-06
1.83004e-06
2.759e-06
3.87929e-06
5.12583e-06
5.95308e-06
5.34871e-06
1.75076e-06
0
0
0
0
0
4.07467e-07
7.55059e-06
5.95447e-06
2.80547e-06
1.2557e-06
6.38486e-07
3.66674e-07
2.56617e-07
2.20534e-07
1.96879e-07
1.67242e-07
1.41187e-07
1.21808e-07
1.03581e-07
8.86533e-08
8.42008e-08
9.32334e-08
1.10589e-07
1.17361e-07
1.14102e-07
1.2238e-07
1.15664e-07
8.50855e-08
7.25789e-08
3.60626e-08
0
0
0
0
0
0
0
0
0
0
0
0
0
2.37992e-07
0
0
6.54389e-07
7.95141e-07
5.32438e-07
2.07362e-06
1.07766e-05
2.40896e-05
3.4853e-05
3.39406e-05
2.266e-05
1.47609e-05
9.67865e-06
5.80488e-06
3.37419e-06
1.43097e-06
0
0
0
1.07884e-06
2.06047e-06
0
0
0
0
0
0
1.46588e-05
1.83224e-05
1.18727e-05
8.48092e-06
7.53496e-06
7.698e-06
5.23885e-06
0
0
0
0
0
0
0
0
0
0
0
0
0
0
0
0
0
0
0
0
2.12241e-07
4.08271e-07
4.99174e-07
6.65669e-07
3.39647e-07
0
0
0
0
0
0
0
0
0
0
0
0
0
0
0
0
0
5.41491e-06
8.14432e-06
1.17904e-05
1.77286e-05
1.66334e-05
1.15516e-05
6.95555e-06
4.23687e-06
2.78069e-06
1.85737e-06
8.99599e-07
4.38329e-07
8.23811e-07
1.38024e-06
1.64678e-06
1.95417e-06
2.45766e-06
3.14643e-06
1.02403e-06
4.05629e-07
6.13678e-07
9.31721e-07
9.15219e-07
4.82812e-07
0
0
0
0
0
0
0
0
0
0
0
0
0
0
0
0
0
0
0
0
0
0
0
0
0
0
0
3.10784e-07
1.00402e-06
1.88249e-06
2.93995e-06
4.13761e-06
5.11666e-06
5.23742e-06
3.74465e-06
1.33879e-07
0
0
0
0
0
9.83695e-06
9.39478e-06
3.73583e-06
1.57177e-06
8.18956e-07
4.67888e-07
3.07755e-07
2.52623e-07
2.35067e-07
2.10334e-07
1.79412e-07
1.55152e-07
1.39321e-07
1.25353e-07
1.11632e-07
1.05153e-07
1.1008e-07
1.23828e-07
1.3146e-07
1.24259e-07
1.28597e-07
1.37123e-07
1.13052e-07
8.938e-08
6.17864e-08
5.27059e-09
0
0
0
0
0
0
0
0
0
0
0
0
3.47394e-07
2.75665e-07
0
1.89659e-07
1.78553e-07
0
1.51031e-06
9.3456e-06
1.83821e-05
2.69842e-05
3.58047e-05
3.8915e-05
3.47014e-05
2.79833e-05
2.07624e-05
1.411e-05
8.50067e-06
3.55923e-06
0
0
0
1.21079e-06
1.14073e-06
0
0
0
0
0
0
1.14643e-05
2.81127e-05
2.0394e-05
1.54848e-05
1.35258e-05
7.20318e-06
0
0
0
0
0
0
0
0
0
0
0
0
0
0
0
0
0
0
0
7.68451e-08
2.58974e-07
4.06379e-07
5.44333e-07
6.92535e-07
3.32303e-07
0
0
0
0
0
0
0
0
0
0
0
0
0
0
0
0
0
5.45248e-06
8.48397e-06
1.11364e-05
1.79955e-05
1.93709e-05
1.40425e-05
8.55778e-06
5.08136e-06
3.17107e-06
1.96142e-06
9.13687e-07
1.93027e-07
1.84653e-07
6.707e-07
1.23624e-06
1.84521e-06
2.48465e-06
1.40696e-06
3.35817e-07
0
0
2.35417e-07
1.81955e-07
0
0
0
0
0
0
0
0
0
0
0
0
0
0
0
0
0
0
0
0
0
0
0
0
0
0
0
0
9.58967e-08
8.60515e-07
1.82392e-06
2.92196e-06
3.90303e-06
4.34083e-06
3.82099e-06
1.97306e-06
0
0
0
1.82459e-07
0
9.90827e-06
1.42078e-05
5.67986e-06
1.82741e-06
1.02582e-06
6.00634e-07
3.75533e-07
2.80696e-07
2.52345e-07
2.38819e-07
2.1185e-07
1.83106e-07
1.65796e-07
1.56602e-07
1.46262e-07
1.32648e-07
1.22573e-07
1.21258e-07
1.29502e-07
1.3811e-07
1.29807e-07
1.26958e-07
1.406e-07
1.25669e-07
9.95931e-08
8.14623e-08
3.59514e-08
0
0
0
0
0
0
0
0
0
0
0
0
4.35936e-07
5.51043e-07
1.01456e-07
0
0
0
6.07779e-07
7.05723e-06
1.27365e-05
1.77509e-05
2.49261e-05
3.35416e-05
3.98095e-05
4.04832e-05
3.55278e-05
2.68919e-05
1.74145e-05
9.07364e-06
2.32026e-06
0
0
0
1.16163e-06
0
0
0
0
0
0
0
3.75231e-06
3.45577e-05
3.9247e-05
2.69401e-05
1.11502e-05
0
0
0
0
0
0
0
0
0
0
0
0
0
0
0
0
0
1.70768e-08
5.48289e-08
1.45067e-07
2.7622e-07
3.90685e-07
5.68357e-07
6.51957e-07
3.15503e-07
0
5.21077e-08
0
0
0
0
0
0
0
0
0
0
0
0
0
0
0
2.72256e-06
5.89223e-06
8.67857e-06
1.66648e-05
2.06713e-05
1.58954e-05
1.00306e-05
6.07101e-06
3.66627e-06
2.1048e-06
9.47714e-07
1.04556e-07
0
2.19507e-07
8.02721e-07
1.4878e-06
2.14333e-06
1.27211e-06
5.03526e-07
0
0
0
0
0
0
0
0
0
0
2.38269e-07
9.52476e-07
4.37914e-07
0
0
0
0
0
0
0
0
0
0
0
0
0
0
0
0
0
0
0
0
4.36278e-07
1.3028e-06
2.19349e-06
2.89797e-06
3.15758e-06
2.62803e-06
7.02407e-07
0
0
5.05125e-07
0
6.74233e-06
1.4658e-05
9.68314e-06
1.93575e-06
1.12443e-06
6.86294e-07
4.28814e-07
3.01347e-07
2.58361e-07
2.49106e-07
2.37805e-07
2.12337e-07
1.82137e-07
1.68607e-07
1.63941e-07
1.57874e-07
1.4652e-07
1.34182e-07
1.26762e-07
1.28089e-07
1.36068e-07
1.3039e-07
1.21738e-07
1.2904e-07
1.2092e-07
1.02183e-07
9.13574e-08
5.8985e-08
0
0
0
0
0
0
2.89653e-07
0
0
0
0
1.09154e-08
4.96151e-07
7.97524e-07
2.78087e-07
0
0
0
0
4.87152e-06
8.48964e-06
1.09735e-05
1.49879e-05
2.12868e-05
2.93254e-05
3.7189e-05
4.2159e-05
4.08168e-05
3.15212e-05
1.85833e-05
7.21671e-06
0
0
0
0
6.44516e-07
0
0
0
0
0
0
0
4.43758e-07
3.78619e-05
3.82539e-05
1.38192e-05
8.72599e-07
0
0
0
0
0
0
8.77684e-08
2.84821e-07
9.43071e-08
2.06878e-08
0
0
0
0
3.12065e-08
5.43127e-08
7.29903e-08
1.045e-07
1.83604e-07
2.77069e-07
3.66172e-07
5.40074e-07
5.65293e-07
2.95225e-07
1.81914e-07
2.07299e-07
0
0
0
0
0
0
0
0
0
0
0
0
0
2.75396e-06
0
0
0
3.05448e-06
1.32312e-05
1.98969e-05
1.62608e-05
1.04903e-05
6.37281e-06
3.73457e-06
2.0593e-06
9.34553e-07
9.5738e-08
0
0
4.25067e-07
1.0361e-06
1.61323e-06
8.86e-08
1.63077e-07
1.96018e-08
0
0
0
0
0
0
0
0
2.44994e-08
2.58726e-07
8.73625e-07
1.01656e-06
0
0
4.15084e-07
1.97233e-06
6.86505e-07
0
0
0
0
0
0
0
0
0
0
0
0
0
0
0
8.29051e-08
9.27272e-07
1.83149e-06
2.57398e-06
2.61329e-06
1.3736e-06
0
0
4.46916e-07
3.81811e-07
4.17639e-06
1.09632e-05
1.10775e-05
2.3954e-06
1.11042e-06
7.55187e-07
4.83708e-07
3.27241e-07
2.60781e-07
2.46821e-07
2.41414e-07
2.26948e-07
1.97489e-07
1.76667e-07
1.70651e-07
1.69267e-07
1.64327e-07
1.53207e-07
1.38994e-07
1.27055e-07
1.2258e-07
1.28428e-07
1.27437e-07
1.16142e-07
1.13471e-07
1.10947e-07
1.01228e-07
9.51037e-08
7.58978e-08
2.34108e-08
0
0
0
0
0
3.69502e-07
0
0
0
0
4.51476e-08
5.53882e-07
1.02174e-06
4.90635e-07
0
0
0
0
3.28397e-06
6.00576e-06
7.04501e-06
8.82304e-06
1.21495e-05
1.701e-05
2.28755e-05
2.94447e-05
3.63418e-05
4.09808e-05
3.53743e-05
1.89236e-05
3.44805e-06
0
0
0
8.29346e-07
0
0
0
0
0
0
0
0
5.09561e-06
2.73878e-05
1.27251e-05
1.54275e-06
0
0
0
0
0
0
3.01613e-07
7.01788e-07
4.05788e-07
2.2331e-07
1.11202e-07
3.78432e-08
1.11369e-08
2.43466e-08
5.73044e-08
9.26098e-08
1.18583e-07
1.5532e-07
2.30028e-07
3.02464e-07
3.87437e-07
5.38903e-07
5.20033e-07
3.36114e-07
3.43078e-07
3.21706e-07
0
0
0
0
0
0
0
0
0
0
0
0
9.75031e-06
1.12872e-05
0
0
0
0
8.26037e-06
1.88794e-05
1.71107e-05
1.14131e-05
6.9827e-06
4.0966e-06
2.24027e-06
1.01626e-06
1.52127e-07
0
0
5.58643e-08
5.63974e-07
1.07418e-06
1.69835e-08
1.16276e-08
0
0
0
0
0
0
0
0
4.94846e-09
3.34358e-08
1.10346e-07
2.54334e-07
2.53169e-07
0
0
6.49254e-07
1.09848e-06
1.16598e-06
1.13235e-06
6.53522e-07
0
0
0
0
0
0
0
0
0
0
0
0
0
0
0
1.93168e-07
5.71251e-07
3.50469e-07
0
1.53999e-07
7.44031e-07
4.59366e-07
2.48234e-06
6.94641e-06
8.52901e-06
3.59188e-06
9.96957e-07
7.6222e-07
5.07697e-07
3.38688e-07
2.53507e-07
2.29766e-07
2.27769e-07
2.21312e-07
2.03997e-07
1.75744e-07
1.61831e-07
1.59402e-07
1.59285e-07
1.58008e-07
1.49904e-07
1.35062e-07
1.19813e-07
1.10393e-07
1.12818e-07
1.15874e-07
1.06128e-07
9.56421e-08
9.73396e-08
9.47894e-08
9.3051e-08
8.62036e-08
4.53204e-08
0
0
0
0
0
2.85232e-07
0
0
0
0
1.14397e-07
6.03314e-07
1.17593e-06
6.56648e-07
0
0
0
0
1.80633e-06
4.38441e-06
4.71623e-06
5.08371e-06
6.29344e-06
8.35791e-06
1.06873e-05
1.3045e-05
1.57522e-05
1.98099e-05
2.59602e-05
2.90401e-05
1.57976e-05
0
0
0
5.33594e-07
1.74398e-06
0
0
0
0
0
0
0
0
9.36267e-06
7.55626e-06
1.29198e-06
0
0
0
0
0
0
6.22049e-07
1.13856e-06
7.39218e-07
4.45096e-07
2.47489e-07
1.14629e-07
4.80958e-08
3.80226e-08
6.80494e-08
1.15385e-07
1.53107e-07
1.97789e-07
2.70029e-07
3.31908e-07
4.15721e-07
5.27718e-07
4.90272e-07
4.02712e-07
4.53426e-07
3.9907e-07
0
0
0
0
0
0
0
0
0
0
0
9.84008e-06
3.29813e-05
2.2482e-05
0
0
0
0
8.16557e-07
1.57783e-05
1.61966e-05
1.098e-05
6.84817e-06
4.13527e-06
2.2387e-06
1.00549e-06
1.58982e-07
0
0
0
0
4.10806e-07
2.09038e-09
0
0
0
0
0
0
0
0
1.32147e-08
3.57996e-08
6.10006e-08
9.57756e-08
1.16247e-07
4.35652e-08
0
0
2.62505e-07
3.01715e-07
3.03037e-07
4.33393e-07
3.41498e-07
0
0
0
0
0
0
0
0
0
0
0
0
0
0
0
0
4.2375e-07
1.44974e-06
2.17795e-06
1.70005e-06
0
0
3.12877e-06
4.85198e-06
3.14884e-06
8.44099e-07
6.99914e-07
4.85591e-07
3.24659e-07
2.35898e-07
2.03516e-07
2.01867e-07
2.00768e-07
1.92697e-07
1.71198e-07
1.52132e-07
1.47885e-07
1.48291e-07
1.48322e-07
1.4774e-07
1.43352e-07
1.30595e-07
1.13545e-07
9.90337e-08
9.62014e-08
1.00521e-07
9.65297e-08
8.25321e-08
8.47537e-08
8.61934e-08
8.86464e-08
9.06205e-08
6.26984e-08
0
0
0
0
0
9.17124e-08
4.92228e-07
0
0
0
2.359e-07
6.90642e-07
1.28483e-06
7.511e-07
0
0
0
0
3.60247e-07
3.40299e-06
3.77769e-06
3.48978e-06
3.52885e-06
4.05703e-06
4.70381e-06
5.15733e-06
5.52544e-06
6.2794e-06
7.98173e-06
1.09644e-05
1.61313e-05
1.19481e-05
0
0
6.19498e-07
4.62934e-06
3.12162e-06
0
0
0
0
0
0
0
0
1.69912e-06
5.02365e-07
0
0
0
0
0
0
1.04588e-06
1.60792e-06
1.099e-06
6.89018e-07
3.95994e-07
1.93701e-07
8.28469e-08
4.68659e-08
7.0348e-08
1.27709e-07
1.79748e-07
2.39082e-07
3.17059e-07
3.8134e-07
4.65045e-07
5.49175e-07
5.08367e-07
4.89295e-07
5.42861e-07
4.73203e-07
3.36037e-08
0
0
0
0
0
0
0
0
0
7.08307e-09
3.18866e-05
7.6712e-05
2.6235e-05
0
0
0
0
0
1.24033e-05
1.49031e-05
1.02923e-05
6.58812e-06
4.03538e-06
2.14015e-06
9.54297e-07
4.67424e-08
0
0
0
0
0
0
0
0
0
0
0
1.01109e-09
8.7879e-09
2.02482e-08
5.06782e-08
1.05057e-07
1.18188e-07
5.30431e-09
1.0976e-08
0
0
0
5.72854e-08
4.57392e-08
3.22313e-08
4.0494e-08
0
0
0
0
0
0
0
0
0
0
0
0
0
0
0
0
0
0
0
0
0
0
0
1.31871e-06
1.18887e-06
5.9267e-07
5.87166e-07
4.2451e-07
2.87321e-07
2.09373e-07
1.77779e-07
1.74103e-07
1.74688e-07
1.71216e-07
1.60751e-07
1.41762e-07
1.32349e-07
1.30048e-07
1.29782e-07
1.29752e-07
1.29791e-07
1.29228e-07
1.21552e-07
1.05889e-07
8.87115e-08
8.03329e-08
8.25097e-08
8.33387e-08
7.42025e-08
7.47293e-08
7.7062e-08
8.25075e-08
8.85634e-08
7.47379e-08
2.06875e-08
0
2.10885e-08
0
0
0
1.11444e-06
0
0
0
3.40602e-07
8.21854e-07
1.35204e-06
7.51947e-07
0
0
0
0
0
2.49602e-06
3.56112e-06
3.20448e-06
2.72128e-06
2.47644e-06
2.36509e-06
2.20379e-06
2.02245e-06
2.05706e-06
2.39181e-06
2.79495e-06
3.58157e-06
8.05642e-06
1.31903e-05
2.27686e-06
5.10859e-06
1.0831e-05
1.2155e-05
7.66699e-06
0
0
0
0
0
0
0
0
0
9.15594e-08
0
0
0
0
0
1.59607e-06
2.09811e-06
1.46724e-06
9.42856e-07
5.52987e-07
2.73781e-07
1.13131e-07
4.99968e-08
6.37078e-08
1.28176e-07
2.03007e-07
2.91796e-07
3.89366e-07
4.71181e-07
5.61081e-07
6.1387e-07
5.64806e-07
5.86378e-07
6.31222e-07
5.65767e-07
1.93713e-07
0
0
0
0
0
0
0
0
0
1.05665e-05
5.6578e-05
0.000136007
0
0
0
0
0
0
8.95975e-06
1.30185e-05
9.1322e-06
5.90929e-06
3.60911e-06
1.90627e-06
7.78326e-07
0
0
0
0
0
0
0
0
0
0
0
5.08691e-09
4.8129e-08
5.49855e-08
2.51425e-08
1.35577e-08
1.44315e-09
1.53376e-08
4.33051e-08
1.35556e-07
1.6737e-07
1.04311e-08
0
0
0
0
0
0
0
0
0
0
0
0
0
0
0
0
0
0
0
0
0
0
0
0
0
0
0
0
0
2.68775e-07
4.35323e-07
3.30892e-07
2.31762e-07
1.75702e-07
1.52724e-07
1.48239e-07
1.48043e-07
1.45404e-07
1.40077e-07
1.30295e-07
1.20542e-07
1.16718e-07
1.15787e-07
1.15323e-07
1.15684e-07
1.16572e-07
1.17202e-07
1.12401e-07
9.82882e-08
8.05188e-08
6.75989e-08
6.57182e-08
6.90057e-08
6.78374e-08
6.85433e-08
6.97328e-08
7.37649e-08
8.11703e-08
7.95989e-08
3.83645e-08
0
2.6311e-08
0
0
0
1.29103e-06
0
0
0
2.84518e-07
9.61253e-07
1.37073e-06
6.2354e-07
0
0
0
0
0
1.23086e-06
3.44669e-06
3.62454e-06
3.04426e-06
2.41135e-06
1.88293e-06
1.44151e-06
1.11529e-06
9.75074e-07
9.88202e-07
8.28241e-07
1.67662e-07
5.50519e-07
5.87522e-06
1.77956e-05
2.48115e-05
2.19683e-05
1.83958e-05
1.76266e-05
1.62741e-05
1.4346e-06
0
0
0
0
0
0
0
6.36938e-07
0
0
0
0
0
2.28074e-06
2.60907e-06
1.83977e-06
1.20146e-06
7.13418e-07
3.51528e-07
1.34158e-07
4.08314e-08
4.41683e-08
1.20057e-07
2.31725e-07
3.79006e-07
5.16257e-07
6.34724e-07
7.2973e-07
7.38393e-07
6.76546e-07
7.1609e-07
7.4587e-07
7.00027e-07
4.90607e-07
3.46039e-08
0
0
0
0
0
0
0
0
1.79092e-05
6.10004e-05
9.64819e-05
0
0
0
0
0
0
5.9868e-06
1.06547e-05
7.47623e-06
4.78248e-06
2.94847e-06
1.54718e-06
2.54143e-07
0
0
0
0
0
0
0
0
0
0
0
3.8411e-09
1.70374e-08
1.69943e-08
1.31766e-08
1.64734e-08
2.74064e-08
5.03755e-08
7.20321e-08
1.02604e-07
8.2388e-08
0
0
0
9.35819e-08
0
0
0
0
0
0
0
0
0
0
0
0
0
0
0
0
0
0
0
0
0
0
0
0
0
6.84467e-08
2.63835e-07
2.21187e-07
1.68111e-07
1.40084e-07
1.28547e-07
1.24638e-07
1.20861e-07
1.17066e-07
1.15085e-07
1.13234e-07
1.10261e-07
1.05952e-07
1.01614e-07
9.90857e-08
9.76701e-08
9.79871e-08
1.00278e-07
1.02774e-07
1.01352e-07
9.03083e-08
7.36968e-08
5.79788e-08
5.16779e-08
5.48915e-08
6.01316e-08
6.44194e-08
6.59268e-08
6.43548e-08
6.97935e-08
7.69504e-08
5.07615e-08
3.25817e-09
1.80245e-08
0
0
0
1.15931e-06
0
0
0
0
1.00579e-06
1.37697e-06
3.70285e-07
0
0
0
0
0
0
2.83419e-06
4.15866e-06
4.05783e-06
3.32581e-06
2.45018e-06
1.69482e-06
1.18329e-06
9.126e-07
8.30078e-07
6.01457e-07
0
0
1.55267e-07
5.95016e-06
1.42803e-05
1.6365e-05
1.23651e-05
1.06841e-05
1.39433e-05
2.1934e-05
7.09111e-07
0
0
0
0
0
0
1.01608e-06
3.42753e-07
0
0
0
0
3.07587e-06
3.13481e-06
2.21398e-06
1.46321e-06
8.81272e-07
4.30568e-07
1.46253e-07
1.03732e-08
0
8.48944e-08
2.67645e-07
5.13582e-07
7.3113e-07
9.10965e-07
1.00736e-06
9.51255e-07
8.57802e-07
8.95568e-07
9.00435e-07
8.99766e-07
9.66688e-07
7.94015e-07
0
0
0
0
0
0
0
0
1.57613e-05
3.12418e-05
0
0
0
0
0
0
0
3.82767e-06
8.14781e-06
5.36909e-06
3.44241e-06
2.17512e-06
8.60722e-07
0
0
0
0
0
0
0
4.24127e-09
8.46821e-09
5.19735e-09
1.9193e-09
1.41936e-09
6.88637e-09
1.57359e-08
2.05725e-08
2.33752e-08
2.95012e-08
3.67908e-08
4.21501e-08
3.42102e-08
1.34114e-08
0
0
0
0
0
0
0
0
0
0
0
0
0
0
0
0
0
0
0
0
0
0
0
0
0
0
0
0
0
4.61131e-08
1.35836e-07
1.30198e-07
1.1462e-07
1.08247e-07
1.03883e-07
1.00757e-07
9.40788e-08
9.03092e-08
9.14094e-08
9.4949e-08
9.63691e-08
9.53376e-08
9.04399e-08
8.52049e-08
8.25673e-08
8.20381e-08
8.31513e-08
8.49758e-08
8.66292e-08
8.5327e-08
7.68997e-08
6.36685e-08
4.88652e-08
4.03089e-08
4.2048e-08
5.08515e-08
5.90323e-08
6.21454e-08
5.60134e-08
5.73982e-08
6.7475e-08
5.62609e-08
1.23759e-08
1.0113e-08
2.1739e-08
0
0
7.79598e-07
3.24827e-07
0
0
0
7.60373e-07
1.31625e-06
1.69622e-07
0
0
0
0
0
0
1.36155e-06
4.06029e-06
5.20801e-06
4.97532e-06
3.79472e-06
2.4597e-06
1.57766e-06
1.19223e-06
1.16285e-06
1.09499e-06
1.50659e-07
0
0
1.18456e-06
5.71643e-06
8.08263e-06
7.07913e-06
5.39492e-06
5.88486e-06
1.18975e-05
2.70378e-05
0
0
0
0
0
0
1.14224e-06
6.17478e-07
0
0
0
1.64942e-06
3.92377e-06
3.65233e-06
2.57122e-06
1.7186e-06
1.05301e-06
5.2121e-07
1.54953e-07
0
0
0
2.72633e-07
6.84317e-07
1.05561e-06
1.34253e-06
1.43422e-06
1.27893e-06
1.11805e-06
1.13348e-06
1.10527e-06
1.19657e-06
1.67713e-06
1.61447e-06
3.55251e-07
0
0
0
0
0
0
0
4.05738e-06
0
0
0
0
0
0
0
0
2.55379e-06
5.42648e-06
3.12518e-06
2.051e-06
1.19577e-06
0
0
0
0
0
0
0
0
0
0
5.70761e-09
1.08529e-08
1.18632e-08
1.54187e-08
2.32759e-08
3.06833e-08
3.94504e-08
5.21833e-08
6.25419e-08
6.63382e-08
6.26326e-08
4.69877e-08
1.0379e-08
0
0
0
0
0
0
0
0
0
0
0
0
0
0
0
0
0
0
0
0
0
0
0
0
0
0
0
4.19421e-08
7.16635e-08
7.68114e-08
7.81537e-08
7.96243e-08
7.99897e-08
7.60601e-08
7.06243e-08
6.89509e-08
7.16318e-08
7.73089e-08
8.1015e-08
8.08103e-08
7.69332e-08
7.16191e-08
6.84423e-08
6.69583e-08
6.70298e-08
6.81103e-08
6.95995e-08
7.08984e-08
7.03899e-08
6.44447e-08
5.4241e-08
4.17648e-08
3.26879e-08
3.32382e-08
4.24349e-08
5.24708e-08
5.69933e-08
5.058e-08
4.62802e-08
5.38289e-08
5.49146e-08
2.20704e-08
7.49831e-09
2.89514e-08
0
0
2.55787e-07
4.51523e-07
0
0
0
2.09185e-07
9.47767e-07
0
0
0
0
0
0
0
0
2.83899e-06
5.59296e-06
7.04229e-06
6.41734e-06
4.0557e-06
2.19102e-06
1.53286e-06
1.64238e-06
1.9741e-06
1.40144e-06
0
0
0
2.47264e-06
4.73391e-06
4.74889e-06
3.35901e-06
2.31709e-06
4.35021e-06
1.45161e-05
2.07966e-05
1.45821e-05
1.53942e-05
0
0
0
9.27421e-07
3.8226e-07
0
0
0
3.37211e-06
4.74301e-06
4.10274e-06
2.87632e-06
1.94873e-06
1.24432e-06
6.51e-07
1.54374e-07
0
0
0
1.67841e-07
8.72005e-07
1.52528e-06
1.98277e-06
2.05938e-06
1.7491e-06
1.46513e-06
1.42845e-06
1.36932e-06
1.62287e-06
2.57986e-06
2.33768e-06
9.52828e-07
0
0
0
1.58571e-07
1.46115e-06
0
0
0
0
0
0
0
0
0
0
0
1.86503e-06
2.63074e-06
8.94913e-07
6.06311e-07
0
0
0
0
0
0
0
0
0
1.39707e-07
1.42278e-07
1.64118e-07
1.83445e-07
1.83814e-07
1.74418e-07
1.6418e-07
1.50401e-07
1.27976e-07
9.81528e-08
6.40633e-08
3.21137e-08
8.09647e-09
0
0
0
0
0
0
0
0
0
0
0
0
0
0
0
0
0
0
0
0
0
0
0
0
0
0
0
1.32046e-08
3.26196e-08
4.28544e-08
4.75218e-08
4.97068e-08
5.10601e-08
5.24418e-08
5.20388e-08
5.06935e-08
5.16867e-08
5.49278e-08
5.96094e-08
6.26151e-08
6.25238e-08
6.01407e-08
5.73301e-08
5.55225e-08
5.45784e-08
5.43725e-08
5.44998e-08
5.43776e-08
5.38957e-08
5.27434e-08
5.14065e-08
4.87347e-08
4.32283e-08
3.49308e-08
2.71833e-08
2.664e-08
3.38874e-08
4.39425e-08
5.01623e-08
4.69283e-08
3.92385e-08
4.10429e-08
4.74138e-08
2.9386e-08
6.50816e-09
2.17484e-08
0
0
0
1.64419e-07
0
0
0
0
3.13757e-07
0
0
0
0
0
0
0
0
5.97445e-07
4.00689e-06
7.55924e-06
1.00665e-05
7.28926e-06
2.21256e-06
5.66875e-07
9.92994e-07
2.32123e-06
3.07035e-06
1.07743e-06
0
0
9.64705e-07
2.89809e-06
3.17736e-06
2.19261e-06
6.99565e-07
6.83218e-07
7.00938e-06
1.11219e-05
1.17195e-05
1.87599e-05
5.91556e-06
0
0
4.49174e-07
0
0
0
2.38223e-06
4.85104e-06
5.44876e-06
4.46966e-06
3.12845e-06
2.1609e-06
1.46848e-06
8.79395e-07
6.96044e-08
0
0
0
0
1.12707e-06
2.24736e-06
2.93684e-06
2.95867e-06
2.40298e-06
1.91094e-06
1.77838e-06
1.69933e-06
2.20733e-06
3.48336e-06
2.9105e-06
1.38076e-06
0
0
0
1.68164e-06
3.85878e-06
3.18983e-07
0
0
0
0
0
0
0
0
0
0
1.24824e-06
0
0
0
0
0
0
0
0
0
0
0
0
0
0
0
3.10355e-07
5.21976e-07
4.6766e-07
3.6688e-07
2.76623e-07
2.1204e-07
1.53365e-07
9.62645e-08
3.60385e-08
0
0
0
0
0
0
0
0
0
0
0
0
0
0
0
0
0
0
0
0
0
0
0
0
0
0
6.37337e-09
1.48123e-08
2.10456e-08
2.45639e-08
2.54078e-08
2.56687e-08
2.73926e-08
3.10363e-08
3.46188e-08
3.71864e-08
3.96674e-08
4.19382e-08
4.43997e-08
4.61e-08
4.639e-08
4.59403e-08
4.5124e-08
4.48757e-08
4.49778e-08
4.48241e-08
4.39846e-08
4.29621e-08
4.12629e-08
3.91141e-08
3.76935e-08
3.67739e-08
3.58134e-08
3.38733e-08
2.98319e-08
2.44878e-08
2.25595e-08
2.70878e-08
3.50054e-08
4.17396e-08
4.2392e-08
3.62895e-08
3.32504e-08
3.7366e-08
3.15128e-08
8.78583e-09
1.48663e-08
7.35605e-09
0
0
0
0
0
0
0
0
0
0
0
0
0
0
0
0
0
1.01011e-06
4.73211e-06
9.89196e-06
1.22867e-05
0
0
0
0
3.55335e-06
3.80889e-06
2.23437e-07
0
7.64614e-08
1.464e-06
1.75929e-06
1.13814e-06
0
0
3.58626e-06
5.20576e-06
7.00958e-06
1.33722e-05
1.93768e-05
0
0
0
0
0
1.44665e-06
4.61506e-06
6.02322e-06
6.0276e-06
4.77278e-06
3.35009e-06
2.36405e-06
1.79041e-06
1.37403e-06
0
0
0
0
0
1.64584e-06
3.44807e-06
4.42185e-06
4.28343e-06
3.31716e-06
2.48673e-06
2.19449e-06
2.11223e-06
2.97161e-06
4.29437e-06
3.31032e-06
1.63032e-06
2.37267e-07
0
8.54629e-07
3.25565e-06
6.31335e-06
5.09317e-07
0
0
0
0
0
0
0
0
0
9.45082e-08
1.75886e-08
0
0
0
0
0
0
0
0
0
0
0
0
0
0
0
0
0
5.81097e-08
1.05983e-07
1.27137e-07
1.53425e-07
1.72343e-07
1.80033e-07
1.71795e-07
1.47402e-07
1.05639e-07
3.12386e-08
0
0
0
0
0
0
0
0
0
0
0
0
0
0
0
0
0
0
4.76425e-11
1.03215e-09
2.06445e-09
3.70842e-09
5.98816e-09
8.47892e-09
1.14021e-08
1.55093e-08
2.04648e-08
2.54696e-08
3.01051e-08
3.36973e-08
3.46015e-08
3.45654e-08
3.41653e-08
3.42863e-08
3.52762e-08
3.67068e-08
3.76597e-08
3.81526e-08
3.85254e-08
3.88423e-08
3.90409e-08
3.88316e-08
3.77966e-08
3.63985e-08
3.41346e-08
3.09702e-08
2.86841e-08
2.79528e-08
2.81118e-08
2.88349e-08
2.93287e-08
2.8195e-08
2.5065e-08
2.21521e-08
2.3738e-08
2.92344e-08
3.49016e-08
3.78546e-08
3.53558e-08
3.12473e-08
3.06344e-08
2.99723e-08
1.29588e-08
8.61746e-09
1.60759e-08
0
0
0
0
0
0
0
0
0
0
0
0
0
0
0
0
0
0
1.4848e-06
6.50027e-06
1.5138e-05
0
0
0
0
0
4.29632e-06
3.28297e-06
1.93698e-07
1.44576e-07
7.68302e-07
8.05426e-07
3.30026e-07
0
0
9.35412e-07
2.02758e-06
4.04525e-06
9.01882e-06
1.48618e-05
9.1782e-07
0
0
0
3.46255e-07
3.69539e-06
6.27699e-06
6.85563e-06
6.49069e-06
5.02848e-06
3.53301e-06
2.56001e-06
2.29237e-06
2.42669e-06
0
0
0
0
2.5723e-08
2.66355e-06
5.34659e-06
6.70748e-06
6.19774e-06
4.56423e-06
3.22134e-06
2.69415e-06
2.62949e-06
3.90885e-06
4.91592e-06
3.55235e-06
1.7108e-06
5.57029e-07
6.69846e-07
1.97771e-06
4.86547e-06
8.66145e-06
4.90347e-07
0
0
0
0
0
0
0
0
5.05461e-07
4.85098e-06
0
0
0
0
0
0
0
0
0
0
0
0
0
0
0
0
0
0
2.54472e-07
4.37057e-07
5.00913e-07
5.31284e-07
5.71762e-07
5.96275e-07
5.9496e-07
5.71527e-07
5.38251e-07
4.96335e-07
4.05702e-07
2.59823e-07
1.40947e-07
7.49264e-08
3.69881e-08
1.42168e-08
2.11023e-09
0
4.38354e-09
1.04409e-08
1.24634e-08
8.73569e-09
0
0
0
0
0
0
0
0
0
0
1.331e-09
5.68511e-09
1.31322e-08
2.09044e-08
2.62893e-08
2.80372e-08
2.68391e-08
2.40352e-08
2.10936e-08
1.98022e-08
2.08561e-08
2.33004e-08
2.60505e-08
2.80018e-08
2.89136e-08
2.90326e-08
2.88263e-08
2.86158e-08
2.81421e-08
2.76991e-08
2.7166e-08
2.58097e-08
2.28734e-08
1.94056e-08
1.8102e-08
1.87435e-08
1.98405e-08
2.14122e-08
2.28526e-08
2.2697e-08
2.05348e-08
1.73103e-08
1.64618e-08
2.02195e-08
2.46376e-08
2.77079e-08
2.78479e-08
2.48366e-08
2.27243e-08
2.22425e-08
1.05749e-08
0
7.15157e-09
0
0
0
0
0
0
0
0
0
0
0
0
0
0
0
0
0
0
0
1.76102e-06
8.37136e-06
5.21333e-06
0
0
0
0
0
7.24909e-06
1.7934e-06
1.82623e-07
7.69426e-08
0
0
0
0
0
4.91116e-07
2.30608e-06
5.86332e-06
8.8415e-06
1.59195e-06
0
0
0
1.48964e-06
5.05863e-06
6.80827e-06
6.97916e-06
6.45126e-06
4.90436e-06
3.44692e-06
2.62481e-06
2.67888e-06
1.39813e-06
0
0
0
0
1.35201e-06
3.78834e-06
7.30155e-06
9.3556e-06
8.4106e-06
5.92279e-06
3.93761e-06
3.14072e-06
3.13889e-06
4.74181e-06
5.16832e-06
3.56061e-06
1.6351e-06
7.86054e-07
1.39377e-06
3.05795e-06
6.33632e-06
1.07332e-05
9.39747e-07
0
0
0
0
0
0
0
0
1.94959e-05
5.31122e-06
0
0
0
0
0
0
0
0
0
0
0
0
0
0
0
0
0
0
4.09485e-07
7.47653e-07
9.15527e-07
9.75076e-07
9.85883e-07
9.67646e-07
9.26329e-07
8.64994e-07
7.58033e-07
6.18305e-07
4.8152e-07
3.46951e-07
2.26503e-07
1.31214e-07
6.72942e-08
3.17057e-08
1.61726e-08
1.33495e-08
1.65194e-08
1.88008e-08
1.55653e-08
5.56075e-09
0
0
0
0
0
0
0
0
1.57205e-08
2.10947e-08
1.87231e-08
1.41177e-08
1.03161e-08
8.30707e-09
7.06191e-09
5.41845e-09
3.2929e-09
2.26043e-09
3.85551e-09
7.53196e-09
1.15535e-08
1.45923e-08
1.61762e-08
1.6015e-08
1.43498e-08
1.20972e-08
1.02405e-08
9.06476e-09
8.51842e-09
8.16944e-09
7.3124e-09
5.08394e-09
1.12948e-09
0
0
4.3979e-10
3.03656e-09
5.66299e-09
7.86165e-09
8.02311e-09
5.85038e-09
2.46654e-09
1.19046e-10
2.69344e-09
7.45463e-09
1.02313e-08
1.1478e-08
9.56769e-09
7.42098e-09
7.80552e-09
0
0
0
0
0
0
0
0
0
0
0
0
0
0
0
0
0
0
0
0
0
0
0
3.79687e-08
3.26631e-06
0
0
0
0
0
2.75627e-06
2.35746e-06
4.0686e-07
2.25722e-07
2.69396e-07
3.14849e-07
0
0
0
0
1.25437e-06
3.42591e-06
4.15977e-06
9.97554e-07
0
0
0
2.18743e-06
5.32992e-06
6.69629e-06
6.77993e-06
6.08822e-06
4.50324e-06
3.15778e-06
2.5433e-06
2.31472e-06
0
0
0
1.71092e-06
4.78312e-06
3.22579e-06
2.91912e-06
7.50244e-06
1.16916e-05
1.07245e-05
7.38213e-06
4.6776e-06
3.61585e-06
3.74073e-06
5.47576e-06
5.26884e-06
3.48357e-06
1.48021e-06
9.24202e-07
2.19167e-06
4.17533e-06
7.71572e-06
1.28144e-05
2.40658e-06
0
0
0
0
0
0
0
4.82213e-05
2.50242e-05
9.80412e-07
0
0
0
0
0
0
0
0
0
0
0
0
0
0
0
0
0
0
0
3.17743e-08
9.37496e-08
1.26707e-07
1.52626e-07
1.78602e-07
2.03888e-07
2.27157e-07
2.48766e-07
2.74418e-07
2.97635e-07
2.85768e-07
2.33902e-07
1.70534e-07
1.20149e-07
8.96884e-08
7.53392e-08
7.03584e-08
6.82909e-08
6.37958e-08
5.38398e-08
3.8454e-08
2.00821e-08
2.58402e-09
0
0
0
0
1.32515e-08
2.61228e-08
3.28962e-08
3.24794e-08
2.71121e-08
1.96047e-08
1.29219e-08
8.49628e-09
5.8021e-09
4.26893e-09
3.53154e-09
2.99934e-09
1.998e-09
1.90535e-10
0
0
0
0
0
0
0
0
0
0
0
0
0
0
0
0
0
0
0
0
0
0
0
0
0
0
0
0
0
0
0
0
0
0
0
0
0
0
0
0
0
0
0
0
0
0
0
0
0
0
0
0
0
0
2.38906e-06
0
0
0
0
0
0
4.77415e-06
3.52326e-06
3.06156e-06
2.18632e-06
0
0
0
0
0
2.48117e-07
8.7096e-07
0
0
0
0
0
1.95269e-06
5.03946e-06
6.3467e-06
6.22226e-06
5.16302e-06
3.74087e-06
2.58535e-06
2.16099e-06
1.38337e-06
9.73855e-08
9.13593e-07
3.78058e-06
1.45255e-05
1.2954e-05
0
0
2.13493e-06
1.12136e-05
1.21773e-05
8.55817e-06
5.30516e-06
4.10297e-06
4.46803e-06
6.11871e-06
5.24784e-06
3.34233e-06
1.2425e-06
8.64237e-07
3.06858e-06
5.27816e-06
8.77255e-06
1.47434e-05
5.15488e-06
0
0
0
0
0
0
5.93239e-05
5.98154e-05
1.56104e-05
0
0
0
0
0
0
0
0
0
0
0
0
0
0
2.5629e-07
2.52432e-07
2.23709e-07
1.25704e-07
0
0
0
4.88646e-08
9.53562e-08
7.62797e-08
3.78375e-08
5.09384e-12
0
0
1.67803e-08
6.07876e-08
5.99457e-08
3.18502e-08
1.81939e-08
2.98359e-08
5.86986e-08
9.29433e-08
1.22114e-07
1.3781e-07
1.37538e-07
1.22827e-07
1.00004e-07
7.5984e-08
5.44114e-08
3.84161e-08
2.97903e-08
2.81234e-08
3.38255e-08
4.39339e-08
5.32449e-08
5.77594e-08
5.65846e-08
4.97024e-08
3.95439e-08
2.76242e-08
1.43743e-08
1.47912e-09
0
0
0
0
0
0
0
0
0
0
0
0
0
0
0
0
0
0
0
0
0
0
0
0
0
0
0
0
0
0
0
0
0
0
0
0
0
0
0
0
0
0
0
0
0
0
0
0
0
0
0
0
0
0
0
0
0
0
0
5.33961e-07
0
0
0
0
0
0
2.39675e-06
4.55872e-06
1.14782e-06
0
0
0
0
0
0
0
0
0
0
0
0
0
1.57285e-06
5.48972e-06
6.64565e-06
5.61469e-06
4.17859e-06
2.85422e-06
1.89321e-06
1.57183e-06
1.03277e-06
1.41899e-06
1.3311e-06
0
0
0
0
0
0
6.04588e-06
1.17497e-05
9.03263e-06
5.57484e-06
4.52864e-06
5.35491e-06
6.68804e-06
5.17944e-06
3.2598e-06
9.91768e-07
4.49415e-07
4.14399e-06
6.34923e-06
9.23056e-06
1.62954e-05
9.02652e-06
0
0
0
0
0
0
8.30655e-05
3.39369e-05
2.59867e-06
0
0
0
0
0
0
0
0
0
0
0
0
0
0
3.10799e-07
2.87057e-07
2.39046e-07
1.56733e-07
3.29601e-08
0
0
0
0
0
0
1.25513e-07
2.24957e-07
2.40178e-07
1.67395e-07
5.10709e-08
0
0
0
0
0
1.69531e-08
1.41974e-07
2.5416e-07
3.05801e-07
2.86346e-07
2.30496e-07
1.70726e-07
1.23949e-07
9.56549e-08
8.6806e-08
9.12924e-08
9.64274e-08
9.51487e-08
8.41165e-08
6.21137e-08
3.61176e-08
9.60047e-09
0
0
0
0
0
0
0
0
0
0
0
0
0
0
0
0
0
0
0
0
0
0
0
0
0
0
0
0
0
0
0
0
0
0
0
0
0
0
0
0
0
0
0
0
0
0
0
0
0
0
0
0
0
2.73043e-07
2.1487e-06
3.27545e-06
3.5639e-06
3.51655e-06
3.30426e-06
2.88943e-06
2.19715e-06
1.10172e-06
0
0
0
0
5.80103e-06
4.42029e-06
3.02642e-06
2.58524e-06
4.00828e-07
0
0
0
0
0
0
0
0
2.48509e-07
3.20324e-06
3.99296e-06
4.09441e-06
2.75309e-06
0
0
2.9763e-06
7.80229e-06
8.02892e-06
5.58321e-06
3.47515e-06
1.99255e-06
1.1169e-06
1.06429e-06
1.7615e-06
3.32356e-06
0
0
0
0
0
0
0
0
8.74806e-06
8.03219e-06
5.1166e-06
4.75574e-06
6.24447e-06
6.80423e-06
4.50063e-06
2.83064e-06
6.61948e-07
0
5.37285e-06
7.09484e-06
9.09983e-06
1.6809e-05
1.31024e-05
5.67682e-07
0
0
0
0
1.6281e-05
3.80632e-05
1.02277e-05
0
0
0
0
0
0
0
0
0
0
0
0
0
0
0
4.86226e-07
4.88018e-07
5.16933e-07
5.21801e-07
2.20383e-07
0
0
0
0
0
9.01449e-08
2.03067e-07
2.34054e-07
1.89677e-07
8.95738e-08
0
0
0
0
0
0
0
0
1.42505e-07
5.13161e-07
5.28949e-07
3.94142e-07
2.78488e-07
2.19096e-07
2.02327e-07
1.9814e-07
1.80716e-07
1.45589e-07
9.44134e-08
4.03521e-08
5.94792e-10
0
0
0
0
0
0
0
0
0
0
0
0
0
0
0
0
0
0
0
0
0
0
0
0
0
0
0
0
0
0
0
0
0
0
0
0
0
0
0
0
0
0
0
0
0
0
0
0
0
0
0
0
0
0
1.26447e-07
2.0424e-06
3.73016e-06
4.8052e-06
5.29511e-06
5.43568e-06
5.16453e-06
4.19179e-06
2.4318e-06
1.12829e-08
0
0
0
1.05895e-06
8.67051e-06
6.84417e-06
3.14813e-06
0
0
0
0
0
0
0
0
0
0
2.58238e-06
5.55767e-06
7.94966e-06
1.15136e-05
1.71352e-05
1.90699e-05
6.29606e-06
8.60891e-06
1.29889e-05
1.14124e-05
6.51485e-06
3.14746e-06
1.21366e-06
5.08966e-07
1.25004e-06
4.20653e-06
3.75459e-06
0
0
0
0
0
0
0
0
5.32946e-06
5.91645e-06
4.00888e-06
4.85188e-06
6.77558e-06
4.7969e-06
5.93693e-07
0
0
0
6.56442e-06
7.49919e-06
8.9637e-06
1.55846e-05
1.66019e-05
6.12622e-06
0
0
0
0
1.41069e-05
1.14347e-05
0
0
0
0
0
0
0
0
0
0
0
0
0
0
0
0
2.29192e-07
4.29571e-07
7.49479e-07
1.15429e-06
1.3037e-06
9.90234e-07
6.23531e-07
3.8849e-07
2.7264e-07
2.45303e-07
2.72583e-07
3.12617e-07
3.28513e-07
3.01093e-07
2.34956e-07
1.42365e-07
4.16328e-08
0
0
0
0
3.99624e-08
1.4211e-07
2.4902e-07
3.4191e-07
3.95228e-07
3.93114e-07
3.4878e-07
3.01995e-07
2.76422e-07
2.57512e-07
2.23903e-07
1.70554e-07
1.0742e-07
4.94586e-08
6.96166e-09
0
0
0
8.53906e-09
2.10829e-08
1.45985e-08
0
0
0
0
0
0
0
0
0
0
0
0
0
0
0
0
0
0
0
0
0
0
0
0
0
0
0
0
0
0
0
0
0
0
0
0
0
0
0
0
0
0
0
0
0
2.0877e-08
1.69691e-07
6.51221e-07
1.81356e-06
3.51192e-06
5.08123e-06
5.85041e-06
6.10476e-06
6.27842e-06
6.34683e-06
5.45482e-06
3.27343e-06
4.98314e-07
0
0
0
0
2.16827e-06
6.18099e-07
0
0
0
0
0
0
0
0
0
0
1.24685e-07
3.3851e-06
7.47355e-06
6.81434e-06
0
0
0
0
4.65598e-06
1.34148e-05
1.3934e-05
7.79396e-06
3.04636e-06
6.63599e-07
6.80656e-07
2.96874e-06
7.76888e-06
2.74983e-06
0
0
0
0
0
0
0
0
3.0663e-06
2.78296e-06
1.70799e-06
3.82588e-06
4.65336e-06
0
0
0
0
0
6.9114e-06
7.68741e-06
8.40892e-06
1.29397e-05
1.84513e-05
1.14271e-05
3.10162e-06
0
0
0
5.20734e-06
0
0
0
0
0
0
0
0
0
0
0
0
0
0
0
0
0
0
0
3.11401e-07
1.16787e-07
0
1.37511e-08
1.22015e-07
2.57945e-07
3.75862e-07
4.28845e-07
3.78708e-07
2.74839e-07
2.38986e-07
2.65185e-07
2.86788e-07
2.72105e-07
2.21435e-07
1.48793e-07
7.12907e-08
4.54347e-09
0
0
0
3.14318e-08
1.56284e-07
3.52962e-07
5.6752e-07
6.53397e-07
4.89466e-07
1.75986e-07
0
0
5.56445e-08
1.45257e-07
1.78594e-07
1.71891e-07
1.43801e-07
1.10921e-07
8.10821e-08
5.15128e-08
1.55429e-08
0
0
0
0
0
0
0
0
0
0
0
0
0
0
0
0
0
0
0
0
0
0
0
0
0
0
0
0
0
0
0
0
0
0
0
0
0
0
0
0
0
0
0
0
3.14929e-08
7.74192e-08
1.62802e-07
3.32849e-07
6.94813e-07
1.38926e-06
2.63264e-06
3.86846e-06
4.8534e-06
5.16887e-06
5.27889e-06
5.54992e-06
5.3773e-06
3.52241e-06
3.77159e-07
0
0
0
1.7504e-06
3.03363e-06
1.90433e-06
0
0
0
0
0
0
0
0
0
0
9.8024e-07
6.12306e-06
1.15761e-05
0
0
0
0
0
0
0
5.23688e-06
4.72176e-06
1.82892e-06
4.48769e-07
2.35108e-06
8.13624e-06
1.04508e-05
1.55859e-06
0
0
0
0
0
0
0
0
6.47134e-07
0
0
0
0
0
0
0
0
0
7.01109e-06
8.4169e-06
8.46609e-06
1.05257e-05
1.80553e-05
1.63961e-05
8.24229e-06
3.08776e-06
1.89209e-06
2.45905e-06
0
0
0
0
0
0
0
0
0
0
0
0
0
0
0
0
0
0
0
0
0
0
0
0
0
0
0
0
2.09139e-08
0
0
0
0
0
0
0
0
0
0
0
0
0
0
1.59759e-07
2.55299e-07
2.37548e-07
9.99821e-08
0
0
0
0
2.12306e-07
2.63779e-07
1.61151e-07
1.13971e-08
0
0
0
0
0
1.72785e-08
6.52846e-08
8.86992e-08
7.5254e-08
2.00089e-08
0
0
0
0
0
0
0
0
0
0
0
0
0
0
0
0
0
0
0
0
0
0
0
0
0
0
0
0
0
0
0
0
0
0
0
0
0
4.10836e-09
3.73427e-08
6.78286e-08
1.01567e-07
1.50753e-07
2.45238e-07
4.34215e-07
8.03256e-07
1.248e-06
1.79393e-06
1.99836e-06
2.07191e-06
2.18634e-06
2.35293e-06
2.12635e-06
1.42652e-06
8.05137e-07
1.08152e-06
2.31821e-06
3.46272e-06
3.54576e-06
2.6467e-06
1.1818e-06
0
0
0
0
0
0
0
0
0
2.47282e-06
1.44177e-05
1.23142e-05
0
0
0
0
0
0
0
0
1.29688e-06
6.49207e-07
8.03189e-07
5.08506e-06
1.22833e-05
9.79942e-06
5.5996e-08
0
0
0
0
0
0
0
3.18519e-06
0
0
0
0
0
0
0
0
0
8.05759e-06
7.1259e-06
8.8359e-06
8.4222e-06
8.74831e-06
1.2858e-05
1.81333e-05
1.25326e-05
5.48522e-06
2.96846e-06
6.80872e-07
0
0
0
0
0
0
0
0
0
0
0
0
0
0
0
0
0
0
0
0
0
0
0
0
0
2.70688e-07
3.86135e-07
3.47116e-07
2.41751e-07
1.11159e-07
0
0
0
0
0
0
0
0
0
0
0
0
0
0
0
0
0
0
0
0
0
0
0
0
0
0
0
0
0
0
0
0
0
0
0
0
0
0
0
0
0
0
0
0
0
0
0
0
0
0
0
0
0
0
0
0
0
0
0
0
0
0
0
0
0
0
3.31995e-08
2.6087e-08
0
0
0
0
0
0
0
1.4918e-08
3.59983e-08
5.56131e-08
8.49484e-08
1.39443e-07
2.19338e-07
3.3055e-07
3.72779e-07
3.54938e-07
2.98496e-07
2.28442e-07
1.65728e-07
1.11527e-07
0
6.98916e-09
4.47682e-07
8.55537e-07
8.76782e-07
4.86225e-07
0
0
7.70662e-07
1.49961e-07
0
0
0
0
0
6.92856e-07
6.24534e-06
2.34559e-05
1.3635e-05
0
0
0
0
0
0
0
0
0
0
4.87528e-07
6.74205e-06
1.31433e-05
8.3554e-06
2.06447e-07
0
0
0
0
0
0
1.16501e-05
3.20928e-06
0
0
0
0
0
0
0
0
1.49038e-05
1.70601e-05
8.61337e-06
9.27817e-06
9.18362e-06
8.48231e-06
1.00692e-05
1.57324e-05
1.61644e-05
8.14816e-06
1.757e-06
0
0
0
0
0
0
0
0
0
0
0
0
0
0
0
0
0
0
0
0
0
0
0
0
0
0
6.14339e-07
1.11982e-06
1.35143e-06
1.40836e-06
1.38223e-06
1.30411e-06
1.1475e-06
8.95299e-07
5.47928e-07
1.59669e-07
0
0
0
5.70266e-08
1.55329e-07
1.81087e-07
1.53435e-07
9.43419e-08
2.20738e-08
0
0
0
0
0
0
0
0
0
0
0
0
0
0
8.18582e-08
8.30035e-08
2.20072e-08
0
0
0
0
0
0
0
1.73297e-08
4.83725e-08
8.51486e-08
1.25619e-07
1.49168e-07
1.43273e-07
1.20177e-07
6.94883e-08
6.48446e-09
0
0
0
0
0
0
0
0
0
0
0
0
0
0
0
0
0
1.2874e-08
1.06223e-07
1.66153e-07
1.28556e-07
3.49344e-08
0
0
0
0
0
0
0
0
0
0
0
0
0
0
0
0
0
0
0
0
0
0
0
0
0
0
0
4.63216e-07
1.35859e-07
0
0
0
0
5.59856e-07
2.29211e-06
1.14405e-05
3.03419e-05
1.64652e-05
0
0
0
0
0
0
3.0245e-06
4.14488e-06
0
0
0
5.90063e-06
1.07211e-05
6.95867e-06
2.40433e-06
0
0
0
0
0
1.52313e-05
1.45276e-05
0
0
0
0
0
0
0
0
5.88137e-06
2.33884e-05
2.2767e-05
1.13155e-05
9.09343e-06
1.01782e-05
8.6636e-06
8.41097e-06
1.09745e-05
1.54823e-05
1.10368e-05
1.07191e-06
0
0
0
0
0
0
0
0
0
0
0
0
0
0
0
0
0
0
0
0
0
0
0
0
0
0
1.90188e-07
2.76687e-07
0
0
0
0
0
0
0
0
0
4.64127e-07
9.62139e-07
1.3083e-06
1.57918e-06
1.79819e-06
1.76544e-06
1.26649e-06
4.06728e-07
0
0
0
0
0
2.79463e-08
2.83928e-08
0
0
0
0
0
0
0
1.15017e-08
6.38229e-08
3.99104e-08
0
0
0
0
2.31484e-08
5.20364e-08
6.58974e-08
7.61621e-08
9.92173e-08
1.5698e-07
2.75447e-07
4.57275e-07
6.35333e-07
7.27119e-07
5.70718e-07
3.23432e-07
1.28631e-07
1.27316e-08
0
0
0
0
0
0
3.41255e-08
8.99433e-08
1.39847e-07
1.55338e-07
1.32344e-07
9.71136e-08
7.81669e-08
7.65635e-08
9.55236e-08
1.40337e-07
1.71797e-07
1.28488e-07
4.79006e-08
0
0
0
0
0
0
0
0
0
0
0
0
0
0
0
0
0
0
0
0
0
0
0
0
0
0
0
4.40184e-08
1.24317e-07
0
0
9.63271e-08
1.19381e-06
9.96678e-07
1.9926e-06
4.72458e-06
1.7141e-05
3.59155e-05
2.03608e-05
0
0
0
0
0
6.77075e-06
2.04765e-05
5.93826e-06
0
0
0
0
2.90301e-06
4.52604e-06
7.01063e-06
4.43396e-06
0
0
0
0
3.00735e-05
4.86826e-06
0
0
0
0
0
0
0
2.61824e-06
1.80523e-05
2.66868e-05
2.52302e-05
1.5046e-05
8.75505e-06
1.05588e-05
9.02408e-06
7.90113e-06
8.07096e-06
1.02965e-05
1.12809e-05
2.23841e-06
0
0
0
0
0
0
0
0
0
0
0
0
0
0
0
0
0
0
0
0
0
0
0
0
0
0
0
0
0
0
0
0
0
0
0
0
2.47823e-07
5.94641e-07
8.5447e-07
1.04452e-06
1.2303e-06
1.45928e-06
1.7135e-06
1.7867e-06
1.39061e-06
1.56699e-07
0
0
0
5.58522e-08
2.45839e-08
0
0
0
0
0
0
0
0
0
0
9.83446e-09
1.16358e-08
4.55391e-08
8.44516e-08
1.04403e-07
9.94446e-08
7.44506e-08
4.49287e-08
2.51535e-08
2.39171e-08
4.81805e-08
1.06499e-07
2.0575e-07
3.13032e-07
3.66247e-07
3.34978e-07
2.29375e-07
1.00026e-07
1.42904e-08
0
0
2.32417e-08
4.46245e-08
6.60162e-08
1.03857e-07
1.73797e-07
2.63653e-07
3.33269e-07
3.29276e-07
2.72335e-07
2.06595e-07
1.59945e-07
1.48697e-07
1.8079e-07
2.52317e-07
2.29534e-07
1.9232e-08
0
0
0
0
0
0
0
0
0
0
0
0
0
0
0
0
0
0
0
0
0
0
0
0
0
0
0
0
2.0663e-07
6.09029e-08
0
0
0
2.65368e-09
0
2.21801e-06
6.73958e-06
2.04778e-05
3.95661e-05
2.5832e-05
1.75097e-06
0
0
0
0
2.7225e-05
1.5262e-05
2.09696e-06
0
0
0
0
0
3.02595e-06
1.39188e-05
8.83793e-06
6.18154e-06
0
0
0
1.46277e-05
0
0
0
0
0
0
0
0
7.06505e-09
2.34031e-05
2.74346e-05
2.53209e-05
1.72645e-05
1.0053e-05
1.01465e-05
9.6335e-06
7.96405e-06
7.06271e-06
7.13383e-06
7.72443e-06
3.30542e-06
0
0
0
0
0
0
0
0
0
0
0
0
0
0
0
0
0
0
0
0
0
0
0
0
0
0
0
0
0
0
0
0
0
0
1.56772e-08
3.4816e-08
4.13393e-08
3.56869e-08
2.6004e-08
2.34834e-08
3.87803e-08
8.13361e-08
1.59091e-07
2.75274e-07
4.11559e-07
4.81122e-07
3.44212e-07
1.50035e-07
3.42814e-08
0
0
0
0
0
0
0
0
0
4.42994e-08
7.02877e-08
7.04908e-08
8.95978e-08
1.23366e-07
1.40052e-07
1.26865e-07
9.28404e-08
5.46053e-08
2.63356e-08
1.50259e-08
2.15851e-08
4.60348e-08
8.62236e-08
1.28196e-07
1.57776e-07
1.67745e-07
1.51642e-07
1.24495e-07
9.57484e-08
8.13721e-08
9.99237e-08
1.59024e-07
2.21888e-07
2.44205e-07
2.35946e-07
2.03797e-07
1.61016e-07
1.38732e-07
1.44685e-07
1.61541e-07
1.66198e-07
1.50214e-07
1.30705e-07
1.34e-07
1.8304e-07
2.87748e-07
4.33787e-07
5.29897e-07
2.26561e-07
0
0
0
0
0
0
0
0
0
0
0
0
0
0
0
0
0
0
0
0
0
0
0
0
0
0
0
5.11484e-08
1.23577e-07
6.56596e-09
0
0
1.87477e-08
0
0
0
4.7122e-06
2.02226e-05
4.19356e-05
3.27795e-05
9.34854e-06
0
0
0
0
8.5004e-06
4.23177e-06
0
0
0
0
0
0
8.33209e-06
2.04288e-05
1.11806e-05
9.38859e-06
5.1112e-06
0
5.6492e-06
1.15105e-06
0
0
0
0
0
0
0
0
0
2.48091e-05
2.70368e-05
2.40736e-05
1.56215e-05
1.01324e-05
9.83476e-06
9.58337e-06
8.21964e-06
6.96234e-06
6.04401e-06
5.42432e-06
3.01069e-06
0
0
0
0
0
0
0
0
0
0
0
0
0
0
0
0
0
0
0
6.09661e-07
5.23254e-07
4.22984e-07
3.07249e-07
1.53752e-07
0
0
0
0
0
0
0
0
5.89726e-08
1.38113e-07
1.95609e-07
2.34121e-07
2.49602e-07
2.35708e-07
1.88619e-07
1.1397e-07
3.423e-08
0
0
0
0
3.06868e-08
5.02335e-08
5.55126e-08
5.05821e-08
3.68864e-08
1.70358e-08
0
0
0
0
0
0
0
2.94688e-09
8.35906e-09
9.5525e-09
9.12927e-09
9.41289e-09
1.06971e-08
1.16144e-08
1.10653e-08
9.02437e-09
6.3369e-09
4.21373e-09
3.43305e-09
4.22287e-09
6.45707e-09
9.57961e-09
1.2253e-08
1.27034e-08
1.04125e-08
6.50461e-09
2.86377e-09
8.99603e-10
1.53369e-09
5.61709e-09
1.35847e-08
2.15486e-08
2.40166e-08
1.91851e-08
1.03494e-08
2.77932e-09
0
6.29005e-10
2.71244e-09
2.3042e-09
0
0
0
9.77416e-09
2.11536e-08
2.64667e-08
2.23383e-08
1.45523e-08
1.24356e-08
1.32502e-08
0
0
0
0
0
0
0
0
0
0
0
0
0
0
0
0
0
0
0
0
3.10476e-09
7.80882e-08
2.9418e-08
0
1.60164e-07
2.23354e-07
7.64539e-08
0
6.42934e-07
6.85754e-07
0
0
0
0
1.45261e-05
4.2966e-05
4.13655e-05
1.78645e-05
3.51741e-06
0
0
0
2.48816e-06
0
0
0
0
0
0
0
2.05474e-05
2.68196e-05
1.21786e-05
9.47972e-06
7.95795e-06
3.25116e-06
2.61948e-06
0
0
0
0
0
0
0
0
0
0
6.28082e-06
2.49635e-05
2.14794e-05
1.21634e-05
7.89431e-06
7.0697e-06
8.02838e-06
7.91015e-06
6.89696e-06
5.90118e-06
4.86092e-06
2.77312e-06
0
0
0
0
0
0
0
0
0
0
0
0
0
0
0
0
0
5.74655e-08
0
0
0
0
0
0
0
0
0
0
0
0
0
0
0
0
0
0
0
0
3.39012e-10
9.03162e-10
1.52456e-09
2.20592e-09
2.73374e-09
2.77628e-09
2.18958e-09
1.05821e-09
0
0
7.10873e-11
1.5354e-09
2.42862e-09
1.63041e-09
0
0
0
2.05202e-10
0
0
0
0
0
0
0
0
0
0
0
0
0
0
0
0
1.80999e-09
3.91682e-09
5.0953e-09
4.72643e-09
2.91941e-09
5.37016e-10
0
0
0
1.34904e-09
3.68279e-09
4.95466e-09
4.76462e-09
3.48392e-09
1.53738e-09
0
0
0
0
0
1.23533e-09
3.52424e-09
5.92806e-09
7.88203e-09
8.9486e-09
9.03905e-09
8.41624e-09
7.43244e-09
6.23789e-09
4.61895e-09
2.76734e-09
9.50566e-10
0
0
0
0
0
0
0
0
0
0
0
0
0
0
0
0
0
0
3.18485e-08
0
0
1.75887e-07
5.67085e-07
2.80248e-07
0
2.17972e-06
3.51404e-06
0
0
0
0
0
4.97898e-05
5.61549e-05
2.5613e-05
1.33497e-05
6.80456e-07
0
0
1.94776e-06
0
0
0
0
0
0
0
3.96377e-05
3.39965e-05
1.45743e-05
8.81714e-06
8.00952e-06
6.64703e-06
0
0
0
0
0
0
0
0
0
0
0
0
6.65284e-06
1.79787e-05
1.05407e-05
9.6666e-06
6.86266e-06
4.76219e-06
3.83291e-06
3.12896e-06
2.37917e-06
1.45763e-06
5.09416e-07
0
0
0
0
0
0
0
0
0
0
0
0
0
0
0
0
0
4.53041e-08
0
0
0
0
0
0
0
0
0
0
0
0
0
0
0
0
0
0
0
0
0
0
0
6.81239e-10
1.51399e-09
1.81509e-09
1.01217e-09
0
0
0
0
0
0
2.70984e-09
8.56664e-09
1.51439e-08
2.30342e-08
2.76501e-08
2.31697e-08
8.89055e-09
0
0
0
0
0
0
0
0
0
0
0
0
0
0
1.44769e-09
2.90672e-09
2.66913e-09
8.65945e-10
0
0
0
0
0
0
2.45384e-10
1.36736e-09
1.95582e-09
1.89313e-09
1.29184e-09
6.5039e-10
6.46215e-10
1.68929e-09
3.65194e-09
5.89099e-09
7.59331e-09
8.59325e-09
8.98583e-09
9.0437e-09
8.9722e-09
8.80525e-09
8.46961e-09
7.94069e-09
7.29866e-09
6.59973e-09
5.96511e-09
5.46427e-09
5.22518e-09
5.28485e-09
5.37571e-09
5.47868e-09
4.94808e-09
4.74206e-09
5.83533e-09
4.62498e-09
4.74782e-09
7.54053e-09
0
0
3.11709e-08
1.21436e-07
0
0
0
0
0
0
0
0
3.73236e-08
0
0
2.67215e-06
6.82827e-06
0
0
0
0
0
1.91913e-05
7.5637e-05
3.80669e-05
1.34269e-05
3.80699e-06
8.84326e-07
0
0
0
0
0
0
0
0
0
1.21023e-05
3.98571e-05
2.40478e-05
7.70916e-06
1.43847e-06
1.57335e-07
0
0
0
0
0
0
0
0
0
0
0
0
7.29359e-07
2.08126e-06
5.29604e-06
1.49856e-05
2.04789e-05
1.06665e-05
3.95367e-06
1.20222e-06
1.83492e-07
0
0
0
0
0
0
0
0
0
0
0
0
0
0
0
0
0
0
0
1.97859e-08
0
0
0
0
0
0
0
0
0
0
0
0
0
0
0
0
0
0
0
0
0
0
0
4.74305e-11
9.407e-10
1.20709e-09
7.47783e-11
0
0
0
0
0
0
0
6.76815e-09
1.73348e-08
3.47363e-08
6.00633e-08
8.30331e-08
5.85685e-08
3.31784e-09
0
0
0
0
0
0
0
0
0
0
0
0
0
0
0
0
0
0
0
0
0
0
0
0
0
0
0
0
1.32268e-09
3.0738e-09
5.38051e-09
8.19193e-09
1.0735e-08
1.24618e-08
1.32418e-08
1.3333e-08
1.32234e-08
1.31978e-08
1.32156e-08
1.31985e-08
1.31933e-08
1.31861e-08
1.31108e-08
1.29925e-08
1.29272e-08
1.32492e-08
1.39372e-08
1.44274e-08
1.47293e-08
1.39399e-08
1.3568e-08
1.47895e-08
1.24118e-08
1.31142e-08
1.69795e-08
5.34174e-09
1.15684e-08
9.5194e-08
2.85705e-07
0
0
0
0
0
0
0
0
0
0
0
0
2.61556e-06
4.48186e-06
0
0
0
0
2.29739e-06
2.65395e-05
5.17969e-05
6.07569e-06
5.39006e-07
7.80267e-08
0
0
0
0
0
0
0
0
0
1.55665e-06
1.06376e-05
3.05171e-05
6.29037e-06
2.12609e-07
0
0
0
0
0
0
0
0
0
0
0
0
0
7.01516e-07
6.02168e-07
6.21957e-07
2.54472e-06
1.22625e-05
2.66891e-05
8.46045e-06
9.75506e-07
2.19994e-08
0
0
0
0
0
0
0
0
0
0
0
0
0
0
0
0
0
0
0
0
0
0
0
0
0
0
0
0
0
0
0
0
0
0
0
0
0
0
0
0
0
0
0
0
0
0
0
0
0
0
0
0
0
0
1.76145e-09
1.50508e-08
5.38147e-08
1.46799e-07
2.04313e-07
1.78359e-07
8.04412e-08
0
0
0
0
0
0
0
0
0
0
0
0
0
0
0
0
0
0
0
0
0
0
0
0
0
0
0
0
2.53989e-09
7.58333e-09
1.36162e-08
1.95794e-08
2.40589e-08
2.64008e-08
2.7139e-08
2.74262e-08
2.81762e-08
2.96236e-08
3.15223e-08
3.33521e-08
3.47295e-08
3.56037e-08
3.61829e-08
3.69248e-08
3.7986e-08
3.97031e-08
4.1971e-08
4.35438e-08
4.39297e-08
4.11663e-08
4.01175e-08
4.30421e-08
3.72028e-08
3.9436e-08
4.70602e-08
2.4804e-08
5.49999e-08
2.66867e-07
5.22904e-07
0
0
0
0
0
0
0
0
0
0
0
3.53827e-07
6.92694e-07
1.85553e-06
7.33006e-06
0
0
0
7.1863e-07
9.42687e-06
3.45695e-05
2.69696e-06
7.40514e-08
0
0
3.20128e-08
3.94402e-08
0
0
0
0
0
0
2.43042e-07
3.05029e-06
1.5419e-05
3.23197e-06
0
0
0
0
0
0
0
0
0
0
0
0
0
0
6.16647e-07
3.57831e-07
1.37063e-07
5.88775e-07
2.67243e-06
8.91343e-06
1.00416e-05
5.56898e-07
0
0
0
0
0
7.28884e-10
0
0
0
0
0
0
0
0
0
0
0
0
0
0
0
0
0
1.13556e-06
1.24485e-06
7.98846e-07
3.85033e-07
6.89624e-08
0
0
2.33756e-08
1.33029e-07
1.55632e-07
1.49567e-07
9.55593e-08
1.68484e-08
0
0
0
8.71527e-08
2.83545e-07
0
0
0
3.77538e-07
1.04458e-06
4.09781e-06
0
1.10854e-06
1.31759e-06
8.78444e-07
4.10214e-07
0
0
0
0
0
3.12353e-08
6.07119e-08
3.13564e-08
0
0
0
0
2.82965e-08
1.30331e-07
0
0
0
4.91219e-07
7.44726e-06
4.2367e-06
0
9.46592e-07
1.10066e-06
7.5306e-07
2.44509e-07
0
0
0
0
0
0
0
0
0
0
0
0
0
0
0
0
0
2.28497e-06
1.89622e-05
9.05875e-06
5.41295e-08
3.37635e-07
0
0
0
0
0
0
0
0
0
0
0
0
0
0
0
0
0
0
5.61638e-07
0
2.37773e-05
3.39517e-05
4.6718e-05
0
0
0
0
0
0
0
0
0
0
0
0
0
0
0
0
0
1.04799e-07
0
0
1.3105e-05
1.66711e-05
9.03283e-05
5.70753e-05
5.91047e-05
0
0
0
0
0
0
0
0
0
0
0
0
0
0
0
0
0
0
7.03513e-07
0
2.39897e-05
2.72904e-05
0.000107446
6.78301e-05
6.76676e-05
0
0
0
0
0
0
0
0
0
0
0
0
0
0
0
0
0
0
1.06388e-06
0
3.26013e-05
2.96103e-05
8.35223e-05
7.46763e-05
7.61326e-05
0
0
0
0
0
0
0
0
0
0
0
0
0
0
0
0
0
0
1.27726e-06
0
3.71301e-05
2.73602e-05
5.96177e-05
8.37988e-05
8.61694e-05
6.73615e-07
0
0
0
0
0
0
0
0
0
0
0
0
0
0
0
0
0
1.36302e-06
0
3.87054e-05
2.37957e-05
4.65559e-05
9.40137e-05
9.78514e-05
3.32955e-06
0
0
0
0
0
0
0
0
0
0
0
0
0
0
0
0
0
1.234e-06
0
3.85524e-05
2.09472e-05
3.89232e-05
0.000102858
0.000111466
3.59791e-06
6.17126e-07
0
0
0
0
0
0
0
0
0
0
0
0
0
0
0
0
8.3553e-07
0
3.6937e-05
1.92953e-05
3.20727e-05
0.000109973
0.000127797
2.96379e-06
1.25466e-06
0
0
0
0
0
0
0
0
0
0
0
0
1.32441e-07
2.61374e-06
6.42771e-06
2.78292e-06
1.46993e-07
0
3.33802e-05
1.81716e-05
2.31191e-05
0.000114561
0.0001473
2.17365e-06
1.44086e-06
0
0
0
0
0
0
0
0
0
0
0
6.80245e-07
2.12542e-06
4.2902e-06
4.75635e-06
0
0
0
3.04268e-05
1.67866e-05
9.97472e-06
0.00011032
0.000164468
8.37004e-07
1.28233e-06
5.00258e-08
0
0
0
0
0
0
0
0
0
0
3.45875e-06
3.78283e-06
5.12118e-06
2.57046e-06
0
0
0
3.05809e-05
1.39702e-05
0
8.71525e-05
0.000151905
0
6.6851e-07
1.22634e-07
0
0
0
0
0
0
0
0
0
0
5.64755e-06
5.1735e-06
5.73686e-06
6.86327e-07
0
0
0
3.52929e-05
8.36079e-06
0
4.93929e-05
6.76245e-05
0
0
0
0
0
0
0
0
7.22555e-07
0
0
0
1.24561e-06
7.12797e-06
6.37112e-06
6.24535e-06
0
0
0
3.99523e-06
3.59326e-05
2.04198e-06
0
1.52855e-05
0
0
0
0
0
0
0
0
3.59289e-06
6.53975e-06
0
0
0
1.40885e-06
8.6658e-06
7.46341e-06
6.45416e-06
0
0
0
5.63673e-06
2.49661e-05
0
0
0
0
0
0
0
6.86884e-07
4.69776e-08
0
0
6.78487e-06
7.96316e-06
0
0
0
7.86602e-07
9.83188e-06
8.58621e-06
5.97483e-06
0
0
0
2.98671e-06
1.03068e-05
0
0
0
0
0
0
0
2.61813e-06
2.90314e-06
0
0
6.39976e-06
5.4366e-06
0
0
0
3.22377e-07
7.89417e-06
8.78053e-06
4.15465e-06
0
0
0
0
1.70397e-06
0
0
0
0
0
0
1.27546e-06
4.82425e-06
5.10525e-06
3.21023e-07
0
5.20499e-06
1.1887e-06
0
0
0
3.33512e-07
3.77128e-06
4.78401e-06
1.48078e-07
0
0
0
0
3.86127e-07
0
0
0
0
0
2.45126e-07
3.41119e-06
6.37417e-06
6.37884e-06
1.71575e-06
0
3.47609e-06
0
0
2.03089e-06
0
6.27749e-07
1.07909e-06
0
0
0
0
0
0
4.29683e-06
0
0
0
0
7.52669e-07
2.71174e-06
4.8995e-06
7.04266e-06
6.96195e-06
2.96527e-06
0
8.7309e-07
0
0
3.56028e-06
3.52044e-07
1.02346e-06
0
0
0
0
0
0
0
1.01242e-05
0
0
0
0
2.67286e-06
4.03429e-06
5.49695e-06
7.07972e-06
7.14009e-06
4.02724e-06
0
0
0
0
3.03868e-06
3.16244e-06
1.41113e-06
0
0
0
0
0
0
0
1.18737e-05
0
0
0
0
3.36276e-06
4.37036e-06
5.42183e-06
6.72044e-06
6.98989e-06
4.7366e-06
1.77279e-06
9.29928e-09
0
0
1.76516e-06
5.86249e-06
1.82761e-06
0
0
0
0
0
0
0
9.38102e-06
1.40721e-05
0
0
0
3.29529e-06
4.11754e-06
4.95795e-06
6.12496e-06
6.6037e-06
5.07062e-06
3.33675e-06
0
0
0
9.63226e-07
7.2636e-06
2.41049e-06
1.85264e-07
0
0
0
0
0
0
7.20835e-06
2.01231e-05
0
0
0
2.85093e-06
3.55735e-06
4.30087e-06
5.40647e-06
6.05612e-06
5.07972e-06
4.31546e-06
0
0
0
7.66926e-07
6.46808e-06
3.23077e-06
6.63507e-07
0
2.29043e-06
0
0
0
0
7.39803e-06
1.91844e-05
1.51386e-06
0
0
2.19742e-06
2.78786e-06
3.48655e-06
4.545e-06
5.27502e-06
4.7278e-06
4.46491e-06
0
0
0
8.42751e-07
4.05314e-06
4.03481e-06
1.07189e-06
4.24215e-07
5.61594e-06
0
0
0
0
1.00828e-05
1.62234e-05
3.21856e-06
0
6.07146e-06
1.56577e-06
2.12014e-06
2.86988e-06
3.96181e-06
4.71752e-06
4.38553e-06
2.93754e-06
0
0
0
8.26683e-07
1.88438e-06
4.44529e-06
1.47966e-06
1.01875e-06
7.04151e-06
1.02424e-06
0
0
0
1.35566e-05
1.3723e-05
5.48476e-06
2.54986e-06
1.32729e-05
8.2483e-07
1.36625e-06
2.14898e-06
3.17883e-06
3.76386e-06
3.35979e-06
0
0
1.34239e-08
0
4.10499e-07
2.40503e-07
3.55434e-06
1.64793e-06
1.05538e-06
7.25667e-06
1.77524e-06
1.50625e-07
0
0
1.23383e-05
9.5367e-06
7.24283e-06
9.86875e-06
2.07415e-05
2.01695e-07
7.79335e-07
1.61636e-06
2.55284e-06
2.87221e-06
2.13822e-06
0
0
0
5.27226e-07
0
0
2.19153e-06
1.78319e-06
8.95515e-07
6.72854e-06
2.29283e-06
6.97871e-07
0
1.19411e-06
7.79373e-06
5.61292e-06
8.4813e-06
1.57208e-05
3.01903e-05
0
2.78938e-07
1.13173e-06
1.88296e-06
1.84143e-06
7.82698e-07
0
0
0
6.48375e-07
0
0
1.24429e-06
1.81129e-06
6.56935e-07
5.61957e-06
2.64875e-06
1.38533e-06
0
2.72451e-06
3.34425e-06
2.60098e-06
8.23087e-06
1.5226e-05
4.19848e-05
0
0
5.80996e-07
1.01485e-06
6.39106e-07
0
0
0
0
4.60222e-07
0
0
8.17427e-07
1.59316e-06
3.9977e-07
4.22176e-06
2.62391e-06
2.24083e-06
7.52991e-07
4.02764e-06
8.74803e-07
6.55747e-07
5.91419e-06
1.02085e-05
5.38151e-05
0
0
0
0
0
0
0
0
0
1.58652e-07
0
0
6.57529e-07
1.18926e-06
1.72535e-07
2.94029e-06
2.11271e-06
3.14139e-06
1.49007e-06
4.36135e-06
0
0
2.99183e-06
4.75353e-06
6.1713e-05
0
0
0
0
0
0
0
0
0
0
0
0
5.96846e-07
7.62833e-07
2.60847e-10
2.01186e-06
1.40091e-06
3.73717e-06
1.9225e-06
3.71704e-06
0
0
8.95916e-07
0
6.26233e-05
0
0
0
0
0
0
0
0
0
0
0
0
5.57125e-07
4.0595e-07
0
1.4186e-06
8.20459e-07
3.54823e-06
1.80551e-06
2.61852e-06
0
0
0
0
5.63306e-05
0
0
0
0
0
0
0
0
0
0
0
1.25186e-07
5.30876e-07
1.45189e-07
0
1.06149e-06
4.92531e-07
2.79811e-06
1.35563e-06
1.57488e-06
0
0
0
0
4.43658e-05
0
0
0
0
0
0
0
0
0
0
0
0
5.44187e-07
0
0
8.24844e-07
3.70186e-07
2.20356e-06
9.81654e-07
9.2801e-07
0
0
0
0
2.813e-05
0
0
0
0
0
0
0
0
0
0
0
0
6.23637e-07
0
0
6.35915e-07
3.67076e-07
2.07838e-06
7.41563e-07
5.79721e-07
0
0
5.43465e-07
0
7.65717e-06
0
0
0
0
0
0
0
0
0
0
0
0
7.14308e-07
0
0
4.47014e-07
3.68059e-07
2.33091e-06
5.6616e-07
3.40043e-07
0
0
1.56814e-06
0
0
0
0
0
0
0
0
0
0
4.45051e-07
0
0
0
6.60536e-07
0
0
2.35457e-07
2.54504e-07
2.75764e-06
4.20905e-07
1.00237e-07
0
0
2.9249e-06
0
0
0
0
0
0
0
0
0
0
1.01099e-06
0
0
0
1.62181e-07
0
0
0
0
2.50335e-06
2.06969e-07
0
0
0
4.14763e-06
0
0
0
0
0
0
0
0
0
0
7.94273e-07
6.06365e-07
0
0
0
3.3982e-07
0
0
0
3.65517e-07
0
0
0
0
4.15145e-06
3.94343e-05
0
0
0
0
0
0
0
0
0
0
1.52898e-06
0
0
0
8.0886e-07
0
0
0
0
0
0
0
0
2.46576e-06
2.5046e-05
2.36323e-05
0
0
0
0
0
0
0
0
0
1.46527e-06
0
0
0
1.3321e-07
0
0
0
0
0
0
0
0
9.8841e-07
1.25081e-05
3.73228e-05
0
0
0
0
0
0
0
0
0
0
0
0
0
0
0
0
0
0
0
0
0
0
3.96584e-07
5.55622e-06
0
0
0
0
0
0
0
0
0
0
0
0
0
0
0
0
0
0
0
0
0
0
0
1.82147e-07
1.84839e-06
0
0
0
0
0
0
0
0
0
0
0
0
0
0
0
0
0
0
0
0
0
0
0
1.01401e-07
0
0
0
0
0
0
0
0
0
0
0
0
0
0
0
0
0
0
0
0
0
0
0
0
7.11227e-08
0
0
0
0
0
0
0
0
0
0
0
0
0
0
0
0
0
0
0
0
0
0
0
0
5.09053e-08
0
0
0
0
0
0
0
0
0
0
0
0
0
0
0
0
0
0
0
0
0
0
0
0
1.99574e-09
0
0
0
0
0
0
0
0
0
0
0
0
0
0
0
1.03977e-09
0
0
0
0
2.24429e-09
0
4.4792e-09
0
0
0
0
9.40275e-08
0
0
0
0
0
0
9.92273e-09
0
0
8.39449e-09
2.00187e-08
0
3.96663e-08
5.03108e-08
2.20877e-08
0
3.72018e-08
7.49916e-08
0
4.32103e-08
0
0
0
0
1.71694e-07
0
0
0
0
7.86804e-09
2.653e-08
3.40076e-08
2.40042e-08
2.80485e-08
4.21765e-08
4.69846e-08
2.93273e-08
4.64825e-08
3.88283e-08
2.49472e-08
5.65755e-09
3.8648e-08
2.74725e-08
0
2.58018e-08
0
0
0
0
1.72e-07
0
0
0
0
4.23213e-09
1.32032e-08
2.00848e-08
1.53586e-08
1.11459e-08
7.0534e-09
2.20941e-09
0
0
0
0
0
0
0
0
0
0
0
0
0
1.69461e-07
2.11771e-08
0
0
0
0
0
0
0
0
0
0
0
0
0
0
0
0
0
0
0
0
0
0
0
1.72666e-07
4.58756e-08
1.99425e-09
0
0
0
0
0
0
0
0
0
0
0
0
0
0
0
0
0
0
0
0
0
0
1.28341e-07
4.26268e-08
8.79278e-09
0
0
0
0
0
0
0
0
0
0
0
0
0
0
0
0
0
0
0
0
0
0
)
;

boundaryField
{
    inlet
    {
        type            zeroGradient;
    }
    outlet
    {
        type            zeroGradient;
    }
    upperWall
    {
        type            zeroGradient;
    }
    lowerWall
    {
        type            zeroGradient;
    }
    frontAndBack
    {
        type            empty;
    }
}


// ************************************************************************* //
