/*--------------------------------*- C++ -*----------------------------------*\
  =========                 |
  \\      /  F ield         | OpenFOAM: The Open Source CFD Toolbox
   \\    /   O peration     | Website:  https://openfoam.org
    \\  /    A nd           | Version:  6
     \\/     M anipulation  |
\*---------------------------------------------------------------------------*/
FoamFile
{
    version     2.0;
    format      ascii;
    class       volScalarField;
    location    "0.5";
    object      pPrime2Mean;
}
// * * * * * * * * * * * * * * * * * * * * * * * * * * * * * * * * * * * * * //

dimensions      [0 4 -4 0 0 0 0];

internalField   nonuniform List<scalar> 
12225
(
1.10238e+06
1.08601e+06
1.06942e+06
1.05305e+06
1.03705e+06
1.02146e+06
1.0063e+06
991573
977257
963322
949728
936420
923330
910363
897385
884183
870361
854958
1.10242e+06
1.08605e+06
1.06945e+06
1.05307e+06
1.03707e+06
1.02148e+06
1.00632e+06
991595
977281
963350
949762
936463
923386
910441
897499
884368
870718
855873
1.10251e+06
1.08612e+06
1.06951e+06
1.05313e+06
1.03712e+06
1.02152e+06
1.00637e+06
991643
977334
963412
949837
936558
923510
910610
897745
884758
871421
857475
1.10266e+06
1.08624e+06
1.06961e+06
1.05321e+06
1.03719e+06
1.0216e+06
1.00644e+06
991722
977422
963515
949961
936713
923712
910884
898138
885363
872443
859397
1.10289e+06
1.08642e+06
1.06975e+06
1.05334e+06
1.03731e+06
1.02171e+06
1.00655e+06
991838
977552
963665
950143
936940
924005
911277
898688
886177
873720
861475
1.10323e+06
1.08667e+06
1.06996e+06
1.05351e+06
1.03746e+06
1.02186e+06
1.0067e+06
991998
977730
963872
950390
937247
924397
911796
899399
887186
875197
863630
1.10363e+06
1.087e+06
1.07023e+06
1.05374e+06
1.03767e+06
1.02205e+06
1.0069e+06
992208
977964
964142
950713
937644
924899
912447
900268
888370
876826
865825
1.10417e+06
1.08742e+06
1.07057e+06
1.05404e+06
1.03794e+06
1.02231e+06
1.00715e+06
992477
978261
964483
951118
938138
925516
913234
901288
889708
878574
868041
1.10484e+06
1.08794e+06
1.071e+06
1.05441e+06
1.03827e+06
1.02262e+06
1.00747e+06
992811
978629
964905
951614
938736
926252
914154
902450
891177
880412
870270
1.10567e+06
1.08859e+06
1.07153e+06
1.05486e+06
1.03868e+06
1.02301e+06
1.00786e+06
993219
979076
965412
952207
939443
927109
915203
903741
892759
882321
872509
1.10662e+06
1.08936e+06
1.07217e+06
1.05541e+06
1.03917e+06
1.02348e+06
1.00832e+06
993707
979609
966013
952902
940262
928085
916374
905147
894435
884286
874754
1.10759e+06
1.09021e+06
1.07287e+06
1.05601e+06
1.03971e+06
1.02398e+06
1.00883e+06
994233
980181
966653
953634
941114
929085
917552
906530
896045
886129
876816
1.10881e+06
1.09118e+06
1.07367e+06
1.05669e+06
1.04032e+06
1.02456e+06
1.0094e+06
994825
980820
967364
954441
942042
930160
918799
907970
897691
887982
878861
1.11048e+06
1.09247e+06
1.07471e+06
1.05758e+06
1.04111e+06
1.0253e+06
1.01014e+06
995593
981645
968274
955464
943203
931487
920313
909689
899622
890120
881189
1.11273e+06
1.09417e+06
1.07608e+06
1.05873e+06
1.04214e+06
1.02627e+06
1.0111e+06
996581
982698
969425
956743
944638
933100
922125
911710
901854
892555
883807
1.11559e+06
1.09636e+06
1.07782e+06
1.0602e+06
1.04344e+06
1.0275e+06
1.01231e+06
997827
984020
970857
958315
946376
935025
924250
914041
904390
895284
886709
1.11917e+06
1.09902e+06
1.07993e+06
1.06198e+06
1.04504e+06
1.029e+06
1.0138e+06
999356
985632
972588
960194
948425
937261
926682
916670
907210
898282
889865
1.12307e+06
1.10195e+06
1.08226e+06
1.06397e+06
1.04685e+06
1.03074e+06
1.01553e+06
1.00114e+06
987514
974597
962354
950754
939769
929373
919543
910255
901485
893210
1.12665e+06
1.10447e+06
1.08434e+06
1.06585e+06
1.04865e+06
1.03254e+06
1.01738e+06
1.00308e+06
989568
976788
964699
953263
942445
932216
922547
913409
904777
896624
1.12553e+06
1.10455e+06
1.08494e+06
1.06673e+06
1.04971e+06
1.03374e+06
1.01871e+06
1.00453e+06
991141
978485
966520
955206
944509
934395
924834
915797
907254
899180
1.12418e+06
1.10399e+06
1.08489e+06
1.067e+06
1.05021e+06
1.03441e+06
1.01951e+06
1.00544e+06
992149
979586
967708
956477
945857
935816
926322
917346
908858
900832
1.12267e+06
1.10321e+06
1.08459e+06
1.06702e+06
1.05045e+06
1.03481e+06
1.02003e+06
1.00606e+06
992851
980361
968551
957381
946818
936828
927381
918447
909997
902003
1.12135e+06
1.10244e+06
1.08421e+06
1.06692e+06
1.05054e+06
1.03504e+06
1.02036e+06
1.00647e+06
993334
980903
969143
958018
947496
937543
928129
919224
910800
902828
1.12015e+06
1.10175e+06
1.08386e+06
1.06679e+06
1.05056e+06
1.03517e+06
1.02058e+06
1.00675e+06
993665
981276
969553
958462
947968
938042
928650
919766
911359
903403
1.11925e+06
1.10121e+06
1.08357e+06
1.06666e+06
1.05056e+06
1.03525e+06
1.02071e+06
1.00694e+06
993888
981530
969834
958765
948292
938383
929008
920137
911743
903797
1.11853e+06
1.10079e+06
1.08334e+06
1.06656e+06
1.05054e+06
1.03529e+06
1.0208e+06
1.00706e+06
994035
981699
970021
958968
948508
938611
929247
920385
911999
904061
1.11795e+06
1.10049e+06
1.08318e+06
1.06649e+06
1.05053e+06
1.03532e+06
1.02086e+06
1.00714e+06
994129
981807
970141
959098
948647
938758
929401
920545
912164
904230
1.11756e+06
1.10029e+06
1.08308e+06
1.06645e+06
1.05052e+06
1.03533e+06
1.02089e+06
1.00718e+06
994185
981872
970213
959177
948732
938847
929494
920642
912264
904333
1.11736e+06
1.10018e+06
1.08303e+06
1.06642e+06
1.05051e+06
1.03534e+06
1.02091e+06
1.00721e+06
994215
981907
970252
959219
948777
938895
929544
920694
912317
904388
1.11725e+06
1.10014e+06
1.083e+06
1.06641e+06
1.05051e+06
1.03534e+06
1.02091e+06
1.00722e+06
994228
981921
970268
959236
948795
938914
929564
920715
912339
904410
722895
722838
722722
722546
722310
722013
721653
721230
720742
720189
719568
718881
718125
717302
716410
715450
714421
713323
712156
710921
709617
708244
706804
705296
703721
702080
700374
698603
696768
694870
692910
690889
688807
686666
684467
682209
679896
677526
675102
672624
670093
667509
664873
662187
659451
656665
653831
650948
648017
645039
642014
638943
635828
632670
629469
626226
622942
619617
616254
612854
609416
605943
602433
598888
595309
591696
588049
584370
580660
576919
573148
569346
565514
561651
557756
553833
549884
545911
541914
537892
533846
529777
525684
521567
517428
513266
509082
504876
500647
496395
492122
487829
483521
479198
474858
470503
466134
461752
457357
452947
448521
444077
439612
435126
430623
426105
421573
417025
412466
407904
403336
398762
394179
389583
384971
380342
375695
371032
366355
361664
356965
352258
347546
342831
338118
333409
328705
324009
319318
314631
309945
305257
300564
295862
291153
286444
281743
277051
272368
267690
263015
258339
253659
248977
244291
239606
234926
230255
225597
220955
216330
211723
207134
202563
198010
193478
188970
184489
180032
175597
171180
166780
162399
158041
153709
149405
145129
140885
136673
132498
128361
124265
120210
116198
112231
108311
104444
100636
96903.9
93281.3
723156
723098
722981
722805
722567
722268
721907
721481
720990
720434
719810
719119
718361
717534
716638
715673
714640
713537
712366
711125
709815
708437
706991
705477
703896
702249
700538
698761
696921
695018
693053
691027
688941
686796
684592
682331
680013
677640
675213
672731
670196
667609
664970
662281
659541
656752
653915
651029
648095
645114
642086
639013
635895
632733
629528
626282
622995
619669
616304
612902
609463
605987
602475
598927
595346
591731
588083
584403
580692
576951
573178
569374
565540
561674
557778
553855
549907
545934
541936
537915
533869
529800
525707
521591
517451
513288
509102
504894
500663
496409
492136
487845
483538
479216
474878
470524
466157
461777
457382
452972
448545
444099
439633
435146
430643
426123
421589
417042
412486
407926
403362
398789
394205
389609
384995
380364
375716
371051
366371
361680
356978
352270
347557
342843
338130
333421
328718
324022
319331
314644
309957
305268
300574
295873
291166
286461
281763
277072
272388
267710
263032
258354
253673
248989
244303
239617
234937
230265
225606
220963
216337
211729
207139
202567
198014
193482
188975
184494
180038
175602
171184
166784
162403
158045
153713
149408
145133
140887
136676
132500
128363
124267
120212
116200
112231
108310
104441
100632
96894.6
93253.7
723680
723621
723503
723325
723086
722783
722418
721987
721492
720929
720300
719602
718836
718001
717097
716124
715081
713969
712786
711535
710214
708824
707366
705841
704249
702590
700867
699079
697228
695314
693339
691304
689208
687054
684842
682573
680247
677867
675432
672944
670403
667809
665164
662468
659722
656926
654082
651191
648251
645264
642230
639150
636026
632857
629647
626395
623103
619773
616405
612999
609556
606075
602558
599007
595422
591804
588153
584471
580758
577013
573237
569430
565591
561722
557825
553901
549952
545978
541980
537959
533914
529845
525752
521636
517495
513329
509139
504927
500693
496439
492166
487877
483572
479251
474914
470564
466199
461820
457426
453015
448585
444137
439669
435181
430675
426153
421618
417074
412523
407968
403405
398834
394251
389653
385037
380403
375752
371084
366401
361706
357003
352293
347579
342864
338152
333443
328741
324045
319354
314667
309979
305289
300594
295894
291193
286493
281798
277109
272424
267743
263062
258382
253699
249013
244325
239639
234958
230285
225624
220978
216349
211739
207148
202576
198022
193491
188985
184505
180048
175612
171193
166792
162411
158053
153721
149415
145139
140893
136680
132504
128366
124270
120214
116201
112232
108309
104437
100623
96878
93214.2
724471
724411
724291
724111
723867
723561
723189
722752
722248
721677
721038
720329
719552
718705
717787
716800
715742
714614
713416
712148
710811
709404
707929
706387
704777
703102
701362
699557
697690
695760
693769
691719
689609
687442
685216
682935
680598
678207
675762
673264
670713
668110
665455
662749
659993
657188
654335
651434
648484
645488
642444
639355
636221
633045
629825
626566
623266
619929
616554
613142
609693
606206
602685
599128
595538
591916
588261
584575
580857
577107
573325
569512
565669
561797
557898
553972
550021
546046
542047
538024
533979
529910
525817
521699
517555
513386
509193
504977
500741
496486
492213
487925
483621
479302
474968
470620
466258
461880
457486
453073
448640
444187
439717
435226
430717
426194
421661
417121
412576
408024
403464
398894
394311
389710
385092
380455
375800
371127
366441
361743
357036
352324
347609
342894
338181
333473
328771
324075
319386
314698
310010
305319
300625
295928
291232
286537
281844
277156
272470
267787
263103
258420
253734
249046
244358
239671
234988
230313
225649
220999
216368
211755
207162
202588
198034
193503
188998
184518
180061
175624
171205
166804
162423
158064
153731
149425
145148
140901
136687
132509
128371
124274
120218
116204
112233
108307
104432
100612
96856.5
93170.1
725533
725472
725349
725165
724916
724602
724223
723776
723261
722677
722024
721301
720507
719642
718706
717700
716622
715473
714253
712964
711604
710175
708677
707112
705480
703782
702020
700194
698305
696355
694344
692274
690145
687959
685717
683419
681067
678660
676201
673690
671126
668510
665842
663123
660355
657537
654672
651758
648796
645786
642730
639628
636482
633294
630064
626794
623485
620137
616753
613332
609874
606380
602850
599287
595692
592064
588404
584711
580986
577229
573441
569622
565775
561898
557995
554066
550113
546135
542135
538111
534064
529993
525898
521778
517631
513458
509261
505043
500805
496549
492276
487988
483685
479368
475037
470692
466332
461955
457560
453145
448708
444252
439776
435282
430771
426249
421720
417183
412642
408094
403536
398967
394383
389780
385159
380518
375857
371180
366489
361787
357078
352363
347646
342930
338216
333509
328807
324113
319424
314737
310049
305358
300666
295974
291281
286589
281899
277212
272525
267839
263153
258466
253778
249088
244398
239710
235025
230348
225680
221027
216391
211776
207180
202604
198050
193520
189015
184535
180077
175639
171219
166817
162436
158078
153744
149437
145159
140911
136695
132516
128377
124279
120223
116207
112234
108305
104426
100600
96832.6
93125.3
726874
726810
726683
726492
726236
725913
725522
725062
724533
723932
723261
722518
721703
720816
719857
718825
717722
716546
715300
713982
712594
711137
709611
708017
706357
704632
702842
700989
699074
697098
695062
692968
690815
688607
686343
684024
681652
679227
676750
674221
671640
669008
666324
663589
660805
657972
655090
652160
649182
646157
643084
639967
636806
633604
630360
627076
623754
620394
616997
613564
610095
606591
603053
599482
595878
592243
588575
584875
581143
577378
573584
569760
565907
562025
558117
554184
550227
546246
542243
538216
534167
530093
525994
521869
517718
513541
509342
505121
500882
496626
492353
488065
483763
479448
475120
470778
466420
462044
457648
453230
448790
444329
439849
435351
430839
426318
421791
417259
412721
408176
403620
399051
394465
389860
385235
380589
375923
371241
366545
361839
357125
352407
347688
342971
338257
333549
328849
324156
319468
314782
310095
305406
300718
296028
291338
286649
281961
277274
272586
267898
263210
258519
253828
249136
244444
239754
235068
230388
225718
221060
216420
211801
207202
202625
198070
193540
189035
184555
180096
175657
171236
166834
162453
158094
153759
149452
145172
140923
136707
132526
128386
124287
120229
116212
112236
108304
104420
100587
96807.9
93081.9
728500
728432
728300
728101
727835
727499
727093
726616
726068
725446
724752
723984
723143
722228
721240
720178
719043
717835
716555
715204
713782
712290
710730
709103
707410
705651
703829
701944
699998
697991
695925
693801
691621
689385
687095
684751
682354
679906
677406
674856
672254
669601
666898
664143
661340
658487
655586
652637
649639
646594
643503
640368
637189
633969
630709
627409
624070
620694
617282
613836
610355
606839
603291
599709
596096
592451
588775
585066
581326
577555
573754
569923
566063
562176
558262
554323
550361
546376
542368
538337
534283
530205
526101
521971
517815
513635
509433
505211
500972
496715
492441
488154
483853
479541
475216
470875
466518
462143
457746
453326
448883
444419
439935
435433
430920
426400
421875
417345
412809
408266
403712
399142
394554
389946
385317
380667
375996
371308
366607
361896
357178
352456
347735
343016
338302
333594
328895
324203
319516
314832
310147
305461
300776
296089
291402
286715
282028
277340
272651
267961
263270
258576
253882
249187
244494
239803
235116
230433
225759
221097
216453
211830
207228
202649
198094
193563
189058
184577
180117
175677
171255
166852
162471
158112
153777
149468
145188
140938
136720
132539
128397
124297
120237
116218
112240
108304
104415
100574
96784
93041.4
730423
730351
730211
730001
729721
729369
728944
728446
727873
727225
726502
725704
724830
723881
722857
721759
720586
719340
718021
716630
715168
713637
712037
710371
708638
706841
704981
703059
701076
699034
696933
694775
692561
690293
687971
685597
683172
680696
678170
675593
672966
670289
667562
664785
661958
659082
656158
653186
650166
647099
643986
640830
637630
634390
631110
627790
624433
621039
617610
614147
610651
607122
603561
599968
596344
592688
589002
585284
581536
577757
573948
570109
566242
562347
558426
554481
550512
546521
542508
538471
534412
530328
526218
522083
517923
513739
509535
505311
501070
496813
492539
488252
483953
479643
475319
470980
466624
462249
457852
453431
448986
444519
440030
435526
431011
426490
421965
417437
412903
408362
403808
399237
394648
390037
385404
380749
376074
371381
366674
361957
357233
352508
347783
343063
338348
333641
328943
324252
319567
314885
310202
305520
300837
296153
291468
286782
282095
277407
272717
268025
263330
258634
253937
249241
244547
239855
235165
230480
225803
221137
216489
211861
207257
202676
198120
193590
189084
184602
180140
175699
171276
166873
162492
158133
153797
149487
145206
140955
136736
132554
128411
124309
120247
116226
112244
108305
104410
100562
96761.3
93004.1
732655
732577
732427
732205
731908
731535
731086
730561
729958
729278
728520
727684
726772
725782
724716
723574
722357
721066
719701
718265
716757
715180
713535
711823
710046
708204
706300
704335
702310
700226
698085
695888
693636
691330
688973
686564
684106
681597
679040
676433
673777
671072
668317
665513
662659
659758
656808
653810
650765
647673
644535
641354
638131
634867
631564
628223
624844
621429
617981
614500
610986
607441
603865
600258
596621
592954
589257
585529
581771
577983
574164
570316
566439
562536
558608
554656
550681
546683
542662
538619
534552
530461
526346
522206
518041
513854
509646
505420
501177
496917
492643
488357
484059
479749
475427
471089
466733
462358
457961
453539
449093
444623
440132
435624
431106
426584
422058
417531
412999
408458
403904
399333
394741
390128
385492
380833
376153
371454
366742
362019
357290
352561
347833
343111
338396
333690
328992
324302
319619
314939
310259
305579
300899
296217
291533
286848
282161
277471
272780
268086
263389
258691
253992
249295
244599
239906
235215
230527
225847
221178
216526
211895
207288
202705
198149
193618
189112
184628
180165
175722
171299
166896
162514
158155
153819
149508
145226
140974
136755
132572
128427
124323
120259
116235
112250
108306
104406
100551
96739.8
92969.8
735212
735127
734966
734727
734409
734011
733534
732975
732336
731617
730817
729937
728978
727940
726825
725632
724364
723020
721603
720114
718554
716924
715226
713462
711633
709741
707787
705772
703699
701569
699382
697140
694845
692498
690100
687652
685155
682610
680016
677375
674685
671946
669160
666325
663441
660510
657531
654505
651432
648313
645148
641940
638691
635401
632072
628706
625303
621865
618394
614892
611359
607795
604202
600580
596929
593248
589539
585799
582029
578229
574399
570540
566654
562743
558807
554847
550865
546859
542831
538780
534705
530607
526486
522340
518170
513978
509765
505535
501288
497027
492751
488464
484166
479857
475534
471196
466841
462465
458068
453646
449199
444728
440234
435724
431204
426679
422152
417624
413092
408551
403997
399425
394832
390217
385578
380915
376230
371526
366808
362080
357347
352613
347883
343160
338444
333738
329041
324352
319670
314992
310314
305637
300959
296277
291594
286909
282221
277530
272837
268141
263443
258743
254043
249345
244649
239955
235262
230573
225890
221218
216562
211929
207319
202735
198178
193647
189140
184655
180191
175747
171323
166920
162538
158179
153842
149531
145248
140996
136776
132591
128445
124339
120272
116245
112256
108308
104402
100539
96719.2
92937.9
738114
738021
737845
737587
737244
736817
736304
735707
735025
734258
733409
732477
731463
730369
729196
727945
726617
725213
723735
722184
720563
718873
717115
715291
713403
711453
709443
707373
705245
703062
700823
698531
696187
693793
691348
688855
686314
683726
681090
678408
675679
672903
670080
667210
664293
661329
658318
655261
652158
649010
645816
642580
639302
635985
632628
629235
625806
622342
618847
615321
611766
608182
604570
600931
597263
593567
589843
586089
582305
578492
574649
570779
566884
562964
559020
555053
551063
547050
543013
538954
534871
530765
526636
522484
518308
514109
509891
505655
501404
497139
492861
488572
484273
479962
475638
471299
466943
462566
458168
453746
449299
444827
440332
435821
431299
426771
422242
417712
413178
408638
404083
399510
394915
390298
385656
380990
376301
371592
366868
362136
357400
352664
347932
343207
338492
333785
329088
324399
319718
315041
310365
305690
301013
296332
291648
286962
282272
277580
272885
268189
263490
258789
254089
249390
244694
240000
235306
230614
225929
221255
216597
211962
207350
202766
198208
193676
189169
184683
180218
175773
171348
166945
162563
158203
153866
149555
145271
141018
136797
132612
128464
124356
120286
116255
112263
108310
104398
100528
96699.1
92907.7
741388
741284
741092
740810
740438
739975
739421
738777
738045
737224
736316
735323
734246
733086
731846
730525
729127
727652
726104
724482
722791
721030
719204
717312
715358
713342
711266
709133
706943
704699
702402
700052
697652
695203
692705
690160
687568
684930
682248
679520
676747
673929
671066
668157
665202
662202
659156
656066
652931
649751
646527
643261
639954
636607
633222
629799
626342
622852
619331
615780
612201
608596
604964
601305
597620
593906
590164
586393
582594
578767
574912
571031
567126
563198
559247
555272
551275
547253
543208
539140
535049
530934
526797
522637
518453
514247
510022
505779
501522
497252
492969
488677
484375
480062
475736
471394
467036
462657
458257
453834
449387
444916
440422
435911
431388
426857
422325
417792
413256
408713
404158
399583
394987
390368
385723
381053
376360
371647
366920
362186
357448
352711
347978
343253
338536
333829
329131
324442
319760
315084
310410
305737
301059
296377
291692
287004
282312
277618
272923
268225
263526
258826
254126
249428
244733
240038
235343
230650
225963
221288
216629
211992
207380
202795
198236
193705
189197
184711
180246
175800
171374
166970
162588
158228
153891
149579
145295
141041
136819
132633
128483
124372
120299
116265
112269
108311
104393
100516
96679.1
92878.6
745066
744951
744739
744429
744021
743516
742914
742216
741423
740538
739562
738497
737344
736107
734786
733384
731903
730346
728714
727011
725238
723397
721491
719521
717489
715397
713246
711040
708778
706464
704099
701684
699219
696708
694149
691545
688897
686205
683469
680691
677870
675005
672097
669146
666150
663111
660028
656902
653732
650519
647264
643967
640629
637252
633837
630386
626900
623383
619835
616259
612656
609028
605375
601696
597990
594257
590496
586708
582892
579050
575183
571291
567378
563442
559484
555503
551498
547468
543414
539337
535235
531111
526965
522796
518603
514389
510155
505904
501640
497364
493076
488779
484473
480156
475826
471480
467118
462735
458333
453909
449463
444993
440501
435990
431467
426934
422398
417861
413322
408777
404219
399642
395044
390422
385775
381102
376405
371690
366962
362227
357490
352753
348020
343295
338577
333869
329169
324478
319796
315120
310447
305773
301095
296411
291723
287033
282340
277644
272948
268250
263551
258852
254154
249457
244763
240068
235373
230679
225992
221316
216657
212020
207407
202822
198264
193732
189225
184739
180273
175827
171400
166995
162613
158253
153915
149602
145318
141063
136841
132653
128502
124388
120312
116274
112274
108311
104387
100504
96659
92850.4
749193
749064
748827
748484
748034
747479
746818
746054
745189
744226
743167
742014
740771
739440
738024
736525
734947
733293
731564
729765
727896
725961
723962
721901
719779
717600
715364
713074
710731
708337
705894
703404
700868
698286
695661
692992
690281
687529
684735
681901
679027
676112
673156
670158
667118
664037
660914
657749
654543
651296
648007
644679
641311
637904
634459
630979
627466
623921
620348
616747
613121
609470
605795
602094
598368
594614
590834
587027
583194
579338
575458
571557
567635
563692
559727
555740
551728
547690
543627
539539
535427
531292
527135
522955
518753
514529
510286
506028
501756
497473
493180
488877
484565
480242
475907
471556
467188
462802
458396
453971
449524
445055
440566
436057
431533
426999
422460
417919
413376
408827
404266
399686
395085
390460
385810
381134
376435
371719
366991
362258
357524
352789
348057
343331
338613
333902
329200
324507
319823
315146
310473
305798
301118
296432
291741
287049
282353
277656
272959
268261
263564
258867
254171
249477
244783
240089
235393
230700
226013
221338
216680
212044
207433
202847
198290
193759
189252
184766
180300
175853
171426
167021
162637
158276
153938
149625
145340
141085
136862
132672
128519
124403
120324
116282
112277
108310
104380
100490
96638.6
92822.8
753823
753675
753409
753024
752521
751901
751166
750319
749364
748303
747141
745882
744530
743088
741558
739946
738252
736482
734639
732726
730745
728701
726595
724430
722207
719929
717597
715213
712779
710297
707768
705194
702578
699920
697220
694481
691701
688884
686028
683134
680202
677233
674224
671176
668090
664964
661798
658593
655349
652066
648744
645384
641985
638549
635076
631568
628028
624457
620859
617234
613585
609912
606214
602492
598745
594971
591171
587346
583497
579625
575733
571822
567891
563941
559971
555977
551958
547913
543840
539740
535616
531469
527300
523110
518898
514666
510415
506148
501868
497578
493279
488970
484651
480321
475979
471622
467248
462857
458447
454018
449571
445103
440615
436109
431585
427050
422508
417964
413417
408864
404298
399714
395109
390480
385826
381148
376449
371733
367008
362279
357549
352817
348087
343361
338641
333929
329224
324528
319841
315162
310486
305810
301127
296438
291745
287050
282353
277655
272957
268260
263565
258870
254177
249485
244793
240099
235405
230713
226028
221355
216700
212066
207456
202871
198314
193784
189278
184793
180326
175879
171452
167046
162661
158300
153961
149648
145362
141106
136881
132690
128535
124416
120334
116288
112279
108307
104372
100477
96618.4
92796.1
759185
759014
758706
758263
757686
756978
756142
755184
754109
752922
751630
750237
748748
747167
745497
743742
741907
739995
738013
735964
733851
731679
729450
727165
724827
722437
719996
717506
714969
712387
709762
707095
704389
701644
698861
696042
693188
690298
687373
684413
681419
678389
675323
672220
669081
665905
662693
659445
656161
652840
649483
646090
642660
639194
635693
632158
628591
624996
621374
617726
614054
610357
606637
602894
599125
595331
591511
587668
583802
579916
576011
572088
568147
564190
560212
556212
552186
548132
544049
539938
535802
531642
527461
523259
519038
514798
510539
506265
501978
497681
493374
489058
484731
480393
476043
471678
467298
462900
458485
454053
449604
445136
440650
436145
431623
427088
422544
417997
413446
408888
404317
399727
395116
390482
385825
381146
376447
371734
367013
362290
357565
352837
348108
343382
338661
333947
329240
324540
319850
315167
310488
305808
301123
296432
291736
287038
282340
277641
272943
268248
263554
258863
254173
249484
244793
240100
235407
230718
226036
221367
216716
212085
207478
202895
198339
193809
189304
184819
180353
175906
171478
167071
162685
158323
153984
149670
145383
141126
136900
132708
128550
124429
120343
116294
112281
108304
104365
100463
96599.3
92771.2
765123
764918
764554
764030
763352
762526
761557
760455
759227
757883
756429
754871
753216
751466
749627
747704
745704
743631
741493
739293
737037
734726
732364
729951
727490
724980
722424
719823
717179
714494
711769
709006
706206
703371
700501
697599
694666
691700
688703
685674
682614
679521
676394
673234
670041
666814
663555
660262
656937
653578
650185
646759
643298
639803
636274
632714
629125
625507
621863
618193
614499
610781
607040
603275
599486
595672
591835
587974
584093
580192
576273
572338
568387
564420
560435
556428
552393
548330
544237
540116
535969
531797
527605
523394
519164
514917
510652
506370
502076
497772
493458
489133
484799
480453
476094
471722
467335
462930
458509
454073
449622
445154
440668
436165
431644
427109
422565
418015
413459
408895
404317
399721
395104
390465
385805
381125
376428
371720
367006
362289
357569
352845
348119
343393
338671
333955
329245
324543
319848
315160
310477
305793
301105
296411
291714
287014
282314
277615
272918
268224
263533
258845
254158
249471
244782
240091
235401
230715
226039
221375
216729
212102
207498
202918
198363
193834
189328
184844
180378
175931
171503
167095
162709
158346
154007
149692
145405
141146
136919
132724
128564
124440
120352
116299
112282
108301
104357
100451
96581.5
92748.4
771110
770866
770429
769806
769004
768034
766907
765635
764231
762705
761067
759325
757486
755555
753538
751442
749274
747040
744748
742402
740007
737564
735076
732542
729963
727341
724677
721971
719226
716445
713627
710773
707886
704966
702016
699036
696027
692990
689924
686830
683706
680553
677369
674155
670910
667636
664331
660996
657631
654236
650809
647351
643861
640339
636787
633205
629594
625957
622294
618605
614892
611155
607394
603610
599803
595973
592120
588245
584349
580435
576504
572558
568596
564619
560625
556609
552566
548494
544393
540263
536107
531927
527727
523507
519270
515016
510744
506457
502156
497845
493523
489192
484850
480497
476132
471753
467359
462948
458522
454082
449627
445158
440672
436169
431649
427115
422570
418018
413457
408886
404302
399699
395076
390434
385772
381093
376399
371695
366987
362276
357562
352842
348119
343394
338672
333954
329242
324537
319838
315145
310457
305769
301078
296383
291684
286982
282281
277582
272887
268195
263507
258820
254136
249450
244763
240076
235390
230709
226038
221381
216740
212119
207518
202940
198387
193858
189353
184868
180402
175955
171527
167120
162734
158370
154031
149716
145427
141168
136938
132742
128579
124452
120361
116305
112285
108300
104352
100441
96567.1
92729.6
777124
776829
776302
775552
774597
773451
772135
770664
769055
767322
765481
763540
761508
759391
757194
754926
752593
750204
747764
745281
742756
740190
737585
734939
732252
729525
726759
723955
721117
718245
715340
712404
709436
706439
703414
700361
697283
694179
691048
687892
684709
681500
678263
674998
671705
668385
665038
661663
658260
654830
651372
647883
644366
640819
637244
633642
630012
626357
622676
618970
615240
611485
607707
603907
600084
596239
592372
588484
584576
580650
576708
572751
568778
564791
560785
556759
552707
548627
544518
540383
536221
532035
527828
523601
519357
515096
510819
506525
502219
497901
493573
489235
484888
480528
476157
471772
467372
462956
458525
454081
449623
445152
440665
436161
431641
427107
422562
418006
413440
408864
404273
399665
395038
390393
385730
381052
376361
371662
366960
362255
357546
352830
348109
343386
338664
333946
329232
324524
319821
315124
310431
305740
301046
296349
291649
286947
282246
277547
272853
268163
263476
258792
254108
249425
244741
240057
235376
230702
226037
221386
216752
212135
207539
202964
198411
193883
189377
184892
180427
175980
171553
167145
162760
158397
154057
149741
145452
141191
136960
132761
128597
124467
120373
116314
112290
108302
104351
100436
96557.7
92716.4
783158
782798
782153
781243
780093
778732
777188
775484
773644
771687
769630
767484
765257
762955
760584
758150
755662
753125
750547
747934
745289
742610
739897
737147
734359
731534
728674
725780
722854
719899
716914
713901
710860
707792
704699
701581
698439
695273
692083
688870
685632
682371
679085
675773
672436
669074
665687
662274
658837
655374
651885
648368
644825
641254
637658
634036
630389
626716
623018
619296
615550
611779
607986
604170
600333
596475
592596
588696
584778
580841
576888
572921
568938
564938
560922
556884
552823
548735
544621
540480
536314
532124
527911
523678
519428
515160
510877
506578
502266
497942
493609
489266
484913
480549
476171
471781
467376
462956
458521
454073
449612
445138
440649
436144
431624
427088
422541
417982
413412
408829
404233
399621
394992
390345
385682
381005
376317
371623
366925
362226
357521
352810
348091
343370
338649
333931
329217
324507
319801
315100
310403
305708
301012
296313
291612
286910
282209
277511
272818
268129
263444
258761
254079
249398
244718
240039
235363
230695
226037
221392
216764
212152
207560
202987
198436
193907
189401
184916
180451
176005
171579
167173
162788
158425
154086
149770
145480
141218
136986
132785
128618
124486
120389
116327
112300
108309
104354
100436
96554.9
92710.4
789215
788770
787969
786849
785455
783831
782020
780056
777967
775775
773497
771146
768728
766248
763710
761120
758485
755810
753104
750372
747616
744832
742018
739171
736289
733373
730425
727446
724440
721408
718351
715268
712161
709029
705875
702698
699499
696277
693034
689769
686482
683173
679843
676489
673112
669711
666287
662840
659369
655876
652358
648815
645246
641653
638037
634396
630731
627041
623327
619589
615828
612044
608236
604407
600557
596687
592797
588887
584958
581012
577050
573071
569078
565068
561039
556991
552921
548826
544705
540560
536390
532196
527978
523740
519484
515210
510921
506617
502300
497972
493634
489287
484928
480559
476176
471781
467371
462948
458511
454060
449595
445117
440626
436120
431598
427061
422511
417949
413374
408787
404187
399572
394940
390293
385630
380955
376270
371580
366886
362191
357490
352782
348067
343349
338629
333912
329197
324486
319778
315074
310374
305676
300978
296278
291576
286875
282174
277477
272785
268097
263412
258731
254051
249373
244696
240022
235352
230690
226039
221401
216777
212170
207581
203010
198460
193932
189425
184940
180475
176031
171606
167202
162819
158457
154118
149803
145512
141249
137016
132814
128645
124511
120411
116346
112317
108323
104365
100444
96559.9
92712.9
795313
794747
793731
792334
790636
788703
786593
784350
782003
779573
777077
774525
771923
769273
766579
763843
761072
758270
755445
752603
749744
746863
743955
741017
738047
735045
732015
728959
725880
722779
719656
716512
713345
710156
706947
703718
700468
697197
693906
690595
687263
683912
680541
677149
673735
670300
666842
663364
659863
656341
652796
649228
645636
642022
638386
634727
631045
627338
623608
619856
616081
612284
608464
604622
600760
596879
592979
589060
585122
581167
577194
573206
569202
565182
561143
557084
553005
548902
544776
540626
536452
532253
528032
523789
519527
515249
510955
506646
502324
497992
493650
489297
484935
480560
476173
471774
467361
462934
458494
454040
449573
445092
440598
436089
431565
427026
422474
417909
413331
408740
404136
399519
394886
390238
385577
380903
376221
371534
366844
362152
357454
352750
348039
343323
338606
333890
329175
324463
319754
315048
310346
305646
300945
296244
291542
286841
282142
277445
272753
268066
263382
258703
254025
249350
244678
240009
235345
230689
226043
221411
216792
212189
207603
203034
198484
193956
189449
184965
180501
176058
171635
167233
162852
158492
154153
149839
145549
141286
137052
132849
128678
124542
120440
116372
112340
108344
104384
100460
96574
92724.9
801479
800727
799405
797648
795583
793304
790877
788346
785740
783076
780368
777624
774848
772039
769200
766330
763434
760516
757583
754639
751682
748709
745713
742690
739638
736559
733455
730329
727184
724021
720841
717641
714421
711182
707923
704647
701352
698037
694704
691352
687982
684592
681185
677758
674311
670844
667356
663849
660321
656772
653203
649611
645998
642364
638709
635033
631334
627612
623867
620101
616313
612504
608672
604819
600947
597055
593145
589217
585271
581306
577325
573327
569314
565283
561235
557167
553078
548968
544836
540680
536502
532299
528073
523826
519560
515277
510979
506666
502341
498004
493658
489301
484934
480555
476164
471761
467345
462916
458473
454017
449546
445062
440566
436055
431529
426987
422432
417864
413283
408690
404084
399464
394831
390183
385523
380852
376173
371489
366802
362111
357416
352715
348008
343296
338581
333866
329152
324440
319730
315023
310319
305617
300915
296213
291511
286811
282112
277417
272725
268039
263357
258678
254004
249332
244664
239999
235341
230691
226050
221423
216808
212209
207624
203057
198508
193980
189474
184990
180528
176087
171666
167266
162887
158528
154192
149878
145589
141327
137093
132889
128718
124581
120477
116407
112372
108373
104411
100485
96597.6
92746.9
807774
806714
804952
802736
800248
797595
794842
792026
789168
786280
783373
780449
777511
774557
771585
768593
765583
762559
759526
756488
753442
750382
747304
744203
741077
737928
734758
731570
728367
725149
721917
718667
715400
712115
708813
705494
702159
698806
695435
692047
688641
685218
681778
678319
674842
671347
667832
664299
660746
657173
653581
649968
646334
642682
639009
635317
631602
627864
624105
620326
616526
612705
608863
605000
601118
597217
593298
589361
585406
581433
577443
573436
569414
565374
561317
557240
553143
549025
544886
540725
536541
532334
528105
523854
519585
515298
510996
506680
502351
498011
493660
489298
484927
480545
476151
471745
467326
462894
458449
453989
449516
445030
440530
436017
431489
426945
422388
417817
413234
408639
404031
399410
394776
390129
385471
380802
376126
371445
366759
362071
357378
352679
347975
343266
338554
333841
329128
324416
319706
314999
310294
305591
300888
296185
291484
286784
282086
277392
272701
268016
263336
258660
253987
249319
244654
239994
235341
230695
226060
221436
216825
212228
207645
203079
198531
194003
189498
185016
180556
176117
171699
167301
162924
158567
154232
149920
145633
141372
137139
132936
128765
124626
120521
116449
112412
108411
104447
100520
96630.8
92778.8
814323
812707
810315
807538
804582
801544
798469
795380
792285
789190
786098
783010
779925
776838
773745
770641
767528
764408
761284
758161
755033
751895
748742
745570
742377
739166
735938
732696
729441
726175
722896
719602
716293
712967
709625
706269
702897
699510
696106
692686
689248
685794
682324
678837
675333
671812
668273
664716
661141
657546
653933
650300
646648
642977
639289
635580
631850
628098
624326
620534
616723
612891
609039
605167
601276
597366
593438
589493
585530
581549
577550
573535
569504
565456
561390
557306
553201
549076
544930
540763
536574
532362
528129
523875
519602
515313
511008
506688
502356
498012
493657
489292
484916
480531
476134
471726
467304
462870
458422
453960
449484
444995
440493
435977
431447
426902
422342
417770
413184
408587
403978
399356
394723
390077
385420
380754
376081
371401
366718
362031
357340
352644
347942
343236
338526
333815
329103
324393
319684
314977
310271
305567
300864
296161
291460
286761
282065
277371
272682
267999
263320
258646
253977
249311
244650
239994
235344
230703
226071
221451
216842
212247
207665
203100
198553
194027
189523
185043
180585
176148
171732
167336
162961
158606
154273
149964
145679
141421
137190
132988
128818
124679
120573
116500
112460
108457
104491
100563
96672.7
92819.5
821368
818662
815399
811979
808541
805128
801751
798408
795098
791815
788556
785319
782101
778895
775691
772487
769280
766074
762870
759670
756469
753261
750041
746805
743554
740287
737009
733719
730419
727108
723788
720455
717107
713745
710369
706979
703575
700156
696722
693273
689807
686325
682829
679316
675788
672244
668683
665105
661508
657894
654261
650609
646940
643253
639549
635825
632081
628315
624531
620727
616905
613064
609202
605321
601422
597503
593567
589614
585643
581654
577648
573624
569585
565529
561456
557364
553252
549119
544967
540794
536600
532384
528147
523890
519614
515322
511014
506692
502357
498009
493651
489282
484903
480515
476115
471704
467281
462844
458393
453928
449449
444958
440454
435937
431405
426857
422296
417722
413135
408536
403926
399304
394671
390026
385372
380708
376037
371359
366678
361992
357303
352608
347909
343205
338498
333789
329079
324370
319662
314956
310251
305546
300843
296141
291441
286743
282048
277356
272669
267987
263310
258639
253972
249309
244650
239997
235351
230713
226084
221465
216858
212264
207683
203119
198573
194049
189548
185070
180615
176180
171766
167372
162998
158645
154315
150008
145727
141471
137243
133044
128875
124738
120631
116556
112515
108510
104542
100613
96721.7
92867.2
829002
824396
820062
815989
812094
808338
804687
801119
797617
794168
790763
787394
784057
780742
777441
774147
770857
767573
764297
761029
757763
754493
751213
747922
744619
741305
737982
734649
731308
727960
724602
721234
717852
714458
711050
707630
704197
700750
697289
693813
690322
686816
683295
679760
676210
672645
669064
665466
661851
658218
654567
650899
647213
643511
639792
636054
632296
628518
624722
620907
617075
613224
609354
605464
601557
597631
593687
589726
585747
581751
577737
573706
569659
565595
561515
557415
553296
549157
544999
540820
536621
532401
528160
523900
519623
515328
511018
506693
502355
498005
493643
489271
484889
480497
476095
471681
467255
462815
458362
453895
449414
444921
440414
435895
431361
426813
422250
417675
413087
408487
403876
399254
394621
389978
385325
380663
375994
371319
366639
361955
357266
352574
347876
343175
338471
333764
329056
324349
319643
314937
310232
305528
300825
296124
291425
286729
282036
277346
272661
267981
263306
258637
253972
249311
244655
240005
235361
230725
226097
221479
216873
212279
207699
203136
198593
194072
189573
185098
180644
176211
171799
167406
163033
158682
154355
150051
145773
141521
137297
133101
128936
124800
120693
116617
112574
108568
104599
100668
96775.5
92919.6
836890
829581
824163
819510
815224
811174
807291
803529
799862
796271
792739
789257
785815
782405
779017
775645
772282
768930
765591
762264
758941
755616
752285
748945
745597
742241
738879
735509
732132
728748
725358
721957
718546
715122
711686
708239
704780
701308
697822
694323
690809
687280
683738
680182
676613
673028
669428
665813
662180
658529
654862
651177
647476
643760
640027
636275
632505
628715
624907
621081
617239
613378
609500
605602
601687
597754
593802
589834
585847
581843
577822
573783
569728
565657
561569
557463
553337
549192
545027
540843
536639
532415
528171
523908
519628
515331
511019
506692
502351
497998
493633
489257
484872
480477
476072
471655
467226
462784
458328
453858
449376
444880
440372
435851
431316
426766
422202
417625
413036
408436
403824
399202
394570
389928
385277
380617
375950
371277
366599
361916
357229
352538
347842
343144
338442
333738
329033
324328
319623
314919
310215
305512
300810
296110
291413
286719
282028
277341
272658
267980
263308
258640
253977
249318
244664
240015
235372
230737
226110
221492
216886
212292
207713
203153
198613
194095
189600
185127
180675
176244
171832
167440
163069
158720
154395
150095
145822
141574
137355
133164
129003
124869
120763
116686
112642
108634
104664
100732
96837.1
92979.2
841732
833995
827947
822821
818197
813886
809790
805851
802031
798306
794655
791066
787526
784025
780554
777106
773675
770259
766859
763475
760098
756721
753341
749956
746566
743169
739768
736362
732951
729534
726111
722680
719238
715786
712323
708850
705365
701869
698359
694836
691300
687750
684187
680611
677021
673418
669800
666166
662515
658848
655163
651463
647746
644015
640268
636503
632719
628917
625097
621260
617407
613537
609649
605743
601820
597879
593920
589943
585949
581937
577907
573860
569797
565718
561623
557509
553377
549225
545055
540865
536656
532428
528180
523914
519631
515332
511018
506688
502345
497989
493621
489242
484854
480455
476047
471627
467195
462750
458291
453819
449334
444837
440327
435804
431267
426716
422152
417574
412984
408383
403771
399149
394518
389877
385227
380570
375905
371233
366557
361876
357191
352501
347808
343112
338413
333712
329010
324308
319606
314904
310201
305500
300799
296101
291407
286715
282027
277342
272661
267986
263315
258648
253986
249328
244675
240026
235384
230748
226120
221502
216895
212303
207726
203168
198632
194118
189626
185156
180705
176274
171863
167471
163100
158753
154432
150136
145867
141626
137413
133229
129073
124942
120837
116759
112715
108706
104734
100800
96902.5
93041.9
845571
837938
831609
826150
821239
816687
812387
808273
804300
800438
796665
792964
789322
785726
782168
778641
775137
771654
768192
764746
761311
757880
754449
751017
747581
744143
740702
737259
733811
730359
726902
723437
719964
716482
712990
709489
705978
702455
698920
695373
691813
688241
684656
681059
677450
673826
670188
666536
662867
659181
655479
651761
648029
644282
640519
636740
632942
629127
625295
621446
617582
613702
609804
605889
601957
598007
594040
590055
586052
582031
577993
573938
569866
565779
561675
557554
553415
549257
545080
540885
536672
532439
528187
523918
519632
515331
511014
506682
502337
497978
493607
489226
484834
480432
476019
471596
467161
462713
458252
453778
449291
444792
440280
435755
431217
426666
422100
417522
412932
408330
403718
399097
394466
389826
385178
380522
375859
371190
366516
361837
357153
352466
347775
343082
338386
333688
328990
324291
319592
314892
310192
305492
300794
296099
291407
286718
282033
277350
272670
267996
263326
258659
253997
249339
244685
240035
235391
230754
226124
221505
216899
212308
207735
203181
198648
194137
189649
185180
180730
176299
171886
167494
163124
158778
154459
150167
145903
141668
137462
133286
129135
125008
120905
116827
112782
108773
104799
100862
96962
93098.2
848848
841501
835102
829441
824309
819551
815065
810784
806662
802665
798769
794954
791207
787515
783868
780257
776677
773123
769593
766082
762585
759097
755613
752130
748647
745165
741684
738200
734714
731225
727731
724231
720725
717210
713688
710158
706618
703068
699507
695934
692350
688754
685147
681528
677897
674253
670594
666922
663234
659530
655809
652074
648324
644561
640782
636987
633175
629346
625501
621640
617764
613872
609963
606038
602097
598138
594162
590168
586156
582126
578079
574015
569935
565839
561727
557599
553452
549287
545105
540905
536686
532448
528193
523920
519631
515327
511008
506674
502326
497965
493592
489207
484812
480406
475990
471563
467125
462674
458211
453734
449246
444745
440232
435705
431166
426614
422048
417470
412879
408278
403666
399044
394414
389776
385129
380475
375814
371148
366476
361799
357118
352433
347745
343055
338362
333669
328974
324278
319582
314884
310187
305490
300796
296103
291415
286729
282044
277362
272684
268009
263338
258671
254007
249347
244691
240039
235392
230752
226121
221502
216896
212308
207738
203188
198659
194151
189664
185196
180746
176313
171900
167507
163136
158791
154474
150186
145927
141698
137499
133330
129186
125063
120961
116885
112840
108830
104855
100916
97012.4
93145.1
851808
844772
838418
832660
827375
822451
817803
813371
809107
804980
800963
797036
793183
789393
785654
781958
778299
774670
771068
767489
763927
760378
756836
753300
749769
746240
742714
739187
735660
732130
728598
725062
721521
717973
714419
710857
707287
703708
700119
696520
692910
689290
685659
682018
678364
674697
671018
667324
663616
659893
656153
652400
648633
644852
641056
637245
633418
629575
625716
621842
617953
614049
610129
606192
602240
598272
594286
590282
586261
582222
578166
574093
570004
565900
561779
557643
553489
549317
545129
540923
536699
532457
528197
523921
519629
515322
511000
506664
502314
497951
493575
489187
484789
480379
475960
471529
467088
462634
458168
453690
449200
444698
440183
435655
431115
426561
421995
417417
412827
408226
403614
398993
394364
389727
385082
380430
375771
371107
366437
361763
357085
352403
347719
343032
338343
333653
328962
324269
319576
314881
310187
305494
300803
296114
291428
286744
282061
277379
272699
268022
263349
258679
254012
249349
244690
240035
235385
230742
226110
221490
216887
212302
207736
203189
198662
194157
189671
185202
180751
176317
171902
167508
163137
158792
154476
150191
145936
141712
137521
133359
129220
125101
121003
116929
112885
108875
104898
100957
97051.7
93181
854578
847828
841574
835790
830411
825363
820582
816016
811623
807373
803239
799202
795246
791358
787527
783745
780003
776297
772621
768970
765341
761727
758125
754533
750949
747370
743795
740222
736650
733079
729507
725932
722353
718770
715182
711587
707985
704375
700757
697130
693493
689848
686192
682527
678849
675159
671457
667742
664013
660269
656511
652739
648953
645154
641341
637513
633670
629812
625939
622051
618149
614231
610299
606351
602388
598408
594412
590398
586367
582318
578253
574171
570073
565960
561832
557687
553526
549347
545153
540941
536712
532465
528200
523920
519624
515315
510990
506652
502299
497934
493556
489165
484764
480351
475928
471495
467050
462594
458126
453646
449154
444650
440133
435604
431063
426508
421942
417364
412774
408174
403563
398944
394315
389680
385036
380386
375730
371068
366401
361729
357054
352377
347696
343014
338329
333643
328954
324265
319574
314883
310192
305503
300816
296130
291446
286763
282079
277396
272713
268034
263357
258682
254011
249344
244680
240021
235368
230723
226090
221472
216871
212289
207726
203182
198657
194152
189666
185196
180743
176308
171891
167496
163124
158779
154465
150181
145929
141710
137524
133368
129234
125120
121025
116955
112913
108904
104928
100986
97078.8
93205.5
857230
850728
844593
838829
833402
828269
823383
818703
814195
809831
805587
801445
797388
793404
789481
785612
781787
778002
774250
770526
766827
763147
759482
755831
752190
748557
744930
741308
737689
734073
730457
726842
723224
719603
715978
712348
708713
705070
701421
697764
694100
690427
686746
683054
679351
675637
671911
668174
664423
660659
656881
653089
649284
645466
641635
637790
633931
630057
626169
622267
618350
614420
610474
606513
602538
598547
594539
590515
586474
582415
578340
574249
570143
566021
561884
557732
553563
549378
545176
540959
536724
532472
528203
523919
519619
515306
510979
506638
502283
497915
493535
489142
484738
480322
475897
471460
467013
462554
458084
453602
449108
444602
440084
435554
431011
426456
421889
417311
412722
408123
403514
398896
394270
389636
384994
380346
375691
371032
366368
361700
357029
352355
347679
343001
338320
333637
328952
324265
319577
314889
310202
305516
300832
296149
291466
286782
282097
277410
272723
268039
263357
258677
254000
249328
244660
239997
235341
230696
226063
221446
216848
212269
207708
203165
198640
194135
189647
185176
180723
176286
171869
167473
163100
158755
154441
150158
145907
141691
137508
133355
129226
125116
121027
116961
112923
108916
104941
101001
97093.3
93218.5
859803
853512
847501
841781
836341
831153
826188
821416
816809
812343
807998
803755
799601
795523
791510
787554
783647
779781
775953
772155
768385
764637
760907
757194
753493
749803
746122
742448
738780
735115
731454
727794
724134
720472
716808
713141
709469
705793
702111
698423
694729
691028
687318
683599
679870
676130
672381
668620
664846
661060
657261
653449
649625
645788
641938
638075
634199
630309
626405
622488
618557
614612
610653
606679
602690
598687
594668
590633
586581
582513
578428
574328
570213
566082
561937
557776
553600
549407
545199
540976
536736
532479
528205
523917
519613
515297
510966
506623
502266
497895
493512
489117
484711
480293
475865
471426
466976
462515
458042
453558
449062
444555
440035
435503
430959
426404
421837
417260
412672
408074
403468
398852
394227
389595
384956
380309
375657
371001
366340
361676
357009
352340
347669
342995
338318
333637
328954
324270
319584
314899
310215
305533
300850
296167
291484
286798
282109
277417
272725
268035
263346
258660
253978
249301
244629
239963
235306
230660
226029
221413
216817
212240
207680
203137
198611
194105
189616
185144
180689
176253
171835
167438
163065
158720
154405
150122
145871
141655
137474
133323
129195
125090
121006
116946
112913
108910
104939
101001
97095
93220.4
862320
856210
850317
844656
839224
834007
828986
824141
819450
814895
810457
806122
801876
797708
793608
789566
785576
781631
777725
773853
770011
766194
762398
758621
754859
751110
747373
743644
739923
736209
732498
728791
725086
721381
717675
713967
710258
706545
702829
699108
695382
691649
687910
684162
680405
676639
672864
669078
665281
661472
657650
653817
649973
646116
642247
638366
634473
630566
626646
622713
618767
614807
610834
606846
602844
598828
594797
590751
586688
582610
578516
574407
570283
566144
561990
557821
553637
549437
545222
540992
536747
532485
528207
523914
519608
515287
510954
506608
502248
497875
493490
489092
484684
480264
475833
471392
466940
462476
458002
453516
449019
444509
439988
435455
430910
426354
421788
417211
412625
408029
403425
398811
394190
389560
384922
380279
375630
370976
366320
361659
356997
352333
347665
342995
338321
333643
328962
324278
319595
314913
310230
305549
300866
296182
291496
286806
282112
277414
272716
268019
263324
258632
253945
249263
244588
239921
235263
230618
225987
221373
216778
212201
207640
203096
198568
194060
189570
185098
180645
176209
171792
167395
163021
158676
154360
150075
145823
141605
137423
133271
129145
125043
120964
116910
112884
108886
104920
100986
97083.9
93212
864798
858842
853059
847461
842051
836823
831766
826865
822106
817474
812955
808535
804203
799950
795765
791641
787570
783546
779563
775617
771702
767815
763952
760110
756285
752476
748680
744896
741121
737353
733592
729836
726083
722332
718582
714832
711082
707330
703576
699819
696059
692293
688522
684743
680957
677163
673360
669548
665726
661893
658048
654193
650327
646450
642562
638662
634750
630826
626889
622940
618979
615004
611016
607014
602999
598970
594927
590869
586796
582708
578604
574486
570353
566205
562043
557866
553674
549467
545246
541009
536758
532492
528210
523913
519603
515279
510943
506593
502231
497856
493468
489069
484658
480236
475803
471360
466906
462440
457964
453476
448977
444466
439944
435410
430865
426309
421742
417167
412582
407989
403387
398776
394157
389530
384896
380255
375610
370960
366308
361652
356995
352334
347671
343003
338331
333654
328973
324291
319608
314926
310245
305562
300878
296190
291499
286804
282104
277400
272695
267991
263290
258593
253901
249216
244539
239872
235215
230570
225940
221326
216730
212152
207589
203042
198513
194003
189513
185043
180592
176158
171742
167345
162971
158625
154308
150020
145764
141543
137358
133205
129079
124979
120905
116857
112837
108846
104886
100958
97061.3
93194.4
867244
861421
855737
850203
844825
839598
834519
829578
824764
820068
815477
810981
806571
802238
797973
793769
789619
785518
781459
777439
773452
769495
765565
761657
757769
753898
750043
746201
742370
738548
734735
730928
727126
723327
719531
715737
711944
708151
704357
700562
696764
692963
689157
685345
681528
677704
673872
670032
666183
662325
658456
654578
650690
646792
642883
638964
635033
631090
627136
623171
619194
615204
611201
607184
603156
599113
595057
590987
586903
582805
578692
574565
570423
566267
562096
557911
553712
549498
545270
541028
536771
532500
528214
523913
519600
515273
510934
506582
502216
497839
493449
489047
484634
480210
475776
471330
466874
462407
457929
453440
448939
444427
439904
435370
430824
426269
421704
417130
412547
407956
403356
398748
394131
389507
384877
380240
375599
370954
366306
361656
357003
352346
347685
343018
338346
333669
328987
324305
319622
314939
310256
305570
300882
296189
291492
286791
282084
277373
272661
267951
263245
258544
253849
249162
244485
239818
235162
230517
225886
221271
216674
212093
207528
202979
198448
193937
189449
184981
180534
176102
171688
167291
162917
158571
154251
149960
145699
141473
137284
133128
129001
124902
120832
116790
112776
108792
104839
100919
97029.4
93170.2
869463
863747
858145
852670
847324
842109
837020
832054
827203
822458
817811
813255
808780
804380
800046
795773
791555
787385
783259
779172
775120
771099
767106
763138
759191
755264
751353
747457
743574
739702
735839
731985
728136
724293
720453
716617
712783
708950
705118
701285
697451
693614
689775
685931
682083
678229
674369
670502
666627
662743
658851
654950
651040
647122
643193
639254
635305
631345
627374
623392
619399
615394
611377
607347
603305
599250
595182
591101
587006
582898
578776
574640
570490
566325
562147
557955
553749
549529
545295
541047
536786
532510
528220
523916
519600
515270
510928
506573
502205
497825
493433
489030
484615
480189
475752
471305
466848
462379
457899
453409
448907
444394
439871
435336
430792
426238
421674
417102
412521
407931
403334
398728
394114
389494
384867
380235
375598
370958
366315
361670
357020
352366
347705
343038
338365
333685
329002
324318
319634
314948
310260
305570
300876
296177
291473
286765
282051
277335
272618
267903
263193
258489
253793
249106
244428
239762
235105
230460
225828
221211
216611
212028
207460
202909
198377
193868
189381
184917
180474
176045
171632
167236
162862
158514
154191
149895
145630
141399
137204
133045
128917
124819
120751
116713
112705
108728
104783
100871
96991.7
93142.6
871645
866022
860496
855074
849763
844562
839471
834488
829606
824822
820128
815517
810984
806522
802125
797787
793503
789268
785077
780925
776810
772727
768672
764644
760639
756655
752689
748739
744803
740880
736968
733065
729170
725282
721399
717520
713645
709772
705900
702029
698158
694286
690412
686535
682655
678770
674880
670985
667083
663174
659258
655333
651401
647461
643511
639552
635584
631606
627617
623619
619609
615589
611557
607514
603458
599390
595310
591217
587112
582994
578862
574718
570559
566387
562202
558003
553790
549564
545324
541071
536805
532524
528231
523924
519604
515272
510927
506569
502199
497817
493423
489017
484600
480173
475735
471286
466827
462356
457875
453384
448881
444368
439845
435311
430768
426216
421654
417084
412505
407917
403322
398719
394109
389492
384869
380241
375609
370973
366335
361693
357046
352392
347731
343062
338385
333703
329017
324331
319644
314953
310260
305562
300861
296154
291444
286729
282010
277289
272568
267850
263138
258432
253736
249049
244372
239705
235047
230400
225766
221146
216544
211959
207390
202839
198308
193800
189317
184856
180416
175990
171578
167182
162808
158457
154130
149831
145561
141325
137125
132961
128832
124734
120667
116633
112631
108661
104724
100822
96953.4
93116.8
874108
868576
863124
857758
852483
847301
842212
837215
832307
827484
822743
818079
813486
808959
804495
800087
795732
791424
787161
782938
778751
774598
770475
766378
762307
758258
754228
750217
746221
742240
738271
734312
730364
726423
722490
718562
714639
710720
706804
702889
698976
695063
691149
687234
683316
679396
675472
671544
667611
663672
659727
655775
651817
647851
643877
639895
635905
631906
627897
623878
619851
615813
611764
607704
603633
599551
595457
591351
587234
583104
578962
574807
570640
566459
562266
558059
553840
549607
545361
541103
536831
532546
528248
523937
519614
515279
510931
506570
502198
497813
493417
489009
484590
480161
475721
471271
466810
462338
457857
453364
448862
444349
439826
435294
430753
426203
421644
417076
412499
407914
403321
398721
394115
389502
384883
380259
375631
371000
366365
361725
357078
352423
347759
343087
338406
333720
329031
324341
319648
314951
310250
305544
300833
296119
291402
286682
281959
277235
272512
267793
263080
258375
253678
248990
244313
239644
234984
230335
225698
221077
216473
211888
207320
202771
198242
193737
189256
184798
180361
175937
171525
167130
162754
158400
154070
149766
145493
141253
137048
132882
128751
124652
120586
116554
112557
108593
104666
100775
96918.7
93096.7
876855
871411
866030
860720
855484
850323
845240
840233
835302
830445
825659
820942
816289
811698
807163
802683
798252
793868
789528
785226
780962
776731
772531
768360
764214
760092
755991
751910
747846
743798
739764
735743
731733
727734
723742
719759
715781
711810
707842
703878
699917
695957
691998
688039
684080
680119
676156
672190
668221
664248
660269
656286
652297
648302
644301
640292
636276
632253
628220
624180
620131
616073
612005
607927
603838
599740
595630
591510
587378
583236
579081
574915
570737
566547
562344
558129
553902
549662
545410
541145
536868
532577
528275
523960
519633
515294
510942
506579
502203
497816
493418
489008
484587
480156
475714
471262
466800
462328
457845
453353
448851
444340
439819
435290
430751
426204
421648
417082
412508
407926
403336
398739
394136
389527
384912
380292
375667
371037
366401
361760
357111
352453
347786
343109
338423
333732
329038
324343
319644
314938
310228
305513
300794
296074
291353
286629
281904
277178
272454
267735
263022
258317
253619
248930
244251
239580
234917
230266
225629
221007
216404
211820
207254
202708
198182
193679
189201
184745
180308
175885
171474
167078
162701
158344
154010
149703
145427
141185
136978
132809
128676
124577
120511
116481
112487
108531
104612
100733
96891.2
93085.8
879878
874514
869201
863944
858746
853608
848532
843520
838570
833683
828856
824088
819378
814722
810118
805564
801056
796593
792171
787787
783439
779125
774843
770589
766362
762160
757980
753821
749682
745560
741454
737362
733284
729217
725161
721114
717076
713045
709020
705000
700985
696973
692963
688955
684949
680942
676936
672928
668918
664906
660890
656871
652848
648820
644787
640748
636704
632652
628594
624528
620455
616374
612284
608186
604078
599961
595834
591697
587550
583392
579224
575045
570855
566653
562441
558216
553981
549733
545473
541201
536917
532621
528313
523993
519662
515319
510963
506597
502218
497828
493427
489016
484593
480160
475717
471264
466801
462328
457846
453355
448855
444347
439829
435303
430767
426223
421669
417106
412535
407955
403367
398773
394173
389567
384954
380335
375710
371078
366439
361793
357139
352476
347803
343121
338430
333733
329033
324331
319624
314910
310192
305471
300748
296026
291303
286578
281852
277125
272400
267680
262967
258260
253561
248870
244188
239515
234851
230200
225564
220945
216344
211762
207199
202656
198132
193631
189153
184697
180260
175836
171425
167029
162650
158291
153955
149646
145368
141125
136918
132748
128614
124513
120448
116419
112429
108478
104569
100701
96873.9
93086.1
883145
877853
872600
867391
862228
857112
852046
847030
842066
837152
832288
827475
822711
817994
813323
808696
804112
799568
795063
790595
786161
781761
777391
773050
768737
764448
760184
755942
751720
747517
743332
739163
735009
730869
726741
722625
718519
714422
710333
706252
702176
698106
694041
689979
685920
681864
677809
673754
669699
665644
661587
657529
653467
649403
645335
641263
637187
633105
629018
624924
620825
616718
612604
608483
604354
600216
596070
591915
587750
583576
579393
575199
570996
566782
562557
558322
554077
549820
545551
541272
536981
532678
528365
524040
519703
515355
510996
506626
502245
497852
493449
489036
484612
480179
475735
471282
466819
462347
457867
453378
448881
444375
439861
435337
430804
426262
421711
417150
412580
408001
403415
398822
394223
389617
385004
380382
375752
371114
366467
361813
357152
352482
347804
343117
338420
333717
329011
324301
319587
314867
310145
305422
300700
295978
291257
286532
281805
277077
272351
267629
262913
258205
253504
248811
244127
239454
234791
230142
225510
220894
216296
211717
207157
202615
198093
193591
189112
184655
180216
175792
171380
166984
162605
158244
153907
149597
145319
141076
136869
132699
128565
124464
120398
116371
112384
108439
104537
100680
96866.6
93096.3
886588
881357
876157
870990
865858
860763
855707
850689
845712
840776
835881
831027
826214
821441
816708
812013
807356
802735
798149
793598
789079
784591
780133
775703
771301
766924
762571
758241
753933
749645
745376
741125
736890
732671
728466
724275
720096
715928
711770
707622
703481
699349
695223
691102
686987
682875
678768
674662
670559
666457
662355
658253
654151
650047
645942
641833
637722
633607
629488
625365
621237
617103
612963
608817
604665
600505
596338
592163
587979
583788
579588
575378
571160
566932
562695
558448
554192
549924
545647
541359
537060
532750
528430
524099
519758
515406
511043
506669
502286
497892
493489
489075
484652
480219
475777
471325
466865
462395
457916
453430
448935
444431
439918
435396
430865
426324
421774
417213
412643
408063
403476
398881
394278
389668
385048
380419
375781
371132
366476
361813
357143
352467
347784
343091
338389
333680
328969
324255
319536
314814
310092
305371
300650
295931
291210
286487
281759
277030
272301
267577
262858
258148
253446
248754
244071
239400
234741
230096
225468
220856
216261
211683
207124
202583
198061
193558
189077
184618
180177
175751
171339
166944
162565
158203
153865
149556
145278
141036
136830
132661
128527
124425
120361
116335
112351
108410
104515
100667
96867.4
93114.3
890084
884906
879749
874617
869512
864435
859387
854369
849383
844429
839507
834618
829763
824940
820151
815395
810671
805979
801319
796689
792089
787518
782975
778459
773969
769504
765064
760647
756252
751878
747523
743188
738871
734571
730287
726018
721763
717521
713292
709073
704865
700667
696477
692295
688120
683951
679788
675630
671475
667323
663175
659027
654881
650736
646590
642444
638296
634146
629994
625839
621681
617518
613351
609180
605003
600820
596631
592435
588232
584022
579804
575579
571345
567103
562852
558593
554324
550046
545759
541462
537155
532839
528512
524176
519830
515474
511109
506734
502350
497958
493556
489146
484726
480297
475857
471408
466948
462478
458000
453512
449016
444512
439999
435478
430948
426408
421856
417292
412716
408129
403534
398930
394317
389695
385065
380426
375777
371120
366456
361787
357113
352432
347744
343045
338338
333625
328912
324196
319477
314755
310034
305314
300595
295877
291158
286436
281709
276978
272248
267521
262801
258091
253391
248701
244022
239355
234701
230061
225437
220829
216236
211658
207098
202558
198034
193529
189047
184585
180142
175715
171303
166908
162529
158168
153830
149521
145245
141004
136799
132632
128497
124396
120332
116308
112326
108390
104501
100662
96874.2
93137.7
892695
887549
882420
877311
872224
867158
862117
857100
852108
847143
842205
837295
832413
827560
822734
817938
813170
808431
803720
799036
794380
789751
785149
780572
776020
771493
766989
762508
758049
753612
749195
744797
740418
736057
731713
727385
723073
718774
714490
710218
705957
701708
697469
693240
689019
684805
680599
676399
672204
668014
663828
659645
655465
651287
647110
642933
638757
634580
630401
626221
622039
617854
613666
609474
605277
601076
596870
592658
588440
584216
579984
575746
571500
567247
562986
558717
554440
550154
545860
541557
537245
532924
528594
524255
519907
515551
511187
506814
502433
498045
493648
489241
484824
480397
475957
471506
467043
462569
458087
453596
449096
444590
440075
435553
431020
426476
421917
417343
412753
408152
403542
398924
394299
389668
385032
380389
375738
371080
366416
361746
357071
352388
347695
342992
338280
333566
328851
324134
319413
314691
309970
305252
300535
295819
291102
286381
281656
276926
272196
267469
262750
258042
253346
248660
243986
239324
234674
230037
225416
220810
216218
211639
207078
202536
198011
193505
189021
184558
180113
175684
171272
166877
162499
158138
153800
149492
145217
140976
136773
132606
128472
124372
120308
116286
112306
108373
104489
100657
96880.1
93159.6
894379
889252
884141
879046
873969
868911
863874
858858
853864
848894
843947
839025
834127
829255
824409
819589
814795
810027
805286
800570
795880
791215
786576
781961
777371
772804
768260
763739
759240
754762
750305
745867
741448
737048
732665
728299
723949
719614
715293
710986
706691
702409
698137
693876
689624
685381
681146
676919
672697
668482
664271
660064
655861
651661
647463
643266
639071
634875
630679
626483
622284
618084
613882
609676
605467
601254
597036
592814
588586
584352
580112
575865
571611
567351
563084
558809
554527
550237
545939
541633
537319
532997
528667
524329
519983
515628
511266
506896
502519
498133
493739
489334
484917
480487
476045
471589
467122
462643
458156
453659
449154
444642
440123
435595
431056
426503
421935
417349
412748
408134
403513
398887
394257
389624
384987
380346
375699
371043
366380
361710
357032
352346
347650
342945
338231
333515
328798
324079
319357
314635
309915
305199
300483
295769
291053
286334
281610
276883
272154
267430
262714
258009
253316
248635
243964
239305
234657
230022
225402
220798
216206
211626
207064
202521
197996
193488
189003
184539
180091
175661
171248
166854
162477
158116
153779
149471
145197
140957
136755
132589
128455
124354
120292
116271
112293
108362
104482
100656
96888.8
93183.9
895572
890459
885359
880273
875204
870152
865118
860103
855108
850134
845181
840251
835344
830460
825600
820764
815952
811165
806403
801665
796952
792263
787599
782958
778341
773747
769175
764626
760099
755592
751106
746640
742193
737765
733354
728961
724584
720223
715876
711544
707225
702918
698623
694339
690066
685802
681546
677298
673058
668823
664595
660371
656152
651935
647722
643511
639301
635092
630883
626674
622465
618253
614041
609825
605607
601386
597161
592932
588697
584457
580211
575958
571699
567434
563163
558885
554600
550308
546009
541703
537389
533068
528740
524403
520058
515705
511344
506975
502598
498213
493818
489411
484991
480558
476111
471650
467177
462692
458198
453693
449180
444660
440134
435598
431052
426492
421915
417321
412712
408093
403468
398840
394210
389579
384946
380307
375661
371006
366343
361671
356991
352301
347604
342898
338185
333468
328748
324028
319306
314585
309867
305151
300437
295724
291010
286292
281571
276846
272121
267399
262686
257985
253296
248617
243950
239292
234646
230012
225393
220788
216196
211617
207054
202510
197985
193476
188989
184523
180074
175643
171229
166836
162460
158100
153763
149456
145182
140943
136741
132575
128441
124342
120280
116260
112284
108355
104478
100657
96897.8
93207.7
896412
891308
886216
881137
876073
871025
865993
860979
855983
851007
846051
841115
836202
831310
826440
821594
816771
811971
807194
802442
797712
793007
788325
783666
779031
774418
769827
765258
760711
756185
751679
747193
742726
738278
733848
729435
725039
720659
716294
711944
707607
703284
698972
694673
690383
686104
681834
677572
673317
669070
664829
660593
656361
652134
647909
643687
639467
635249
631031
626813
622595
618376
614155
609934
605710
601484
597255
593021
588783
584539
580289
576032
571770
567501
563227
558947
554660
550367
546069
541763
537452
533133
528805
524468
520122
515768
511405
507035
502657
498271
493873
489462
485037
480598
476145
471678
467199
462708
458206
453694
449173
444645
440112
435571
431019
426455
421875
417278
412666
408047
403423
398797
394169
389539
384906
380269
375624
370968
366303
361631
356950
352260
347561
342855
338141
333424
328704
323983
319262
314542
309826
305112
300399
295687
290974
286258
281538
276816
272094
267376
262666
257968
253281
248605
243939
239283
234637
230004
225386
220781
216189
211609
207046
202502
197977
193467
188978
184511
180060
175628
171214
166821
162446
158087
153750
149444
145170
140932
136730
132564
128431
124332
120271
116252
112277
108350
104475
100658
96906.1
93230.1
896997
891900
886813
881739
876679
871633
866603
861589
856593
851616
846657
841718
836800
831903
827027
822174
817342
812534
807748
802985
798245
793528
788834
784163
779515
774889
770285
765702
761141
756601
752082
747582
743101
738639
734196
729769
725360
720967
716589
712226
707878
703542
699219
694908
690608
686318
682037
677766
673502
669245
664995
660750
656510
652275
648042
643813
639586
635360
631135
626911
622687
618462
614237
610011
605783
601555
597324
593090
588849
584603
580349
576089
571823
567552
563276
558994
554706
550414
546115
541810
537500
533182
528853
524514
520165
515808
511443
507071
502692
498302
493901
489483
485051
480606
476147
471674
467190
462694
458187
453669
449142
444610
440071
435527
430973
426408
421827
417231
412622
408005
403384
398759
394131
389501
384869
380232
375586
370930
366265
361594
356914
352223
347523
342817
338103
333386
328666
323946
319226
314508
309793
305080
300368
295657
290945
286230
281512
276792
272072
267357
262651
257955
253270
248596
243931
239276
234631
229999
225380
220776
216184
211604
207041
202496
197970
193460
188970
184501
180049
175616
171202
166809
162434
158076
153740
149435
145162
140924
136722
132556
128423
124325
120265
116246
112272
108346
104473
100659
96913.3
93250.3
897398
892306
887223
882151
877093
872050
867021
862008
857011
852033
847073
842132
837211
832310
827430
822572
817735
812921
808129
803359
798612
793887
789185
784506
779849
775214
770601
766009
761439
756889
752360
747851
743360
738889
734436
730000
725582
721180
716793
712422
708065
703721
699390
695071
690764
686466
682179
677900
673630
669367
665110
660860
656614
652373
648135
643900
639668
635437
631208
626979
622751
618522
614293
610064
605835
601607
597376
593141
588899
584649
580392
576129
571860
567587
563309
559026
554738
550445
546146
541841
537530
533211
528880
524538
520186
515826
511459
507084
502701
498307
493900
489477
485039
480587
476124
471648
467160
462661
458151
453630
449102
444568
440028
435481
430926
426361
421782
417188
412583
407970
403351
398727
394098
389467
384835
380198
375552
370896
366233
361562
356882
352191
347492
342785
338072
333356
328637
323917
319198
314482
309768
305056
300345
295634
290923
286208
281491
276773
272055
267343
262639
257946
253263
248589
243925
239271
234627
229995
225377
220772
216180
211600
207037
202492
197965
193455
188963
184493
180040
175606
171192
166799
162425
158068
153733
149429
145156
140918
136716
132550
128417
124319
120260
116242
112268
108343
104472
100660
96919.2
93267.8
897666
892577
887496
882427
877371
872328
867300
862287
857291
852312
847351
842409
837486
832583
827700
822839
817999
813180
808384
803609
798857
794128
789420
784735
780073
775432
770813
766215
761638
757083
752547
748031
743535
739057
734597
730156
725731
721323
716930
712553
708191
703842
699505
695181
690869
686567
682274
677991
673716
669449
665189
660934
656685
652440
648198
643960
639724
635490
631257
627026
622794
618562
614330
610100
605871
601642
597412
593175
588931
584678
580418
576152
571881
567607
563328
559044
554756
550462
546162
541855
537542
533220
528887
524543
520188
515825
511455
507076
502689
498290
493878
489451
485009
480555
476089
471612
467123
462623
458112
453592
449064
444529
439989
435441
430885
426320
421743
417152
412550
407940
403322
398698
394070
389439
384807
380170
375524
370868
366205
361535
356855
352165
347466
342760
338047
333332
328615
323896
319179
314464
309749
305037
300327
295618
290907
286193
281476
276759
272043
267333
262631
257939
253257
248584
243921
239267
234624
229992
225374
220769
216176
211597
207033
202488
197962
193451
188959
184487
180033
175599
171185
166791
162418
158062
153728
149424
145151
140913
136711
132545
128412
124315
120256
116238
112265
108341
104471
100661
96923.8
93282.2
897839
892751
887672
882604
877549
872508
867480
862468
857471
852492
847530
842587
837663
832759
827874
823011
818168
813348
808548
803771
799016
794283
789572
784884
780217
775573
770950
766348
761768
757208
752668
748148
743647
739165
734702
730256
725827
721415
717019
712638
708272
703920
699580
695253
690937
686632
682337
678051
673773
669503
665240
660984
656732
652485
648241
644000
639761
635525
631290
627056
622823
618589
614356
610124
605895
601666
597434
593196
588948
584693
580431
576164
571891
567616
563337
559052
554762
550467
546164
541855
537540
533216
528881
524534
520177
515811
511439
507056
502665
498262
493847
489418
484974
480520
476055
471578
467089
462590
458079
453559
449031
444498
439958
435410
430853
426289
421713
417124
412524
407916
403299
398676
394048
389417
384786
380149
375503
370847
366183
361512
356833
352144
347446
342740
338029
333316
328600
323882
319165
314450
309736
305023
300314
295605
290895
286182
281466
276749
272035
267326
262625
257934
253253
248581
243918
239265
234621
229990
225372
220766
216174
211594
207031
202485
197958
193448
188955
184482
180028
175593
171179
166785
162412
158057
153724
149421
145148
140910
136708
132541
128409
124312
120253
116236
112263
108339
104470
100662
96927
93293.4
897943
892856
887779
882712
877657
872616
867589
862577
857580
852601
847639
842695
837770
832865
827980
823115
818271
813449
808648
803869
799112
794377
789665
784974
780305
775658
771033
766429
761846
757283
752741
748219
743715
739231
734765
730316
725885
721470
717072
712689
708321
703967
699626
695297
690979
686672
682375
678087
673808
669537
665273
661015
656762
652514
648268
644026
639786
635548
631312
627077
622842
618607
614372
610140
605910
601680
597447
593207
588957
584700
580437
576168
571894
567618
563338
559053
554762
550464
546159
541849
537532
533205
528868
524520
520161
515793
511418
507033
502640
498235
493818
489388
484945
480491
476027
471552
467063
462563
458053
453534
449007
444475
439935
435388
430831
426266
421691
417103
412506
407899
403283
398660
394032
389402
384771
380134
375488
370831
366167
361496
356817
352129
347431
342726
338016
333304
328589
323872
319156
314442
309727
305014
300305
295597
290887
286174
281459
276743
272029
267321
262621
257931
253250
248578
243916
239263
234620
229989
225370
220764
216172
211592
207029
202483
197956
193446
188952
184479
180024
175589
171174
166781
162408
158054
153722
149419
145146
140908
136705
132539
128407
124310
120251
116234
112261
108338
104469
100662
96928.9
93301
897999
892913
887836
882770
877716
872675
867648
862636
857639
852660
847697
842753
837828
832923
828037
823171
818327
813504
808702
803922
799164
794428
789714
785022
780353
775704
771078
766472
761888
757324
752781
748257
743752
739266
734798
730348
725916
721500
717100
712716
708347
703992
699650
695320
691001
686693
682395
678106
673827
669555
665291
661032
656779
652529
648283
644040
639799
635561
631325
627089
622853
618617
614382
610149
605917
601686
597452
593211
588961
584703
580439
576169
571894
567617
563337
559051
554759
550459
546153
541841
537522
533194
528856
524507
520147
515778
511401
507015
502621
498215
493797
489368
484925
480472
476009
471534
467045
462545
458036
453518
448992
444460
439921
435374
430817
426252
421677
417090
412494
407888
403273
398650
394022
389392
384761
380124
375478
370821
366157
361485
356806
352119
347422
342717
338008
333296
328582
323866
319150
314436
309721
305007
300298
295591
290882
286169
281454
276739
272026
267318
262619
257929
253248
248577
243914
239261
234618
229987
225369
220763
216170
211591
207027
202482
197954
193444
188951
184477
180022
175586
171172
166778
162405
158051
153720
149417
145145
140906
136703
132537
128405
124309
120250
116233
112260
108337
104468
100662
96929.8
93305.4
898022
892936
887859
882793
877739
872698
867671
862659
857663
852683
847721
842777
837852
832946
828060
823194
818350
813526
808724
803944
799185
794449
789735
785042
780372
775723
771096
766490
761905
757341
752797
748272
743767
739280
734812
730361
725928
721512
717111
712726
708357
704001
699659
695329
691010
686701
682403
678114
673833
669562
665297
661038
656784
652535
648288
644044
639804
635566
631329
627093
622857
618621
614385
610151
605919
601687
597452
593211
588961
584703
580439
576169
571893
567616
563335
559049
554756
550456
546149
541836
537517
533188
528849
524500
520140
515770
511392
507006
502611
498205
493787
489357
484916
480463
476000
471525
467037
462537
458028
453510
448985
444454
439915
435367
430811
426245
421670
417084
412488
407883
403268
398645
394018
389388
384756
380119
375473
370816
366152
361480
356801
352114
347417
342713
338004
333292
328579
323864
319148
314433
309719
305005
300295
295588
290879
286167
281452
276737
272024
267317
262618
257928
253247
248576
243914
239261
234618
229987
225368
220763
216170
211590
207027
202481
197953
193443
188950
184476
180020
175585
171170
166777
162404
158050
153720
149417
145144
140906
136703
132536
128404
124308
120249
116232
112259
108336
104468
100662
96930
93307.1
89942.2
86466.4
82826.7
79058.1
75179.3
71202
67132.8
62977.3
58742.8
54439.7
50082.3
45687.8
41273.8
36859.7
32468.4
28127.7
23872.5
19746.5
15800.7
12096.7
8705.76
5708.11
3198.93
1299.34
176.83
89809.5
86318.4
82677.6
78910.8
75034.9
71061.2
66995.8
62844.4
58614.1
54315.3
49962.6
45573.2
41164.8
36756.7
32371.8
28037.8
23789.7
19671.1
15732.9
12037.2
8655.2
5667.08
3168.29
1279.86
170.36
89704.5
86191.4
82544.5
78776.8
74902
70930.4
66868.1
62720
58493.1
54198
49849.5
45464.8
41061.6
36659.2
32280.4
27952.8
23711.4
19599.7
15668.7
11980.6
8607.1
5627.94
3139.13
1261.54
164.977
89616.6
86081.4
82425.6
78654.7
74779.5
70809.1
66749
62603.5
58379.4
54087.4
49742.7
45362.3
40964
36566.9
32193.9
27872.3
23637.2
19532
15607.8
11926.9
8561.31
5590.59
3111.32
1244.22
160.323
89540.2
85985
82318.9
78543.5
74666.7
70696.7
66638
62494.4
58272.6
53983.5
49642.1
45265.6
40871.6
36479.5
32111.7
27795.9
23566.7
19467.8
15549.9
11875.9
8517.66
5554.92
3084.79
1227.85
156.26
89472.5
85899.6
82223
78442
74562.8
70592.4
66534.5
62392.5
58172.6
53886
49547.6
45174.7
40784.8
36397
32034.1
27723.4
23499.8
19406.7
15495
11827.3
8476.07
5520.92
3059.51
1212.42
152.67
89412.4
85823.5
82136.4
78349.5
74467.1
70495.6
66437.9
62297
58078.9
53794.7
49459.2
45089.6
40703.3
36319.5
31960.9
27655
23436.5
19348.9
15442.9
11781.3
8436.58
5488.6
3035.5
1197.93
149.472
89358.6
85755.6
82058.2
78264.9
74378.9
70405.5
66347.6
62207.4
57991.1
53709.1
49376.5
45009.9
40626.9
36246.8
31892.1
27590.5
23376.7
19294.2
15393.7
11737.9
8399.2
5458
3012.78
1184.37
146.61
89310.1
85694.4
81987.4
78187.4
74297.3
70321.8
66263.1
62123.5
57908.6
53628.8
49298.9
44935.3
40555.4
36178.6
31827.5
27529.9
23320.5
19242.7
15347.5
11697
8364.02
5429.16
2991.39
1171.75
144.044
89265.8
85638.8
81922.7
78116.3
74221.8
70243.6
66183.9
62044.6
57831.1
53553.5
49226.2
44865.4
40488.4
36114.7
31767
27473
23267.7
19194.5
15304.2
11658.8
8331.12
5402.2
2971.4
1160.05
141.75
89224.8
85587.6
81863.2
78050.6
74151.8
70170.8
66109.9
61970.7
57758.4
53482.8
49158
44799.8
40425.5
36054.7
31710.2
27419.7
23218.4
19149.6
15264
11623.5
8300.64
5377.2
2952.88
1149.29
139.712
89186.2
85540
81808.1
77989.7
74086.8
70103.1
66040.7
61901.4
57690.2
53416.6
49094.1
44738.4
40366.6
35998.6
31657
27369.9
23172.5
19107.9
15226.9
11590.9
8272.71
5354.29
2935.91
1139.48
137.921
89149.6
85495.4
81756.8
77933.3
74026.7
70040.3
65976.4
61836.9
57626.6
53354.8
49034.5
44681
40311.6
35946.2
31607.5
27323.7
23130
19069.6
15192.9
11561.4
8247.46
5333.56
2920.56
1130.66
136.374
89114.6
85453.5
81709.3
77881.4
73971.4
69982.6
65917.1
61777.1
57567.5
53297.3
48979
44627.7
40260.6
35897.6
31561.7
27281.1
23091
19034.6
15162.2
11534.9
8224.98
5315.11
2906.91
1122.86
135.073
89081.6
85414.7
81665.6
77834
73921.2
69930.1
65863
61722.4
57513.3
53244.5
48928.1
44578.7
40213.8
35853.2
31519.9
27242.3
23055.7
19003.1
15134.9
11511.7
8205.37
5299.03
2895.03
1116.11
134.013
89051.2
85379.4
81626.3
77791.7
73876.5
69883.4
65814.7
61673.3
57464.5
53196.8
48882
44534.5
40171.7
35813.3
31482.4
27207.6
23024.3
18975.3
15111
11491.6
8188.68
5285.36
2884.98
1110.44
133.189
89024.3
85348.6
81592.3
77755.1
73837.9
69843
65772.8
61630.6
57421.8
53154.9
48841.4
44495.7
40134.8
35778.3
31449.5
27177.3
22997
18951.4
15090.7
11474.8
8174.94
5274.13
2876.77
1105.85
132.589
89002.3
85323.4
81564.4
77725.2
73806.3
69809.8
65738.3
61595.1
57386
53119.6
48807.1
44462.9
40103.5
35748.6
31421.6
27151.6
22973.9
18931.3
15073.9
11461.3
8164.13
5265.34
2870.42
1102.36
132.202
88986.5
85305
81544
77703
73782.7
69784.8
65711.8
61567.6
57358.1
53091.6
48779.7
44436.7
40078.5
35724.7
31399
27130.9
22955.3
18915.4
15060.9
11451.1
8156.24
5258.97
2865.91
1099.95
132.012
88978.4
85294.9
81532.2
77689.7
73768
69768.6
65694.3
61549
57338.6
53071.8
48760.1
44417.7
40060.2
35706.9
31382
27115.2
22941.4
18903.6
15051.6
11444.2
8151.19
5254.96
2863.2
1098.6
132.005
88979.3
85294.2
81529.9
77686
73762.8
69762
65686.3
61539.7
57328.2
53060.6
48748.8
44406.5
40048.9
35695.6
31370.9
27104.9
22932.3
18896.1
15046
11440.5
8148.92
5253.25
2862.22
1098.27
132.163
88990.1
85303.5
81537.8
77692.3
73767.6
69765.2
65688
61539.9
57327.2
53058.4
48746
44403.2
40044.8
35690.7
31365.8
27099.8
22927.9
18892.8
15044.2
11440
8149.31
5253.73
2862.86
1098.88
132.466
89011.1
85323.1
81555.7
77708.5
73782.1
69778.1
65699.2
61549.6
57335.3
53065.2
48751.8
44407.9
40048
35692.4
31366.5
27100.1
22928.3
18893.7
15045.9
11442.5
8152.23
5256.27
2865.01
1100.36
132.893
89041.9
85352.4
81583.2
77734
73805.7
69800
65719.4
61568.1
57352
53080.5
48766
44420.3
40058.1
35700.4
31372.8
27105.4
22933.2
18898.7
15051.1
11447.9
8157.5
5260.71
2868.5
1102.61
133.42
89081.5
85390.3
81618.9
77767.5
73837.2
69829.6
65747.3
61594.4
57376.7
53103.8
48787.9
44439.9
40074.8
35714.3
31384.4
27115.5
22942.4
18907.4
15059.4
11455.9
8164.91
5266.86
2873.17
1105.53
134.024
89127.9
85434.6
81660.9
77807.3
73874.9
69865.4
65781.4
61627
57407.9
53134
48816.7
44465.9
40097.2
35733.4
31400.8
27129.8
22955.4
18919.5
15070.6
11466.2
8174.23
5274.51
2878.82
1109.02
134.682
89178.5
85483.1
81706.9
77851
73916.6
69905.3
65819.9
61664.3
57444.2
53169.7
48851.1
44497.1
40124.5
35756.9
31421.1
27147.7
22971.7
18934.5
15084.2
11478.6
8185.18
5283.45
2885.28
1112.99
135.374
89236
85538
81759.2
77900.7
73964.2
69951.4
65864.7
61708.3
57487.8
53213.4
48893.4
44535.7
40158.6
35786.4
31446.8
27170.5
22992.5
18953.5
15101.4
11494
8198.7
5294.45
2893.1
1117.77
136.152
89295.7
85594.8
81813
77952.2
74013.9
69999.9
65912.7
61756.2
57536.6
53263.3
48942
44580.6
40198.5
35821.2
31477.3
27197.9
23017.6
18976.5
15122.2
11512.4
8214.67
5307.33
2902.18
1123.27
136.939
89348.4
85644.6
81860.2
77997.4
74057.9
70043.3
65956.4
61801.2
57583.7
53312.5
48990.6
44625.9
40239.1
35856.9
31508.9
27226.6
23044
19000.7
15144.2
11531.9
8231.42
5320.71
2911.53
1128.91
137.623
89391.5
85684.7
81897.9
78033.6
74093.3
70078.9
65993.3
61840.4
57626.4
53358.1
49036.4
44669.4
40278.6
35891.8
31540.1
27255.4
23070.7
19025.4
15166.7
11551.9
8248.52
5334.2
2920.92
1134.57
138.179
89423.5
85713.8
81924.8
78059.5
74119
70105.4
66021.9
61872.2
57662.8
53398.2
49077.6
44709.3
40315.5
35924.8
31570
27283.2
23096.9
19049.7
15189.1
11571.8
8265.57
5347.49
2930.18
1140.13
138.588
89444.4
85732.1
81941.3
78075.3
74135.3
70123.1
66042.1
61896.3
57691.9
53431.5
49112.9
44744.6
40348.7
35955
31597.9
27309.6
23121.9
19073.1
15210.9
11591.3
8282.31
5360.39
2939.25
1145.5
138.843
89455.1
85740.9
81948.8
78082.7
74143.6
70133.3
66055.2
61913.5
57714.2
53458
49142.2
44774.8
40377.9
35982.4
31623.8
27334.4
23145.6
19095.6
15232
11610.3
8298.61
5372.83
2948.14
1150.63
138.949
89456.4
85741.7
81949.4
78084.1
74146.4
70138.3
66063.4
61925.7
57730.9
53478.7
49165.9
44800.3
40403.7
36007.3
31648
27357.9
23168.2
19117.1
15252.4
11628.8
8314.5
5384.9
2956.94
1155.53
138.931
89449.7
85736.6
81945.9
78082.3
74146.7
70141.2
66069.5
61935.5
57744.4
53495.4
49185.6
44822.4
40426.8
36030.6
31671.2
27380.7
23190.3
19138.1
15272.4
11647
8330.18
5396.83
2965.86
1160.22
138.834
89436.8
85727.9
81940.8
78080.6
74147.9
70145.3
66076.8
61945.8
57757.2
53510.6
49203.4
44842.8
40448.9
36053.7
31694.7
27403.8
23212.5
19159.3
15292.4
11665.3
8346.03
5408.96
2975.17
1164.81
138.719
89420.1
85718.2
81937.3
78082.2
74153.5
70154.3
66088.7
61959.5
57772.2
53527
49221.8
44863.6
40471.8
36078.1
31719.7
27428.5
23236.1
19181.5
15313.2
11684.3
8362.52
5421.76
2985.17
1169.41
138.664
89403
85710.9
81938.6
78090.6
74167
70171.6
66108.4
61979.8
57792.2
53547.3
49243.5
44887.3
40497.6
36105.6
31747.9
27456.2
23262.2
19205.9
15335.7
11704.7
8380.24
5435.73
2996.18
1174.21
138.767
89389.4
85709.3
81947.8
78108.6
74191.4
70200.2
66138.8
62009.3
57819.9
53574.1
49271
44916.3
40528.4
36137.9
31780.8
27488.3
23292.2
19233.5
15360.8
11727.3
8399.81
5451.41
3008.53
1179.43
139.133
89383.6
85717.1
81968.1
78138.9
74228.9
70242.3
66182.2
62050.6
57857.8
53609.6
49306.3
44952.6
40566.1
36176.7
31819.8
27526.2
23327.3
19265.5
15389.5
11752.9
8421.88
5469.36
3022.5
1185.36
139.873
89388.8
85737.7
82002.2
78183.4
74280.8
70299.1
66240.3
62105.4
57907.7
53656
49351.5
44997.8
40612.2
36223.2
31866.3
27571
23368.4
19302.8
15422.8
11782.3
8447.07
5490.12
3038.37
1192.26
141.112
89406.3
85771.7
82050.1
78241.1
74345.2
70367.9
66310.1
62171.5
57968.3
53712.1
49405.3
45050.9
40665.5
36276.3
31918.7
27621.2
23414.3
19344.4
15459.6
11814.6
8474.68
5513.12
3055.6
1200.08
142.896
89434
85816
82107.4
78307.1
74416.7
70442.6
66385.4
62243.3
58035
53774
49464.1
45108.3
40722.3
36332.2
31973.5
27673.4
23462
19387.6
15497.8
11847.9
8503.08
5536.94
3073.15
1208.44
145.149
89469.2
85867.6
82171.2
78378.4
74492.2
70520.3
66463.1
62317.7
58105
53839.5
49526
45167.9
40780.8
36389.4
32029.2
27726.2
23510.1
19431.3
15536.4
11881.4
8531.65
5560.99
3090.67
1217.21
147.793
89509.7
85924.1
82238.8
78452.4
74569.6
70598.8
66541
62392.6
58176.2
53906.5
49589.3
45228.4
40839.6
36446.6
32084.5
27778.5
23557.7
19474.6
15574.8
11914.7
8559.96
5584.83
3107.91
1226.23
150.732
89553.6
85983.8
82308.4
78527.4
74647.1
70676.6
66617.5
62466.4
58247.1
53973.5
49652.5
45288.5
40897.7
36502.6
32138.3
27829.4
23604.3
19517
15612.3
11947.2
8587.61
5608.09
3124.68
1235.33
153.868
89599.5
86045
82378.5
78601.7
74723.3
70752.3
66691.5
62538.1
58316.3
54039.2
49714.5
45347.3
40954.2
36556.8
32190.2
27878.2
23649.1
19557.9
15648.6
11978.7
8614.3
5630.48
3140.82
1244.39
157.107
89646.5
86106.7
82447.8
78674.4
74797.1
70825.2
66762.4
62606.9
58383
54102.8
49774.5
45404.1
41008.5
36608.8
32239.5
27924.6
23691.9
19597
15683.3
12008.8
8639.82
5651.82
3156.23
1253.28
160.366
89693.9
86168
82515.4
78744.6
74867.8
70894.7
66829.7
62672.5
58446.6
54163.5
49832
45458.4
41060.3
36658.1
32286
27968.3
23732.6
19634.2
15716.3
12037.3
8664.04
5671.99
3170.83
1261.9
163.58
89741.3
86228.2
82580.7
78811.7
74934.9
70960.4
66893.2
62734.5
58506.7
54221.1
49886.5
45510
41109.2
36704.7
32329.7
28009.2
23771
19669.2
15747.4
12064.3
8686.87
5690.93
3184.61
1270.16
166.701
89788.6
86287
82643.4
78875.5
74998.3
71022.1
66952.7
62792.8
58563.2
54275.2
49937.8
45558.5
41155.2
36748.4
32370.5
28047.3
23807.1
19702.1
15776.6
12089.7
8708.3
5708.63
3197.54
1278.04
169.695
89835.7
86344
82703
78935.6
75057.7
71079.8
67008.5
62847.5
58616.1
54325.9
49985.8
45604.1
41198.2
36789.3
32408.4
28082.6
23841
19732.8
15803.9
12113.3
8728.3
5725.1
3209.64
1285.5
172.539
89882.5
86398.9
82759.4
78992.1
75113.2
71133.6
67060.5
62898.4
58665.2
54373.1
50030.5
45646.6
41238.4
36827.4
32443.6
28115.3
23872.8
19761.5
15829.3
12135.4
8746.94
5740.39
3220.93
1292.56
175.217
89928.9
86451.4
82812.6
79044.9
75164.8
71183.7
67108.8
62945.9
58710.9
54417
50072
45686.2
41275.7
36863
32476.2
28145.4
23902.4
19788
15852.9
12156
8764.31
5754.6
3231.49
1299.22
177.721
89975.1
86501.5
82862.5
79094
75212.8
71230.2
67153.8
62989.9
58753.2
54457.6
50110.5
45723.1
41310.4
36896
32506.4
28173.3
23929.9
19812.7
15874.8
12175.1
8780.51
5767.83
3241.37
1305.53
180.048
90021.4
86549
82909.1
79139.8
75257.2
71273.2
67195.5
63030.6
58792.3
54495.3
50146.3
45757.3
41342.6
36926.6
32534.3
28199
23955.3
19835.4
15895
12192.7
8795.53
5780.08
3250.6
1311.45
182.206
)
;

boundaryField
{
    inlet
    {
        type            calculated;
        value           nonuniform List<scalar> 
30
(
1.10238e+06
1.10242e+06
1.10251e+06
1.10266e+06
1.10289e+06
1.10323e+06
1.10363e+06
1.10417e+06
1.10484e+06
1.10567e+06
1.10662e+06
1.10759e+06
1.10881e+06
1.11048e+06
1.11273e+06
1.11559e+06
1.11917e+06
1.12307e+06
1.12665e+06
1.12553e+06
1.12418e+06
1.12267e+06
1.12135e+06
1.12015e+06
1.11925e+06
1.11853e+06
1.11795e+06
1.11756e+06
1.11736e+06
1.11725e+06
)
;
    }
    outlet
    {
        type            calculated;
        value           uniform 0;
    }
    upperWall
    {
        type            calculated;
        value           nonuniform List<scalar> 
223
(
1.11725e+06
1.10014e+06
1.083e+06
1.06641e+06
1.05051e+06
1.03534e+06
1.02091e+06
1.00722e+06
994228
981921
970268
959236
948795
938914
929564
920715
912339
904410
898022
892936
887859
882793
877739
872698
867671
862659
857663
852683
847721
842777
837852
832946
828060
823194
818350
813526
808724
803944
799185
794449
789735
785042
780372
775723
771096
766490
761905
757341
752797
748272
743767
739280
734812
730361
725928
721512
717111
712726
708357
704001
699659
695329
691010
686701
682403
678114
673833
669562
665297
661038
656784
652535
648288
644044
639804
635566
631329
627093
622857
618621
614385
610151
605919
601687
597452
593211
588961
584703
580439
576169
571893
567616
563335
559049
554756
550456
546149
541836
537517
533188
528849
524500
520140
515770
511392
507006
502611
498205
493787
489357
484916
480463
476000
471525
467037
462537
458028
453510
448985
444454
439915
435367
430811
426245
421670
417084
412488
407883
403268
398645
394018
389388
384756
380119
375473
370816
366152
361480
356801
352114
347417
342713
338004
333292
328579
323864
319148
314433
309719
305005
300295
295588
290879
286167
281452
276737
272024
267317
262618
257928
253247
248576
243914
239261
234618
229987
225368
220763
216170
211590
207027
202481
197953
193443
188950
184476
180020
175585
171170
166777
162404
158050
153720
149417
145144
140906
136703
132536
128404
124308
120249
116232
112259
108336
104468
100662
96930
93307.1
90021.4
86549
82909.1
79139.8
75257.2
71273.2
67195.5
63030.6
58792.3
54495.3
50146.3
45757.3
41342.6
36926.6
32534.3
28199
23955.3
19835.4
15895
12192.7
8795.53
5780.08
3250.6
1311.45
182.206
)
;
    }
    lowerWall
    {
        type            calculated;
        value           nonuniform List<scalar> 
250
(
1.10238e+06
1.08601e+06
1.06942e+06
1.05305e+06
1.03705e+06
1.02146e+06
1.0063e+06
991573
977257
963322
949728
936420
923330
910363
897385
884183
870361
854958
722895
723156
723680
724471
725533
726874
728500
730423
732655
735212
738114
741388
745066
749193
753823
759185
765123
771110
777124
783158
789215
795313
801479
807774
814323
821368
829002
722895
722838
722722
722546
722310
722013
721653
721230
720742
720189
719568
718881
718125
717302
716410
715450
714421
713323
712156
710921
709617
708244
706804
705296
703721
702080
700374
698603
696768
694870
692910
690889
688807
686666
684467
682209
679896
677526
675102
672624
670093
667509
664873
662187
659451
656665
653831
650948
648017
645039
642014
638943
635828
632670
629469
626226
622942
619617
616254
612854
609416
605943
602433
598888
595309
591696
588049
584370
580660
576919
573148
569346
565514
561651
557756
553833
549884
545911
541914
537892
533846
529777
525684
521567
517428
513266
509082
504876
500647
496395
492122
487829
483521
479198
474858
470503
466134
461752
457357
452947
448521
444077
439612
435126
430623
426105
421573
417025
412466
407904
403336
398762
394179
389583
384971
380342
375695
371032
366355
361664
356965
352258
347546
342831
338118
333409
328705
324009
319318
314631
309945
305257
300564
295862
291153
286444
281743
277051
272368
267690
263015
258339
253659
248977
244291
239606
234926
230255
225597
220955
216330
211723
207134
202563
198010
193478
188970
184489
180032
175597
171180
166780
162399
158041
153709
149405
145129
140885
136673
132498
128361
124265
120210
116198
112231
108311
104444
100636
96903.9
93281.3
89942.2
86466.4
82826.7
79058.1
75179.3
71202
67132.8
62977.3
58742.8
54439.7
50082.3
45687.8
41273.8
36859.7
32468.4
28127.7
23872.5
19746.5
15800.7
12096.7
8705.76
5708.11
3198.93
1299.34
176.83
)
;
    }
    frontAndBack
    {
        type            empty;
    }
}


// ************************************************************************* //
