/*--------------------------------*- C++ -*----------------------------------*\
  =========                 |
  \\      /  F ield         | OpenFOAM: The Open Source CFD Toolbox
   \\    /   O peration     | Website:  https://openfoam.org
    \\  /    A nd           | Version:  6
     \\/     M anipulation  |
\*---------------------------------------------------------------------------*/
FoamFile
{
    version     2.0;
    format      ascii;
    class       volScalarField;
    location    "0.15";
    object      nut;
}
// * * * * * * * * * * * * * * * * * * * * * * * * * * * * * * * * * * * * * //

dimensions      [0 2 -1 0 0 0 0];

internalField   nonuniform List<scalar> 
12225
(
1.37397e-08
1.64357e-09
0
0
0
0
0
0
0
0
0
0
0
0
0
0
0
0
2.7386e-09
3.67487e-10
0
0
0
0
0
0
0
0
0
0
0
0
0
0
0
0
1.81741e-09
1.7844e-10
0
0
0
0
0
0
0
0
0
0
0
0
0
0
0
0
0
1.04608e-08
4.47922e-09
5.62438e-09
4.22745e-09
2.79517e-09
7.30349e-10
0
0
0
0
0
0
0
0
0
0
0
0
0
0
0
0
0
0
0
0
0
0
0
0
0
0
0
0
1.36222e-08
5.07606e-08
3.82249e-08
0
0
0
0
0
0
0
0
0
0
0
0
0
0
0
0
0
2.39544e-08
0
0
0
0
0
0
0
0
1.60689e-07
1.61719e-07
0
0
0
0
0
0
0
0
1.20166e-08
1.86511e-07
1.52386e-07
1.75647e-07
2.09661e-07
1.69245e-07
1.66093e-07
2.55112e-07
1.86604e-07
0
0
0
0
0
0
0
0
0
3.34779e-07
8.13405e-07
4.93062e-07
2.14207e-07
2.03976e-07
2.263e-07
2.18039e-07
2.3807e-07
1.25051e-07
0
0
0
0
0
0
0
0
0
1.48835e-06
2.36744e-06
1.54617e-06
3.1382e-07
0
0
0
2.5401e-08
0
0
0
0
0
0
0
0
2.61619e-07
0
0
4.33186e-06
6.03633e-06
2.13773e-06
0
0
0
0
0
0
0
0
0
0
0
0
1.4273e-07
0
0
4.35855e-06
2.04301e-06
0
0
0
0
0
0
0
0
0
0
0
0
0
0
0
3.24267e-06
5.91154e-07
0
0
0
0
0
2.59526e-08
1.98407e-07
2.42038e-07
0
0
0
0
0
0
5.57506e-07
1.59833e-06
3.90505e-06
0
0
0
0
0
0
0
0
0
0
4.78276e-07
3.55391e-07
0
0
0
4.89282e-07
5.67805e-07
9.27355e-07
0
0
0
0
0
0
0
0
0
0
2.95247e-06
2.57594e-06
1.88461e-06
1.26107e-06
6.38888e-07
4.43585e-07
2.93031e-07
5.96717e-08
0
0
0
0
0
0
0
0
0
0
2.23173e-06
2.14215e-06
1.6004e-06
1.4383e-06
1.3086e-06
5.24381e-07
9.00036e-07
1.26407e-06
6.00663e-07
0
0
0
0
0
0
0
0
0
0
0
0
0
0
5.20522e-08
7.22104e-08
4.93382e-07
8.47273e-07
2.39525e-07
0
0
0
0
0
0
0
0
0
0
0
0
0
0
0
0
0
0
0
0
0
0
0
0
0
0
0
0
0
0
0
0
1.69114e-07
2.87608e-07
0
0
0
1.59187e-07
1.2397e-06
1.23243e-06
8.46293e-07
3.74137e-07
0
0
0
0
0
0
0
2.67481e-07
7.78211e-07
5.93103e-07
2.09363e-07
0
0
0
0
0
0
0
0
0
5.93745e-07
8.84097e-07
2.58742e-07
0
0
0
0
2.04114e-07
0
0
0
4.0687e-09
4.73651e-07
2.13665e-06
2.5031e-06
1.72981e-06
9.88749e-07
3.59368e-07
5.1539e-08
0
0
0
0
0
0
0
0
0
0
0
1.84056e-07
3.99675e-06
6.35148e-06
4.43416e-06
2.79694e-06
1.45897e-06
7.30907e-07
3.45438e-07
0
0
0
0
8.18883e-07
2.76472e-07
0
0
2.48364e-07
1.80091e-07
0
0
3.01364e-07
3.9553e-06
3.19117e-06
1.396e-06
3.23588e-07
0
0
0
0
0
0
0
0
0
1.23615e-07
0
0
0
0
8.47634e-06
7.81413e-06
3.89263e-06
1.2888e-06
1.67562e-07
0
0
0
0
0
0
0
0
0
3.88923e-07
1.76219e-06
5.72308e-07
0
0
0
0
0
2.90992e-08
7.47994e-08
5.9194e-08
5.46115e-08
0
0
0
3.05196e-09
1.48402e-09
0
0
0
0
0
0
0
0
0
0
0
0
0
3.26679e-09
2.68306e-10
5.75378e-10
2.20733e-10
0
0
0
0
0
0
0
0
0
0
0
0
0
0
2.82405e-09
7.90742e-10
1.10333e-09
2.84754e-10
0
0
0
0
0
0
0
0
0
0
0
0
0
0
7.40781e-09
5.43455e-09
4.85024e-09
1.04119e-09
0
0
0
0
0
0
0
0
0
0
0
0
0
0
0
1.99316e-06
1.48586e-05
1.84824e-05
1.31361e-05
6.26033e-06
1.19504e-06
0
0
0
0
0
3.12487e-07
6.16807e-07
3.44523e-07
0
0
0
0
0
0
0
0
0
0
5.49146e-07
2.78075e-06
3.10205e-06
2.20635e-06
1.48849e-06
1.39249e-06
1.82534e-06
2.60081e-06
3.50544e-06
4.28623e-06
4.5538e-06
3.55391e-06
8.30128e-07
0
0
0
2.38293e-07
8.3471e-07
1.07637e-06
1.14644e-06
1.13211e-06
1.06771e-06
9.55843e-07
8.07911e-07
6.44361e-07
4.70339e-07
2.92317e-07
1.20581e-07
0
0
0
0
0
0
0
0
0
0
0
0
0
0
0
0
0
0
0
0
0
0
0
0
0
0
9.70356e-07
1.94668e-06
1.47222e-06
1.19988e-06
6.51198e-07
1.92778e-07
7.02108e-07
8.62313e-07
6.3147e-07
7.13221e-06
3.91886e-05
9.15499e-05
9.13167e-05
4.24464e-05
1.49677e-05
4.23503e-06
9.44096e-07
2.93037e-07
4.65514e-07
7.54488e-07
9.85775e-07
1.08609e-06
1.06729e-06
9.4524e-07
7.68583e-07
5.53245e-07
3.37478e-07
1.19318e-07
0
0
0
0
0
0
0
0
0
0
0
0
0
0
0
0
0
0
0
0
0
0
0
0
1.28051e-06
2.04268e-06
2.12892e-05
9.59255e-05
9.91622e-05
5.87682e-05
1.30375e-05
3.72027e-06
1.80633e-06
1.13063e-06
6.78705e-07
3.25506e-07
4.94767e-08
0
0
0
0
0
0
0
0
0
0
0
0
0
0
0
0
0
0
0
0
0
0
0
0
0
0
0
0
0
0
0
0
0
0
0
3.26098e-07
0
7.47811e-09
2.21841e-06
3.78043e-06
4.17184e-06
3.607e-06
2.13311e-06
9.42565e-07
9.29382e-08
0
0
0
0
0
0
0
0
0
0
0
0
0
0
0
1.05246e-06
2.89368e-06
3.71942e-06
3.51442e-06
2.44769e-06
1.20013e-06
6.9017e-07
1.16374e-06
2.08999e-06
2.57157e-06
1.59599e-06
0
0
0
0
0
0
0
0
0
0
0
1.15691e-07
3.18578e-07
3.66679e-07
3.28136e-07
2.40108e-07
1.16515e-07
0
0
0
0
0
0
0
0
0
0
1.04002e-07
2.24761e-07
0
0
0
0
0
0
0
0
0
0
0
0
0
0
0
1.9412e-06
3.45136e-06
2.1827e-06
1.22019e-06
5.84781e-07
2.43082e-07
1.1188e-06
1.66944e-06
5.76973e-06
1.9528e-05
3.78711e-05
4.14301e-05
2.87747e-05
1.92875e-05
1.27388e-05
7.70185e-06
4.23035e-06
2.28833e-06
1.53037e-06
1.29166e-06
1.23846e-06
1.17174e-06
1.05759e-06
8.93704e-07
7.07857e-07
5.04725e-07
3.03574e-07
1.0287e-07
0
0
0
0
0
0
0
0
0
0
0
0
0
0
0
0
0
0
0
7.20509e-07
1.5619e-06
0
0
0
2.6972e-06
1.02471e-05
2.36846e-05
4.72523e-05
5.93858e-05
4.80865e-05
1.41134e-05
4.35346e-06
2.34237e-06
1.56785e-06
9.59376e-07
4.41881e-07
1.3093e-08
0
0
0
0
0
0
0
0
0
0
0
0
0
0
0
0
0
0
0
0
0
0
0
0
0
0
0
0
0
0
0
0
0
0
0
9.27358e-08
4.69298e-08
0
0
9.79208e-08
7.29673e-07
9.21648e-07
4.56508e-07
0
2.25666e-07
4.78628e-07
0
0
0
0
0
0
0
0
0
0
0
0
0
6.89365e-07
2.21091e-06
2.88033e-06
3.08037e-06
3.42256e-06
3.77468e-06
3.74887e-06
3.31067e-06
2.60671e-06
1.59482e-06
1.69574e-07
0
0
0
0
0
0
0
0
0
0
0
0
0
0
0
0
0
0
0
0
0
0
0
1.75315e-07
1.19431e-06
1.79441e-06
2.18221e-06
2.90764e-06
3.86086e-06
4.59079e-06
4.81226e-06
4.39114e-06
3.40506e-06
2.41936e-06
1.93373e-06
5.97245e-07
0
0
0
0
0
0
0
0
0
0
0
0
4.99367e-07
4.35833e-06
6.01421e-06
7.45531e-06
8.22197e-06
9.23504e-06
1.42237e-05
1.6044e-05
1.12611e-05
8.0382e-06
8.54704e-06
8.51464e-06
7.84402e-06
6.87783e-06
5.72728e-06
4.58489e-06
3.63748e-06
2.92336e-06
2.42567e-06
1.991e-06
1.57691e-06
1.16806e-06
7.90676e-07
4.40362e-07
1.24608e-07
0
0
0
0
0
0
0
0
0
0
0
0
0
0
0
0
0
0
0
3.53102e-06
6.64089e-06
0
0
0
8.97723e-06
1.03468e-05
2.34681e-05
2.90774e-05
2.90461e-05
2.42336e-05
1.43151e-05
8.11718e-06
6.53543e-06
4.62638e-06
2.699e-06
1.08433e-06
0
0
0
0
0
0
0
0
0
0
0
0
0
0
0
0
0
0
0
0
0
0
0
0
0
0
0
0
0
0
0
0
0
0
0
0
0
0
0
0
0
0
0
0
9.49257e-07
1.82824e-06
0
0
0
0
0
0
0
0
0
0
3.53575e-07
1.67223e-06
1.63374e-06
1.27748e-06
1.73767e-06
2.91422e-06
3.87802e-06
5.18423e-06
6.89225e-06
8.25507e-06
9.06023e-06
9.67886e-06
1.02689e-05
9.41648e-06
6.93449e-06
4.17379e-06
1.86002e-06
1.5856e-07
0
0
0
0
0
0
0
0
0
0
0
0
0
0
0
6.64129e-08
3.4493e-07
1.68884e-07
2.63003e-07
1.22215e-06
2.51911e-06
3.6293e-06
4.59021e-06
5.63132e-06
6.20604e-06
5.80481e-06
5.18799e-06
4.9937e-06
4.65159e-06
3.27594e-06
1.11865e-06
0
0
0
0
0
0
0
0
0
0
0
0
0
0
1.48235e-06
8.56907e-06
1.16805e-05
0
3.68985e-06
6.95943e-06
8.53002e-06
6.04165e-06
1.4241e-06
2.08358e-07
2.00517e-06
2.84011e-06
3.12836e-06
2.81506e-06
2.39725e-06
2.01532e-06
1.76973e-06
1.57283e-06
1.42933e-06
1.34867e-06
1.3307e-06
1.26964e-06
9.6752e-07
0
0
0
0
0
0
0
0
0
0
0
0
0
0
0
0
0
0
0
0
9.74098e-07
6.39019e-06
1.24744e-05
7.19061e-07
0
0
1.07513e-05
1.62163e-05
2.60169e-05
2.29902e-05
1.47264e-05
1.30938e-05
8.55735e-06
0
0
0
0
0
2.14178e-07
1.55062e-06
1.16067e-06
0
0
0
0
0
0
0
0
0
0
0
0
0
0
0
0
0
0
0
0
0
0
0
0
0
0
0
0
0
0
0
0
0
0
0
0
0
0
0
9.48728e-07
5.3485e-06
1.11024e-05
8.7041e-06
0
0
0
0
0
0
0
0
0
0
0
1.79975e-06
4.36015e-06
4.37209e-06
4.19453e-06
4.66982e-06
5.63995e-06
7.11212e-06
8.70087e-06
1.02505e-05
1.29891e-05
1.59462e-05
1.54127e-05
1.21037e-05
7.85149e-06
4.03068e-06
1.19078e-06
0
0
0
0
0
0
0
0
0
0
0
0
0
0
0
0
0
0
0
1.06096e-07
1.40429e-06
2.50582e-06
3.28833e-06
3.7438e-06
3.78356e-06
2.77971e-06
6.80337e-07
0
0
0
0
0
0
0
0
0
0
0
0
0
0
0
0
0
0
1.99518e-07
2.49185e-06
6.76553e-06
0
0
0
2.48824e-06
2.9545e-06
0
0
0
0
0
6.61456e-08
2.06865e-07
4.68195e-07
7.45537e-07
1.00152e-06
1.13821e-06
1.25792e-06
1.34731e-06
1.4204e-06
1.35e-06
6.74109e-07
0
0
4.97104e-07
0
0
0
0
0
0
0
0
0
0
0
0
0
0
0
0
0
1.06732e-06
8.59926e-06
1.99715e-05
0
0
0
1.35453e-05
2.49989e-05
2.77504e-05
1.7503e-05
1.00728e-05
4.43005e-06
0
0
0
0
0
0
0
3.37449e-07
1.09069e-06
8.15906e-07
0
0
0
0
0
0
0
0
0
0
0
0
0
0
0
0
0
0
0
0
0
0
0
0
0
0
0
0
0
0
0
0
0
0
0
0
0
1.03285e-06
5.75125e-06
9.70833e-06
9.83437e-06
4.88347e-06
0
0
0
0
0
0
5.10443e-07
1.94122e-06
8.40274e-07
0
0
0
4.77754e-07
2.76378e-06
1.87555e-06
2.08627e-06
2.39824e-06
2.19417e-06
6.35937e-06
1.79598e-05
2.07831e-05
1.83695e-05
1.44296e-05
1.01633e-05
5.91982e-06
2.16725e-06
0
0
0
0
0
0
0
0
0
0
6.54951e-07
7.21838e-07
9.58504e-08
0
0
0
0
0
0
0
0
1.77966e-07
6.78433e-07
8.83938e-07
5.52349e-07
0
0
0
0
0
0
0
0
0
0
0
0
0
0
2.214e-06
5.0323e-06
6.15831e-06
5.59845e-06
4.12251e-06
2.21183e-06
7.18146e-07
0
0
0
0
0
0
4.33838e-07
0
0
0
0
0
0
0
2.3091e-07
5.61754e-07
8.94154e-07
1.17966e-06
1.37874e-06
1.49037e-06
1.51758e-06
1.44332e-06
7.45093e-07
0
0
5.23383e-06
4.88069e-06
2.8729e-06
1.24174e-06
1.67349e-07
0
0
0
0
0
0
0
0
0
0
0
0
0
0
1.06818e-06
9.68231e-06
2.73298e-05
0
0
0
1.53432e-05
2.92726e-05
2.7762e-05
1.44283e-05
7.68006e-06
0
0
0
0
0
0
0
0
0
1.30544e-06
2.07114e-06
1.78408e-06
0
0
0
0
0
0
0
0
0
0
0
0
0
0
0
0
0
0
0
0
0
0
0
0
0
0
0
0
0
0
0
0
0
0
0
0
0
1.15972e-06
1.86542e-06
1.89251e-06
1.65617e-06
2.43897e-06
7.24345e-06
1.52435e-05
7.68433e-06
1.22456e-06
9.71402e-07
4.20682e-06
7.28949e-06
7.64272e-06
3.52142e-06
0
0
1.19522e-06
4.06366e-07
0
0
0
0
9.6821e-06
1.51228e-05
1.67232e-05
1.61044e-05
1.41748e-05
1.13994e-05
8.08654e-06
4.59068e-06
1.36295e-06
0
0
0
0
0
0
0
0
1.49369e-07
3.77434e-07
2.9257e-07
0
0
0
0
0
0
0
0
0
1.51195e-07
1.68635e-07
0
0
0
0
0
0
0
0
0
0
0
0
0
3.34258e-07
5.7022e-06
8.70488e-06
7.915e-06
5.33177e-06
2.39575e-06
5.76742e-07
0
0
0
0
1.5146e-06
1.13841e-06
0
0
4.91915e-07
8.24654e-07
0
0
0
0
0
6.03108e-09
2.15596e-07
4.37489e-07
7.47364e-07
1.08999e-06
1.4061e-06
1.57776e-06
1.54138e-06
1.24392e-06
1.8494e-07
0
0
0
1.22479e-05
8.51235e-06
5.29861e-06
2.92913e-06
1.3787e-06
4.92479e-07
0
0
0
0
0
0
0
0
0
0
0
0
0
1.45762e-06
1.10067e-05
2.23545e-05
0
0
0
1.67866e-05
3.04554e-05
2.50522e-05
1.27125e-05
3.8464e-06
0
0
0
0
0
0
0
0
6.11966e-07
3.19146e-06
5.12978e-06
6.16128e-06
5.1324e-06
1.62943e-06
0
0
0
0
0
0
0
0
0
0
0
0
0
0
0
0
0
0
0
0
0
0
0
0
0
0
0
0
0
0
0
0
8.71097e-08
0
0
0
0
0
8.50905e-07
3.45635e-06
9.4233e-06
1.99959e-05
2.68117e-05
2.59548e-05
2.08378e-05
1.34651e-05
6.3473e-06
5.21632e-06
3.04097e-06
0
0
0
0
0
0
0
1.3558e-06
7.08467e-06
1.14911e-05
1.43569e-05
1.57263e-05
1.5997e-05
1.53499e-05
1.35368e-05
1.04063e-05
6.43039e-06
2.65532e-06
1.47115e-07
0
0
0
0
0
0
0
0
0
0
0
0
0
0
0
0
0
0
0
0
2.72955e-07
9.09868e-07
1.81177e-06
2.77434e-06
3.51479e-06
4.10395e-06
4.36226e-06
4.37478e-06
4.63944e-06
4.63314e-06
2.85163e-06
3.65751e-07
0
0
1.39475e-06
8.97234e-07
0
0
0
0
4.51616e-07
0
0
8.20808e-06
1.10395e-05
1.00453e-05
5.66025e-06
3.61495e-06
3.86062e-06
3.52874e-06
2.16499e-06
1.16252e-06
2.83406e-06
1.92466e-06
9.70386e-07
6.62415e-07
5.4331e-07
6.12929e-07
8.67479e-07
1.23135e-06
1.59257e-06
1.66423e-06
1.2704e-06
0
0
0
0
0
6.55593e-06
4.35652e-06
1.67023e-06
0
0
0
0
0
0
0
0
0
0
0
0
0
0
0
0
1.87026e-06
1.34945e-05
3.04037e-06
0
0
0
1.78405e-05
3.0642e-05
2.18196e-05
1.14104e-05
0
0
0
0
0
0
0
0
0
1.58087e-06
6.83777e-06
1.05187e-05
1.22633e-05
1.1386e-05
7.26363e-06
1.92142e-06
0
0
0
0
0
0
0
0
0
0
0
0
0
0
0
0
0
0
0
0
0
0
0
0
0
0
0
0
0
2.33781e-07
1.03358e-06
2.25751e-06
3.6043e-06
1.86074e-06
0
0
0
0
0
0
2.70427e-06
8.7409e-06
1.0881e-05
1.0873e-05
9.56373e-06
5.79288e-06
0
0
0
0
0
0
0
0
0
0
4.06826e-06
7.71879e-06
1.04955e-05
1.21855e-05
1.30973e-05
1.36197e-05
1.37128e-05
1.26618e-05
9.87767e-06
5.85655e-06
2.49252e-06
3.17485e-07
0
0
0
0
0
0
0
0
0
0
0
0
0
0
0
0
0
0
9.79403e-08
8.8002e-07
1.76687e-06
2.56033e-06
3.06675e-06
3.5313e-06
4.28021e-06
4.81574e-06
5.0333e-06
5.1569e-06
4.8218e-06
2.34595e-06
0
0
0
0
0
0
0
0
0
2.30016e-06
1.30282e-07
0
1.05051e-05
1.4758e-05
1.45918e-05
9.44296e-06
5.63172e-06
5.58321e-06
9.15233e-06
7.08827e-06
3.21611e-06
3.53176e-06
2.67854e-06
1.62215e-06
1.08452e-06
7.87101e-07
7.19555e-07
9.23229e-07
1.35272e-06
1.73424e-06
1.61064e-06
3.55604e-07
0
0
0
0
0
0
3.05736e-07
0
0
0
0
0
0
0
0
0
0
0
0
0
0
0
0
0
1.96424e-06
1.29346e-05
0
0
0
4.96334e-07
1.81083e-05
3.04513e-05
1.96498e-05
1.03456e-05
0
0
0
0
0
0
0
0
0
1.49552e-06
9.98049e-06
1.5637e-05
1.79102e-05
1.70389e-05
1.27184e-05
6.37199e-06
0
0
0
0
0
0
0
0
0
0
0
0
0
0
0
0
0
0
0
0
0
0
0
0
0
0
0
0
0
7.9617e-07
1.68289e-06
2.37764e-06
2.20871e-06
2.11223e-06
2.11763e-06
2.07922e-06
1.68673e-06
4.41288e-07
0
0
0
4.5514e-07
5.44837e-06
6.29586e-06
5.53754e-06
2.91151e-06
0
0
0
0
0
0
0
0
0
0
1.04205e-06
3.17565e-06
4.68788e-06
5.56498e-06
5.93514e-06
5.92011e-06
5.96881e-06
5.97014e-06
5.73589e-06
5.24926e-06
4.1969e-06
2.47965e-06
8.05699e-07
0
0
0
0
0
0
0
0
0
0
0
0
0
0
0
0
0
7.61043e-07
1.70085e-06
2.59033e-06
3.12246e-06
3.19666e-06
3.00349e-06
2.9253e-06
3.14781e-06
3.85803e-06
4.84875e-06
5.27181e-06
3.58893e-06
0
0
0
0
0
0
0
0
0
0
0
0
4.06278e-06
1.29307e-05
1.49976e-05
9.76337e-06
4.9885e-06
3.49353e-06
3.4025e-06
2.27476e-06
3.44927e-06
3.76097e-06
2.55837e-06
1.44249e-06
9.99508e-07
7.82973e-07
7.15339e-07
9.29922e-07
1.4423e-06
1.85108e-06
1.37178e-06
0
0
0
0
0
0
4.45892e-06
6.43811e-06
4.42158e-06
2.04683e-06
4.24207e-07
0
1.82426e-08
4.52949e-08
0
0
0
0
0
0
0
0
0
0
0
0
0
0
0
0
1.17207e-06
1.79255e-05
2.92915e-05
1.8069e-05
9.74224e-06
0
0
0
0
0
0
0
0
0
0
9.23942e-06
1.65804e-05
2.02311e-05
2.07301e-05
1.73496e-05
1.04812e-05
2.32732e-06
0
0
0
0
0
0
0
0
0
0
0
0
0
0
0
0
0
0
0
0
0
0
0
0
0
0
0
0
3.37531e-06
4.48909e-06
3.60509e-06
4.3044e-06
6.39445e-06
7.86277e-06
8.76178e-06
9.01634e-06
8.78735e-06
8.02655e-06
6.5564e-06
4.65984e-06
6.72179e-06
1.04173e-05
8.4819e-06
4.94091e-06
0
0
0
0
0
0
0
0
0
0
0
0
2.03088e-07
6.67634e-07
9.27607e-07
1.10439e-06
1.28938e-06
1.55371e-06
1.76051e-06
1.80859e-06
1.65415e-06
1.14984e-06
3.47479e-07
0
0
0
0
0
0
0
0
0
0
0
0
0
0
0
0
0
0
1.97114e-07
1.31558e-06
2.53252e-06
3.43007e-06
3.65268e-06
3.23328e-06
2.59703e-06
2.17377e-06
2.21e-06
2.5463e-06
2.87685e-06
2.86209e-06
1.31356e-06
0
0
0
0
0
0
0
0
0
0
0
0
8.15517e-06
1.33518e-05
9.99219e-06
4.00985e-06
6.88142e-07
0
1.8399e-06
4.21874e-06
3.89238e-06
2.09789e-06
8.78933e-07
6.01932e-07
5.53076e-07
5.77651e-07
8.80997e-07
1.50601e-06
1.92614e-06
8.51767e-07
0
0
0
0
0
3.18469e-06
1.43118e-05
1.74751e-05
1.22046e-05
6.41125e-06
2.5403e-06
6.90699e-07
5.6314e-07
8.99717e-07
4.05195e-07
0
0
0
0
0
0
0
0
0
0
0
0
0
0
0
1.64464e-06
1.75385e-05
2.75473e-05
1.70842e-05
9.96463e-06
0
0
0
0
0
0
0
0
0
0
6.16576e-06
1.46564e-05
1.97756e-05
2.25428e-05
2.09109e-05
1.37515e-05
4.57644e-06
0
0
0
0
0
0
0
0
0
0
0
0
0
0
0
0
0
0
0
0
0
0
0
0
0
0
0
0
1.73847e-05
9.3539e-06
1.18573e-05
1.46945e-05
1.75315e-05
1.97306e-05
2.13204e-05
2.25977e-05
2.37966e-05
2.51911e-05
2.76488e-05
3.42686e-05
3.95267e-05
2.31737e-05
9.23011e-06
1.63277e-06
0
0
0
0
0
0
0
0
0
0
0
0
1.34531e-07
3.0305e-07
3.08593e-07
3.41496e-07
4.42121e-07
5.79869e-07
6.08669e-07
4.8043e-07
1.96068e-07
0
0
0
0
0
0
0
0
0
0
0
0
0
0
9.13775e-07
1.28055e-06
0
0
0
0
0
0
4.66581e-07
2.20988e-06
3.19925e-06
3.29405e-06
2.84047e-06
2.21554e-06
1.68683e-06
1.40939e-06
1.3018e-06
1.10242e-06
5.67306e-07
0
0
0
0
0
0
0
0
0
0
0
0
3.21717e-06
1.06506e-05
1.00586e-05
3.94929e-06
0
0
2.27522e-06
5.15829e-06
3.83673e-06
1.40579e-06
1.73663e-07
1.11216e-07
2.32866e-07
3.51128e-07
7.65758e-07
1.52146e-06
1.97252e-06
1.19896e-07
0
0
0
0
0
3.78257e-06
1.39132e-05
1.85206e-05
1.43412e-05
8.27526e-06
3.41671e-06
4.93567e-07
2.45091e-07
9.57377e-07
8.05629e-07
0
0
0
0
0
0
0
0
0
0
0
0
0
0
0
2.00383e-06
1.69597e-05
2.56737e-05
1.62727e-05
1.0443e-05
4.67425e-06
7.27534e-08
0
0
0
0
0
0
0
0
2.63453e-06
1.20851e-05
1.84052e-05
2.32892e-05
2.33624e-05
1.57387e-05
6.1301e-06
0
0
0
0
0
0
0
0
0
0
0
0
0
0
0
0
0
0
0
0
0
0
0
0
0
0
0
0
1.07286e-05
1.89398e-05
1.7087e-05
1.68596e-05
1.74491e-05
1.7709e-05
1.81192e-05
1.94592e-05
2.39873e-05
3.54304e-05
4.97997e-05
3.93537e-05
2.14947e-05
1.0885e-05
5.09252e-06
1.35669e-06
0
0
0
0
0
0
0
0
0
0
0
0
1.22923e-06
1.33791e-06
1.19979e-06
1.0228e-06
8.33481e-07
6.33605e-07
4.02553e-07
1.68074e-07
0
0
0
0
0
0
0
0
0
0
0
0
0
1.82558e-06
5.87303e-06
6.75675e-06
0
0
0
0
0
0
0
0
8.99399e-07
2.61303e-06
3.24721e-06
3.10957e-06
2.64578e-06
1.95975e-06
1.25543e-06
8.51265e-07
6.40993e-07
3.38214e-07
0
0
0
0
0
0
0
0
0
0
0
0
0
7.47248e-06
9.85519e-06
4.31377e-06
0
0
1.70488e-06
5.76363e-06
3.30698e-06
6.24077e-07
0
0
0
1.36547e-07
6.30905e-07
1.49293e-06
1.95892e-06
0
0
0
0
0
0
0
7.65524e-06
1.58795e-05
1.54881e-05
1.03627e-05
4.54579e-06
0
0
6.61956e-07
6.16564e-07
0
0
0
0
0
0
0
0
0
0
0
0
0
0
0
2.21948e-06
1.61494e-05
2.32422e-05
1.5638e-05
1.04675e-05
9.21486e-06
9.95889e-06
1.02798e-05
1.76023e-06
0
0
0
0
0
0
0
9.68977e-06
1.70018e-05
2.36264e-05
2.47808e-05
1.61602e-05
6.94579e-06
1.32103e-06
0
0
0
0
0
0
0
0
0
0
0
0
0
0
0
0
0
0
0
0
0
0
0
0
0
0
0
9.39611e-06
1.52005e-05
1.58419e-05
1.56469e-05
1.55285e-05
1.69133e-05
2.34599e-05
3.13454e-05
2.69801e-05
1.94277e-05
1.35688e-05
8.71766e-06
4.81791e-06
1.87339e-06
0
0
0
0
0
0
0
0
0
0
0
0
0
1.44134e-06
2.16262e-06
2.03537e-06
1.67398e-06
1.33419e-06
1.03815e-06
7.63312e-07
5.03487e-07
2.87567e-07
1.09407e-07
0
0
0
0
0
0
0
0
0
0
3.29425e-07
3.47598e-06
9.98195e-06
5.3894e-06
0
0
0
0
0
0
0
0
0
0
1.96161e-06
2.73973e-06
2.80284e-06
2.75134e-06
2.41613e-06
1.54294e-06
7.01043e-07
4.29682e-07
3.84502e-07
1.81208e-07
0
0
0
0
0
0
0
0
0
0
0
0
4.41227e-06
9.05944e-06
4.80727e-06
0
0
0
3.27351e-06
2.0224e-06
0
0
0
0
0
4.84826e-07
1.39367e-06
1.84082e-06
0
0
0
0
0
0
0
1.43596e-06
1.36292e-05
1.88908e-05
1.56195e-05
6.17016e-06
0
0
2.66889e-07
1.01882e-07
0
0
0
0
0
0
0
0
0
0
0
0
0
0
0
1.85274e-06
1.51183e-05
2.12799e-05
1.45235e-05
9.38795e-06
1.16342e-05
1.68421e-05
2.01594e-05
1.44561e-05
0
0
0
0
0
0
0
7.60685e-06
1.5782e-05
2.40668e-05
2.53546e-05
1.50988e-05
7.2114e-06
2.83815e-06
0
0
0
0
0
0
0
0
0
0
0
0
0
0
0
0
0
0
0
0
0
0
0
0
0
0
0
2.00914e-06
3.02485e-06
7.09573e-06
1.97548e-05
3.05378e-05
5.3608e-05
5.94546e-05
4.6636e-05
3.35039e-05
2.42091e-05
1.69603e-05
1.0305e-05
4.84935e-06
1.15753e-06
0
0
0
0
0
0
0
0
0
0
0
1.36383e-06
1.14553e-06
1.87055e-06
2.43293e-06
2.48046e-06
2.1225e-06
1.6514e-06
1.23102e-06
8.86691e-07
6.20868e-07
4.50306e-07
3.45418e-07
2.31654e-07
2.90131e-08
0
0
0
0
0
0
0
6.11755e-07
3.42985e-06
6.69609e-06
0
0
0
0
0
0
0
0
0
0
0
0
1.1893e-06
1.83315e-06
1.45414e-06
1.18022e-06
1.09909e-06
6.96214e-07
0
0
0
2.10868e-08
0
0
0
0
0
0
0
0
0
0
0
0
1.99153e-06
7.27517e-06
5.3155e-06
0
0
0
0
5.16069e-07
0
0
0
0
0
3.22653e-07
1.18356e-06
1.63733e-06
0
0
0
0
0
0
0
0
9.80263e-06
2.20742e-05
2.22682e-05
0
0
0
2.04075e-07
0
0
0
0
0
0
0
0
0
0
0
0
0
0
0
0
1.0262e-08
1.37848e-05
1.94037e-05
1.29365e-05
7.18682e-06
1.17384e-05
2.00024e-05
2.62115e-05
2.53146e-05
8.67536e-06
0
0
0
0
0
0
5.54792e-06
1.48932e-05
2.49949e-05
2.50868e-05
1.28313e-05
7.31864e-06
4.41142e-06
1.36347e-06
0
0
0
0
0
0
0
0
0
0
0
0
0
0
0
0
0
0
0
0
0
0
0
0
0
0
5.50929e-07
5.45287e-07
5.1486e-07
9.10974e-06
2.20844e-05
2.90156e-05
3.1736e-05
3.50645e-05
3.90125e-05
3.88884e-05
3.26305e-05
2.24238e-05
1.27328e-05
6.3094e-06
2.23075e-06
0
0
0
0
0
0
0
2.39436e-07
2.08614e-06
4.35047e-06
5.18754e-06
3.73517e-06
2.59502e-06
2.48888e-06
2.58514e-06
2.42e-06
2.00582e-06
1.51932e-06
1.09563e-06
7.83168e-07
6.06158e-07
5.3435e-07
4.68419e-07
3.06848e-07
1.63296e-08
0
0
0
0
0
3.13985e-08
1.64702e-06
2.1014e-06
0
0
0
0
0
0
0
0
0
0
0
0
0
1.51972e-06
1.35947e-06
4.57427e-07
0
0
0
0
0
0
0
0
0
0
0
0
0
0
0
0
0
0
0
0
5.13627e-06
5.47891e-06
0
0
0
0
0
0
0
0
0
0
1.72499e-07
8.90516e-07
1.31724e-06
0
0
0
0
0
0
0
0
1.86627e-06
5.87607e-06
1.49669e-07
0
0
3.43886e-07
7.48651e-07
0
0
0
0
0
0
0
0
0
0
0
0
0
0
0
0
0
1.18866e-05
1.7804e-05
1.11405e-05
4.38309e-06
1.02469e-05
2.1147e-05
2.94478e-05
3.30222e-05
2.23283e-05
0
0
0
0
0
0
3.27306e-06
1.46171e-05
2.69306e-05
2.3932e-05
9.83003e-06
7.80637e-06
6.2054e-06
2.81791e-06
8.82894e-07
8.53419e-08
0
0
0
0
0
0
0
0
0
0
0
0
0
0
0
0
0
0
0
0
0
0
0
0
2.47413e-07
3.7319e-08
0
4.98564e-06
1.01062e-05
1.29173e-05
1.59076e-05
1.84108e-05
2.06631e-05
2.17203e-05
2.01692e-05
1.69661e-05
1.31816e-05
8.11546e-06
2.20362e-06
0
0
0
0
0
0
0
6.33469e-07
2.82846e-06
5.0557e-06
6.07005e-06
5.35808e-06
3.99391e-06
2.95411e-06
2.44584e-06
2.15587e-06
1.86537e-06
1.52011e-06
1.16622e-06
8.7065e-07
6.65457e-07
5.38526e-07
4.11694e-07
1.97629e-07
0
0
0
0
0
0
0
0
0
0
0
0
0
0
0
0
0
0
0
0
2.4997e-07
2.44818e-06
1.68258e-06
7.11339e-07
7.07761e-08
0
0
0
0
0
0
0
0
0
0
0
0
0
0
0
0
0
0
0
0
2.61571e-06
4.297e-06
0
0
0
0
0
0
0
6.61887e-09
9.04521e-09
0
2.37091e-08
5.48997e-07
9.61576e-07
0
0
0
0
0
0
0
0
0
0
2.63799e-07
0
0
0
2.04262e-06
0
0
0
0
0
0
0
0
0
0
0
4.84433e-07
0
0
0
0
0
8.76826e-06
1.54102e-05
8.65639e-06
7.8534e-07
7.5838e-06
2.12469e-05
3.06987e-05
3.72086e-05
3.38847e-05
1.38313e-05
0
0
0
0
0
7.72642e-07
1.46954e-05
2.8583e-05
2.0088e-05
6.35833e-06
8.87453e-06
7.95729e-06
4.09078e-06
1.69877e-06
5.79298e-07
1.38401e-07
0
0
0
0
0
0
0
0
0
0
0
0
0
0
0
0
0
0
0
0
0
0
0
8.12689e-08
0
0
3.68359e-06
5.98591e-06
6.54773e-06
8.10362e-06
8.72037e-06
8.31756e-06
7.5765e-06
6.36681e-06
5.19907e-06
4.36662e-06
3.00906e-06
4.08199e-07
0
0
0
0
0
0
0
0
1.9943e-06
4.06477e-06
5.1098e-06
4.65676e-06
3.69127e-06
2.80221e-06
2.18695e-06
1.7754e-06
1.48412e-06
1.21532e-06
9.34256e-07
6.54838e-07
4.18661e-07
2.38436e-07
7.17795e-08
0
0
0
0
0
0
0
0
0
0
0
0
0
0
0
0
0
0
0
0
0
3.43123e-06
1.81612e-06
7.01261e-07
2.3652e-07
2.44043e-08
0
0
0
0
0
0
0
0
0
0
0
0
0
0
0
3.03125e-08
0
0
0
0
0
2.56797e-06
0
0
0
0
0
0
0
2.51161e-08
3.02341e-08
0
0
2.21414e-07
6.38926e-07
0
0
0
0
0
0
0
0
0
0
1.37737e-06
0
0
0
3.45295e-06
0
0
0
0
0
0
0
0
0
0
0
1.06283e-06
6.52652e-07
0
0
0
0
4.86799e-06
1.25315e-05
5.84951e-06
0
4.09702e-06
2.06122e-05
3.18906e-05
4.03724e-05
4.23462e-05
3.07968e-05
6.08087e-06
0
0
0
0
0
1.57807e-05
2.87286e-05
1.23312e-05
4.20282e-06
1.09506e-05
9.58335e-06
5.07524e-06
2.35333e-06
9.70467e-07
3.61705e-07
1.19535e-07
0
0
0
0
0
0
0
0
0
0
0
0
0
0
0
0
0
0
0
0
0
0
0
0
0
7.62207e-07
1.52113e-06
1.37946e-06
2.81067e-06
3.39821e-06
2.88064e-06
2.63399e-06
3.03003e-06
3.58548e-06
3.62589e-06
2.42541e-06
0
0
0
0
0
0
0
0
1.43731e-06
2.49312e-06
3.23828e-06
3.48276e-06
3.09691e-06
2.3593e-06
1.76374e-06
1.4224e-06
1.18718e-06
9.74265e-07
7.99328e-07
6.29769e-07
4.2317e-07
2.11184e-07
2.6514e-08
0
0
0
0
0
0
0
0
0
0
0
0
0
0
0
0
0
0
0
0
0
2.92482e-06
1.49025e-06
5.94695e-07
2.75202e-07
1.44303e-07
7.42242e-08
2.30913e-08
0
0
0
0
0
0
0
0
0
0
0
0
1.63425e-07
2.19977e-07
2.96273e-07
2.00013e-07
0
0
0
0
6.54754e-07
0
0
0
0
0
0
0
0
0
0
0
0
2.33352e-07
0
0
0
0
0
0
0
0
0
3.87041e-07
1.95009e-06
0
0
0
1.37912e-06
6.79705e-07
0
0
0
0
0
0
0
0
0
0
9.92529e-07
1.18461e-06
0
0
0
0
0
9.06894e-06
2.71452e-06
0
0
1.80234e-05
3.2249e-05
4.26851e-05
4.74164e-05
4.31529e-05
2.44258e-05
0
0
0
2.7599e-06
0
1.74341e-05
2.44617e-05
1.26673e-06
5.19165e-06
1.37269e-05
1.07164e-05
5.69431e-06
2.74302e-06
1.22624e-06
5.2751e-07
2.33627e-07
8.9626e-08
4.19641e-09
0
0
0
0
0
0
0
0
0
0
0
0
0
0
0
0
0
0
0
0
0
0
0
4.07233e-07
2.56594e-07
0
0
5.01316e-07
2.23147e-06
3.62628e-06
3.75647e-06
2.9871e-06
1.70273e-06
3.50799e-07
0
0
0
9.46516e-07
2.51923e-06
3.72856e-06
4.37198e-06
4.34537e-06
4.02476e-06
3.69912e-06
3.46116e-06
3.01825e-06
2.15984e-06
1.16843e-06
5.55458e-07
4.11652e-07
4.3131e-07
4.22505e-07
3.84935e-07
3.42609e-07
2.81003e-07
1.78522e-07
7.25902e-08
0
0
0
0
0
0
0
1.8414e-07
2.42304e-07
0
0
0
0
0
0
0
0
0
0
1.27948e-08
1.07039e-08
7.92242e-07
5.73849e-07
3.43149e-07
2.10254e-07
1.31135e-07
8.26575e-08
6.02349e-08
5.62028e-08
7.45986e-08
1.12296e-07
0
0
0
0
0
0
0
0
0
1.35849e-07
3.75781e-07
4.10351e-07
6.44763e-07
0
0
0
0
0
0
0
0
0
0
0
0
0
0
0
0
0
0
0
0
0
0
0
0
0
0
0
2.1336e-06
2.1915e-06
0
0
0
0
2.61112e-06
0
0
0
0
0
0
0
0
0
0
5.09717e-07
1.46053e-06
0
0
0
0
0
5.2771e-06
0
0
0
1.29522e-05
2.98795e-05
4.22181e-05
4.7432e-05
4.58624e-05
3.61516e-05
9.33535e-06
7.46157e-07
2.49676e-05
2.62368e-05
4.23638e-06
1.8106e-05
1.25723e-05
0
9.6425e-06
1.63254e-05
1.10014e-05
5.76825e-06
2.81041e-06
1.30671e-06
6.18849e-07
3.22531e-07
1.68432e-07
8.7226e-08
4.31543e-08
0
0
0
0
0
0
0
0
0
0
0
0
0
0
0
0
0
0
0
0
0
0
1.12473e-06
2.17507e-06
6.64267e-07
8.33067e-07
1.0001e-06
9.65833e-07
9.97808e-07
1.02739e-06
1.11968e-06
1.45338e-06
2.2898e-06
3.82997e-06
6.34832e-06
9.36053e-06
1.24112e-05
1.3028e-05
7.60238e-06
3.50419e-06
2.06712e-06
1.75694e-06
1.76696e-06
1.6471e-06
1.34594e-06
1.1104e-06
7.10726e-07
1.59054e-07
0
0
2.08838e-08
4.17441e-08
7.01916e-08
1.07604e-07
1.41529e-07
1.72813e-07
1.98948e-07
2.09756e-07
2.10344e-07
2.17176e-07
2.4921e-07
3.33718e-07
5.40487e-07
1.05133e-06
2.13809e-06
2.59728e-06
9.68594e-07
0
0
0
5.51609e-07
8.268e-07
8.96677e-07
8.61748e-07
7.52899e-07
4.93844e-07
0
6.73377e-07
4.66439e-07
2.87725e-07
1.80991e-07
1.18752e-07
8.62123e-08
7.57751e-08
8.01078e-08
9.91428e-08
1.61462e-07
3.27641e-07
4.74931e-07
1.48733e-07
0
0
0
0
0
0
3.68035e-08
3.84251e-07
4.92332e-07
7.11534e-07
4.89766e-07
0
0
0
0
0
0
0
0
0
0
0
0
0
0
0
0
0
0
2.56747e-07
0
0
0
0
0
0
0
3.27368e-06
2.2324e-06
0
0
0
0
4.70673e-06
0
0
0
0
0
0
0
0
0
0
0
1.37044e-06
2.07623e-07
0
0
0
0
6.02992e-07
0
0
0
5.21859e-06
2.45549e-05
3.70412e-05
3.99592e-05
3.76277e-05
3.39505e-05
2.49614e-05
2.95176e-05
5.04237e-05
4.47072e-05
1.07553e-05
1.35696e-05
0
0
1.55942e-05
1.7684e-05
1.05818e-05
5.34931e-06
2.54764e-06
1.22148e-06
6.46996e-07
3.93186e-07
2.43842e-07
1.57863e-07
1.18217e-07
2.58623e-08
0
0
0
0
0
0
0
0
0
0
0
0
0
0
0
0
0
0
0
0
0
0
1.63722e-06
1.29361e-06
2.39578e-07
0
0
0
0
1.15189e-06
2.91321e-06
4.34918e-06
5.04527e-06
4.54042e-06
2.65571e-06
0
0
0
0
0
0
0
3.22531e-08
2.53701e-07
9.86547e-08
0
0
0
1.67478e-07
2.23899e-07
9.43585e-08
1.62282e-08
6.9711e-09
4.99667e-08
1.37842e-07
2.53089e-07
3.58212e-07
4.39053e-07
5.09472e-07
5.94888e-07
7.28528e-07
9.85487e-07
1.62369e-06
3.90178e-06
4.96672e-06
1.0416e-06
2.15336e-07
9.8789e-07
1.58804e-06
1.42087e-06
9.73837e-07
4.48642e-07
0
0
0
8.00567e-07
8.14166e-07
4.21949e-07
2.69984e-07
1.81476e-07
1.22294e-07
8.91407e-08
7.77295e-08
8.39348e-08
1.00513e-07
1.30622e-07
2.34292e-07
4.83472e-07
6.19867e-07
3.41549e-07
2.87653e-07
4.10243e-07
2.38118e-07
0
0
0
2.70821e-07
5.27011e-07
6.89051e-07
8.46354e-07
0
0
0
0
0
0
0
0
0
0
0
0
0
0
0
0
0
0
0
4.99977e-06
0
0
0
0
0
0
3.96054e-06
2.11344e-06
0
0
0
0
7.03934e-06
0
0
0
0
0
0
0
0
0
0
0
9.05451e-07
4.7954e-07
0
0
0
0
0
0
0
0
0
1.66878e-05
3.02799e-05
3.00218e-05
2.64821e-05
2.65722e-05
2.75679e-05
3.79228e-05
5.62313e-05
5.27089e-05
1.35291e-05
0
0
6.35313e-06
2.06435e-05
1.7317e-05
9.46711e-06
4.6631e-06
2.27568e-06
1.17231e-06
6.92371e-07
4.71918e-07
3.28924e-07
2.35306e-07
1.84512e-07
8.72609e-08
0
0
0
0
0
0
0
0
0
0
0
0
0
0
0
0
0
0
2.89816e-07
0
0
0
0
0
0
0
0
0
0
5.544e-07
2.10048e-06
1.79816e-06
4.48323e-07
0
0
0
0
0
0
0
0
0
0
8.56325e-08
0
0
0
0
3.41826e-08
4.61315e-07
4.40679e-07
2.10092e-07
8.47857e-08
4.11486e-08
6.50473e-08
1.51897e-07
2.72973e-07
3.92225e-07
4.97266e-07
5.93825e-07
6.91736e-07
8.24393e-07
1.278e-06
4.52768e-06
7.00678e-06
1.79825e-06
2.21626e-06
2.28865e-06
1.48188e-06
7.01361e-07
6.68108e-08
0
0
0
0
1.62999e-06
7.53288e-07
4.34819e-07
2.75082e-07
1.80298e-07
1.20216e-07
8.54408e-08
7.35781e-08
9.02701e-08
1.1577e-07
1.2497e-07
1.52383e-07
2.60936e-07
4.41431e-07
4.09301e-07
4.07544e-07
6.01283e-07
5.78956e-07
2.48356e-07
2.24101e-08
0
1.41741e-07
4.71537e-07
6.65894e-07
9.0229e-07
3.24686e-07
0
0
0
0
0
0
0
0
0
0
0
0
0
0
0
0
0
0
4.63246e-06
9.18053e-06
0
0
0
0
0
4.3112e-06
1.84527e-06
0
0
0
0
9.02597e-06
7.41651e-07
0
0
0
0
0
0
0
0
0
0
2.82174e-07
6.01146e-07
0
0
0
0
0
0
0
0
0
4.39706e-06
2.42427e-05
2.54175e-05
2.08954e-05
2.18554e-05
2.63217e-05
3.833e-05
5.63364e-05
5.42637e-05
0
0
0
1.75211e-05
2.3009e-05
1.51075e-05
7.97383e-06
3.96581e-06
1.9981e-06
1.10814e-06
7.28726e-07
5.48045e-07
4.20875e-07
3.25319e-07
2.57398e-07
1.40129e-07
0
0
0
0
0
0
0
0
0
0
0
0
0
0
0
0
0
0
4.08208e-06
3.88149e-06
6.83537e-06
6.67596e-06
3.34254e-06
1.29698e-06
0
0
0
0
0
0
6.28774e-07
0
0
0
0
0
0
0
0
0
0
0
2.00075e-07
5.18556e-07
1.50787e-07
0
0
0
0
3.87998e-07
7.92565e-07
6.86537e-07
4.03863e-07
2.36465e-07
1.43459e-07
1.15766e-07
1.47053e-07
2.0998e-07
2.77094e-07
3.34387e-07
3.79227e-07
4.76811e-07
1.23406e-06
5.25044e-06
7.55383e-06
2.42434e-06
2.13164e-06
1.11517e-06
4.52013e-07
3.26483e-07
3.1477e-07
2.37211e-07
1.86026e-07
4.03005e-07
1.262e-06
1.04142e-06
6.37274e-07
4.26922e-07
2.66663e-07
1.66575e-07
1.15878e-07
8.9994e-08
7.91982e-08
9.91845e-08
1.37838e-07
1.3926e-07
1.26231e-07
1.37906e-07
1.89967e-07
2.55883e-07
3.74715e-07
6.09143e-07
7.13383e-07
5.23233e-07
1.79904e-07
3.01741e-08
6.03057e-08
3.19758e-07
6.19339e-07
8.6845e-07
6.658e-07
0
0
0
0
0
0
0
0
0
0
0
0
0
0
0
0
0
0
2.00271e-06
1.27807e-05
0
0
0
0
0
4.37157e-06
1.42343e-06
0
0
0
0
7.57661e-06
2.43066e-06
0
0
0
0
0
0
0
0
0
0
0
4.24205e-07
0
0
0
0
0
0
0
0
0
0
1.23747e-05
2.5698e-05
2.25543e-05
2.21873e-05
2.72076e-05
3.97475e-05
5.88497e-05
4.69679e-05
0
0
1.07178e-05
2.43887e-05
2.16448e-05
1.24067e-05
6.12386e-06
2.95989e-06
1.55091e-06
9.5907e-07
7.22268e-07
6.02908e-07
5.04008e-07
4.14246e-07
3.35242e-07
2.00457e-07
2.44388e-08
0
2.18985e-07
0
0
0
0
0
0
0
0
0
0
0
0
0
0
0
1.75615e-06
0
7.99773e-07
2.73043e-07
0
0
0
0
0
0
0
0
0
0
0
0
0
0
0
0
1.61444e-06
1.34074e-06
0
3.12459e-08
8.15472e-07
8.9009e-07
4.39307e-07
9.8728e-08
0
0
0
0
3.1923e-07
5.54199e-07
4.92203e-07
3.49102e-07
2.45638e-07
1.62904e-07
1.14012e-07
1.02785e-07
1.16797e-07
1.49176e-07
2.20427e-07
4.96486e-07
1.5778e-06
3.91027e-06
7.57154e-07
3.84209e-07
0
0
6.61122e-07
1.76991e-06
2.16562e-06
1.90705e-06
1.50739e-06
1.29613e-06
1.07234e-06
6.69307e-07
5.22357e-07
3.88531e-07
2.51965e-07
1.59059e-07
1.19257e-07
1.06444e-07
9.70752e-08
1.05945e-07
1.44001e-07
1.50065e-07
1.21436e-07
9.18619e-08
8.49097e-08
1.17133e-07
2.61894e-07
5.05009e-07
6.53214e-07
6.23041e-07
3.53117e-07
9.89691e-08
2.94431e-08
1.5936e-07
5.02201e-07
8.18383e-07
7.89495e-07
2.86624e-10
0
0
0
0
0
0
0
0
0
0
0
0
0
0
0
0
0
0
7.72215e-06
0
0
0
0
0
4.13564e-06
8.44987e-07
0
0
0
0
0
5.00479e-06
0
0
0
0
0
0
0
0
0
0
0
4.58601e-08
0
0
0
0
0
0
0
0
0
0
0
1.46907e-05
2.8258e-05
2.97072e-05
3.46782e-05
4.84982e-05
6.78273e-05
0
0
5.16254e-06
2.29263e-05
2.59526e-05
1.71564e-05
9.14659e-06
4.53382e-06
2.28969e-06
1.30292e-06
8.9332e-07
7.24689e-07
6.43371e-07
5.6855e-07
4.87573e-07
4.02912e-07
2.63638e-07
1.61748e-07
1.69453e-07
5.87333e-07
0
0
0
0
0
0
0
0
0
0
4.32964e-07
0
0
0
0
0
0
0
0
0
0
0
1.27685e-08
0
0
0
0
0
0
0
0
0
0
5.32347e-07
1.94905e-06
2.66495e-06
1.2737e-06
0
1.20798e-07
9.90121e-07
1.11533e-06
6.32082e-07
2.64833e-07
1.25254e-07
4.91059e-08
0
0
0
1.36655e-07
2.73792e-07
2.7513e-07
2.23379e-07
1.52688e-07
7.60021e-08
2.00337e-08
0
2.33325e-09
7.23998e-08
3.64815e-07
1.16567e-06
1.57861e-06
0
0
0
0
2.61058e-06
4.35792e-06
4.72338e-06
4.0754e-06
2.94191e-06
1.65307e-06
7.81928e-07
5.44638e-07
4.5895e-07
3.53848e-07
2.40689e-07
1.59417e-07
1.27944e-07
1.25132e-07
1.20147e-07
1.11983e-07
1.21873e-07
1.33837e-07
1.13644e-07
7.46222e-08
4.8576e-08
5.76193e-08
1.6654e-07
3.68634e-07
4.91313e-07
5.04608e-07
4.12626e-07
1.7209e-07
3.08953e-08
5.47754e-08
3.10703e-07
7.1459e-07
8.14735e-07
2.83043e-07
0
0
0
0
0
0
0
0
0
0
0
0
0
0
0
0
0
0
3.58883e-06
2.57102e-06
0
0
0
0
3.65572e-06
1.72273e-07
0
0
0
0
0
7.94369e-06
0
0
0
0
0
0
0
0
0
0
0
0
0
0
0
0
0
0
0
0
0
0
0
0
5.62053e-06
2.46273e-05
3.74785e-05
4.22096e-05
7.27095e-06
0
6.82574e-06
2.13119e-05
2.66021e-05
2.16617e-05
1.23094e-05
6.3062e-06
3.16312e-06
1.69962e-06
1.08442e-06
8.2901e-07
7.15343e-07
6.59575e-07
6.07461e-07
5.36106e-07
4.44811e-07
3.12882e-07
3.17555e-07
3.55773e-07
4.7783e-07
0
0
0
0
0
0
0
0
0
0
1.65905e-06
0
0
0
0
0
0
0
0
0
0
0
0
0
0
0
0
0
0
0
0
0
3.39286e-07
1.37866e-06
2.52919e-06
2.75937e-06
8.14005e-07
1.30064e-07
6.63083e-08
1.15905e-06
1.26032e-06
7.19442e-07
3.3963e-07
1.80299e-07
1.16282e-07
4.31626e-09
0
0
0
0
0
3.45682e-08
1.48119e-08
0
0
0
0
0
0
4.0198e-07
4.59436e-07
0
0
0
1.25736e-06
5.50567e-06
7.60026e-06
8.07652e-06
6.92051e-06
4.11424e-06
1.42164e-06
6.2397e-07
4.93055e-07
4.14225e-07
3.22075e-07
2.30808e-07
1.6419e-07
1.37004e-07
1.37624e-07
1.457e-07
1.29148e-07
1.09109e-07
1.08116e-07
9.86717e-08
6.79086e-08
4.1537e-08
4.00536e-08
9.70302e-08
2.49375e-07
3.46321e-07
3.46194e-07
3.15522e-07
1.91086e-07
4.5502e-08
1.72283e-09
1.18937e-07
5.13044e-07
7.61421e-07
4.15111e-07
0
0
0
0
0
0
0
0
0
0
0
0
0
0
0
0
0
0
1.23496e-06
2.97131e-06
0
0
0
0
2.96679e-06
0
0
0
0
0
0
8.28426e-06
0
0
0
0
0
0
0
1.76782e-08
0
0
0
0
0
0
0
0
0
0
0
0
0
0
0
0
0
0
8.5041e-07
3.98655e-06
5.33415e-06
1.14389e-05
1.94317e-05
2.44051e-05
2.27911e-05
1.41219e-05
7.86064e-06
4.10447e-06
2.15855e-06
1.27384e-06
8.94946e-07
7.31949e-07
6.62839e-07
6.30996e-07
6.01772e-07
5.48006e-07
4.51982e-07
3.47019e-07
4.26724e-07
4.52344e-07
2.88968e-07
0
0
0
0
0
0
0
0
0
5.89668e-07
2.0183e-06
1.13082e-06
1.16274e-07
0
0
1.83628e-08
4.07232e-08
3.41072e-08
0
0
0
0
0
0
0
0
0
0
2.57533e-07
0
0
0
1.32785e-07
1.67561e-06
3.50018e-06
4.57811e-06
2.60489e-06
8.9126e-07
2.92676e-07
1.31775e-06
1.07098e-06
6.13778e-07
3.4303e-07
2.00077e-07
1.34758e-07
5.92512e-08
0
0
0
0
0
0
0
0
0
0
0
0
0
9.50708e-08
3.75953e-07
0
0
0
4.8789e-06
8.60017e-06
1.12925e-05
1.23723e-05
9.9052e-06
4.01076e-06
1.09475e-06
6.10662e-07
4.96161e-07
3.98213e-07
3.06013e-07
2.27299e-07
1.71007e-07
1.47057e-07
1.46085e-07
1.59635e-07
1.47569e-07
1.15535e-07
9.64696e-08
8.40252e-08
6.3865e-08
4.69644e-08
4.26694e-08
5.72063e-08
1.36527e-07
2.16122e-07
2.14533e-07
2.0359e-07
1.62707e-07
5.98976e-08
0
0
2.41266e-07
6.2463e-07
4.47476e-07
0
0
0
0
0
0
0
0
0
0
0
0
0
0
0
0
0
0
1.484e-07
2.57451e-06
0
0
0
0
2.02436e-06
0
0
0
0
0
0
0
5.69136e-07
0
0
0
0
0
0
5.13933e-08
0
0
0
0
0
0
0
0
0
0
0
0
0
0
0
0
0
0
0
5.63301e-06
1.12923e-05
1.65846e-05
2.07698e-05
2.10163e-05
1.43316e-05
8.71656e-06
4.87649e-06
2.6308e-06
1.51367e-06
1.02188e-06
8.05279e-07
6.958e-07
6.48332e-07
6.29617e-07
6.11953e-07
5.72583e-07
4.78911e-07
4.24174e-07
5.3553e-07
5.29574e-07
2.95852e-07
0
0
0
0
0
0
0
0
0
1.37164e-06
1.80857e-06
2.45733e-06
2.97422e-06
1.50921e-06
2.48351e-06
1.40352e-08
5.28303e-09
1.85657e-09
0
0
0
4.18531e-10
0
0
0
0
0
1.25964e-07
2.82884e-07
4.99171e-08
0
0
0
0
0
0
0
3.07394e-07
1.0752e-06
1.19674e-06
8.36579e-07
4.70088e-07
2.66655e-07
1.64614e-07
1.10119e-07
6.7356e-08
1.45762e-09
0
0
0
0
0
0
0
0
0
0
0
0
2.45675e-07
4.47409e-07
0
0
3.62839e-06
8.31524e-06
1.11938e-05
1.51204e-05
1.75758e-05
1.12615e-05
2.82764e-06
9.76765e-07
6.58469e-07
4.96725e-07
3.63274e-07
2.64936e-07
2.00204e-07
1.63466e-07
1.49053e-07
1.46593e-07
1.59063e-07
1.53036e-07
1.21793e-07
8.88493e-08
6.72078e-08
5.40249e-08
4.80071e-08
4.78989e-08
4.46981e-08
6.23669e-08
1.05713e-07
1.07282e-07
9.88035e-08
1.06221e-07
6.40698e-08
0
0
0
3.54971e-07
4.14839e-07
0
0
0
0
0
0
0
0
0
0
0
0
0
0
0
0
0
0
0
1.7019e-06
1.23172e-07
0
0
0
9.09773e-07
0
0
0
0
0
0
0
4.88911e-07
0
0
0
0
0
0
4.05636e-08
5.42265e-08
0
0
0
0
0
0
0
0
0
0
0
0
0
0
0
0
0
0
4.48698e-06
8.88745e-06
1.25462e-05
1.36047e-05
1.04511e-05
7.11227e-06
4.42469e-06
2.5709e-06
1.51575e-06
1.03216e-06
8.13587e-07
6.7853e-07
5.96179e-07
5.68306e-07
5.66377e-07
5.65266e-07
5.44253e-07
4.75788e-07
4.82852e-07
5.84743e-07
5.32389e-07
3.15594e-07
3.04375e-07
0
0
0
0
0
0
0
2.98423e-08
2.09816e-06
1.53999e-06
3.82405e-06
5.4675e-06
5.51798e-06
8.041e-06
1.99512e-09
0
0
0
0
0
5.57989e-09
3.77959e-09
8.74537e-09
0
0
5.21089e-09
6.3187e-08
7.70024e-08
0
0
0
0
0
0
0
1.48125e-06
1.44487e-06
9.72612e-07
7.56816e-07
5.12154e-07
2.96704e-07
1.74231e-07
1.17238e-07
8.15072e-08
6.43468e-08
5.09581e-08
7.01326e-09
0
0
0
0
0
0
0
0
0
0
0
3.09576e-07
4.16215e-07
0
6.40589e-06
1.11214e-05
1.00153e-05
1.25841e-05
1.84517e-05
2.34254e-05
7.95938e-06
1.63631e-06
9.68389e-07
6.86381e-07
4.74449e-07
3.19906e-07
2.196e-07
1.6519e-07
1.45833e-07
1.43412e-07
1.43799e-07
1.52787e-07
1.47671e-07
1.2298e-07
8.60358e-08
5.54948e-08
4.33553e-08
4.23139e-08
4.66125e-08
4.32227e-08
3.70664e-08
4.73772e-08
4.79065e-08
3.40241e-08
4.54125e-08
4.95414e-08
6.05553e-09
0
0
3.67483e-08
2.94113e-07
0
0
0
0
0
0
0
0
0
0
0
0
0
0
0
0
0
0
0
6.13933e-07
1.51309e-06
0
0
0
1.12863e-07
0
0
0
0
0
0
0
0
0
0
0
0
0
0
1.88812e-08
6.74316e-08
0
0
0
0
0
0
0
0
0
0
0
0
0
0
0
0
0
0
1.077e-07
3.3663e-06
5.36212e-06
5.50784e-06
4.61695e-06
3.38914e-06
2.23807e-06
1.41466e-06
9.84247e-07
8.16239e-07
7.1677e-07
6.10527e-07
5.35976e-07
5.14122e-07
5.23648e-07
5.31957e-07
5.22171e-07
4.84589e-07
5.29232e-07
5.99345e-07
5.00694e-07
4.37085e-07
3.81368e-07
0
0
0
0
0
0
0
1.18698e-06
2.43332e-06
9.8003e-07
4.85442e-06
7.29841e-06
9.16611e-06
1.35427e-05
0
0
0
0
0
7.68826e-11
6.64009e-09
5.37846e-09
8.01142e-09
5.26157e-09
0
1.69421e-08
1.40205e-08
0
0
0
0
0
0
0
8.88259e-07
8.69503e-07
4.67798e-07
3.44279e-07
3.02569e-07
2.36086e-07
1.55969e-07
1.02638e-07
7.65954e-08
6.1145e-08
5.23643e-08
4.93615e-08
4.28305e-08
0
0
0
0
0
0
0
0
0
0
0
8.0494e-08
5.38247e-07
3.04733e-06
1.27453e-05
1.17422e-05
9.75085e-06
1.22686e-05
2.01318e-05
2.25122e-05
1.89259e-06
1.16995e-06
1.01786e-06
7.15426e-07
4.73974e-07
3.04987e-07
1.9919e-07
1.46059e-07
1.31779e-07
1.33862e-07
1.4069e-07
1.46281e-07
1.3848e-07
1.20106e-07
8.82812e-08
5.35339e-08
3.68763e-08
3.34141e-08
3.66115e-08
3.73776e-08
2.98316e-08
2.65559e-08
2.51333e-08
1.17703e-08
1.02049e-08
2.61699e-08
1.63954e-08
0
0
0
4.83271e-08
0
0
0
0
0
0
0
0
0
0
0
0
0
0
0
0
0
0
0
1.79173e-07
3.94353e-06
0
0
0
5.54501e-07
0
0
0
0
0
0
0
0
0
0
0
0
0
0
3.41724e-09
4.34917e-08
5.85708e-08
0
0
0
0
0
0
0
0
0
0
0
0
0
0
0
0
0
0
1.50821e-07
1.72132e-06
2.28418e-06
2.14554e-06
1.68462e-06
1.20407e-06
8.80541e-07
7.4428e-07
7.13787e-07
6.4972e-07
5.48669e-07
4.73412e-07
4.51428e-07
4.7004e-07
4.94347e-07
4.99362e-07
4.95681e-07
5.55862e-07
5.91722e-07
4.7579e-07
5.23774e-07
3.6409e-07
3.50571e-09
0
0
0
0
0
0
1.82656e-06
1.95396e-06
0
5.20827e-06
8.43178e-06
1.22051e-05
1.8534e-05
2.27045e-08
2.09465e-08
2.27086e-08
4.79161e-08
3.91675e-08
9.26328e-10
2.36018e-08
2.41871e-08
0
3.16028e-09
0
0
0
0
0
0
0
0
4.79158e-08
1.48694e-07
1.41091e-07
6.88529e-08
5.12366e-08
7.5984e-08
1.05211e-07
1.09516e-07
8.85816e-08
6.69538e-08
5.52498e-08
5.28327e-08
4.24692e-08
2.72148e-08
8.24676e-09
0
0
0
0
0
0
0
0
0
0
0
0
9.20234e-07
4.4932e-06
1.01766e-05
9.34477e-06
7.93555e-06
9.62572e-06
1.3859e-05
0
0
1.21221e-06
1.03997e-06
6.89281e-07
4.31977e-07
2.65191e-07
1.66376e-07
1.19659e-07
1.10323e-07
1.15643e-07
1.31034e-07
1.38006e-07
1.28782e-07
1.13914e-07
9.0047e-08
5.69026e-08
3.50877e-08
2.55949e-08
2.34171e-08
2.58621e-08
2.4706e-08
2.09319e-08
1.89754e-08
9.65652e-09
0
3.8231e-09
1.31374e-08
0
0
0
0
0
0
0
0
0
0
0
0
0
0
0
0
0
0
0
0
0
0
0
6.60743e-07
7.67133e-06
8.24948e-07
0
5.80941e-06
2.74914e-06
0
0
0
0
0
0
0
0
0
0
0
0
0
0
3.4428e-09
2.13717e-08
4.26094e-08
4.37283e-09
0
0
0
0
0
0
0
0
0
0
0
0
0
0
0
0
0
0
8.07132e-07
1.12559e-06
1.09668e-06
9.2195e-07
7.43609e-07
6.3898e-07
6.26172e-07
6.25941e-07
5.93311e-07
5.11516e-07
4.40231e-07
4.13147e-07
4.23886e-07
4.59537e-07
4.78395e-07
5.06306e-07
5.8944e-07
5.93244e-07
5.11642e-07
5.40373e-07
3.45698e-07
1.68555e-07
1.20688e-07
0
0
0
0
0
1.95362e-06
2.50081e-07
0
4.72441e-06
8.82608e-06
1.43736e-05
2.24868e-05
0
0
0
5.89283e-08
1.34119e-07
1.66088e-07
1.76935e-07
1.26628e-07
0
0
0
0
3.65403e-09
4.47741e-08
1.27441e-08
0
0
1.11231e-08
1.06233e-08
0
0
0
2.1376e-08
4.49947e-08
6.55306e-08
6.71609e-08
5.25224e-08
3.95422e-08
3.11228e-08
2.72784e-08
2.30162e-08
1.66883e-08
1.299e-08
4.6897e-09
0
0
0
0
0
0
0
0
0
0
0
1.14835e-06
3.78018e-06
6.78035e-06
6.37225e-06
5.27045e-06
4.89563e-06
0
0
4.16003e-07
1.33337e-06
9.78119e-07
5.86971e-07
3.38175e-07
1.99136e-07
1.24277e-07
9.0427e-08
8.41291e-08
8.99049e-08
1.11733e-07
1.25402e-07
1.19524e-07
1.06989e-07
8.83924e-08
5.89585e-08
3.48368e-08
2.02032e-08
1.2388e-08
1.29402e-08
1.78816e-08
1.85692e-08
1.70366e-08
1.17887e-08
0
0
0
0
0
0
0
0
0
0
0
0
0
0
0
0
0
0
0
0
0
0
0
0
0
0
1.46569e-06
1.2206e-05
8.63582e-06
7.93422e-06
3.43085e-05
5.15572e-06
0
0
0
0
0
0
0
0
0
0
0
6.04271e-09
4.20677e-08
3.75438e-08
2.00933e-08
1.30354e-08
1.79726e-08
1.6618e-08
0
0
0
0
0
0
0
0
0
0
0
0
0
0
0
0
0
1.38601e-07
5.16994e-07
6.52361e-07
6.48693e-07
5.8625e-07
5.22269e-07
5.10018e-07
5.2979e-07
5.43446e-07
5.3142e-07
4.79505e-07
4.15396e-07
3.80135e-07
3.75956e-07
4.01358e-07
4.3835e-07
5.18565e-07
6.34937e-07
6.12522e-07
5.79016e-07
5.51583e-07
3.48681e-07
3.16857e-07
2.79166e-07
2.44694e-07
1.44163e-07
0
0
0
1.36872e-06
0
0
3.52019e-06
8.68705e-06
1.58304e-05
2.53358e-05
0
1.27019e-07
3.64339e-07
3.94805e-07
3.35716e-07
2.71196e-07
2.04017e-07
1.27301e-07
2.97934e-08
0
0
0
0
0
0
0
0
0
0
0
0
2.07117e-08
3.60122e-08
3.87606e-08
4.09648e-08
3.90207e-08
3.06689e-08
2.32009e-08
1.6615e-08
9.32499e-09
0
0
0
0
0
0
0
0
0
0
0
0
0
0
0
9.20382e-07
2.43222e-06
4.02696e-06
3.59287e-06
2.44026e-06
2.57109e-07
0
0
1.1967e-06
1.27265e-06
8.17386e-07
4.68213e-07
2.64399e-07
1.5533e-07
1.00121e-07
7.48524e-08
6.72459e-08
6.91704e-08
8.58197e-08
1.07423e-07
1.0909e-07
9.99857e-08
8.42723e-08
5.78582e-08
3.38513e-08
1.67231e-08
5.35926e-09
2.06514e-09
8.57871e-09
1.36933e-08
1.2114e-08
9.45418e-09
0
0
0
0
0
0
0
0
0
0
0
0
0
0
0
0
0
0
0
0
0
0
0
0
1.61258e-07
4.66792e-07
2.03063e-06
1.19705e-05
1.97322e-05
2.26247e-05
3.8726e-05
6.37511e-06
0
0
0
0
0
0
0
0
0
2.28996e-07
2.1862e-07
1.51785e-07
1.18195e-07
8.51171e-08
4.9587e-08
2.13736e-08
5.05081e-09
0
0
0
0
0
0
0
0
0
0
0
0
0
0
0
0
0
0
1.75058e-07
3.509e-07
4.20573e-07
4.27438e-07
4.05825e-07
3.88423e-07
4.01065e-07
4.37265e-07
4.68711e-07
4.6919e-07
4.48306e-07
4.05973e-07
3.71378e-07
3.5553e-07
3.69134e-07
4.09909e-07
5.38569e-07
6.72696e-07
6.37792e-07
6.39899e-07
5.7083e-07
3.82124e-07
4.46321e-07
3.41958e-07
5.84393e-07
9.2842e-07
0
0
0
0
0
0
1.93213e-06
8.41887e-06
1.68946e-05
2.7153e-05
8.82709e-08
2.47571e-07
4.1173e-07
5.60813e-07
1.97402e-07
8.63498e-08
6.51511e-08
3.91304e-08
4.17953e-09
0
0
0
0
0
0
0
0
0
0
0
1.19e-08
2.28866e-08
1.94617e-08
2.04626e-08
3.0583e-08
3.57398e-08
2.99748e-08
2.18766e-08
1.35138e-08
3.2434e-09
0
0
0
0
0
0
0
0
0
0
0
0
0
0
0
3.44517e-07
1.1817e-06
1.81104e-06
1.25092e-06
1.32918e-07
0
0
6.38487e-07
1.46954e-06
1.06747e-06
6.10016e-07
3.26767e-07
1.79066e-07
1.08795e-07
7.68034e-08
6.14984e-08
5.38121e-08
5.20782e-08
6.04319e-08
8.4264e-08
9.47479e-08
9.10753e-08
7.87508e-08
5.51967e-08
3.22099e-08
1.52348e-08
3.10209e-09
0
0
4.85968e-09
2.69774e-09
0
0
0
0
0
0
0
0
0
0
0
0
0
0
0
0
0
0
0
0
0
0
0
0
0
0
2.29818e-09
1.09828e-06
7.05824e-06
2.01049e-05
3.48953e-05
3.48022e-05
6.44222e-06
0
0
0
0
0
0
0
0
0
5.7388e-07
5.07133e-07
3.13729e-07
1.99072e-07
1.29866e-07
8.2778e-08
4.33032e-08
8.54447e-09
0
0
0
0
0
0
0
0
0
0
0
0
0
0
0
0
0
0
1.41636e-07
2.36806e-07
2.86008e-07
3.00919e-07
2.96086e-07
2.97823e-07
3.26349e-07
3.72169e-07
4.16488e-07
4.19341e-07
4.05681e-07
3.91427e-07
3.73525e-07
3.56198e-07
3.65408e-07
4.08561e-07
5.54843e-07
6.93176e-07
6.6369e-07
6.88637e-07
5.90934e-07
4.59112e-07
5.3662e-07
3.05008e-07
1.28792e-06
0
0
0
0
0
0
0
5.88625e-07
8.53669e-06
1.798e-05
2.82033e-05
1.00999e-07
2.61226e-07
3.64773e-07
3.88728e-07
2.72377e-07
3.62116e-08
0
0
0
0
0
0
0
0
0
0
0
0
0
0
4.15107e-09
1.33284e-08
2.20364e-08
2.72534e-08
2.86017e-08
2.50876e-08
1.76416e-08
1.26532e-08
9.74846e-09
3.96701e-09
0
0
0
0
0
0
0
0
0
0
0
0
0
0
0
0
4.1034e-07
5.07356e-07
0
0
0
2.16669e-07
1.428e-06
1.17731e-06
6.8755e-07
3.67584e-07
1.95629e-07
1.11949e-07
7.4958e-08
5.89206e-08
4.98062e-08
4.22436e-08
3.76634e-08
4.10172e-08
5.92101e-08
7.58167e-08
7.89597e-08
7.14894e-08
5.27616e-08
3.15041e-08
1.62066e-08
6.01364e-09
0
0
0
0
0
0
0
0
0
0
0
0
0
0
0
0
0
0
0
0
0
0
0
0
0
0
0
0
0
0
0
0
3.39947e-06
1.17911e-05
2.67028e-05
2.34687e-05
5.15374e-06
0
0
0
0
0
0
0
0
0
9.49242e-07
7.95189e-07
4.79595e-07
2.83627e-07
1.72352e-07
1.11422e-07
7.0296e-08
2.82432e-08
0
0
0
0
0
0
0
0
0
0
0
0
0
0
0
0
0
8.51429e-09
1.00029e-07
1.65469e-07
2.0805e-07
2.26601e-07
2.32907e-07
2.49168e-07
2.86415e-07
3.36143e-07
3.70647e-07
3.75808e-07
3.75789e-07
3.78081e-07
3.75681e-07
3.68061e-07
3.79031e-07
4.18499e-07
5.65208e-07
6.93484e-07
6.89034e-07
7.28128e-07
6.06069e-07
5.89921e-07
5.76396e-07
3.09337e-07
2.63423e-06
0
0
0
0
0
0
0
9.42919e-08
9.50384e-06
1.94175e-05
2.89518e-05
1.46134e-07
3.07119e-07
3.11376e-07
2.24107e-07
1.02274e-07
0
0
0
0
0
0
0
0
0
0
0
0
0
7.44129e-10
1.13113e-09
1.45378e-08
3.25647e-08
3.80819e-08
2.97836e-08
1.91131e-08
1.30649e-08
8.72512e-09
6.5227e-09
7.24949e-09
4.88299e-09
0
0
0
0
0
0
0
0
0
0
0
0
0
0
3.13347e-08
3.14637e-07
5.17188e-07
2.73961e-07
0
0
1.05121e-07
1.12261e-06
1.05774e-06
6.60498e-07
3.63062e-07
1.93287e-07
1.06857e-07
6.78346e-08
5.22507e-08
4.58e-08
4.08573e-08
3.42357e-08
2.76851e-08
2.70375e-08
3.69583e-08
5.36262e-08
6.31516e-08
6.18093e-08
4.98775e-08
3.16906e-08
1.84147e-08
1.06443e-08
4.86516e-09
0
0
0
0
0
0
0
0
0
0
0
0
0
0
0
0
0
0
0
0
0
0
0
0
0
0
0
0
0
0
0
1.50535e-06
6.72931e-06
1.53858e-05
1.20483e-05
2.37767e-06
0
0
0
0
0
0
0
0
0
1.37529e-06
1.07805e-06
6.30624e-07
3.55122e-07
2.052e-07
1.31161e-07
9.29397e-08
5.64269e-08
3.67834e-09
0
0
0
0
0
0
0
0
0
0
0
0
0
0
0
0
5.56084e-09
6.47183e-08
1.16877e-07
1.56662e-07
1.79761e-07
1.97802e-07
2.29563e-07
2.73358e-07
3.16793e-07
3.39605e-07
3.43925e-07
3.45967e-07
3.60635e-07
3.69458e-07
3.78564e-07
4.00603e-07
4.35565e-07
5.70911e-07
6.73041e-07
7.11981e-07
7.59442e-07
6.24974e-07
7.62213e-07
5.88671e-07
8.04959e-07
5.0873e-06
0
0
0
0
0
0
0
7.59083e-07
1.14132e-05
2.10839e-05
2.94456e-05
0
5.02456e-08
8.20107e-08
7.26675e-08
2.11427e-08
0
0
0
0
0
0
0
0
0
2.67848e-09
1.93987e-08
2.28085e-08
1.79717e-08
1.05138e-08
1.18929e-08
2.62404e-08
3.90111e-08
3.6832e-08
2.67566e-08
1.88657e-08
9.48621e-09
0
0
0
0
0
0
0
0
0
0
0
0
0
0
0
0
5.75514e-08
2.90552e-07
5.05968e-07
7.11447e-07
6.38584e-07
1.73271e-07
0
0
5.77002e-07
6.99375e-07
4.97443e-07
2.95532e-07
1.65828e-07
9.46436e-08
6.06844e-08
4.66088e-08
4.09737e-08
3.79284e-08
3.45745e-08
2.90524e-08
2.21678e-08
1.84533e-08
2.14587e-08
3.20378e-08
4.36749e-08
4.86104e-08
4.31954e-08
2.99409e-08
1.89524e-08
1.27988e-08
8.6567e-09
3.89221e-09
0
0
0
0
0
0
0
0
0
0
0
0
0
0
0
0
0
0
0
0
0
0
0
0
0
0
0
0
0
0
0
4.56286e-06
1.20661e-05
6.04011e-06
0
0
0
0
0
0
0
0
0
3.3636e-07
1.81638e-06
1.34053e-06
7.75828e-07
4.2663e-07
2.3702e-07
1.45602e-07
1.07134e-07
8.11222e-08
3.7723e-08
0
0
0
0
0
0
0
0
0
0
0
0
0
0
0
0
0
3.43704e-08
7.9567e-08
1.2158e-07
1.54831e-07
1.90412e-07
2.36508e-07
2.81814e-07
3.01705e-07
3.09894e-07
3.05316e-07
2.99647e-07
3.21834e-07
3.50237e-07
3.80685e-07
4.23442e-07
4.65615e-07
5.87603e-07
6.43755e-07
7.37837e-07
7.92336e-07
6.73062e-07
9.44967e-07
6.50516e-07
2.66638e-06
9.60078e-06
0
0
0
0
0
0
0
2.58819e-06
1.39296e-05
2.25476e-05
2.93642e-05
0
0
0
0
0
0
0
0
0
0
0
0
0
0
3.28186e-08
3.90455e-08
3.06451e-08
1.86211e-08
1.0569e-08
1.26927e-08
2.3613e-08
3.2419e-08
3.47758e-08
3.35652e-08
2.60975e-08
1.31082e-08
1.69034e-09
0
1.95305e-09
7.16779e-09
0
0
0
0
0
0
0
0
0
0
0
0
0
5.48376e-09
2.12128e-07
3.58041e-07
2.74405e-07
3.20685e-08
0
2.17624e-07
3.22999e-07
2.70843e-07
1.83196e-07
1.13061e-07
6.92407e-08
4.68541e-08
3.73126e-08
3.32571e-08
3.07179e-08
2.82207e-08
2.51183e-08
2.05583e-08
1.51443e-08
1.13699e-08
1.1297e-08
1.57277e-08
2.34909e-08
3.01638e-08
2.83653e-08
1.93413e-08
1.16686e-08
7.35622e-09
4.47079e-09
1.11514e-09
0
0
0
0
0
0
0
0
0
0
0
0
0
0
0
0
0
0
0
0
0
0
0
0
0
0
0
0
0
0
0
2.91352e-07
9.9771e-06
5.675e-06
0
0
0
0
0
0
0
0
0
1.14207e-06
2.06911e-06
1.43708e-06
8.19894e-07
4.46139e-07
2.44967e-07
1.46305e-07
1.06283e-07
8.8045e-08
5.95636e-08
6.70097e-09
0
0
0
0
0
0
0
0
0
0
0
0
0
0
0
0
1.64936e-08
5.9092e-08
1.07287e-07
1.53729e-07
2.01274e-07
2.55306e-07
2.84383e-07
2.9121e-07
2.82769e-07
2.58031e-07
2.42499e-07
2.58725e-07
3.04492e-07
3.6869e-07
4.38863e-07
5.0617e-07
6.17826e-07
6.14621e-07
7.75983e-07
8.41126e-07
7.60167e-07
1.08819e-06
9.54339e-07
6.46665e-06
1.7237e-05
0
0
0
0
0
0
0
5.84576e-06
1.66961e-05
2.34614e-05
2.89317e-05
0
0
0
0
0
0
0
1.21832e-07
3.12233e-07
5.96707e-07
1.10556e-06
1.43194e-06
1.78031e-07
0
0
1.88751e-08
1.86862e-08
4.20275e-09
0
0
0
2.21078e-08
4.86878e-08
6.77048e-08
7.10484e-08
5.70793e-08
3.56465e-08
1.86211e-08
1.02895e-08
6.00901e-09
0
0
0
0
0
0
0
0
0
0
0
0
0
3.2982e-08
1.58931e-07
2.4703e-07
2.37735e-07
1.90331e-07
1.60569e-07
1.39604e-07
1.08082e-07
7.8586e-08
5.42292e-08
3.55579e-08
2.33411e-08
1.70684e-08
1.48442e-08
1.38919e-08
1.24485e-08
1.00676e-08
6.74628e-09
2.87307e-09
0
0
0
8.88332e-10
6.612e-09
1.30558e-08
1.27152e-08
4.84262e-09
0
0
0
0
0
0
0
0
0
0
0
0
0
0
0
0
0
0
0
0
0
0
0
0
0
0
0
0
0
0
0
0
0
0
0
0
3.6322e-06
8.25685e-06
1.04638e-05
0
0
0
0
0
0
0
0
1.60642e-06
2.07706e-06
1.39905e-06
7.96417e-07
4.32153e-07
2.38092e-07
1.41708e-07
9.95396e-08
8.20536e-08
6.28995e-08
2.5318e-08
0
0
0
0
0
0
0
0
0
0
0
0
0
0
0
0
1.70137e-08
5.76181e-08
1.09399e-07
1.60254e-07
2.14222e-07
2.63226e-07
2.83825e-07
2.88406e-07
2.65047e-07
2.08777e-07
1.77085e-07
1.95475e-07
2.57476e-07
3.60185e-07
4.74258e-07
6.01499e-07
6.51723e-07
6.29441e-07
8.47497e-07
9.34153e-07
8.98238e-07
1.1584e-06
1.92169e-06
1.20565e-05
2.60265e-05
0
0
0
0
0
0
0
1.08815e-05
1.94073e-05
2.37538e-05
2.8316e-05
0
0
0
0
0
0
0
1.01158e-06
1.84562e-06
2.48621e-06
2.80692e-06
2.21247e-06
9.16469e-07
1.18368e-07
0
0
0
0
0
1.68759e-08
4.75305e-08
8.20511e-08
1.18485e-07
1.53416e-07
1.73602e-07
1.64815e-07
1.26104e-07
7.87487e-08
4.46135e-08
2.44244e-08
9.25282e-09
0
0
0
0
0
0
0
2.2496e-08
4.10216e-08
5.8571e-08
8.15143e-08
1.1897e-07
2.03075e-07
3.08706e-07
3.16256e-07
2.7019e-07
1.78659e-07
8.74514e-08
3.32449e-08
8.12459e-09
0
0
0
0
0
0
0
0
0
0
0
0
0
0
0
0
0
0
0
0
0
0
0
0
0
0
0
0
0
0
0
0
0
0
0
0
0
0
0
0
0
0
0
0
0
0
0
0
0
0
0
0
0
0
0
2.98027e-06
5.05134e-06
7.2146e-06
7.13571e-06
0
0
8.36607e-08
0
0
0
0
1.6329e-06
1.70011e-06
1.09561e-06
6.14893e-07
3.30526e-07
1.82526e-07
1.11692e-07
8.00598e-08
6.59539e-08
5.34641e-08
2.95601e-08
0
0
0
0
0
0
0
0
0
0
0
0
0
0
0
4.74804e-09
2.9137e-08
6.51919e-08
1.11534e-07
1.58367e-07
2.09705e-07
2.48913e-07
2.67105e-07
2.72637e-07
2.45042e-07
1.53691e-07
1.15018e-07
1.35921e-07
2.13466e-07
3.61966e-07
5.79011e-07
7.39638e-07
7.12322e-07
6.84276e-07
9.70481e-07
1.07976e-06
1.09379e-06
1.13559e-06
3.61216e-06
1.8973e-05
3.2303e-05
0
0
0
0
0
0
0
1.67059e-05
2.11453e-05
2.27329e-05
2.6722e-05
1.84625e-07
0
0
0
0
0
0
0
0
0
1.86244e-07
8.06605e-08
0
0
0
0
0
4.38031e-08
1.62482e-07
2.6373e-07
3.1221e-07
2.96673e-07
2.42316e-07
1.79853e-07
1.24255e-07
7.99169e-08
5.05403e-08
3.5787e-08
2.71675e-08
1.53389e-08
0
0
0
0
0
0
0
0
1.51019e-08
4.16375e-08
7.08554e-08
1.00517e-07
1.33215e-07
1.91189e-07
2.23756e-07
2.0695e-07
1.67701e-07
1.10151e-07
5.45885e-08
1.49936e-08
0
0
0
0
0
0
0
0
0
0
0
0
0
0
0
0
0
0
0
0
0
0
0
0
0
0
0
0
0
0
0
0
0
0
0
0
0
0
0
0
0
0
0
0
0
0
0
0
0
0
0
0
0
0
0
1.39467e-06
2.26406e-06
2.88656e-06
2.88867e-06
0
0
0
0
0
0
0
0
1.34878e-06
1.19843e-06
7.35202e-07
4.01063e-07
2.09993e-07
1.15332e-07
7.34902e-08
5.6461e-08
4.89379e-08
4.2425e-08
2.93388e-08
9.09326e-09
0
0
0
0
0
0
0
0
0
0
0
0
0
4.96054e-09
2.10977e-08
4.33537e-08
7.46851e-08
1.14789e-07
1.55821e-07
1.94309e-07
2.237e-07
2.31407e-07
2.41547e-07
1.4789e-07
5.76963e-08
5.52006e-08
1.10207e-07
2.25636e-07
4.47333e-07
8.08694e-07
9.68708e-07
8.72329e-07
8.25975e-07
1.18581e-06
1.3347e-06
1.42693e-06
1.21403e-06
5.77612e-06
2.74813e-05
3.59806e-05
0
0
0
0
0
0
6.47122e-06
2.12886e-05
2.15335e-05
2.00757e-05
2.24262e-05
7.82923e-07
1.61129e-07
0
0
0
0
0
0
0
0
0
3.49615e-08
1.37739e-08
0
0
0
0
1.48208e-07
5.26837e-07
5.95627e-07
4.5917e-07
3.09755e-07
1.93266e-07
1.0668e-07
4.2043e-08
0
0
0
0
0
0
0
0
0
0
0
0
0
0
2.72363e-08
5.86461e-08
8.71619e-08
1.1646e-07
1.50337e-07
1.66189e-07
1.57987e-07
1.31811e-07
9.2618e-08
4.58281e-08
2.20074e-09
0
0
0
0
0
0
0
0
0
0
0
0
0
0
0
0
0
0
0
0
0
0
0
0
0
0
0
0
0
0
0
0
0
0
0
3.72232e-09
1.10101e-08
1.19752e-08
1.10812e-08
1.32776e-08
2.23412e-08
3.75121e-08
4.75514e-08
1.80883e-08
0
0
0
0
0
0
0
0
0
0
8.98654e-07
1.71706e-06
2.12562e-06
2.21871e-06
8.58529e-07
0
0
0
0
0
0
0
1.0311e-07
8.70008e-07
6.7006e-07
3.97891e-07
2.16957e-07
1.15102e-07
6.55218e-08
4.50403e-08
3.76782e-08
3.4608e-08
3.20712e-08
2.75332e-08
1.69594e-08
4.49193e-09
0
0
0
0
0
0
0
0
0
0
0
4.26414e-09
1.44523e-08
3.00699e-08
5.07494e-08
8.13135e-08
1.20994e-07
1.52326e-07
1.77182e-07
1.89398e-07
1.65641e-07
1.29484e-07
0
0
0
9.61187e-08
3.47284e-07
7.21609e-07
1.22145e-06
1.3317e-06
1.12876e-06
1.05725e-06
1.49881e-06
1.68137e-06
1.89641e-06
1.79737e-06
8.46865e-06
3.7259e-05
4.11855e-05
5.32917e-06
0
0
0
0
0
1.27245e-05
2.24964e-05
2.07915e-05
1.68196e-05
1.73849e-05
0
2.06472e-08
4.57248e-08
1.4372e-07
3.02468e-07
5.01565e-07
7.49381e-07
1.09636e-06
1.42593e-06
3.12442e-07
1.11498e-07
1.82885e-07
2.03882e-07
1.70268e-07
9.54735e-08
0
0
0
0
1.95449e-07
2.98677e-07
2.85171e-07
2.16495e-07
1.25227e-07
2.60012e-08
0
0
0
0
6.93917e-09
2.99152e-08
7.41212e-09
0
1.09249e-08
3.66433e-08
6.70926e-08
9.78807e-08
1.28135e-07
1.5892e-07
1.9054e-07
2.22784e-07
2.50877e-07
2.65656e-07
2.59791e-07
2.34209e-07
1.95107e-07
1.45041e-07
8.66971e-08
3.06292e-08
0
0
0
0
0
0
0
0
0
0
0
0
0
0
0
0
0
0
0
0
0
0
0
0
0
0
0
0
0
0
5.04369e-10
1.10035e-08
1.02523e-08
0
0
0
1.24714e-09
2.39785e-08
4.23552e-08
5.25035e-08
5.9566e-08
7.10168e-08
9.77743e-08
1.52976e-07
2.46001e-07
3.72531e-07
5.10694e-07
5.41079e-07
4.07747e-07
1.6925e-07
0
6.62078e-08
2.89018e-07
4.62004e-07
8.15443e-07
1.42969e-06
1.91819e-06
2.144e-06
2.02757e-06
7.26812e-07
0
0
0
0
0
0
0
1.53564e-08
2.94229e-07
2.46612e-07
1.6137e-07
8.97239e-08
4.60288e-08
2.61264e-08
1.88002e-08
1.67956e-08
1.75087e-08
2.0495e-08
2.40733e-08
2.15908e-08
1.36142e-08
6.8125e-09
4.12655e-09
1.53815e-09
0
0
0
0
0
0
0
2.41012e-09
4.0563e-09
1.22532e-08
2.94802e-08
5.16041e-08
8.89274e-08
1.31589e-07
1.49606e-07
1.57832e-07
1.30215e-07
9.04109e-08
3.73547e-07
0
0
0
0
6.28958e-07
1.39259e-06
2.00854e-06
1.91216e-06
1.49402e-06
1.40173e-06
1.95686e-06
2.13921e-06
2.46511e-06
3.10896e-06
1.24319e-05
4.90379e-05
5.34067e-05
2.57286e-05
0
1.55127e-05
0
0
0
1.0043e-05
2.22705e-05
2.02599e-05
1.64324e-05
1.63096e-05
1.62936e-07
6.43673e-08
0
0
0
5.24229e-08
2.97227e-07
6.75076e-07
9.37627e-07
4.79469e-07
2.43827e-07
2.65708e-07
3.17113e-07
3.38333e-07
3.14611e-07
2.48515e-07
1.91059e-07
2.11682e-07
2.82324e-07
3.21481e-07
3.36877e-07
3.61273e-07
4.09395e-07
4.65356e-07
4.79455e-07
4.15948e-07
3.0736e-07
2.11662e-07
1.66419e-07
1.5652e-07
1.65895e-07
1.86881e-07
2.09832e-07
2.29465e-07
2.40606e-07
2.40655e-07
2.3437e-07
2.32516e-07
2.46295e-07
2.83531e-07
3.4742e-07
3.93346e-07
4.00821e-07
3.70792e-07
3.16511e-07
2.47147e-07
1.74067e-07
1.06939e-07
4.85133e-08
0
0
0
0
0
0
0
0
0
0
0
0
0
0
0
0
0
0
0
0
0
0
0
0
0
0
0
0
0
0
0
6.68412e-09
9.62085e-09
0
0
0
0
3.1995e-08
6.07473e-08
8.20754e-08
1.01442e-07
1.1659e-07
1.3426e-07
1.61704e-07
2.09312e-07
2.93063e-07
4.41723e-07
6.24189e-07
8.47674e-07
1.19196e-06
1.41742e-06
1.50488e-06
1.52653e-06
1.50742e-06
1.65525e-06
1.94761e-06
2.09727e-06
2.07061e-06
1.88499e-06
1.06001e-06
0
0
7.48636e-07
3.31649e-07
0
0
0
0
0
0
2.53412e-08
1.59939e-08
3.05386e-09
0
0
0
0
5.41225e-09
1.78653e-08
2.52532e-08
2.74136e-08
3.12285e-08
4.33334e-08
6.04309e-08
7.77661e-08
1.09129e-07
1.83369e-07
3.09614e-07
1.92501e-07
3.38358e-08
8.20717e-09
0
0
0
1.72371e-08
4.14927e-08
8.96924e-08
1.2415e-07
1.13991e-07
1.06338e-07
4.46582e-08
1.86466e-07
4.85041e-07
1.08195e-07
0
0
0
1.36103e-06
2.85203e-06
3.40377e-06
2.87504e-06
1.95754e-06
1.82329e-06
2.59148e-06
2.72466e-06
3.09651e-06
4.54267e-06
1.65871e-05
5.87192e-05
6.39744e-05
3.30559e-05
0
3.05196e-06
0
0
0
1.15783e-05
2.2843e-05
2.05011e-05
1.73495e-05
1.69706e-05
0
5.90707e-07
8.59878e-07
5.24672e-07
1.76648e-07
3.67058e-08
1.23499e-07
4.10123e-07
7.78911e-07
1.00149e-06
1.00382e-06
8.08409e-07
4.72799e-07
1.08696e-07
0
0
0
0
9.68429e-08
2.13496e-07
3.19587e-07
4.06107e-07
4.62497e-07
4.73893e-07
4.31418e-07
3.34517e-07
2.11359e-07
1.10797e-07
6.58477e-08
8.03314e-08
1.26988e-07
1.79777e-07
2.30067e-07
2.65376e-07
2.80942e-07
2.77334e-07
2.58536e-07
2.27785e-07
2.01682e-07
2.03791e-07
2.3911e-07
2.80799e-07
2.92978e-07
2.67098e-07
2.15496e-07
1.58322e-07
1.05066e-07
5.55048e-08
7.36681e-09
0
0
0
0
0
0
0
0
0
0
0
0
0
0
0
0
0
0
0
0
0
0
0
0
0
0
0
0
0
3.16529e-09
1.35783e-08
2.81664e-08
3.85826e-08
4.0412e-08
4.83631e-08
6.88913e-08
9.06842e-08
1.04038e-07
1.10313e-07
1.15722e-07
1.26679e-07
1.48078e-07
1.89258e-07
2.38142e-07
2.73703e-07
2.96165e-07
3.27761e-07
3.84395e-07
4.84686e-07
7.10731e-07
9.11598e-07
9.6988e-07
1.00271e-06
1.11506e-06
1.24362e-06
1.27793e-06
1.24443e-06
1.1727e-06
9.76538e-07
4.3416e-07
0
2.82289e-07
4.96951e-07
1.49193e-07
0
0
0
0
0
0
1.5723e-08
6.70992e-09
0
0
0
0
6.44428e-09
2.32491e-08
3.96851e-08
5.37743e-08
7.41424e-08
1.18141e-07
2.11927e-07
3.78686e-07
6.02899e-07
8.27944e-07
7.83891e-07
4.73888e-07
1.89161e-07
0
0
0
0
0
6.19971e-09
3.62387e-08
8.86281e-08
8.81911e-08
5.54081e-08
7.58211e-08
0
1.37543e-07
5.68091e-07
3.10991e-07
0
0
0
2.80804e-06
5.72917e-06
6.0741e-06
4.37316e-06
2.59742e-06
2.30961e-06
3.55777e-06
3.71516e-06
4.27738e-06
5.20828e-06
1.81248e-05
6.05538e-05
5.62574e-05
0
0
0
0
0
0
1.57236e-05
2.44866e-05
2.14592e-05
1.86187e-05
1.80043e-05
0
2.03244e-07
4.38166e-07
5.43465e-07
5.23178e-07
4.00735e-07
2.28414e-07
8.80766e-08
4.61311e-08
1.29594e-07
3.28757e-07
5.79315e-07
6.94482e-07
3.23212e-07
0
0
0
0
0
0
2.48109e-07
6.89098e-07
8.59902e-07
7.77905e-07
5.61826e-07
3.19625e-07
1.22286e-07
0
0
0
5.31333e-08
1.63522e-07
2.4814e-07
2.89658e-07
2.92244e-07
2.68615e-07
2.30292e-07
1.91241e-07
1.70366e-07
1.74058e-07
1.95932e-07
2.19084e-07
2.25012e-07
2.00385e-07
1.48746e-07
9.11223e-08
4.54956e-08
1.22222e-08
0
0
0
0
0
0
0
0
0
0
0
0
0
0
0
0
0
0
0
0
0
0
0
0
0
0
0
0
0
0
0
1.77922e-08
3.90333e-08
5.42211e-08
6.49777e-08
7.95187e-08
1.00117e-07
1.16177e-07
1.16734e-07
1.0292e-07
8.48294e-08
7.40772e-08
7.64193e-08
9.23359e-08
1.25731e-07
1.64302e-07
1.94168e-07
2.07924e-07
2.08619e-07
2.1052e-07
2.31298e-07
2.38923e-07
2.23364e-07
2.08934e-07
2.19829e-07
2.26492e-07
2.20037e-07
1.99644e-07
1.37585e-07
0
0
0
0
0
0
0
0
0
0
6.29303e-08
9.91799e-08
9.34674e-08
6.02553e-08
3.26833e-08
3.30857e-08
6.19791e-08
9.59934e-08
1.23238e-07
1.40894e-07
1.44116e-07
1.49125e-07
1.7497e-07
2.38383e-07
3.52286e-07
5.27325e-07
6.03432e-07
4.01973e-07
2.36597e-07
1.30149e-07
2.53475e-08
0
0
0
0
8.44263e-09
5.82127e-08
8.50268e-08
1.16095e-07
6.16977e-08
4.06232e-08
3.42773e-08
0
4.70994e-08
3.56004e-07
0
0
0
0
0
5.93413e-06
7.21629e-06
4.74139e-06
2.3478e-06
2.02786e-06
4.27795e-06
4.94585e-06
6.16464e-06
4.01875e-06
1.50369e-05
5.16672e-05
3.71592e-05
0
0
0
0
0
4.31921e-06
1.11829e-05
1.80827e-05
1.99097e-05
1.88443e-05
1.87256e-05
0
0
0
0
0
0
0
0
2.05429e-07
6.70846e-07
1.33658e-06
2.11279e-06
2.74265e-06
2.96277e-06
2.69257e-06
1.93322e-06
7.98014e-07
0
0
0
0
2.52703e-07
3.73459e-07
3.96647e-07
4.43449e-07
4.85091e-07
3.8391e-07
4.93395e-08
0
0
0
4.74913e-08
5.18394e-07
7.66018e-07
8.5724e-07
8.0997e-07
6.50551e-07
4.5851e-07
3.02811e-07
2.0654e-07
1.60566e-07
1.4576e-07
1.4571e-07
1.47276e-07
1.37512e-07
1.05044e-07
5.57492e-08
1.95419e-08
7.93635e-09
0
0
0
0
0
0
0
0
0
0
0
0
0
0
0
0
0
0
0
0
0
0
0
0
0
0
0
0
0
0
5.96722e-09
2.8944e-08
4.50407e-08
4.8054e-08
4.25634e-08
4.1134e-08
4.97753e-08
5.72272e-08
4.84846e-08
2.50081e-08
1.75639e-10
0
0
0
8.81307e-09
3.03464e-08
4.72243e-08
5.55301e-08
5.75081e-08
5.45168e-08
4.60805e-08
3.40521e-08
2.16226e-08
1.17882e-08
6.78924e-09
7.00375e-09
0
0
0
0
0
2.03248e-08
6.74621e-08
3.9199e-08
0
0
0
5.07892e-08
1.48486e-07
2.27984e-07
2.60027e-07
2.11983e-07
1.66404e-07
1.86432e-07
2.60291e-07
3.23619e-07
3.56564e-07
3.55399e-07
3.28131e-07
3.04438e-07
3.00095e-07
3.23475e-07
3.85737e-07
5.10273e-07
6.16306e-07
4.35065e-07
2.14626e-07
7.29802e-08
0
0
0
0
0
8.05679e-08
1.30875e-07
1.37494e-07
1.30654e-07
4.45207e-08
6.34983e-08
0
0
2.34398e-07
7.31267e-07
0
0
0
0
0
2.22478e-06
5.14586e-06
3.24547e-06
8.80941e-07
5.22323e-07
3.15321e-06
4.60902e-06
6.61081e-06
3.57422e-06
9.57198e-06
4.15944e-05
2.99616e-05
0
0
1.4082e-05
1.22864e-05
0
3.46054e-05
2.71169e-06
6.31412e-06
1.17182e-05
1.60205e-05
1.84699e-05
0
0
0
0
0
5.5072e-08
1.42265e-07
1.6916e-07
1.27664e-07
0
0
0
0
0
0
0
0
0
0
0
0
8.54498e-08
3.88639e-07
4.29632e-07
2.68636e-07
0
0
0
0
0
0
0
2.40335e-07
5.81013e-07
8.09863e-07
8.65795e-07
7.15519e-07
4.6669e-07
2.42181e-07
9.59008e-08
2.26816e-08
0
0
8.51714e-09
9.44755e-09
0
4.45095e-09
3.39033e-08
5.80385e-08
6.48252e-08
5.12155e-08
1.6379e-08
0
0
0
0
0
0
0
0
0
0
0
0
0
0
0
0
0
0
0
3.42031e-08
4.26623e-08
1.33614e-08
0
0
0
0
0
0
1.30121e-08
2.15429e-08
1.23313e-08
0
0
0
0
0
0
0
0
0
0
0
0
0
0
0
0
0
0
0
0
0
0
0
0
0
0
0
0
4.59781e-08
7.64317e-08
8.82501e-08
9.90528e-08
0
6.28194e-08
2.46654e-07
4.18517e-07
5.39216e-07
5.33621e-07
4.75792e-07
4.43091e-07
4.35282e-07
4.43909e-07
4.34469e-07
4.1958e-07
4.09614e-07
3.94707e-07
3.84363e-07
3.91522e-07
4.42091e-07
5.84312e-07
7.82202e-07
7.51683e-07
4.64357e-07
1.49592e-07
0
0
0
0
1.89599e-08
6.19231e-08
9.39781e-08
9.08402e-08
3.16348e-08
3.86157e-08
6.2446e-08
0
0
1.21613e-06
2.23103e-06
0
0
0
0
0
1.14456e-06
2.96771e-06
1.04685e-06
0
0
1.25076e-06
2.22334e-06
4.55186e-06
3.1828e-06
0
3.60594e-05
3.90649e-05
2.09813e-05
1.07891e-05
2.86049e-05
2.15088e-05
1.14037e-05
1.30472e-05
0
1.2067e-06
4.35449e-06
9.0554e-06
1.53564e-05
0
0
0
0
6.8557e-08
1.14661e-07
4.89731e-08
0
0
0
0
0
0
0
0
0
0
0
0
4.91114e-07
9.67997e-07
8.70492e-07
5.30473e-07
3.44793e-07
4.45634e-07
7.42649e-07
1.10797e-06
1.34563e-06
1.07553e-06
0
0
0
0
0
0
0
1.21667e-07
1.73091e-07
1.29048e-07
4.08901e-08
0
0
0
0
0
0
0
0
3.34502e-08
7.39995e-08
9.95897e-08
1.11665e-07
1.03313e-07
6.81047e-08
2.54587e-08
0
0
0
0
0
0
0
0
0
0
0
1.33907e-08
0
0
0
1.90798e-08
9.86589e-08
1.77003e-07
2.06487e-07
1.69409e-07
1.12487e-07
7.57072e-08
4.87121e-08
2.48102e-08
7.59482e-09
6.89524e-10
0
0
0
0
0
0
0
0
0
0
0
0
0
0
0
0
0
0
0
0
0
0
0
0
0
0
0
0
0
0
0
0
1.6306e-09
2.48334e-08
0
0
2.4246e-07
5.34253e-07
6.18597e-07
5.26891e-07
4.3261e-07
4.1949e-07
4.18048e-07
3.6948e-07
2.67912e-07
1.94399e-07
1.81036e-07
2.05675e-07
2.44857e-07
2.87955e-07
3.14879e-07
2.91948e-07
2.31581e-07
1.72325e-07
1.27785e-07
6.89299e-08
0
0
0
0
7.53693e-09
6.84701e-09
3.54143e-08
2.2729e-08
0
2.4041e-08
3.58781e-08
0
4.24391e-07
3.36218e-06
6.04683e-06
0
0
0
0
0
2.13345e-06
1.93528e-06
0
0
0
4.68437e-07
6.79661e-07
2.58075e-06
2.52632e-06
0
3.88819e-05
6.99829e-05
2.41427e-05
2.30252e-05
2.31861e-05
2.63052e-05
2.29405e-05
2.33211e-07
0
0
1.53865e-06
4.17945e-06
1.00383e-05
0
0
0
0
2.50055e-08
6.67761e-08
5.15135e-08
8.30987e-08
2.11558e-07
3.52198e-07
2.98255e-07
0
0
0
0
0
0
4.91635e-08
6.85005e-07
1.08164e-06
1.1917e-06
1.06605e-06
7.46811e-07
3.45004e-07
3.86381e-08
0
0
9.01135e-08
1.30875e-07
8.6422e-08
0
0
0
0
0
0
0
6.89471e-08
8.50611e-08
3.42279e-08
0
0
0
0
0
0
0
5.36468e-08
2.25881e-07
3.67594e-07
4.60891e-07
4.65006e-07
3.94375e-07
2.94688e-07
2.01063e-07
1.25328e-07
6.5702e-08
1.80961e-08
0
0
0
0
0
5.13012e-08
1.53999e-07
2.36711e-07
2.30452e-07
1.41484e-07
4.20412e-08
1.59475e-09
2.84238e-08
9.05384e-08
1.53562e-07
2.12352e-07
2.72398e-07
3.10967e-07
2.35579e-07
4.33397e-08
0
0
0
0
0
1.02444e-08
0
0
0
0
0
0
0
0
0
0
0
0
0
0
0
0
0
0
0
0
0
0
0
0
0
0
0
0
1.3176e-09
0
0
0
0
0
2.32007e-07
3.07091e-07
2.01335e-07
1.12493e-07
9.47535e-08
9.14727e-08
7.24634e-08
4.57965e-08
1.87452e-08
2.7446e-09
1.16398e-09
4.99558e-09
8.40683e-09
8.78231e-09
5.06112e-09
4.63268e-09
6.09247e-09
7.7603e-09
2.83087e-09
0
0
0
0
1.14638e-09
0
2.06523e-08
1.39134e-08
0
1.94006e-08
6.97538e-08
8.3677e-08
9.37288e-07
7.72013e-06
8.72825e-06
1.02218e-06
0
0
0
1.39938e-06
3.13812e-06
1.28204e-06
0
0
0
0
0
1.25663e-06
1.81326e-06
3.73877e-07
3.43073e-05
3.848e-05
9.35699e-06
2.76503e-05
2.42706e-05
3.63909e-05
3.08333e-05
4.91621e-06
0
0
6.34569e-07
1.79635e-06
5.74597e-06
0
0
0
0
0
0
0
0
0
0
0
0
0
0
0
0
0
4.35079e-07
1.50838e-06
2.33628e-06
2.48015e-06
2.13607e-06
1.55169e-06
8.40591e-07
1.56346e-07
0
0
0
0
0
0
0
0
0
0
0
0
7.07822e-08
1.08919e-07
5.02094e-08
0
0
0
0
0
0
0
0
1.01969e-07
2.0386e-07
2.74047e-07
2.94132e-07
2.84089e-07
2.70742e-07
2.54661e-07
2.14379e-07
1.52372e-07
8.59582e-08
3.14382e-08
1.53126e-09
1.14841e-09
3.04634e-08
1.05743e-07
2.37318e-07
3.78882e-07
4.81895e-07
5.11203e-07
4.23882e-07
2.91606e-07
1.6702e-07
8.40935e-08
4.5922e-08
3.34535e-08
2.92498e-08
3.25329e-08
3.92903e-08
1.22865e-08
0
0
0
0
0
0
0
0
0
0
0
0
0
0
0
0
0
0
0
0
0
0
0
0
0
0
0
0
0
0
0
0
0
2.00596e-08
6.48531e-08
6.83798e-08
0
0
0
0
0
7.82223e-08
1.68675e-07
9.30764e-08
4.08661e-08
3.75503e-08
3.59335e-08
2.74855e-08
2.29971e-08
1.76635e-08
9.87504e-09
4.74266e-09
1.37563e-09
1.97911e-10
0
0
2.97235e-09
2.91824e-09
2.09759e-09
0
0
0
0
3.20458e-09
3.30176e-09
4.64831e-09
2.95242e-08
2.07154e-08
1.27799e-08
8.31197e-08
1.22038e-07
7.36572e-08
1.32661e-06
9.98377e-06
9.83225e-06
1.45393e-06
0
0
0
2.29273e-06
3.21979e-06
4.44232e-07
0
0
0
0
0
4.27487e-07
1.06357e-06
4.38876e-06
1.67358e-05
7.77466e-06
1.13887e-06
2.31599e-05
3.12152e-05
4.24436e-05
3.16832e-05
1.29641e-05
0
0
4.9319e-07
9.31625e-07
3.2425e-06
3.68956e-08
4.39566e-08
5.01329e-08
5.78654e-08
6.43587e-08
6.49684e-08
5.8168e-08
4.03046e-08
0
0
0
0
0
0
0
0
0
0
0
0
0
0
0
0
2.27153e-08
5.71834e-08
6.92419e-08
6.33541e-08
4.89792e-08
3.59718e-08
2.94524e-08
3.02085e-08
3.5154e-08
4.12039e-08
4.46099e-08
4.01035e-08
2.65756e-08
7.19042e-09
0
0
0
0
0
0
0
0
0
0
1.9638e-09
5.05067e-09
7.78811e-09
9.31686e-09
9.76236e-09
1.01356e-08
1.11924e-08
1.24175e-08
1.23638e-08
1.07072e-08
7.56296e-09
3.55801e-09
0
0
0
0
3.94722e-09
9.44247e-09
1.34255e-08
1.45054e-08
1.26473e-08
9.25963e-09
6.21393e-09
4.01319e-09
2.36895e-09
8.5631e-10
0
0
0
0
0
0
0
7.42463e-10
1.6772e-09
2.919e-10
0
0
0
0
0
0
0
0
0
0
0
0
0
0
0
0
9.36326e-09
5.81275e-09
8.84969e-09
1.49542e-08
0
0
0
0
0
0
9.54008e-08
2.54583e-07
2.30081e-07
0
0
0
0
0
4.68206e-08
1.54738e-07
9.35408e-08
4.12167e-08
1.3081e-08
0
0
8.16229e-10
9.42946e-09
9.2011e-09
6.75602e-09
4.35036e-09
4.24305e-09
4.25045e-09
4.61637e-09
6.02771e-09
4.05377e-09
4.61195e-09
3.72354e-09
5.70682e-09
9.44659e-09
8.27803e-09
1.67165e-08
9.95958e-09
3.22385e-08
8.39315e-08
2.46044e-08
4.80534e-08
2.22615e-07
4.85102e-08
0
1.37559e-06
9.85674e-06
8.92218e-06
1.71397e-06
0
0
0
2.24354e-06
2.63459e-06
0
0
0
0
0
0
0
2.52649e-07
5.33995e-06
7.56598e-06
0
0
0
1.35722e-05
4.10602e-05
2.96151e-05
1.43476e-05
2.97796e-06
5.34532e-07
9.49147e-07
1.07562e-06
2.68733e-06
0
0
0
0
0
0
0
0
0
0
0
0
0
0
0
0
0
0
0
0
0
0
0
0
0
0
0
0
0
0
0
0
0
0
2.86647e-10
8.12114e-10
9.7133e-10
3.58193e-10
0
0
0
0
0
0
0
0
0
1.59504e-09
2.66311e-09
2.83746e-09
2.0426e-09
5.05764e-10
0
0
0
0
0
1.05498e-10
1.29648e-09
1.78565e-09
1.59402e-09
1.04247e-09
5.20525e-10
2.9735e-10
4.38997e-10
8.36651e-10
1.33266e-09
1.81793e-09
2.22883e-09
2.48165e-09
2.43982e-09
1.99104e-09
1.20645e-09
3.17587e-10
0
0
0
2.67025e-10
4.56789e-10
4.50322e-10
3.19257e-10
1.65409e-10
7.89315e-11
1.07592e-10
2.27471e-10
4.0917e-10
6.39401e-10
9.41587e-10
1.33011e-09
1.77852e-09
2.24117e-09
2.56559e-09
2.7059e-09
2.52013e-09
1.70555e-09
2.35817e-10
0
0
0
0
0
0
9.54986e-09
4.4103e-08
5.66412e-08
7.5813e-09
0
0
0
0
2.73901e-07
8.41037e-07
4.33593e-07
0
0
0
0
0
1.58266e-07
1.97553e-07
8.86779e-08
0
0
0
0
0
2.62887e-09
7.5458e-09
7.2113e-09
6.56136e-09
7.79238e-09
8.35344e-09
9.6771e-09
9.56637e-09
8.79053e-09
1.14077e-08
1.19463e-08
1.70073e-08
2.03315e-08
2.34429e-08
4.01125e-08
2.72026e-08
1.1337e-07
2.29337e-07
0
1.25631e-09
3.48595e-07
0
0
2.90254e-07
7.4029e-06
1.25841e-05
6.25252e-06
0
0
0
1.84521e-06
1.37643e-06
0
0
0
0
0
0
0
0
1.89771e-06
1.31252e-06
0
0
0
8.18421e-07
2.31539e-05
2.64064e-05
1.22336e-05
9.692e-06
4.54887e-06
2.74524e-06
2.4678e-06
3.73077e-06
0
0
0
0
0
0
0
0
0
0
0
0
0
0
0
0
0
0
0
0
0
0
7.49469e-12
0
0
0
0
0
0
0
0
0
0
0
0
0
0
0
0
0
0
0
0
0
0
0
0
0
0
0
0
0
0
0
0
0
0
0
0
0
0
0
2.18425e-11
0
0
0
0
0
2.01634e-10
5.38567e-10
8.28907e-10
1.07151e-09
1.29522e-09
1.62563e-09
2.20841e-09
3.04067e-09
3.81746e-09
4.17829e-09
4.02974e-09
3.47475e-09
2.79131e-09
2.26348e-09
2.0647e-09
2.20073e-09
2.51394e-09
2.92272e-09
3.40718e-09
3.96552e-09
4.63038e-09
5.39396e-09
6.23418e-09
7.30362e-09
8.59578e-09
1.02625e-08
1.234e-08
1.15137e-08
7.46152e-09
0
0
0
0
0
0
2.85138e-08
6.13621e-08
2.99755e-08
0
0
0
0
4.76398e-07
1.01907e-06
3.51291e-07
0
0
0
0
1.48556e-08
2.12137e-07
1.69097e-07
0
0
0
0
0
0
1.04796e-08
1.33464e-08
1.19363e-08
1.15626e-08
1.32977e-08
1.51375e-08
1.82978e-08
2.03505e-08
2.2851e-08
2.96305e-08
3.00571e-08
3.53628e-08
3.30769e-08
3.56578e-08
6.21779e-08
4.61221e-08
2.50488e-07
5.32363e-07
0
0
2.9918e-07
0
0
0
6.99322e-06
4.0859e-05
1.7381e-05
4.55718e-06
8.88586e-07
0
0
0
0
0
0
0
0
0
1.69244e-07
1.73544e-08
0
2.87671e-08
0
0
0
0
3.43851e-06
5.1689e-06
5.48432e-06
8.45551e-06
9.4536e-06
8.21686e-06
4.91475e-06
3.287e-06
0
0
0
0
0
0
0
0
0
0
0
0
0
0
0
0
0
0
0
0
0
0
0
0
0
0
0
0
0
0
0
0
0
0
0
0
0
0
0
0
0
0
0
0
0
0
0
0
0
0
0
0
0
0
0
0
0
0
0
0
0
0
0
0
0
0
0
0
0
0
0
4.53927e-10
1.58366e-09
3.09594e-09
5.19878e-09
8.29053e-09
1.03556e-08
1.08762e-08
1.09684e-08
1.0564e-08
9.40802e-09
8.36349e-09
7.88591e-09
7.83904e-09
7.93333e-09
7.77464e-09
7.78102e-09
8.18948e-09
8.8837e-09
9.90245e-09
1.14118e-08
1.43149e-08
1.871e-08
2.44967e-08
3.18253e-08
3.46883e-08
2.66393e-08
7.39004e-09
0
0
0
0
0
0
0
0
1.33478e-08
0
0
0
1.97547e-07
5.86743e-07
4.10981e-07
7.38709e-07
1.06233e-06
4.19785e-07
0
0
0
0
0
0
0
0
0
1.51093e-08
2.72925e-08
2.93546e-08
2.95097e-08
3.1145e-08
3.78708e-08
4.34058e-08
5.05651e-08
5.54695e-08
5.88235e-08
6.34508e-08
5.11151e-08
3.46347e-08
1.74242e-08
4.43485e-09
2.46308e-08
0
2.76637e-07
7.5464e-07
0
0
3.09919e-09
0
0
0
1.23372e-06
2.06863e-05
1.47198e-05
7.19078e-07
9.52422e-08
0
0
0
0
0
0
0
4.69045e-08
5.36821e-08
1.64043e-07
3.63266e-08
0
2.1495e-08
0
0
0
0
6.51176e-07
3.60603e-07
7.85848e-07
1.70153e-06
2.00039e-06
3.40422e-06
6.16524e-06
4.76728e-06
0
0
0
0
0
0
0
0
0
0
0
0
0
0
0
0
0
0
0
0
0
0
0
0
0
0
0
0
0
0
0
0
0
0
0
0
0
0
0
0
0
0
0
0
0
0
0
0
0
0
0
0
0
0
0
0
0
0
0
0
0
0
0
0
0
0
0
0
0
0
0
0
2.97254e-09
9.56545e-09
2.02102e-08
2.93608e-08
3.37196e-08
3.32265e-08
3.01517e-08
2.55843e-08
1.94524e-08
1.48081e-08
1.19095e-08
1.04904e-08
1.01327e-08
1.02069e-08
1.09995e-08
1.27752e-08
1.43955e-08
1.5848e-08
1.73744e-08
1.97223e-08
2.3819e-08
3.12337e-08
3.91647e-08
4.2429e-08
3.12956e-08
9.72402e-09
0
0
0
0
0
0
0
0
0
1.33437e-08
0
0
5.14804e-08
7.44995e-07
2.66798e-06
7.05685e-06
2.58327e-06
4.48395e-07
0
0
0
0
0
0
0
0
3.22806e-08
4.07034e-08
4.34576e-08
4.46692e-08
4.78892e-08
5.59002e-08
6.36221e-08
6.86266e-08
6.76495e-08
6.28935e-08
5.44044e-08
4.80138e-08
3.44441e-08
1.44194e-08
2.49273e-09
0
0
0
3.35118e-08
5.62784e-07
0
0
0
0
0
0
3.94674e-07
7.56587e-06
6.03504e-06
1.17793e-07
0
0
0
0
0
0
0
0
2.98698e-08
5.51018e-08
1.15896e-07
3.23192e-08
0
1.10203e-07
9.00644e-08
0
0
0
5.8301e-07
2.4732e-08
1.99044e-07
4.60829e-07
5.51205e-07
9.50248e-07
2.54995e-06
7.81515e-06
2.28964e-06
2.02348e-06
1.41561e-06
1.28247e-06
1.25085e-06
1.61034e-06
2.13991e-06
3.0654e-07
0
0
1.64745e-06
2.58285e-06
2.22778e-06
1.28774e-06
6.10583e-07
3.1993e-07
2.27377e-07
1.26234e-07
8.99296e-08
9.13044e-08
1.81337e-07
3.90777e-08
4.76133e-08
1.039e-07
0
1.63696e-06
1.01151e-06
5.64972e-07
4.69165e-07
4.33689e-07
5.86122e-07
1.05407e-06
0
0
0
0
1.83503e-07
8.42737e-07
1.00354e-06
6.2295e-07
3.21796e-07
2.0123e-07
8.93292e-08
4.64503e-08
3.95753e-08
1.0475e-07
0
0
3.36198e-08
0
8.88081e-07
2.76729e-07
6.0785e-08
4.98543e-08
0
6.02018e-08
1.36101e-07
0
0
0
0
0
0
2.84469e-07
5.39642e-07
4.59331e-07
2.91423e-07
8.61745e-08
0
0
3.73413e-08
0
0
0
0
0
0
0
0
0
0
0
0
0
0
0
0
0
9.33924e-08
0
0
3.36866e-07
3.49496e-07
1.69149e-07
0
0
0
0
0
0
0
0
0
0
0
0
1.98503e-06
0
0
0
0
6.563e-07
1.48565e-06
1.37213e-06
4.34307e-07
0
0
0
0
0
0
0
0
0
0
0
0
0
0
0
0
6.97055e-06
8.02912e-06
0
0
3.95092e-06
6.29568e-06
6.1077e-06
5.02412e-06
2.73393e-06
1.47482e-07
0
0
0
0
0
0
0
0
0
0
0
0
0
0
0
4.22849e-06
6.4566e-06
8.0584e-07
1.63818e-05
2.56571e-05
2.7537e-05
1.97138e-05
1.34746e-05
7.88598e-06
2.75041e-06
0
0
0
0
0
0
0
0
0
0
0
0
0
0
0
1.36716e-06
4.79558e-06
0
1.72097e-05
2.21538e-05
2.78567e-05
3.26024e-05
2.54805e-05
1.60749e-05
7.56984e-06
0
0
1.0082e-06
0
0
0
0
0
0
0
0
0
0
0
0
3.88636e-07
4.74382e-06
0
1.63066e-05
2.44671e-05
2.52665e-05
3.06211e-05
3.25177e-05
2.42052e-05
1.32397e-05
0
0
1.93575e-06
0
0
0
0
0
0
0
0
0
0
0
0
5.10149e-07
5.39483e-06
2.41736e-06
1.51013e-05
2.54052e-05
2.72196e-05
2.83864e-05
3.34985e-05
2.91427e-05
1.77641e-05
0
0
2.35697e-06
0
0
0
0
0
0
0
0
0
0
0
0
9.48023e-07
6.42032e-06
5.65934e-06
1.51954e-05
2.50454e-05
2.90212e-05
2.91246e-05
3.28075e-05
3.08977e-05
2.01139e-05
0
0
1.73827e-06
0
0
0
0
0
0
0
0
0
0
0
0
1.58117e-06
8.25457e-06
9.6996e-06
1.62541e-05
2.47498e-05
2.95356e-05
3.06246e-05
3.22261e-05
3.07228e-05
2.03934e-05
0
0
0
0
0
0
0
0
0
0
0
0
0
0
0
2.42614e-06
1.04565e-05
1.38099e-05
1.79898e-05
2.49911e-05
2.94631e-05
3.15864e-05
3.18742e-05
2.96314e-05
1.93105e-05
0
0
0
0
0
0
0
0
0
0
0
0
0
0
0
3.27354e-06
1.2525e-05
1.71965e-05
2.01383e-05
2.57928e-05
2.97619e-05
3.21987e-05
3.17204e-05
2.83482e-05
1.76871e-05
0
0
0
0
0
0
0
0
0
0
0
0
0
0
0
3.85556e-06
1.44539e-05
1.9791e-05
2.2287e-05
2.69555e-05
3.1246e-05
3.33404e-05
3.2092e-05
2.72985e-05
1.59794e-05
2.28335e-06
0
0
0
0
0
0
0
0
0
0
0
0
0
0
3.79886e-06
1.6149e-05
2.19443e-05
2.4184e-05
2.78897e-05
3.24071e-05
3.46668e-05
3.26814e-05
2.61399e-05
1.41884e-05
3.53568e-06
3.0515e-06
2.68298e-06
0
0
0
0
0
0
0
0
0
0
0
0
2.39795e-06
1.76346e-05
2.40381e-05
2.59929e-05
2.8848e-05
3.30721e-05
3.54482e-05
3.27481e-05
2.45228e-05
1.23116e-05
4.11754e-06
5.11707e-06
3.53755e-06
0
0
0
0
0
0
0
0
0
0
0
0
0
1.83741e-05
2.58426e-05
2.7396e-05
2.95594e-05
3.30761e-05
3.55208e-05
3.22046e-05
2.24272e-05
1.04647e-05
4.38319e-06
6.03747e-06
3.26806e-06
0
0
0
0
0
0
0
0
0
0
4.62353e-06
4.66936e-07
0
1.61953e-05
2.77217e-05
2.8653e-05
3.019e-05
3.25762e-05
3.49411e-05
3.10853e-05
1.99849e-05
8.76603e-06
4.49423e-06
6.20513e-06
2.42675e-06
0
0
0
0
0
0
0
0
0
8.47753e-06
2.36223e-05
1.56173e-05
0
6.18749e-06
2.83289e-05
2.99751e-05
3.07244e-05
3.17033e-05
3.36047e-05
2.93999e-05
1.73899e-05
7.29253e-06
4.45476e-06
5.78053e-06
1.39775e-06
0
0
0
0
0
0
0
0
2.60513e-06
2.51332e-05
5.10362e-05
4.72364e-05
0
0
2.51598e-05
3.06482e-05
3.08502e-05
3.0572e-05
3.15491e-05
2.72276e-05
1.48659e-05
6.03509e-06
4.17778e-06
4.89867e-06
4.76637e-07
0
0
0
0
0
0
0
0
1.28637e-05
4.36182e-05
8.42772e-05
0.000106174
0
0
1.66894e-05
3.02083e-05
3.05224e-05
2.91566e-05
2.89487e-05
2.47681e-05
1.26073e-05
4.92218e-06
3.57881e-06
3.72725e-06
0
0
0
0
0
0
0
0
0
2.31857e-05
6.10754e-05
0.000115686
0.000183528
0
0
2.30156e-06
2.79706e-05
2.93717e-05
2.72241e-05
2.59904e-05
2.21492e-05
1.06288e-05
3.83388e-06
2.63898e-06
2.43349e-06
0
0
0
0
0
0
0
0
3.02233e-06
3.27939e-05
7.64933e-05
0.000140268
0.000243738
0.000171436
0
0
2.37243e-05
2.73936e-05
2.4745e-05
2.28374e-05
1.94326e-05
8.82155e-06
2.64121e-06
1.41315e-06
1.15019e-06
0
0
0
0
0
0
0
0
7.83272e-06
4.09691e-05
8.95484e-05
0.000157677
0.000268429
0.000365664
0
0
1.79197e-05
2.44336e-05
2.16095e-05
1.95212e-05
1.65766e-05
7.00418e-06
1.24656e-06
0
0
0
0
0
0
0
4.28249e-07
0
0
1.15717e-05
4.60305e-05
9.81528e-05
0.000167267
0.000266951
0.000338022
0
0
1.17534e-05
2.04152e-05
1.7746e-05
1.58958e-05
1.34373e-05
4.96149e-06
0
0
0
0
0
0
0
0
1.26429e-06
0
5.6922e-07
1.34063e-05
4.60214e-05
9.85068e-05
0.00016589
0.000248452
0.000284454
1.47007e-05
0
6.97051e-06
1.52917e-05
1.29061e-05
1.16828e-05
9.81565e-06
2.50632e-06
0
0
0
0
0
0
0
0
2.31055e-06
0
5.06396e-06
1.54524e-05
4.69242e-05
0.0001021
0.00017218
0.000245748
0.000263477
8.24066e-05
0
5.23069e-06
1.03613e-05
8.11188e-06
7.78706e-06
6.37567e-06
0
0
0
0
0
0
0
0
0
4.18639e-06
0
9.36566e-06
1.50452e-05
4.25879e-05
9.74151e-05
0.000166508
0.000230243
0.000239349
0.000116611
2.12044e-05
6.22201e-06
4.46125e-06
1.95426e-06
2.77131e-06
1.84255e-06
0
0
0
0
0
0
0
0
0
7.12173e-06
0
1.40345e-05
1.42416e-05
3.70404e-05
9.38399e-05
0.000167342
0.000225744
0.000228502
0.000136566
4.3589e-05
8.90292e-06
0
0
0
0
0
0
0
0
0
0
0
0
0
1.12989e-05
0
1.89607e-05
1.307e-05
2.55805e-05
8.40623e-05
0.000172209
0.00022903
0.000223881
0.000147296
5.93187e-05
1.10194e-05
0
0
0
0
0
0
0
0
0
0
0
0
0
1.73807e-05
0
2.3594e-05
1.34232e-05
6.83937e-06
5.64129e-05
0.000183271
0.000241782
0.00022275
0.000151118
6.6821e-05
1.09307e-05
0
0
0
0
0
0
0
0
0
0
0
0
0
2.05729e-05
1.62758e-06
2.74146e-05
1.76989e-05
0
0
0.000198207
0.000265021
0.000221689
0.000147819
6.64402e-05
8.3087e-06
0
0
0
0
0
0
0
0
0
0
0
0
2.31979e-06
1.43719e-05
4.42623e-06
2.9914e-05
2.44104e-05
0
0
0.000154436
0.000287607
0.000214692
0.00013721
5.88367e-05
3.86225e-06
0
0
0
0
0
0
0
0
0
0
0
0
8.04058e-06
1.21125e-05
5.13461e-06
3.10914e-05
3.03198e-05
8.46732e-06
0
0
0.000261973
0.000193226
0.000118449
4.66482e-05
0
0
0
0
0
0
0
0
0
0
0
0
2.72159e-06
9.42739e-06
9.87051e-06
4.57967e-06
3.12037e-05
3.37746e-05
2.46672e-05
0
0
0.000147436
0.000152864
9.31264e-05
3.41862e-05
0
0
0
0
0
0
0
0
0
0
0
0
6.59339e-06
8.51486e-06
7.81454e-06
3.35574e-06
3.02798e-05
3.46893e-05
3.44503e-05
1.12646e-06
0
2.53228e-05
0.000104078
6.84005e-05
2.387e-05
0
0
0
0
0
0
0
0
0
0
0
0
9.0125e-06
5.71345e-06
6.0852e-06
1.80601e-06
2.8357e-05
3.29011e-05
3.7778e-05
2.47366e-05
0
0
5.75825e-05
4.64924e-05
1.51278e-05
0
0
0
0
0
0
0
0
0
0
0
0
5.56657e-06
5.54906e-07
4.70945e-06
0
2.57046e-05
2.85993e-05
3.54757e-05
3.35562e-05
1.21506e-05
0
1.69153e-05
2.48663e-05
4.38514e-06
0
0
0
0
0
0
0
0
0
0
0
0
0
0
4.15108e-06
0
2.31183e-05
2.37604e-05
2.89959e-05
3.19638e-05
2.53041e-05
3.83637e-06
0
1.57159e-06
0
0
0
0
0
0
0
0
0
0
0
0
1.49503e-07
0
0
7.34093e-06
0
2.129e-05
2.07579e-05
2.32489e-05
2.51834e-05
2.44275e-05
1.39745e-05
0
0
0
0
0
0
0
0
0
0
0
0
0
0
7.23195e-06
0
0
2.79653e-05
3.84344e-06
1.89744e-05
1.85608e-05
2.00284e-05
1.96516e-05
1.89873e-05
1.32886e-05
5.09209e-07
0
0
0
0
0
0
0
0
0
0
0
0
0
1.72985e-05
0
0
6.82031e-05
1.62875e-05
1.4482e-05
1.57715e-05
1.77122e-05
1.64937e-05
1.45734e-05
9.99058e-06
5.55279e-07
0
0
0
0
0
0
0
0
0
0
0
0
0
2.32605e-05
3.33434e-06
0
0.000105003
3.50169e-05
1.25028e-05
1.2078e-05
1.48782e-05
1.46254e-05
1.2668e-05
8.07307e-06
1.33865e-07
0
0
0
0
0
0
0
0
0
0
0
0
0
2.36106e-05
7.51742e-06
0
0.000164522
5.42137e-05
1.31002e-05
1.07825e-05
1.18713e-05
1.2216e-05
1.11335e-05
7.1135e-06
0
0
0
0
0
0
0
0
0
0
0
0
0
0
2.05966e-05
8.92456e-06
0
0.000152647
5.65886e-07
1.43985e-05
1.155e-05
1.12595e-05
1.06998e-05
9.74335e-06
6.34697e-06
0
0
0
0
0
0
0
0
0
0
0
0
0
0
1.60543e-05
8.78853e-06
9.02171e-06
7.1008e-05
0
1.54323e-05
1.255e-05
1.20484e-05
1.1108e-05
9.75132e-06
6.38353e-06
0
0
0
0
0
0
0
0
0
0
0
0
0
4.63117e-08
1.09728e-05
7.7791e-06
5.48635e-06
2.52672e-05
0
1.60482e-05
1.32393e-05
1.27195e-05
1.18736e-05
1.0557e-05
7.31668e-06
1.43992e-07
0
0
0
0
0
0
0
0
0
0
0
0
0
6.51415e-06
5.69659e-06
2.87816e-06
6.58308e-06
1.34587e-06
1.60179e-05
1.42841e-05
1.38542e-05
1.26267e-05
1.0867e-05
7.35587e-06
7.19605e-07
0
0
0
0
0
0
0
0
0
0
0
0
0
3.48122e-06
3.46567e-06
1.61449e-06
0
1.26232e-06
1.42948e-05
1.51534e-05
1.56843e-05
1.4363e-05
1.19636e-05
7.62787e-06
7.36106e-07
0
0
0
0
0
0
0
0
0
0
0
0
0
1.65794e-06
1.83118e-06
9.71307e-07
0
0
1.07777e-05
1.37589e-05
1.71041e-05
1.73459e-05
1.51041e-05
1.00357e-05
5.36466e-07
0
0
0
0
0
0
0
0
0
0
0
0
0
5.19545e-07
5.04057e-07
5.30713e-07
0
0
7.52537e-06
1.0414e-05
1.53723e-05
1.79038e-05
1.73542e-05
1.37722e-05
2.11872e-07
0
0
0
0
0
0
0
0
0
0
0
0
0
1.00603e-07
0
1.61451e-07
0
0
6.46505e-06
8.85213e-06
1.32401e-05
1.51158e-05
1.55329e-05
1.51344e-05
1.44586e-06
0
0
0
0
0
0
0
0
0
0
0
2.00197e-08
9.6962e-09
1.68337e-08
0
6.39848e-09
0
0
3.08323e-06
2.61015e-06
2.89214e-06
2.68606e-06
3.17495e-06
3.70366e-06
3.21938e-06
0
0
0
0
0
0
0
0
0
0
0
0
0
0
0
0
0
0
1.02895e-06
5.00853e-07
2.78318e-07
1.23563e-07
7.63855e-08
4.35168e-08
1.36396e-08
0
0
0
0
0
0
0
0
0
0
0
0
0
0
0
0
0
0
1.22357e-06
3.21968e-07
7.58326e-08
0
0
0
0
0
0
0
0
0
0
0
0
0
0
0
0
0
0
0
0
0
0
2.17921e-06
1.96661e-07
2.06991e-09
0
0
0
0
0
0
0
0
0
0
5.43838e-09
0
0
0
0
0
0
0
0
0
0
0
)
;

boundaryField
{
    inlet
    {
        type            zeroGradient;
    }
    outlet
    {
        type            zeroGradient;
    }
    upperWall
    {
        type            zeroGradient;
    }
    lowerWall
    {
        type            zeroGradient;
    }
    frontAndBack
    {
        type            empty;
    }
}


// ************************************************************************* //
