/*--------------------------------*- C++ -*----------------------------------*\
  =========                 |
  \\      /  F ield         | OpenFOAM: The Open Source CFD Toolbox
   \\    /   O peration     | Website:  https://openfoam.org
    \\  /    A nd           | Version:  6
     \\/     M anipulation  |
\*---------------------------------------------------------------------------*/
FoamFile
{
    version     2.0;
    format      ascii;
    class       volScalarField;
    location    "0.25";
    object      nut;
}
// * * * * * * * * * * * * * * * * * * * * * * * * * * * * * * * * * * * * * //

dimensions      [0 2 -1 0 0 0 0];

internalField   nonuniform List<scalar> 
12225
(
5.09839e-10
0
0
0
0
0
0
0
0
0
0
0
0
0
0
0
1.87474e-09
4.23663e-08
1.45589e-10
0
0
0
0
0
0
0
0
0
0
0
0
0
0
0
6.2999e-09
4.47263e-08
4.79467e-11
0
0
0
0
0
0
0
0
0
0
0
0
0
0
0
7.62696e-09
2.34495e-08
2.22529e-08
0
0
0
0
0
2.71415e-10
2.35423e-10
0
0
0
0
0
0
0
0
3.35882e-09
0
3.39529e-07
0
0
0
0
0
0
3.1446e-08
1.23476e-07
8.73432e-08
4.24355e-08
1.16687e-07
1.75508e-07
1.91736e-07
1.22885e-07
3.23572e-08
0
0
3.75411e-07
0
0
0
0
1.06875e-07
6.26198e-08
5.36535e-08
4.01314e-08
0
1.12923e-06
2.01854e-06
1.52171e-06
9.82246e-07
5.82482e-07
2.55871e-07
6.71215e-08
2.75326e-09
4.05616e-07
0
0
0
1.08493e-07
1.22447e-06
1.01914e-06
0
0
0
9.06387e-07
1.99704e-06
1.65538e-06
9.10625e-07
2.98152e-07
6.0005e-08
1.5885e-08
2.6047e-08
5.72553e-07
3.70982e-07
0
0
2.88546e-07
4.70246e-07
8.11407e-07
0
0
0
1.01741e-06
2.09788e-06
1.62684e-06
7.8235e-07
1.63169e-07
0
1.35349e-08
5.39367e-08
2.45222e-07
1.46323e-06
7.24651e-07
5.88047e-07
3.54146e-07
1.23111e-07
0
0
0
5.13742e-07
3.63872e-06
3.26703e-06
1.72046e-06
3.4794e-07
0
0
0
2.87331e-08
0
3.80111e-07
5.31758e-07
6.36195e-07
2.67691e-07
0
0
0
1.56051e-06
3.85454e-06
3.26987e-06
1.38752e-06
1.25532e-08
0
0
0
0
0
5.63492e-08
1.43647e-07
0
0
0
0
5.10274e-07
7.60875e-07
1.09728e-06
6.36614e-07
0
0
0
0
0
0
0
0
3.36712e-07
0
0
0
0
0
0
0
0
0
0
0
0
0
0
0
0
0
6.72648e-07
3.63245e-07
6.06474e-08
0
0
0
0
0
0
4.83909e-08
0
0
0
0
0
0
0
0
7.49211e-07
7.30694e-07
5.25206e-07
0
9.41761e-09
6.70007e-08
0
0
9.0169e-08
1.74969e-07
2.1996e-07
1.1521e-07
0
0
0
0
0
0
0
0
1.46579e-06
6.72042e-08
0
2.44973e-07
2.14492e-07
4.57155e-08
0
1.35098e-08
8.03542e-08
1.23469e-07
1.40046e-07
6.72515e-08
0
0
0
0
0
0
0
0
0
1.00336e-06
6.56051e-07
1.20632e-07
0
0
3.84796e-08
2.09469e-07
3.48674e-07
2.00434e-07
0
0
0
0
0
0
0
0
0
0
0
0
0
1.65348e-07
4.68293e-07
3.63104e-07
0
0
0
0
0
0
2.54934e-07
0
0
0
3.56608e-07
4.67244e-07
3.48681e-07
3.42979e-07
0
0
0
3.98216e-07
6.10264e-07
4.04765e-07
1.16395e-07
0
0
0
3.0255e-07
0
0
1.20962e-07
1.35837e-06
1.59086e-06
1.78799e-06
1.60283e-06
9.79266e-07
1.37199e-07
0
0
2.78606e-07
5.40775e-07
2.96394e-07
3.82787e-08
5.58563e-08
1.98371e-07
3.11314e-07
0
0
1.06343e-07
4.30223e-07
1.11495e-06
1.36789e-06
1.35884e-06
9.75408e-07
3.7474e-07
1.22301e-07
1.86298e-07
2.9068e-07
3.19176e-07
1.63113e-07
0
0
3.33483e-07
0
0
1.35458e-07
2.77206e-07
2.48854e-08
0
3.47937e-07
6.66993e-07
6.62293e-07
4.6602e-07
2.76753e-07
2.22438e-07
2.78756e-07
3.22022e-07
2.55599e-07
4.45797e-08
0
0
0
0
0
6.93758e-07
4.478e-07
1.22976e-07
0
0
0
4.35472e-08
9.58295e-08
1.72388e-07
2.58813e-07
3.01033e-07
2.54652e-07
9.03589e-08
0
6.42184e-08
5.48661e-07
0
0
3.39761e-07
3.3905e-07
0
0
0
0
3.31345e-07
4.10897e-07
4.00078e-07
4.83752e-07
3.28264e-07
6.60977e-08
0
0
0
8.26857e-08
0
0
0
0
0
0
3.24945e-08
5.76969e-07
1.17912e-06
7.13158e-07
1.51793e-07
2.4692e-07
2.8158e-07
1.28894e-07
0
0
0
0
0
0
0
0
0
0
0
0
0
0
0
0
6.07115e-08
5.41268e-08
0
0
0
0
0
0
0
0
0
0
0
0
0
0
0
0
0
5.06827e-08
0
0
0
0
0
0
0
0
0
0
0
0
0
0
0
0
0
4.45039e-09
8.48847e-09
9.77657e-09
9.40992e-09
1.06697e-09
0
0
0
1.33027e-10
9.58111e-11
0
0
0
0
0
0
0
0
0
2.06448e-10
4.98081e-10
8.02422e-10
1.31652e-09
4.71446e-10
3.35252e-11
8.51623e-11
3.32455e-10
2.99835e-10
0
0
0
0
0
0
0
0
0
0
0
0
4.78567e-09
2.13307e-09
4.32674e-10
4.05896e-10
1.05058e-09
8.67445e-10
0
0
0
0
0
0
0
0
0
0
0
0
9.64636e-07
2.29849e-05
5.4608e-05
5.7034e-05
9.34135e-06
0
0
0
0
0
8.06323e-07
2.93407e-06
3.0103e-06
2.02888e-06
8.71417e-07
0
0
0
0
0
0
0
0
0
0
0
0
0
0
0
3.00973e-07
2.07417e-06
8.52695e-06
1.3035e-05
7.74127e-06
1.27384e-05
1.73913e-05
0
0
0
9.7414e-07
5.89211e-06
5.49016e-06
2.4756e-06
7.10637e-07
1.21668e-06
1.672e-06
2.08274e-06
3.36071e-06
5.37209e-06
8.01412e-06
1.63536e-05
4.3527e-05
5.28489e-05
5.54421e-05
6.92964e-05
2.88523e-05
5.41788e-06
1.06282e-06
1.75397e-07
1.79027e-07
2.9298e-07
3.85697e-07
4.30158e-07
4.41303e-07
4.33466e-07
4.17202e-07
4.06759e-07
3.99781e-07
3.9891e-07
4.04004e-07
4.13459e-07
4.20385e-07
4.17324e-07
4.10389e-07
4.04992e-07
3.98517e-07
3.82702e-07
3.48592e-07
2.90676e-07
2.09196e-07
1.17879e-07
1.79162e-08
0
0
0
0
0
0
0
0
0
0
0
0
0
0
0
0
0
0
0
0
0
0
0
0
0
0
0
0
0
0
0
0
0
0
0
0
0
0
0
0
0
0
0
0
0
0
0
0
6.58623e-09
2.74336e-08
3.24083e-08
8.5755e-08
1.87791e-07
2.63752e-07
2.73382e-07
0
0
0
0
0
0
0
0
0
1.82645e-07
1.61531e-06
2.70381e-06
2.36371e-06
5.86946e-07
0
1.73452e-07
4.72442e-06
1.58995e-05
7.33182e-05
0.000112483
2.13381e-05
3.99205e-06
1.79918e-06
1.08979e-06
6.83151e-07
4.09136e-07
2.0366e-07
4.22954e-08
0
0
0
0
0
0
0
0
0
0
0
0
0
0
0
0
0
0
0
0
0
0
0
0
1.0585e-06
3.0113e-06
3.63624e-06
3.12522e-06
2.03639e-06
8.91237e-07
0
0
0
0
0
0
0
0
1.59517e-07
2.55412e-07
2.19809e-07
1.87285e-07
4.39365e-07
8.97486e-07
9.2545e-07
1.60544e-06
4.30581e-06
4.69068e-06
1.3813e-06
7.0202e-07
2.36284e-06
0
0
0
0
2.71104e-06
5.53185e-06
5.38954e-06
3.49062e-06
1.9067e-06
1.1597e-06
1.88992e-06
4.65745e-06
6.86798e-06
1.03875e-05
1.53244e-05
1.96049e-05
2.35349e-05
1.58547e-05
1.36709e-05
8.72359e-06
3.94698e-06
1.54528e-06
6.56027e-07
5.24505e-07
5.20478e-07
5.33082e-07
5.16489e-07
4.87952e-07
4.52287e-07
4.2131e-07
3.96593e-07
3.80115e-07
3.72249e-07
3.70444e-07
3.73744e-07
3.77444e-07
3.77791e-07
3.74489e-07
3.66503e-07
3.55075e-07
3.40379e-07
3.23794e-07
2.88601e-07
2.24663e-07
1.32667e-07
6.0307e-09
0
0
0
0
0
0
0
0
0
0
0
0
0
0
0
0
0
0
0
0
0
0
0
0
0
0
0
0
0
0
0
0
0
0
0
0
0
0
0
0
0
0
0
0
0
0
0
0
6.40987e-09
2.73785e-08
2.85158e-08
7.10497e-08
1.47827e-07
1.981e-07
1.52513e-07
0
0
0
0
0
0
0
0
0
0
0
1.61215e-06
2.72407e-06
1.49608e-06
0
1.64089e-06
7.82831e-06
3.30403e-05
0.000113262
8.3098e-05
2.22578e-05
6.50619e-06
3.04111e-06
1.69271e-06
9.87523e-07
5.64811e-07
2.78826e-07
6.37598e-08
0
0
0
0
0
0
0
0
0
0
0
0
0
0
0
4.04705e-06
4.93555e-06
6.13474e-06
7.71523e-06
8.03657e-06
7.5282e-06
6.98998e-06
6.24433e-06
5.14271e-06
3.89424e-06
2.41039e-06
7.42673e-07
0
0
0
0
0
0
0
0
0
1.42981e-06
4.2324e-06
5.70773e-06
5.87757e-06
5.0695e-06
4.02672e-06
3.49978e-06
3.35473e-06
2.74858e-06
2.52731e-06
4.55388e-06
4.25005e-06
1.94178e-06
3.1597e-06
5.4318e-06
4.25779e-06
1.29126e-06
0
0
0
0
0
0
0
0
0
0
0
0
2.26126e-06
3.17603e-06
3.55032e-06
9.83813e-07
1.04171e-06
1.54719e-06
6.36021e-07
3.36503e-07
3.61091e-07
7.03517e-07
9.13027e-07
1.09902e-06
1.14816e-06
1.14177e-06
1.07679e-06
9.96576e-07
9.1484e-07
8.49849e-07
8.04937e-07
7.78713e-07
7.8027e-07
8.01148e-07
8.31221e-07
8.65731e-07
9.01634e-07
9.37238e-07
9.61089e-07
9.36997e-07
8.20025e-07
6.05106e-07
2.81261e-07
0
0
0
0
0
0
0
0
0
0
0
0
0
0
0
0
0
0
0
0
0
0
0
0
0
0
0
0
0
0
0
0
0
0
0
0
0
0
0
0
0
0
0
0
0
0
0
1.27111e-08
1.71679e-08
0
0
3.30412e-08
3.18705e-08
0
3.64155e-09
0
0
0
0
0
0
7.07432e-07
2.31855e-07
0
0
0
0
0
1.93403e-06
1.53591e-06
0
3.4905e-06
2.11541e-05
6.03199e-05
7.57533e-05
3.3678e-05
1.31041e-05
8.90274e-06
7.57742e-06
4.94104e-06
2.86048e-06
1.57647e-06
7.82676e-07
2.16185e-07
0
0
0
0
0
0
0
0
0
0
0
0
0
0
6.49866e-06
3.74217e-06
6.4953e-06
9.1063e-06
9.80211e-06
9.91607e-06
9.19085e-06
7.70438e-06
5.27438e-06
1.1597e-06
0
0
0
0
0
0
0
0
0
0
0
0
0
0
4.23253e-06
1.44542e-05
1.7234e-05
1.67558e-05
1.56083e-05
1.40756e-05
1.20429e-05
9.24497e-06
7.97295e-06
6.63576e-06
4.9556e-06
5.57353e-06
6.68178e-06
6.12721e-06
5.63673e-06
4.35133e-06
0
0
0
0
0
0
0
0
0
0
0
0
0
0
0
0
0
0
0
0
0
0
0
1.64108e-07
6.35786e-07
1.05786e-06
1.42163e-06
1.57784e-06
1.48294e-06
1.15823e-06
7.67687e-07
4.40937e-07
2.0132e-07
3.85135e-08
0
4.61724e-08
3.68989e-07
1.13328e-06
2.53385e-06
3.99044e-06
2.64749e-06
3.12477e-07
0
0
0
0
0
0
0
0
0
0
0
0
0
0
0
0
0
0
0
0
0
0
0
0
0
0
0
0
0
0
0
0
0
0
0
0
0
0
0
0
0
0
0
0
0
0
0
0
0
0
0
0
0
0
0
0
0
0
0
0
3.93635e-07
1.0604e-06
7.87526e-08
0
0
0
0
0
2.18372e-06
1.81549e-06
0
3.17646e-06
1.78347e-05
4.59739e-05
4.16352e-05
1.35548e-05
6.38419e-06
8.05298e-06
8.35074e-06
8.0242e-06
6.77073e-06
3.20381e-06
0
0
1.21007e-05
3.15683e-06
0
0
0
0
0
0
0
0
0
0
0
0
5.61482e-06
5.45838e-06
6.0334e-06
6.05723e-06
5.2735e-06
5.05112e-06
4.2558e-06
0
0
0
0
0
0
0
0
0
0
0
0
0
0
0
0
0
0
2.03022e-06
3.26151e-06
3.44857e-06
3.31766e-06
3.40571e-06
3.98722e-06
5.16363e-06
6.55045e-06
6.83913e-06
5.42906e-06
3.84999e-06
2.81281e-06
1.53091e-06
4.72405e-07
0
0
0
0
0
2.89377e-06
3.41678e-06
1.88081e-06
1.88119e-06
1.42249e-06
0
0
0
0
0
0
0
0
0
0
0
0
0
0
0
1.33155e-07
3.95399e-07
5.18895e-07
4.26305e-07
2.01743e-07
0
0
0
0
0
0
4.20204e-08
6.35327e-07
1.52483e-06
2.16865e-06
1.31412e-06
0
0
0
0
0
0
0
0
0
0
0
0
0
0
0
0
0
0
0
0
0
0
0
0
0
0
0
0
0
0
0
0
0
0
0
0
0
0
0
0
0
0
0
0
0
0
0
0
0
0
0
0
0
0
0
0
0
0
1.09973e-06
8.29025e-07
0
2.58661e-07
2.59008e-06
1.98825e-06
2.91623e-07
0
0
0
0
2.03681e-06
4.44615e-06
2.84239e-06
0
1.07263e-06
1.70757e-05
4.38467e-05
2.71984e-05
6.58646e-06
6.06155e-06
9.90424e-06
8.6432e-06
6.65231e-06
2.3533e-06
0
0
0
1.23178e-05
7.94901e-06
1.66565e-06
0
0
0
0
0
0
0
0
0
0
0
6.88991e-06
8.64778e-06
5.38239e-06
3.62481e-06
3.18448e-06
3.31143e-07
0
0
0
0
0
0
0
0
0
0
0
0
0
0
0
0
0
0
0
0
0
0
0
3.89768e-08
4.70998e-07
1.08086e-06
1.83193e-06
2.38547e-06
2.25963e-06
1.54548e-06
7.32306e-07
0
0
0
0
0
0
2.26515e-06
4.73569e-06
7.04662e-06
8.26981e-06
9.9717e-06
1.04739e-05
6.40372e-06
2.05297e-06
0
0
0
0
0
0
0
0
0
0
0
0
3.12887e-07
6.98894e-07
9.24404e-07
8.89943e-07
5.88164e-07
1.76746e-07
0
0
0
0
0
2.57294e-08
4.67962e-07
9.56367e-07
1.16019e-06
5.61726e-07
0
0
0
0
0
0
0
0
0
0
0
0
0
0
0
0
0
0
0
0
0
0
0
0
0
0
0
0
0
0
0
0
0
0
0
0
0
0
0
0
0
0
0
0
0
0
0
0
0
0
0
0
0
0
0
0
0
0
0
0
0
0
0
7.16577e-06
5.64644e-06
4.41786e-06
2.44088e-08
0
0
2.22351e-06
4.7328e-06
5.44132e-06
2.62928e-06
0
1.93083e-06
2.01506e-05
4.54389e-05
2.12195e-05
4.19153e-06
7.88293e-06
1.01618e-05
6.67666e-06
2.43164e-06
0
0
0
0
9.1572e-06
9.12022e-06
4.11438e-06
0
0
0
0
0
0
0
0
0
0
0
5.47348e-06
6.39107e-06
5.09852e-06
5.03515e-06
2.57181e-06
2.98545e-06
5.06293e-06
6.11772e-06
6.74234e-06
7.87469e-06
9.82434e-06
6.3238e-06
4.7241e-06
5.0546e-06
6.28982e-06
8.10046e-06
1.05581e-05
1.23856e-05
1.24088e-05
1.03766e-05
6.62233e-06
2.03297e-06
0
0
0
0
0
0
0
0
0
0
0
7.07268e-07
1.15345e-06
1.09628e-06
4.73829e-07
0
0
0
0
0
0
1.39144e-06
2.7154e-06
4.56452e-06
6.69234e-06
9.54291e-06
1.1967e-05
1.13033e-05
6.7552e-06
2.91474e-06
1.75771e-06
1.50748e-06
2.04925e-06
1.94283e-06
9.50234e-07
2.11947e-07
0
0
0
2.6692e-07
7.50904e-07
1.3098e-06
1.79268e-06
2.01169e-06
1.81043e-06
1.17185e-06
3.66002e-07
0
0
0
0
0
2.38793e-07
4.69491e-07
4.96807e-07
1.17518e-07
0
0
0
0
0
0
0
0
0
0
0
0
0
0
0
0
0
0
0
0
0
0
0
0
0
0
0
0
0
0
0
0
0
0
0
0
0
0
0
0
0
0
0
0
0
0
0
0
0
0
0
0
0
0
0
0
0
0
0
0
0
0
0
0
1.92289e-06
2.5178e-06
2.30647e-06
1.94305e-06
0
0
9.40708e-07
4.48842e-06
4.61396e-06
1.21633e-06
0
2.41801e-06
2.36181e-05
4.57996e-05
1.90922e-05
3.20908e-06
8.34326e-06
7.89777e-06
2.64583e-06
0
0
0
0
0
9.1895e-06
1.16833e-05
6.99289e-06
2.11668e-06
0
0
0
0
0
0
0
0
0
0
6.69359e-07
1.16749e-06
1.88471e-06
5.32724e-06
6.60417e-06
8.53984e-06
7.90415e-06
5.67605e-06
9.94499e-06
2.23898e-05
1.48199e-05
8.66277e-06
5.50905e-06
4.58212e-06
4.97279e-06
6.34292e-06
8.58321e-06
1.07649e-05
1.25774e-05
1.34858e-05
1.3084e-05
1.06793e-05
6.47552e-06
2.04743e-06
0
0
0
0
0
0
0
0
0
0
5.63612e-08
8.30099e-07
5.05454e-07
0
0
0
0
0
0
0
0
0
0
3.85817e-07
4.1539e-07
0
0
0
2.09116e-07
3.23532e-07
4.60981e-07
4.34841e-07
1.72849e-07
0
0
0
2.26121e-07
5.17486e-07
7.98696e-07
1.07377e-06
1.33548e-06
1.5869e-06
1.74327e-06
1.51481e-06
6.76405e-07
4.71835e-08
8.80099e-08
2.25891e-07
3.1305e-07
3.81462e-07
4.43282e-07
4.6422e-07
3.46374e-07
0
0
0
0
0
0
0
0
0
2.05612e-07
4.1785e-07
3.2435e-07
0
0
0
0
0
0
0
0
0
0
0
0
0
0
0
0
0
0
0
0
0
0
0
0
0
0
0
0
0
0
0
0
0
0
0
0
0
0
0
0
0
0
0
0
0
0
1.40055e-06
6.99828e-06
8.60776e-07
0
0
0
5.93457e-07
0
0
2.28719e-06
2.80483e-06
3.1105e-09
0
0
7.18142e-07
2.018e-06
0
0
2.82454e-06
2.59588e-05
4.28501e-05
1.72529e-05
2.62129e-06
7.79991e-06
4.49022e-06
0
0
0
0
0
0
1.14621e-05
1.61177e-05
1.07997e-05
4.8229e-06
2.48313e-07
0
0
0
0
0
0
0
0
0
6.3416e-09
5.73466e-08
3.14738e-07
5.83309e-06
6.94282e-06
5.62689e-06
3.25174e-07
6.69693e-06
2.54378e-05
2.13917e-05
1.49181e-05
9.21161e-06
5.62275e-06
4.04209e-06
3.67721e-06
4.17723e-06
5.2938e-06
6.5429e-06
7.70838e-06
8.55517e-06
8.97906e-06
8.67488e-06
7.00442e-06
4.35773e-06
1.83849e-06
0
0
0
0
0
0
0
0
0
0
5.56188e-07
5.61731e-07
0
0
0
0
0
0
0
0
0
0
0
0
0
0
0
0
0
0
0
0
0
0
0
0
1.17426e-07
4.19076e-07
7.94359e-07
1.29323e-06
1.97578e-06
2.36965e-06
5.93929e-07
0
2.24333e-07
5.10733e-07
6.95065e-07
8.11929e-07
9.17861e-07
1.03956e-06
1.17072e-06
1.25357e-06
1.17609e-06
8.3816e-07
2.26588e-07
0
0
0
3.56538e-08
9.08417e-07
1.63933e-06
1.92216e-06
1.93318e-06
1.78641e-06
9.80899e-07
0
0
0
0
0
0
0
0
0
0
0
0
0
0
0
0
0
0
0
0
0
0
0
0
0
0
0
0
0
0
0
0
0
0
0
0
0
0
0
0
0
0
0
0
0
0
6.8067e-06
4.26056e-06
1.59624e-07
0
0
3.07082e-06
5.35832e-06
0
2.831e-06
3.50147e-06
6.26425e-07
0
0
0
0
0
0
3.36471e-06
2.70435e-05
3.90538e-05
1.48708e-05
1.66488e-06
6.55592e-06
1.10806e-06
0
0
0
0
0
0
1.18764e-05
1.97148e-05
1.48563e-05
7.72429e-06
2.15844e-06
0
0
0
0
0
0
0
0
0
0
2.96371e-08
2.13335e-07
6.7748e-06
2.18294e-06
0
1.24102e-05
2.07887e-05
1.91946e-05
1.67711e-05
1.33336e-05
9.16994e-06
5.90821e-06
4.05953e-06
3.24814e-06
3.22928e-06
3.70236e-06
4.4775e-06
5.06941e-06
5.30385e-06
5.43852e-06
5.20827e-06
4.30342e-06
2.75326e-06
9.26521e-07
0
0
0
0
0
0
0
0
0
0
9.40693e-07
8.39236e-07
0
0
0
0
0
0
0
0
0
0
0
0
0
0
0
0
0
0
0
0
0
0
0
4.94729e-07
1.36996e-06
2.61153e-06
4.35847e-06
5.58704e-06
1.37861e-06
0
0
0
0
0
0
2.01727e-08
3.13881e-07
6.28411e-07
9.70575e-07
1.30326e-06
1.54706e-06
1.59947e-06
1.38463e-06
8.92647e-07
3.69563e-07
2.93982e-07
8.2739e-07
1.49028e-06
1.48359e-06
1.01111e-06
1.96081e-07
0
0
0
0
0
0
0
0
0
0
0
0
0
0
0
0
0
0
0
0
0
0
0
0
0
0
0
0
0
0
0
0
0
0
0
0
0
0
0
0
0
0
0
0
0
0
0
0
0
0
5.05241e-07
0
1.84046e-06
5.84027e-06
8.42916e-06
2.83956e-06
1.56511e-06
3.0538e-06
3.11112e-07
0
0
0
0
0
0
4.01043e-06
2.75438e-05
3.52214e-05
1.1026e-05
0
4.70583e-06
0
0
0
0
0
0
0
8.40724e-06
1.94049e-05
1.7556e-05
1.05752e-05
4.08432e-06
0
0
0
0
0
0
0
0
0
0
0
4.33112e-08
3.19557e-06
7.21956e-06
1.53888e-05
1.29776e-05
1.08998e-05
9.94999e-06
9.59293e-06
8.68935e-06
6.84489e-06
4.92217e-06
3.39441e-06
2.27153e-06
1.60333e-06
1.49254e-06
1.72676e-06
1.93665e-06
2.10427e-06
2.2777e-06
2.33635e-06
2.16036e-06
1.61492e-06
6.30255e-07
0
0
0
0
0
0
0
0
4.95953e-07
1.49667e-06
1.76305e-06
1.28381e-06
1.96669e-07
4.62353e-08
3.94826e-06
7.17751e-06
2.97477e-06
2.13086e-07
0
0
0
0
0
0
0
0
0
0
0
0
0
0
0
2.77505e-07
1.21085e-06
2.60104e-06
4.53908e-06
6.17156e-06
2.92306e-06
0
0
0
0
0
0
0
0
0
0
0
0
0
0
0
0
0
0
0
0
5.18909e-07
7.65311e-07
6.08894e-07
8.18462e-08
0
0
0
3.21429e-07
6.13592e-07
4.42115e-07
1.90666e-07
0
0
0
0
0
0
0
0
0
0
0
0
0
0
0
0
0
0
0
0
0
0
0
0
0
0
0
0
0
0
0
0
0
0
0
0
0
0
0
0
0
0
0
0
5.60163e-07
3.74918e-06
6.21021e-06
6.5588e-06
5.38113e-06
0
2.66773e-06
3.204e-07
0
0
0
0
0
0
4.74958e-06
2.76691e-05
3.16671e-05
6.2813e-06
0
2.40776e-06
0
0
0
0
0
0
0
3.74626e-06
1.60571e-05
1.80668e-05
1.28219e-05
6.00624e-06
9.31692e-07
0
0
0
0
0
0
0
0
0
0
0
7.06954e-06
9.92302e-06
5.73363e-06
3.79534e-06
3.04216e-06
2.98688e-06
3.26952e-06
3.29281e-06
2.89089e-06
2.45305e-06
1.93639e-06
1.1779e-06
3.41038e-07
0
0
0
0
0
0
0
7.63541e-08
0
0
0
0
0
0
0
1.93013e-07
1.10837e-06
1.73862e-06
1.9863e-06
2.09504e-06
2.66287e-06
3.64236e-06
5.11468e-06
1.17885e-05
1.15431e-05
5.89491e-06
1.5282e-06
0
0
0
0
0
0
0
0
0
0
0
0
0
1.01705e-07
5.35932e-07
1.19831e-06
2.16364e-06
3.06372e-06
2.5733e-06
0
0
0
0
0
0
0
0
0
0
0
0
0
0
0
0
0
0
0
0
0
2.12294e-07
1.07836e-06
1.50239e-06
1.44674e-06
9.49313e-07
1.79464e-08
0
0
2.08524e-06
1.9756e-06
1.33248e-06
6.22027e-07
1.03192e-07
0
0
0
0
0
0
0
0
0
0
0
0
0
0
0
0
0
0
0
0
0
0
0
0
0
0
0
0
0
0
0
0
0
0
0
0
0
0
0
0
0
0
0
0
0
1.10152e-06
2.60722e-06
2.72745e-06
0
1.98481e-06
0
0
0
0
0
0
0
5.37161e-06
2.67307e-05
2.84044e-05
1.58831e-06
0
0
0
0
0
0
0
0
0
2.48592e-09
1.25142e-05
1.73001e-05
1.41676e-05
7.74338e-06
2.19523e-06
0
0
0
0
0
0
0
0
0
0
0
1.84995e-06
2.62025e-06
2.13077e-06
1.89278e-06
1.37931e-06
9.74963e-07
6.29641e-07
4.48555e-08
0
0
0
0
0
0
0
0
0
0
0
0
0
0
0
0
0
0
3.65779e-07
1.13291e-06
1.92233e-06
2.66786e-06
3.25442e-06
3.68024e-06
4.31614e-06
5.46754e-06
6.53984e-06
7.76509e-06
1.09706e-05
9.099e-06
5.7925e-06
2.13929e-06
0
0
0
0
0
0
0
0
0
0
1.47924e-07
1.54291e-07
2.21346e-07
4.52384e-07
7.87918e-07
1.05748e-06
1.06015e-06
3.49785e-07
0
0
0
0
0
0
0
0
0
0
0
0
0
0
0
0
0
0
0
0
0
2.07956e-07
1.18399e-06
1.87977e-06
2.27298e-06
2.20601e-06
1.63462e-06
6.84474e-07
2.52449e-07
4.47563e-06
6.49852e-06
4.17145e-06
2.66139e-06
1.27084e-06
2.59597e-07
0
0
0
0
0
0
0
0
0
0
0
0
0
0
0
0
0
0
0
0
0
0
0
0
0
0
0
0
0
0
0
0
0
0
0
0
0
0
0
0
0
0
0
0
0
0
0
0
0
0
0
0
0
0
0
0
0
5.58403e-06
2.46144e-05
2.49224e-05
0
0
0
0
0
0
0
0
0
0
0
9.90684e-06
1.61857e-05
1.46488e-05
9.01326e-06
3.34225e-06
0
0
0
0
0
0
0
0
0
0
0
2.10032e-06
3.70927e-06
3.78598e-06
3.40322e-06
2.69036e-06
2.03925e-06
1.23897e-06
5.56832e-08
0
0
0
0
0
0
0
0
0
0
0
0
0
0
0
0
9.95654e-08
1.01366e-06
1.85653e-06
2.61706e-06
3.35386e-06
4.10644e-06
4.81218e-06
5.37211e-06
5.90162e-06
6.70867e-06
7.84118e-06
9.48932e-06
9.49572e-06
6.12459e-06
4.72004e-06
2.35385e-06
0
0
0
0
0
0
0
0
0
0
1.39247e-07
2.38408e-07
2.0812e-07
2.49354e-07
3.16272e-07
1.56292e-07
0
0
0
0
0
0
0
0
3.25256e-07
1.56186e-06
2.04881e-06
2.00784e-06
1.72467e-06
1.36795e-06
9.77188e-07
5.38552e-07
1.62139e-07
9.01301e-08
2.51586e-07
1.80601e-07
0
0
0
3.82935e-07
1.30164e-06
2.08845e-06
2.59798e-06
2.8006e-06
2.28295e-06
1.3891e-06
6.97206e-07
3.23887e-06
8.02598e-06
5.77593e-06
3.82873e-06
1.98624e-06
5.92594e-07
0
0
0
0
0
0
0
0
0
0
0
0
0
0
0
0
0
0
0
0
0
0
0
0
0
0
0
0
0
0
0
0
0
0
0
0
0
0
0
0
0
0
0
6.11617e-07
5.53871e-07
0
0
0
0
0
0
0
0
0
0
0
0
5.31255e-06
2.09698e-05
2.08074e-05
0
0
0
0
0
0
0
0
0
0
0
7.932e-06
1.50848e-05
1.44093e-05
9.53229e-06
4.13589e-06
3.92527e-07
0
0
0
0
0
0
0
0
0
0
0
3.76771e-06
4.61907e-06
4.34997e-06
3.88231e-06
3.35212e-06
2.24437e-06
2.6309e-07
0
0
0
0
0
0
0
0
0
0
0
0
0
0
0
1.00722e-06
2.6676e-06
3.98409e-06
4.87628e-06
5.43569e-06
5.85715e-06
6.27625e-06
6.69796e-06
6.9567e-06
6.8109e-06
6.63625e-06
7.71303e-06
9.59767e-06
6.70161e-06
4.19609e-06
4.16799e-06
2.69122e-06
3.65069e-07
0
9.57561e-08
0
0
0
0
0
0
0
1.43385e-07
3.48911e-07
3.12258e-07
1.43401e-07
0
0
0
0
0
0
0
0
0
0
1.11091e-06
2.34327e-06
2.67865e-06
2.52691e-06
2.27761e-06
2.09069e-06
1.93585e-06
1.69838e-06
1.32138e-06
9.46542e-07
5.93942e-07
0
0
0
0
4.21127e-07
1.61004e-06
2.51641e-06
3.10314e-06
3.23865e-06
1.89429e-06
0
0
0
0
3.20122e-06
3.45094e-06
2.08475e-06
7.8515e-07
5.03187e-08
0
0
0
0
0
0
0
0
0
0
0
0
0
0
0
0
0
0
0
0
0
0
0
0
0
0
0
0
0
0
0
0
0
0
0
0
0
0
0
0
0
0
8.85479e-07
1.01354e-06
2.86552e-07
0
0
0
0
0
0
0
0
0
0
0
4.69103e-06
1.6136e-05
1.62318e-05
0
0
0
0
0
0
0
0
0
0
0
5.65585e-06
1.3753e-05
1.34234e-05
9.14258e-06
4.334e-06
8.8444e-07
0
0
0
0
0
0
0
0
0
0
0
1.15667e-06
2.65793e-06
2.75308e-06
2.6487e-06
2.41342e-06
1.58756e-06
0
0
0
0
0
0
0
0
0
0
0
0
0
0
0
9.89129e-07
2.52918e-06
4.17049e-06
5.72558e-06
7.0907e-06
8.17075e-06
8.97157e-06
9.41815e-06
9.56681e-06
9.34961e-06
8.41288e-06
6.46261e-06
4.92325e-06
5.46363e-06
4.84069e-06
4.66956e-06
5.04856e-06
3.59328e-06
1.35116e-06
4.20577e-07
1.86362e-06
0
0
0
0
0
0
0
3.13893e-07
5.90691e-07
6.50449e-07
4.35744e-07
2.15849e-08
0
0
0
0
0
0
0
0
0
7.74052e-07
1.58958e-06
1.43087e-06
9.27354e-07
4.65986e-07
1.19065e-07
0
0
0
0
0
0
0
0
3.95501e-07
1.79577e-06
2.54156e-06
2.81824e-06
2.57596e-06
1.34424e-06
0
0
0
0
0
0
8.26013e-07
9.76372e-07
3.68495e-07
7.96287e-08
6.81851e-08
6.46626e-08
1.39442e-08
0
0
0
0
0
0
0
0
0
0
0
0
0
0
0
0
0
0
0
0
0
0
0
0
1.5485e-07
1.31302e-07
6.02219e-08
0
0
0
0
4.48882e-08
6.18067e-08
6.38012e-08
3.29835e-08
0
0
0
0
6.94858e-07
9.06304e-07
8.64186e-07
0
0
0
0
0
0
0
0
0
0
0
3.94429e-06
1.10966e-05
1.17151e-05
0
0
0
0
0
0
0
0
0
0
0
2.45196e-06
1.17288e-05
1.15704e-05
7.7766e-06
3.79241e-06
1.00024e-06
0
0
0
0
0
0
0
0
0
0
0
0
1.08476e-06
1.83354e-06
2.43356e-06
2.68299e-06
2.26384e-06
1.33789e-06
5.76778e-08
0
0
0
0
0
1.20047e-06
3.05696e-06
4.52691e-06
3.44761e-06
0
0
0
0
0
0
0
0
0
0
4.4114e-08
3.43116e-06
5.91123e-06
7.09349e-06
7.11952e-06
5.97909e-06
3.46452e-06
1.54676e-06
4.18965e-06
6.32412e-06
6.48496e-06
4.37195e-06
1.60111e-06
0
1.75988e-06
1.80912e-06
0
0
0
0
0
0
1.65823e-07
4.95958e-07
7.10146e-07
6.87962e-07
4.00845e-07
0
0
0
0
0
0
0
0
0
1.1811e-06
1.30875e-06
9.27179e-07
5.2857e-07
2.17706e-07
0
0
0
0
0
0
0
0
0
1.43245e-06
2.16648e-06
2.13281e-06
1.63667e-06
5.71822e-07
0
0
0
0
0
0
0
0
0
0
0
1.16385e-07
3.52094e-07
2.86172e-07
1.88251e-07
1.79181e-07
1.9229e-07
1.47856e-07
8.0429e-08
1.53235e-08
0
0
0
0
0
0
0
0
0
0
0
0
0
0
0
0
0
3.44532e-07
4.77396e-07
4.16501e-07
3.18011e-07
2.02454e-07
7.74116e-08
8.52537e-09
1.56909e-08
1.0147e-07
1.91004e-07
2.05156e-07
1.75961e-07
7.76202e-08
0
0
8.82717e-08
4.91291e-07
6.38747e-07
7.49045e-07
1.73262e-07
0
0
0
0
0
0
0
0
0
0
3.03218e-06
6.80987e-06
7.36296e-06
0
0
0
0
0
0
0
0
0
0
0
0
8.53079e-06
8.47467e-06
5.25589e-06
2.42377e-06
6.87628e-07
2.95198e-07
1.13652e-07
2.87291e-07
1.20059e-06
1.42166e-06
1.32105e-06
0
0
0
0
0
0
1.98556e-07
1.5313e-06
2.8217e-06
3.706e-06
3.98973e-06
3.93834e-06
3.53453e-06
3.22331e-06
3.49371e-06
4.48732e-06
6.23182e-06
8.73619e-06
1.10029e-05
1.00022e-05
3.4401e-07
0
0
0
0
0
0
0
0
0
0
0
0
0
0
6.84501e-07
1.98805e-06
2.08925e-06
1.63541e-06
6.36665e-07
1.08489e-06
5.50551e-06
7.32653e-06
5.72657e-06
1.88555e-06
0
1.84898e-07
1.70784e-06
1.32462e-06
2.96439e-07
0
0
0
0
0
1.08593e-07
3.47842e-07
4.81862e-07
4.38302e-07
1.84822e-07
0
0
0
0
0
0
0
1.24129e-06
1.6211e-06
1.35851e-06
1.07628e-06
8.55581e-07
5.73715e-07
1.20362e-07
0
0
0
0
0
0
0
0
1.1715e-06
1.42861e-06
8.48891e-07
9.97843e-08
0
0
0
0
0
0
0
0
0
0
0
0
0
3.31454e-07
4.53653e-07
3.55252e-07
3.54042e-07
4.26066e-07
3.92128e-07
2.55138e-07
1.48383e-07
7.41421e-08
1.13393e-08
0
0
0
0
0
0
0
0
0
0
0
0
0
0
4.18872e-08
7.30566e-07
9.05139e-07
7.61395e-07
5.92159e-07
4.43928e-07
2.73106e-07
1.28275e-07
7.26323e-08
1.09496e-07
2.2082e-07
2.76829e-07
2.64138e-07
2.05186e-07
1.20394e-07
8.23111e-08
1.41773e-07
2.96033e-07
3.82619e-07
4.98239e-07
3.72905e-07
0
0
0
0
0
0
0
0
0
0
2.29256e-06
3.7464e-06
3.80268e-06
0
0
0
0
0
0
0
0
0
0
0
0
4.18085e-06
3.96225e-06
1.63654e-06
3.99921e-07
9.09835e-08
9.88119e-07
2.08436e-06
3.23516e-06
4.19714e-06
4.07212e-06
4.942e-06
0
0
0
0
0
0
0
8.71834e-07
2.29156e-06
2.92494e-06
3.18142e-06
3.47163e-06
3.7191e-06
3.9071e-06
4.08343e-06
3.92762e-06
3.15297e-06
1.56324e-06
0
0
0
0
0
0
0
0
0
0
0
0
0
0
0
0
0
0
2.1382e-07
6.09418e-07
2.08576e-07
0
0
6.92719e-07
5.69019e-06
6.1261e-06
2.88939e-06
0
0
2.32846e-07
1.00395e-06
8.96528e-07
4.61123e-07
9.74042e-10
0
0
0
0
0
9.93064e-08
1.60386e-07
1.14243e-07
0
0
0
0
0
0
4.42564e-07
1.32519e-06
1.36413e-06
1.19468e-06
1.05835e-06
9.15236e-07
5.81591e-07
0
0
0
0
0
0
0
2.15517e-07
4.94069e-07
6.45795e-07
1.05301e-07
0
0
0
0
0
0
0
0
0
0
3.24602e-07
4.99258e-07
0
0
0
7.98371e-08
4.36294e-07
4.30726e-07
4.36088e-07
5.85795e-07
6.61895e-07
5.03751e-07
3.16478e-07
1.88191e-07
1.01087e-07
3.16819e-08
0
0
0
0
0
0
0
0
8.96794e-08
0
0
0
0
1.49004e-07
1.14481e-06
1.41601e-06
1.19729e-06
9.00331e-07
6.79737e-07
4.79462e-07
2.74127e-07
1.50281e-07
1.28404e-07
2.05732e-07
2.95905e-07
3.16092e-07
2.84872e-07
2.0675e-07
1.56187e-07
1.46886e-07
1.6334e-07
1.99344e-07
3.0856e-07
3.82532e-07
0
0
0
0
0
0
0
0
0
3.92868e-06
1.79691e-06
1.6983e-06
1.12772e-06
0
0
0
0
0
0
0
0
0
0
0
0
0
0
0
0
0
2.00946e-06
4.52206e-06
6.41944e-06
7.08129e-06
6.61309e-06
9.16146e-06
0
0
0
0
0
0
0
1.67828e-07
1.4084e-06
1.99385e-06
2.29164e-06
2.3948e-06
2.21855e-06
1.84676e-06
1.31558e-06
7.04116e-07
4.19753e-08
0
0
0
0
0
0
0
0
0
0
0
0
1.27036e-06
2.66288e-06
1.81838e-06
0
0
0
0
5.2356e-07
7.43681e-07
2.89582e-07
0
0
0
9.60212e-07
4.66464e-06
3.26766e-06
1.38285e-07
0
0
0
4.14638e-07
5.13794e-07
3.48205e-07
7.13929e-08
0
0
0
0
0
0
0
0
0
0
0
0
0
0
7.54111e-07
1.06447e-06
1.08111e-06
1.08331e-06
1.0653e-06
8.10635e-07
2.10147e-07
0
0
0
0
0
1.51407e-06
2.66545e-06
1.91849e-06
7.98374e-07
0
0
0
0
0
0
0
0
2.29273e-07
0
0
1.57317e-06
7.94107e-07
0
0
0
6.50336e-08
4.31774e-07
4.51023e-07
4.36633e-07
5.82875e-07
7.66028e-07
6.79755e-07
4.67682e-07
3.08645e-07
1.9588e-07
1.09005e-07
3.69334e-08
0
0
0
0
0
0
0
3.68678e-07
0
0
0
0
4.86265e-07
1.61966e-06
1.95005e-06
1.69706e-06
1.24681e-06
9.11942e-07
6.6863e-07
4.31889e-07
2.43302e-07
1.66746e-07
1.90618e-07
2.76164e-07
3.20099e-07
3.07848e-07
2.4112e-07
1.99068e-07
1.746e-07
1.09798e-07
7.80753e-08
1.58577e-07
3.13053e-07
5.6873e-08
0
0
0
0
0
0
0
0
5.89558e-06
1.72187e-06
3.7244e-07
0
0
0
0
0
0
0
0
0
0
0
0
0
0
0
0
0
0
3.65514e-06
7.42511e-06
9.55565e-06
9.67992e-06
8.77105e-06
1.21856e-05
9.94904e-07
0
0
0
0
0
0
0
4.37907e-07
1.07946e-06
1.29788e-06
1.37496e-06
1.27989e-06
9.9134e-07
6.03631e-07
1.69284e-07
0
0
0
0
0
0
0
0
0
0
0
0
0
2.29389e-07
2.0475e-06
2.97767e-06
1.4327e-06
0
0
5.49198e-07
1.53818e-06
1.23296e-06
5.42007e-07
3.72533e-08
0
0
0
9.29127e-07
2.14593e-06
3.56772e-07
0
0
0
0
1.35176e-08
1.73158e-07
9.87632e-08
0
0
0
0
0
0
3.81941e-08
2.10844e-07
4.28764e-07
6.13517e-07
3.0378e-07
0
0
0
5.7165e-07
1.04942e-06
1.17897e-06
1.31357e-06
1.4378e-06
1.23961e-06
5.55608e-07
0
0
0
0
0
0
4.94568e-06
2.87214e-06
1.05637e-06
0
0
0
0
0
0
0
0
5.52047e-07
8.23644e-07
1.45911e-06
2.27133e-06
8.2647e-08
0
0
0
4.1987e-07
7.03038e-07
5.69201e-07
4.41577e-07
5.04215e-07
7.20836e-07
7.47568e-07
5.40207e-07
3.76989e-07
2.67072e-07
1.75471e-07
1.0219e-07
4.22347e-08
0
0
0
0
0
0
3.50079e-07
0
0
0
0
1.12776e-06
2.06221e-06
2.31355e-06
2.13611e-06
1.59253e-06
1.14125e-06
8.33772e-07
5.8173e-07
3.50399e-07
2.13883e-07
1.87847e-07
2.40474e-07
2.98799e-07
3.13951e-07
2.58085e-07
2.1773e-07
2.00322e-07
1.04577e-07
4.34258e-09
3.92289e-08
2.12153e-07
1.32152e-07
0
0
0
0
0
0
0
0
5.14281e-06
2.33722e-06
0
0
0
0
0
0
0
0
0
0
0
0
0
0
0
0
0
0
5.61275e-07
6.08555e-06
1.05741e-05
1.23248e-05
1.18237e-05
1.01929e-05
1.09906e-05
0
0
0
0
0
0
0
0
0
6.24568e-08
4.24598e-07
6.45512e-07
7.0142e-07
5.54095e-07
2.68818e-07
0
0
0
0
0
0
0
0
0
0
0
0
0
2.9144e-07
1.05063e-06
1.80619e-06
2.32962e-06
1.68702e-06
3.66363e-07
1.84807e-07
1.54093e-06
1.98564e-06
1.39173e-06
6.4671e-07
1.88992e-07
0
0
0
0
0
0
0
0
0
0
0
0
0
0
0
0
0
0
1.71376e-08
2.61629e-07
6.4591e-07
1.18531e-06
1.70622e-06
1.99062e-07
0
0
0
8.3685e-07
1.27542e-06
1.42346e-06
1.62175e-06
1.79295e-06
1.4921e-06
5.32309e-07
0
0
0
0
0
0
6.11659e-06
3.68704e-06
1.63766e-06
1.39329e-07
0
0
0
0
0
0
0
0
5.75731e-07
2.22693e-06
1.72801e-06
0
0
0
0
1.0923e-06
1.29486e-06
9.93004e-07
6.50077e-07
5.03756e-07
6.13118e-07
7.20155e-07
5.66364e-07
3.9679e-07
3.00671e-07
2.21407e-07
1.46666e-07
9.62608e-08
5.72691e-08
2.27878e-09
0
0
0
0
3.07041e-07
3.3866e-07
0
0
9.21946e-07
1.84343e-06
2.32823e-06
2.39998e-06
2.2768e-06
1.8283e-06
1.31735e-06
9.65356e-07
7.08784e-07
4.6468e-07
2.71596e-07
1.90675e-07
2.06851e-07
2.74105e-07
3.20382e-07
2.76809e-07
2.16701e-07
2.06955e-07
1.22002e-07
0
0
1.07486e-07
1.37931e-07
0
0
0
0
0
0
0
0
3.62755e-06
4.01506e-06
0
0
0
0
0
0
3.1291e-06
0
0
0
0
0
0
0
0
0
0
0
2.86369e-06
9.15428e-06
1.35792e-05
1.45161e-05
1.34209e-05
1.07078e-05
5.85882e-06
0
0
0
0
0
0
0
0
0
0
0
1.03052e-07
2.46712e-07
2.23147e-07
8.18878e-08
0
0
0
0
0
0
0
0
0
0
0
9.7272e-08
5.92516e-07
1.21027e-06
1.41095e-06
1.47815e-06
2.07933e-06
1.78887e-06
9.54129e-07
7.45324e-07
1.67281e-06
1.98411e-06
1.25566e-06
4.76563e-07
1.4555e-07
1.23177e-08
0
0
0
0
0
0
0
0
0
0
0
0
0
0
0
0
0
6.3783e-08
5.06903e-07
1.22704e-06
2.3772e-06
3.80999e-06
0
0
0
3.70665e-07
1.28985e-06
1.58132e-06
1.66354e-06
1.85879e-06
1.95642e-06
1.4496e-06
1.88211e-07
0
0
0
0
0
0
6.58571e-06
4.658e-06
2.41944e-06
7.27578e-07
0
0
0
0
0
0
0
0
0
2.08337e-06
0
0
0
0
6.14024e-07
1.82706e-06
1.9072e-06
1.51648e-06
1.0464e-06
6.98949e-07
5.89052e-07
6.25603e-07
5.52155e-07
3.91172e-07
2.91797e-07
2.41478e-07
1.83296e-07
1.28935e-07
9.92026e-08
7.55389e-08
3.55509e-08
0
0
0
4.64255e-07
8.16033e-07
9.77101e-07
1.2611e-06
1.65453e-06
2.00077e-06
2.18573e-06
2.19775e-06
2.14504e-06
1.92726e-06
1.44061e-06
1.05657e-06
7.96576e-07
5.67596e-07
3.42098e-07
1.98628e-07
1.66597e-07
2.27442e-07
3.10938e-07
3.03776e-07
2.27297e-07
2.05332e-07
1.42434e-07
0
0
1.88001e-08
1.09178e-07
0
0
0
0
0
0
0
0
2.15996e-06
7.06581e-06
0
0
0
0
0
0
7.45536e-06
3.03345e-05
2.52486e-05
1.49163e-05
7.33449e-06
0
0
0
0
0
0
0
6.22581e-06
1.24218e-05
1.60623e-05
1.60456e-05
1.44162e-05
1.04539e-05
2.22451e-06
0
0
0
0
0
0
0
0
0
0
0
0
0
0
0
2.87647e-08
5.09528e-08
8.1373e-08
1.17615e-07
1.64275e-07
2.09181e-07
2.33243e-07
2.3961e-07
2.44872e-07
2.89379e-07
5.02636e-07
1.07239e-06
1.92296e-06
1.98779e-06
1.437e-06
1.62437e-06
1.76473e-06
1.47529e-06
1.02287e-06
1.05659e-06
2.09254e-06
1.77899e-06
1.04846e-06
4.22126e-07
9.16691e-08
0
0
0
0
0
0
0
0
0
0
0
0
0
0
0
0
0
0
0
5.92366e-07
1.71028e-06
3.80143e-06
7.24057e-06
0
0
0
1.10205e-06
1.71119e-06
1.82184e-06
1.82854e-06
1.98996e-06
1.97683e-06
1.2761e-06
0
0
0
0
0
0
3.95558e-06
1.07856e-05
7.4528e-06
4.1547e-06
1.74691e-06
0
0
0
0
0
0
0
0
0
2.8592e-06
3.76437e-06
0
0
0
1.44537e-06
2.44174e-06
2.33828e-06
1.84578e-06
1.30987e-06
8.78421e-07
6.16693e-07
5.51943e-07
5.18847e-07
3.96018e-07
2.7547e-07
2.24289e-07
1.97157e-07
1.59262e-07
1.24718e-07
1.06576e-07
9.72555e-08
9.25842e-08
1.1455e-07
1.93567e-07
3.19353e-07
3.34444e-07
4.53379e-07
7.57612e-07
1.20922e-06
1.49346e-06
1.65626e-06
1.77871e-06
1.85509e-06
1.8535e-06
1.5585e-06
1.14047e-06
8.66695e-07
6.56523e-07
4.29461e-07
2.16884e-07
1.16108e-07
1.41438e-07
2.72925e-07
3.29061e-07
2.63791e-07
2.0781e-07
1.52438e-07
0
0
0
6.75413e-08
0
0
0
0
0
0
0
0
8.0375e-07
1.0674e-05
0
0
0
0
0
0
0
4.52148e-05
9.00116e-05
0.000115678
0.000114021
4.68564e-05
0
0
0
0
0
4.20482e-06
1.00521e-05
1.53404e-05
1.77813e-05
1.69355e-05
1.48677e-05
9.77424e-06
2.73394e-06
4.60151e-06
0
0
0
0
0
0
0
0
0
0
0
0
0
0
0
0
1.47669e-07
3.50537e-07
5.15099e-07
6.35428e-07
7.28409e-07
8.25071e-07
9.23967e-07
1.0289e-06
1.50263e-06
2.83257e-06
3.28809e-06
2.38573e-06
2.04147e-06
1.82782e-06
1.45609e-06
1.04514e-06
8.3761e-07
1.48513e-06
1.83895e-06
1.13166e-06
6.4992e-07
3.06579e-07
8.9951e-08
0
0
0
0
0
0
0
0
0
0
0
0
0
0
0
0
0
0
0
5.04761e-07
1.87743e-06
4.50352e-06
5.68929e-06
0
0
6.4809e-07
1.65754e-06
1.99617e-06
1.95214e-06
1.90206e-06
2.03512e-06
1.94638e-06
1.11186e-06
0
0
0
0
0
0
1.28524e-05
1.63729e-05
1.04015e-05
5.93059e-06
2.79725e-06
5.96062e-07
0
0
0
0
0
0
0
0
2.25124e-06
4.04759e-06
0
0
0
2.20017e-06
2.89923e-06
2.56812e-06
1.93135e-06
1.3007e-06
8.18572e-07
5.74828e-07
4.97264e-07
4.78251e-07
4.04346e-07
2.89403e-07
2.13648e-07
1.88665e-07
1.7473e-07
1.52383e-07
1.31972e-07
1.28962e-07
1.50092e-07
1.94022e-07
2.49444e-07
3.24205e-07
3.36283e-07
2.38031e-07
3.28394e-07
6.37622e-07
9.94422e-07
1.17435e-06
1.33267e-06
1.5164e-06
1.64079e-06
1.56154e-06
1.19286e-06
9.1654e-07
7.29198e-07
5.31387e-07
2.65876e-07
6.65102e-08
3.00049e-08
1.87843e-07
3.32664e-07
3.09709e-07
2.25184e-07
1.51185e-07
0
0
0
2.45253e-08
0
0
0
0
0
0
0
0
0
1.1462e-05
0
0
0
0
0
0
0
1.86547e-05
6.96078e-05
0.000122083
0.000155393
6.49022e-05
0
0
0
0
1.49032e-06
8.91602e-06
1.36015e-05
1.74565e-05
1.86257e-05
1.72082e-05
1.47019e-05
9.03835e-06
4.99481e-06
7.79138e-06
0
0
0
0
0
0
0
0
0
0
0
0
0
0
0
0
1.56753e-07
6.15167e-07
1.05186e-06
1.47575e-06
1.8791e-06
2.26064e-06
2.47051e-06
2.61442e-06
3.89132e-06
4.76315e-06
4.17147e-06
3.07011e-06
2.24543e-06
1.62378e-06
1.00159e-06
7.61351e-07
1.10824e-06
1.7751e-06
1.10061e-06
7.43941e-07
4.70017e-07
2.48089e-07
9.71955e-08
2.33078e-08
0
0
0
0
0
0
0
0
0
0
0
0
0
0
0
0
0
0
4.21488e-07
1.94256e-06
4.49986e-06
1.90577e-06
0
0
1.34243e-06
2.0129e-06
2.13028e-06
1.95308e-06
1.86903e-06
2.02784e-06
1.91532e-06
9.87843e-07
0
0
0
0
0
0
1.91912e-05
1.75094e-05
1.13179e-05
6.59552e-06
3.05847e-06
5.82942e-07
0
0
0
0
0
0
0
0
1.73736e-06
7.99899e-07
0
0
3.75571e-07
2.80098e-06
3.16436e-06
2.57848e-06
1.79625e-06
1.14605e-06
7.44529e-07
5.12249e-07
4.096e-07
3.8772e-07
3.57304e-07
2.81298e-07
2.09194e-07
1.75935e-07
1.71279e-07
1.68996e-07
1.60017e-07
1.57402e-07
1.78417e-07
2.18688e-07
2.60666e-07
3.08047e-07
3.71251e-07
2.90212e-07
2.4439e-07
3.95639e-07
6.82391e-07
8.41671e-07
9.87539e-07
1.22886e-06
1.44707e-06
1.4727e-06
1.19519e-06
9.31416e-07
7.7476e-07
6.22269e-07
3.53026e-07
3.59652e-08
0
4.78563e-08
2.90143e-07
3.37469e-07
2.5507e-07
1.48064e-07
0
0
0
0
0
0
0
0
0
0
0
0
0
6.80184e-06
0
0
0
0
0
0
0
0
2.26861e-05
4.4555e-05
4.56895e-05
7.96968e-06
0
0
0
0
7.88753e-06
1.28311e-05
1.60778e-05
1.83473e-05
1.84164e-05
1.68446e-05
1.39046e-05
8.42029e-06
6.90822e-06
9.66432e-06
1.77084e-07
8.28375e-08
0
0
0
0
0
0
0
0
0
0
0
0
0
0
0
4.75645e-07
1.12524e-06
1.77878e-06
2.50356e-06
4.01291e-06
7.82994e-06
9.6728e-06
7.85894e-06
5.99058e-06
3.25177e-06
2.30617e-06
1.72657e-06
1.10235e-06
7.97182e-07
9.93668e-07
1.52331e-06
9.67689e-07
6.15428e-07
4.31395e-07
2.97255e-07
1.72375e-07
8.3359e-08
4.28244e-08
1.08142e-08
0
0
0
0
0
0
0
0
0
0
0
0
0
0
0
0
0
4.86396e-07
2.20068e-06
4.86649e-06
0
0
6.26117e-07
1.767e-06
2.16245e-06
2.08224e-06
1.79238e-06
1.7413e-06
1.99999e-06
1.93148e-06
8.74393e-07
0
0
0
0
0
5.18336e-06
1.89122e-05
1.68313e-05
1.16468e-05
7.12691e-06
3.35612e-06
5.46327e-07
0
0
0
0
0
0
0
0
1.79903e-06
0
0
0
1.12923e-06
3.10029e-06
3.13514e-06
2.33799e-06
1.53086e-06
9.91776e-07
6.59317e-07
4.59606e-07
3.5484e-07
3.16908e-07
2.94297e-07
2.45058e-07
1.88379e-07
1.56171e-07
1.50769e-07
1.59969e-07
1.6953e-07
1.76496e-07
1.89039e-07
2.1265e-07
2.42369e-07
2.82527e-07
3.36617e-07
3.52717e-07
3.02556e-07
3.65019e-07
5.66456e-07
6.7167e-07
7.57404e-07
1.00299e-06
1.28574e-06
1.36694e-06
1.13388e-06
8.94071e-07
7.67546e-07
6.56285e-07
4.40825e-07
3.49807e-08
0
0
1.71639e-07
3.21777e-07
2.74193e-07
1.51559e-07
0
0
0
0
0
0
0
0
0
0
0
0
0
1.08567e-06
0
0
0
0
0
0
0
0
0
9.75963e-06
1.09204e-05
2.81813e-07
0
0
1.10675e-06
7.76068e-06
1.19868e-05
1.5047e-05
1.66946e-05
1.75731e-05
1.70502e-05
1.56461e-05
1.23435e-05
7.66167e-06
7.88456e-06
1.05785e-05
2.20455e-07
4.63691e-07
2.50313e-07
0
0
0
0
0
0
0
0
0
0
0
0
0
0
0
0
0
8.09788e-07
7.64626e-06
1.3601e-05
7.86621e-06
1.72322e-06
1.16458e-06
1.29764e-06
1.20033e-06
9.21278e-07
7.62515e-07
9.85562e-07
1.24217e-06
8.08586e-07
5.11834e-07
3.83879e-07
2.9286e-07
2.01296e-07
1.22482e-07
7.33855e-08
5.10747e-08
2.74901e-08
0
0
0
0
0
0
0
0
0
0
0
0
0
0
0
0
0
6.85373e-07
2.6645e-06
6.09049e-06
0
0
1.20574e-06
1.98605e-06
2.13923e-06
1.88492e-06
1.54385e-06
1.65294e-06
2.10516e-06
2.08319e-06
6.99572e-07
0
5.13717e-07
4.74938e-06
3.39043e-06
2.39671e-06
1.07343e-05
1.91367e-05
1.74808e-05
1.3067e-05
8.5485e-06
4.35477e-06
1.06471e-06
0
0
0
0
0
0
0
0
2.03386e-06
5.38688e-08
0
0
1.57697e-06
3.15414e-06
2.78448e-06
1.96229e-06
1.29554e-06
8.5073e-07
5.83526e-07
4.21474e-07
3.23756e-07
2.7748e-07
2.57587e-07
2.25923e-07
1.80761e-07
1.50177e-07
1.45056e-07
1.57045e-07
1.76863e-07
1.94863e-07
2.04895e-07
2.11819e-07
2.31018e-07
2.75304e-07
3.49621e-07
3.9937e-07
4.21174e-07
4.7876e-07
6.5026e-07
7.19795e-07
7.14918e-07
8.85569e-07
1.18285e-06
1.30399e-06
1.10055e-06
8.63857e-07
7.58864e-07
6.74671e-07
5.20315e-07
8.79814e-08
0
0
0
2.56979e-07
2.8886e-07
1.7534e-07
0
0
0
0
0
0
0
0
0
0
0
0
0
0
0
0
0
0
0
0
0
0
0
0
9.65878e-07
7.75064e-07
5.62077e-07
4.90398e-06
9.93559e-06
1.25817e-05
1.4843e-05
1.67612e-05
1.70839e-05
1.71087e-05
1.655e-05
1.52566e-05
1.12807e-05
7.62988e-06
9.16528e-06
1.21309e-05
2.00721e-07
2.73006e-07
2.26025e-07
1.17155e-07
7.82523e-08
1.0136e-07
9.40436e-08
0
0
0
0
0
0
0
0
0
0
0
0
0
0
0
0
0
0
0
3.12932e-07
4.9957e-07
6.08504e-07
9.88409e-07
1.03615e-06
6.40253e-07
4.24955e-07
3.25956e-07
2.53981e-07
1.857e-07
1.3604e-07
1.03985e-07
7.70893e-08
5.71654e-08
3.57591e-08
0
0
0
0
0
0
0
0
0
0
0
0
0
0
0
0
0
7.5853e-07
2.64713e-06
4.84493e-06
0
0
1.53648e-06
1.97964e-06
1.87426e-06
1.49527e-06
1.25632e-06
1.65428e-06
2.25714e-06
2.14459e-06
6.5636e-07
2.33863e-06
7.45507e-06
7.69155e-06
5.21705e-06
6.39699e-06
1.38728e-05
1.9234e-05
1.78681e-05
1.40217e-05
9.4238e-06
4.82845e-06
1.33631e-06
0
0
0
0
0
0
0
7.17361e-07
1.38784e-06
0
0
0
1.93026e-06
2.78086e-06
2.10195e-06
1.38949e-06
9.0388e-07
6.20706e-07
4.57097e-07
3.54415e-07
2.82473e-07
2.38672e-07
2.19948e-07
2.02978e-07
1.72731e-07
1.47327e-07
1.43546e-07
1.56352e-07
1.76736e-07
1.9973e-07
2.13023e-07
2.12421e-07
2.20611e-07
2.67741e-07
3.59424e-07
4.48473e-07
5.02632e-07
5.86734e-07
7.69583e-07
8.71389e-07
8.15783e-07
8.47654e-07
1.06658e-06
1.19426e-06
1.01363e-06
7.6991e-07
6.88891e-07
6.32583e-07
5.32411e-07
1.71938e-07
0
0
0
1.17748e-07
2.55043e-07
1.99642e-07
0
0
0
0
0
0
0
0
0
0
0
0
0
0
0
0
0
0
0
0
0
0
0
0
0
1.45983e-06
5.28378e-06
9.44405e-06
1.22275e-05
1.36111e-05
1.51285e-05
1.60582e-05
1.54568e-05
1.5188e-05
1.48625e-05
1.35777e-05
9.30211e-06
7.35984e-06
1.0121e-05
1.30048e-05
9.4895e-08
9.0559e-08
5.04361e-08
4.12659e-09
0
1.22899e-08
2.18713e-08
0
0
0
0
0
0
0
0
0
0
0
0
0
0
0
0
0
0
0
2.4365e-07
4.92874e-07
9.58777e-07
7.8523e-07
4.47834e-07
2.9924e-07
2.29195e-07
1.83926e-07
1.47412e-07
1.22451e-07
1.09952e-07
9.99672e-08
8.39875e-08
5.91577e-08
3.4756e-08
0
0
0
0
0
0
0
0
0
0
0
0
0
0
0
0
0
2.40842e-07
1.17869e-06
0
0
4.87059e-07
1.57898e-06
1.74511e-06
1.43378e-06
1.0201e-06
1.05427e-06
1.6722e-06
2.185e-06
1.99234e-06
2.76399e-06
6.88362e-06
8.20461e-06
7.27688e-06
6.16641e-06
8.59105e-06
1.45994e-05
1.83541e-05
1.75636e-05
1.45649e-05
9.96776e-06
4.79535e-06
1.11551e-06
0
0
0
0
0
0
0
5.40567e-07
3.70762e-07
0
0
0
2.19772e-06
2.16408e-06
1.46915e-06
9.15193e-07
5.84447e-07
4.15876e-07
3.34579e-07
2.82365e-07
2.38558e-07
2.05528e-07
1.93e-07
1.91789e-07
1.79248e-07
1.58402e-07
1.51584e-07
1.62013e-07
1.80838e-07
2.0444e-07
2.23154e-07
2.2565e-07
2.25767e-07
2.64035e-07
3.50878e-07
4.71307e-07
5.35357e-07
6.25415e-07
8.13855e-07
9.76899e-07
9.68538e-07
9.251e-07
1.02774e-06
1.13764e-06
9.6926e-07
6.86214e-07
6.17025e-07
5.7968e-07
5.11311e-07
2.49109e-07
0
0
0
0
1.93363e-07
2.10483e-07
4.95335e-08
0
0
0
0
0
0
0
0
0
0
0
0
0
0
0
0
0
0
0
0
0
0
0
0
3.21957e-07
4.93972e-06
8.81003e-06
1.13265e-05
1.29416e-05
1.42341e-05
1.46174e-05
1.37624e-05
1.35428e-05
1.35784e-05
1.19378e-05
7.96504e-06
7.47117e-06
1.15766e-05
1.40106e-05
6.16656e-09
0
0
0
0
0
0
0
0
0
0
0
0
0
0
0
0
0
0
0
0
0
0
0
9.69622e-08
2.74667e-07
5.03237e-07
7.20009e-07
4.27533e-07
2.53169e-07
1.78855e-07
1.42497e-07
1.25028e-07
1.17372e-07
1.1184e-07
1.06831e-07
1.00652e-07
9.73883e-08
8.65729e-08
5.99749e-08
3.42196e-08
0
0
0
0
0
0
0
0
0
0
0
0
0
0
0
0
0
0
0
0
0
6.91647e-07
1.37066e-06
1.32115e-06
9.00485e-07
6.04849e-07
8.97321e-07
1.48016e-06
1.76947e-06
2.14703e-06
4.96395e-06
6.87684e-06
7.24279e-06
6.43926e-06
6.20048e-06
8.69477e-06
1.36824e-05
1.69336e-05
1.72653e-05
1.57307e-05
1.12962e-05
5.18635e-06
1.09396e-06
0
0
0
0
0
0
0
1.50803e-06
0
0
0
1.0607e-06
1.884e-06
1.45299e-06
9.53257e-07
5.96177e-07
3.86444e-07
2.84575e-07
2.367e-07
2.10339e-07
1.89719e-07
1.73903e-07
1.71184e-07
1.82043e-07
1.8669e-07
1.74026e-07
1.64259e-07
1.72197e-07
1.90175e-07
2.11887e-07
2.33499e-07
2.43546e-07
2.44113e-07
2.62557e-07
3.3015e-07
4.54827e-07
5.30598e-07
6.10365e-07
7.71509e-07
9.53963e-07
1.00919e-06
9.95409e-07
1.02506e-06
1.09981e-06
9.49164e-07
6.06953e-07
5.32907e-07
5.09401e-07
4.6032e-07
2.76069e-07
0
0
0
0
8.20539e-08
1.96253e-07
1.05984e-07
0
0
0
0
0
0
0
0
0
0
0
0
0
0
0
0
0
0
0
0
0
0
0
0
0
3.15659e-06
6.85418e-06
9.63488e-06
1.14458e-05
1.25339e-05
1.27973e-05
1.21108e-05
1.21488e-05
1.24001e-05
9.96402e-06
6.87549e-06
7.45388e-06
1.32926e-05
1.50227e-05
0
0
0
0
0
0
0
0
0
0
0
0
0
0
0
0
0
0
0
0
0
0
0
1.51618e-07
3.62501e-07
4.64867e-07
2.77511e-07
1.57216e-07
1.10803e-07
9.45128e-08
9.37857e-08
9.82417e-08
1.02837e-07
1.03551e-07
9.79268e-08
8.97867e-08
8.55317e-08
8.65541e-08
7.78303e-08
6.0031e-08
3.94227e-08
1.29685e-08
0
0
0
0
0
0
0
0
0
0
0
0
0
0
0
0
0
0
0
0
6.70521e-07
1.05687e-06
8.68833e-07
4.67534e-07
3.43756e-07
6.48197e-07
9.8833e-07
1.29272e-06
2.96553e-06
5.44065e-06
6.52785e-06
6.37368e-06
5.55883e-06
5.49743e-06
7.96634e-06
1.24418e-05
1.53612e-05
1.6926e-05
1.73617e-05
1.29625e-05
5.31615e-06
1.18304e-06
1.13262e-07
0
0
0
0
0
0
8.8103e-07
0
0
4.47731e-07
1.48729e-06
1.34426e-06
9.5071e-07
6.15806e-07
3.84286e-07
2.53744e-07
1.93564e-07
1.67677e-07
1.57068e-07
1.51798e-07
1.49646e-07
1.54467e-07
1.71999e-07
1.92415e-07
1.96769e-07
1.88135e-07
1.89445e-07
2.0446e-07
2.2447e-07
2.45596e-07
2.60788e-07
2.66728e-07
2.74606e-07
3.14756e-07
4.19476e-07
5.01501e-07
5.80047e-07
7.23935e-07
9.08878e-07
9.96615e-07
1.02497e-06
1.03272e-06
1.06662e-06
9.37598e-07
5.40553e-07
4.33209e-07
4.20618e-07
3.91379e-07
2.61923e-07
0
0
0
0
0
1.47678e-07
1.36904e-07
0
0
0
0
0
0
0
0
0
0
0
0
0
0
0
0
0
0
0
0
0
0
0
0
0
1.95317e-06
5.17924e-06
7.86571e-06
9.66423e-06
1.07069e-05
1.11314e-05
1.07193e-05
1.09881e-05
1.08659e-05
7.58006e-06
5.80272e-06
7.43436e-06
1.50501e-05
1.59704e-05
0
0
0
0
0
0
0
0
0
0
0
0
0
0
0
0
0
0
0
0
0
0
1.06858e-07
1.38207e-07
9.25836e-08
6.52964e-08
5.46203e-08
5.44472e-08
6.06923e-08
7.01243e-08
7.94509e-08
8.36816e-08
8.04529e-08
7.3855e-08
6.73061e-08
6.47578e-08
6.86746e-08
6.95706e-08
6.55944e-08
5.49243e-08
3.91046e-08
1.80267e-08
0
0
0
0
0
0
0
0
0
0
0
0
0
0
0
0
0
0
0
0
4.80306e-07
7.27485e-07
5.01059e-07
1.88961e-07
1.10004e-07
2.25932e-07
4.69108e-07
1.53882e-06
3.85208e-06
5.53699e-06
6.04086e-06
5.62206e-06
4.82453e-06
4.94611e-06
7.52134e-06
1.11103e-05
1.32855e-05
1.58629e-05
1.87406e-05
1.34535e-05
3.58428e-06
1.14822e-06
9.68496e-07
8.52437e-07
7.01536e-07
5.49416e-07
2.16469e-07
0
0
0
0
7.0024e-07
1.1518e-06
1.10876e-06
8.55437e-07
5.96146e-07
3.87954e-07
2.43413e-07
1.65077e-07
1.29483e-07
1.16094e-07
1.15271e-07
1.19993e-07
1.28466e-07
1.40529e-07
1.65023e-07
2.00613e-07
2.30122e-07
2.34215e-07
2.24665e-07
2.28226e-07
2.43254e-07
2.62504e-07
2.79836e-07
2.90931e-07
2.99043e-07
3.2184e-07
3.95113e-07
4.65543e-07
5.45125e-07
6.83662e-07
8.81833e-07
9.89017e-07
1.03972e-06
1.04476e-06
1.04082e-06
9.28817e-07
5.06366e-07
3.25582e-07
3.14384e-07
3.11368e-07
2.28911e-07
0
0
0
0
0
4.27619e-08
1.33056e-07
2.1747e-08
0
0
0
0
0
0
0
0
0
0
0
0
0
0
0
0
0
0
0
0
0
0
0
0
1.42802e-06
4.09748e-06
6.6034e-06
8.28261e-06
9.31011e-06
9.93005e-06
9.76401e-06
9.93663e-06
8.3065e-06
5.37947e-06
4.73407e-06
7.56139e-06
1.67649e-05
1.67301e-05
2.59428e-08
1.54951e-08
1.14909e-10
0
0
0
0
0
0
0
0
0
0
0
0
0
0
0
0
0
0
0
6.53407e-09
1.49768e-08
2.29796e-08
3.13984e-08
3.96543e-08
4.65166e-08
5.08369e-08
5.43208e-08
5.3651e-08
5.07067e-08
4.8313e-08
4.85639e-08
5.19999e-08
5.89645e-08
6.32078e-08
6.20606e-08
5.49926e-08
4.41602e-08
2.9825e-08
1.25078e-08
0
0
0
0
0
0
0
0
0
0
0
0
0
0
0
0
0
0
0
0
1.30633e-07
4.56676e-07
2.95189e-07
7.18876e-09
0
0
6.99082e-07
2.54035e-06
4.28462e-06
5.24463e-06
5.50609e-06
5.14618e-06
4.52281e-06
4.8219e-06
7.16197e-06
9.31161e-06
1.08393e-05
1.4144e-05
1.98574e-05
1.03495e-05
1.30637e-06
1.78869e-06
1.89444e-06
1.58473e-06
1.37344e-06
1.3937e-06
1.47863e-06
0
0
1.16848e-07
4.6579e-07
7.16529e-07
7.57953e-07
6.61896e-07
5.15129e-07
3.7055e-07
2.38923e-07
1.46625e-07
9.99114e-08
7.90228e-08
7.34302e-08
7.96631e-08
9.23288e-08
1.08896e-07
1.32245e-07
1.69353e-07
2.25351e-07
2.72791e-07
2.98707e-07
2.94694e-07
2.7492e-07
2.74448e-07
2.8721e-07
3.03987e-07
3.18495e-07
3.30164e-07
3.49314e-07
3.99904e-07
4.45433e-07
5.15318e-07
6.46235e-07
8.61149e-07
9.86113e-07
1.04796e-06
1.05697e-06
1.02505e-06
9.2209e-07
5.13896e-07
2.33104e-07
1.98233e-07
2.20505e-07
1.91083e-07
0
0
0
0
0
0
8.47621e-08
6.24604e-08
0
0
0
0
0
0
0
0
0
0
0
0
0
0
0
0
0
0
0
0
0
0
0
0
1.18149e-06
3.48657e-06
5.78282e-06
7.30821e-06
8.35987e-06
9.12703e-06
8.89428e-06
7.72801e-06
5.65576e-06
3.594e-06
3.76881e-06
7.86694e-06
1.82318e-05
1.70148e-05
6.49875e-08
5.72444e-08
3.98072e-08
2.33553e-08
1.06954e-08
2.17903e-09
0
0
0
0
0
0
0
0
0
0
0
0
0
0
0
3.29372e-09
9.9679e-09
1.74963e-08
2.44267e-08
2.89366e-08
3.10013e-08
3.16817e-08
3.20163e-08
3.29082e-08
3.43744e-08
3.61147e-08
3.89825e-08
4.30508e-08
4.78446e-08
5.1302e-08
4.9205e-08
4.26969e-08
3.31548e-08
2.2687e-08
1.1854e-08
1.65211e-09
0
0
0
0
0
0
0
0
0
0
0
0
0
0
0
0
0
0
0
0
0
0
0
0
0
2.31539e-07
1.47943e-06
2.84555e-06
3.84338e-06
4.54965e-06
4.98296e-06
4.91442e-06
4.43793e-06
4.83129e-06
6.38232e-06
7.31621e-06
8.59128e-06
1.20644e-05
1.82294e-05
1.20696e-06
1.85215e-06
2.36358e-06
1.88498e-06
1.43031e-06
1.17134e-06
1.0707e-06
7.42102e-07
1.28479e-07
8.98453e-08
2.11999e-07
3.26513e-07
4.18481e-07
4.25996e-07
3.85517e-07
3.2218e-07
2.3429e-07
1.30015e-07
6.97664e-08
4.39392e-08
3.41314e-08
3.55462e-08
4.77692e-08
6.92318e-08
9.70147e-08
1.33816e-07
1.9591e-07
2.77925e-07
3.47959e-07
3.90311e-07
3.9382e-07
3.53743e-07
3.29075e-07
3.28007e-07
3.3926e-07
3.53068e-07
3.66642e-07
3.87667e-07
4.31458e-07
4.58135e-07
5.04232e-07
6.11684e-07
8.29946e-07
9.76169e-07
1.04824e-06
1.06668e-06
1.01995e-06
9.20684e-07
5.55926e-07
1.91984e-07
9.24097e-08
1.18831e-07
1.5557e-07
1.65861e-09
0
0
0
0
0
0
5.79044e-08
0
0
0
0
0
0
0
0
0
0
0
0
0
0
0
0
0
0
0
0
0
0
0
0
8.25174e-07
2.89109e-06
4.99151e-06
6.36586e-06
7.39353e-06
7.8292e-06
6.43567e-06
5.22434e-06
3.42711e-06
2.36042e-06
2.958e-06
8.14528e-06
1.9196e-05
1.6405e-05
7.04374e-08
8.05114e-08
7.18097e-08
5.72666e-08
4.15534e-08
2.70669e-08
1.59003e-08
9.23844e-09
6.62529e-09
6.25958e-09
6.19023e-09
5.56715e-09
4.5347e-09
3.36313e-09
2.19591e-09
1.25834e-09
7.76892e-10
9.59334e-10
2.09051e-09
4.56271e-09
8.45211e-09
1.32779e-08
1.75834e-08
1.95919e-08
1.92455e-08
1.83548e-08
1.85908e-08
1.99698e-08
2.16128e-08
2.32448e-08
2.51065e-08
2.61218e-08
2.63663e-08
2.59591e-08
2.54339e-08
2.29111e-08
1.8602e-08
1.37312e-08
7.34268e-09
0
0
0
0
0
0
0
0
0
0
0
0
0
0
0
0
0
0
0
0
0
0
0
0
0
0
0
0
3.1617e-07
1.34048e-06
2.2694e-06
3.10648e-06
4.01274e-06
4.80575e-06
4.95656e-06
4.46238e-06
4.60664e-06
5.03935e-06
5.4215e-06
6.48682e-06
8.56949e-06
1.73764e-06
1.05064e-06
2.43175e-06
1.96054e-06
1.33656e-06
9.01888e-07
6.46054e-07
5.09776e-07
3.76988e-07
2.02371e-07
1.46333e-07
1.70178e-07
2.07944e-07
2.40318e-07
2.41003e-07
2.3013e-07
2.0394e-07
1.01096e-07
2.42998e-08
0
0
0
8.36854e-11
1.99331e-08
5.33436e-08
9.78111e-08
1.59648e-07
2.54944e-07
3.60487e-07
4.58898e-07
5.29371e-07
5.39375e-07
4.72944e-07
4.15149e-07
3.93575e-07
3.95462e-07
4.04368e-07
4.15755e-07
4.34178e-07
4.75732e-07
5.00699e-07
5.28908e-07
6.0223e-07
7.96051e-07
9.58601e-07
1.04145e-06
1.0729e-06
1.02523e-06
9.28771e-07
6.18804e-07
2.28812e-07
3.07009e-08
1.21402e-08
1.27623e-07
5.91342e-08
0
0
0
0
0
0
0
0
0
0
0
0
0
0
0
0
0
0
0
0
0
0
0
0
0
0
0
0
0
0
0
9.69866e-09
1.7143e-06
3.45167e-06
4.39102e-06
5.01942e-06
4.95651e-06
3.96215e-06
3.03283e-06
1.96214e-06
1.57647e-06
2.43617e-06
8.32458e-06
1.93485e-05
1.35653e-05
3.14781e-08
4.27833e-08
4.06209e-08
3.45889e-08
2.59777e-08
1.64519e-08
8.97982e-09
5.53865e-09
5.98457e-09
8.41886e-09
1.0608e-08
1.14545e-08
1.1127e-08
1.03312e-08
9.5046e-09
8.74753e-09
8.15186e-09
7.93271e-09
8.30073e-09
9.17655e-09
1.00101e-08
1.01071e-08
9.29353e-09
8.30187e-09
8.15026e-09
9.04809e-09
1.05451e-08
1.23195e-08
1.41791e-08
1.59441e-08
1.70411e-08
1.69303e-08
1.63097e-08
1.56756e-08
1.45941e-08
1.26056e-08
9.23229e-09
4.21774e-09
0
0
0
0
0
0
0
0
0
0
0
0
0
0
0
0
0
0
0
0
0
0
0
0
0
0
0
0
0
4.55572e-07
1.28349e-06
2.10442e-06
3.06824e-06
4.25664e-06
5.24371e-06
5.15338e-06
4.04504e-06
3.49814e-06
3.40216e-06
3.53941e-06
3.67266e-06
2.82267e-07
0
2.07554e-06
1.87706e-06
1.29404e-06
8.47239e-07
5.58174e-07
3.92302e-07
3.06591e-07
2.49856e-07
1.88921e-07
1.48801e-07
1.38432e-07
1.39744e-07
1.38016e-07
1.24852e-07
1.114e-07
4.92018e-08
0
0
0
0
0
0
0
3.54709e-08
1.1416e-07
2.29263e-07
3.62214e-07
4.86783e-07
6.18119e-07
7.283e-07
7.52338e-07
6.5717e-07
5.52605e-07
4.96254e-07
4.84658e-07
4.89123e-07
4.95841e-07
5.06215e-07
5.35208e-07
5.60383e-07
5.83597e-07
6.31529e-07
7.91108e-07
9.56656e-07
1.04654e-06
1.08869e-06
1.05032e-06
9.58176e-07
7.00302e-07
3.44954e-07
5.81447e-08
0
1.19986e-07
1.21767e-07
1.81207e-08
0
0
0
0
0
0
0
0
0
0
0
0
0
0
0
0
0
0
0
0
0
0
0
0
0
0
0
0
0
0
0
5.42217e-07
1.78095e-06
2.57869e-06
3.02446e-06
2.80587e-06
2.12882e-06
1.6425e-06
1.1932e-06
1.08294e-06
2.06933e-06
8.23486e-06
1.81016e-05
6.06722e-06
0
0
0
1.36291e-09
1.57317e-08
2.48888e-08
2.84166e-08
2.79461e-08
2.56663e-08
2.32489e-08
2.14188e-08
2.03886e-08
2.00866e-08
2.0123e-08
1.97989e-08
1.84902e-08
1.62004e-08
1.35002e-08
1.07893e-08
8.11476e-09
5.48189e-09
3.19505e-09
1.9158e-09
2.08713e-09
3.24635e-09
4.33254e-09
4.87638e-09
5.12202e-09
5.37497e-09
5.97012e-09
7.15146e-09
9.02271e-09
1.09989e-08
1.18748e-08
1.15491e-08
1.05687e-08
8.76089e-09
5.62384e-09
9.46405e-10
0
0
0
0
0
0
0
0
0
0
0
0
0
0
0
0
0
0
0
0
0
0
0
0
0
0
1.00562e-09
4.20906e-07
1.00275e-06
1.68021e-06
2.47824e-06
3.50088e-06
4.50699e-06
4.72656e-06
3.58396e-06
2.44759e-06
1.98566e-06
1.73341e-06
1.13192e-06
0
0
1.63117e-06
1.68981e-06
1.19286e-06
7.85297e-07
5.15687e-07
3.49668e-07
2.58467e-07
2.13926e-07
1.89479e-07
1.65461e-07
1.39104e-07
1.16937e-07
9.66322e-08
7.31123e-08
5.26547e-08
7.11216e-08
1.09171e-07
0
0
0
0
0
0
0
0
1.39763e-07
3.49912e-07
5.4589e-07
7.05319e-07
8.65183e-07
1.00492e-06
1.03742e-06
9.37742e-07
7.81412e-07
6.64734e-07
6.22604e-07
6.22846e-07
6.29628e-07
6.34185e-07
6.40518e-07
6.53429e-07
6.70998e-07
7.01084e-07
8.2836e-07
9.83637e-07
1.07425e-06
1.12083e-06
1.0981e-06
1.01772e-06
8.0336e-07
5.21937e-07
2.15618e-07
0
1.56918e-07
2.06404e-07
1.78518e-07
2.71219e-09
0
0
0
0
0
0
0
0
0
0
0
0
0
0
0
0
0
0
0
0
0
0
0
0
0
0
0
0
0
0
2.01794e-07
9.9529e-07
1.40701e-06
1.54804e-06
1.40828e-06
1.09022e-06
9.10081e-07
8.2291e-07
8.30727e-07
1.73586e-06
7.61314e-06
1.41355e-05
0
0
0
0
0
0
0
0
0
7.52141e-09
5.02454e-09
0
0
0
1.74162e-10
5.76254e-09
1.13123e-08
1.53582e-08
1.76664e-08
1.87257e-08
1.86064e-08
1.77219e-08
1.65201e-08
1.50526e-08
1.31374e-08
1.07397e-08
7.9476e-09
4.68457e-09
9.09291e-10
0
0
0
5.41103e-10
3.79961e-09
5.71997e-09
6.11413e-09
5.6462e-09
4.82809e-09
3.64715e-09
1.92602e-09
0
0
0
0
0
0
0
0
0
0
0
0
0
0
0
0
0
0
0
0
0
0
0
0
0
0
0
0
3.24375e-07
7.84294e-07
1.16783e-06
1.41483e-06
1.38669e-06
1.00798e-06
5.25278e-07
2.25395e-07
0
0
0
0
1.05899e-06
1.32136e-06
9.77996e-07
6.54406e-07
4.34112e-07
2.94525e-07
2.13055e-07
1.72456e-07
1.55124e-07
1.46178e-07
1.35685e-07
1.18792e-07
9.59615e-08
7.08973e-08
5.30002e-08
5.6141e-08
8.49783e-08
5.84329e-08
0
0
0
0
0
0
0
0
1.04257e-07
4.36301e-07
7.33862e-07
9.71154e-07
1.14691e-06
1.25679e-06
1.2896e-06
1.20775e-06
1.03944e-06
8.71377e-07
7.79223e-07
7.56267e-07
7.52186e-07
7.48539e-07
7.52094e-07
7.60866e-07
7.67092e-07
7.69433e-07
8.43303e-07
9.87423e-07
1.07518e-06
1.11795e-06
1.10823e-06
1.05794e-06
8.85861e-07
6.91036e-07
4.61243e-07
4.84267e-08
2.52887e-07
3.04356e-07
2.93149e-07
1.94182e-07
0
0
0
0
0
0
0
0
0
0
0
0
0
0
0
0
0
0
0
0
0
0
0
0
0
0
0
0
0
0
1.27272e-07
5.26752e-07
6.51752e-07
6.98747e-07
6.86711e-07
6.22342e-07
6.30608e-07
6.77666e-07
8.04215e-07
1.37874e-06
6.28546e-06
7.19546e-06
0
0
0
0
0
0
0
0
3.05199e-08
5.93766e-08
5.21905e-08
2.76736e-08
0
0
0
0
0
0
0
0
0
3.68432e-09
4.49436e-09
0
0
0
0
0
0
0
0
0
0
0
0
0
0
0
5.27289e-10
0
0
0
0
0
0
0
0
0
0
0
0
0
0
0
0
0
0
0
0
0
0
0
0
6.18889e-08
0
0
0
0
0
0
0
0
0
0
0
0
0
0
0
5.33518e-07
8.4e-07
6.80816e-07
4.81625e-07
3.31503e-07
2.30738e-07
1.67771e-07
1.33065e-07
1.17478e-07
1.1175e-07
1.09263e-07
1.04989e-07
9.42901e-08
7.72953e-08
6.31343e-08
6.02204e-08
6.57264e-08
6.18101e-08
0
0
0
0
0
0
0
0
0
0
4.27198e-07
8.79416e-07
1.24078e-06
1.45607e-06
1.53579e-06
1.51375e-06
1.41904e-06
1.27227e-06
1.10169e-06
9.78518e-07
9.34648e-07
9.13325e-07
8.79478e-07
8.4737e-07
8.3667e-07
8.42191e-07
8.38276e-07
8.737e-07
9.95702e-07
1.07587e-06
1.10921e-06
1.10501e-06
1.10604e-06
9.73226e-07
8.19935e-07
6.69736e-07
3.59281e-07
3.76171e-07
3.94429e-07
3.63086e-07
2.97607e-07
1.75307e-08
0
0
0
0
0
0
0
0
0
0
0
0
0
0
0
0
0
0
0
0
0
0
0
0
0
0
0
0
0
0
3.39865e-07
3.94927e-07
4.35454e-07
4.90816e-07
5.25833e-07
5.63506e-07
6.81879e-07
9.07262e-07
1.05407e-06
4.56351e-06
9.29862e-07
0
0
0
0
0
0
0
0
2.61976e-08
5.4919e-08
5.81961e-08
4.04887e-08
3.77954e-09
0
0
0
0
0
0
0
0
1.15715e-08
2.25266e-08
1.92528e-08
7.52862e-09
0
0
0
0
0
0
0
0
0
0
0
0
0
0
0
0
0
0
0
0
0
0
0
0
0
5.38175e-09
1.59998e-09
0
0
0
0
0
0
0
0
0
4.04769e-07
9.98886e-07
1.47252e-06
1.5813e-06
1.15604e-06
4.07989e-07
0
0
0
0
0
0
0
0
0
0
0
2.82488e-07
3.78027e-07
3.15334e-07
2.35031e-07
1.69397e-07
1.2213e-07
9.05101e-08
7.13923e-08
6.18854e-08
5.88051e-08
5.89047e-08
5.99829e-08
5.96314e-08
5.63581e-08
5.23639e-08
5.34814e-08
6.0103e-08
6.62028e-08
5.71234e-08
3.00321e-08
0
0
0
0
0
0
0
0
0
5.89078e-07
1.11936e-06
1.50877e-06
1.75652e-06
1.8336e-06
1.7418e-06
1.55305e-06
1.34913e-06
1.1951e-06
1.11542e-06
1.077e-06
1.03327e-06
9.68904e-07
9.04641e-07
8.6734e-07
8.59083e-07
8.45059e-07
8.50511e-07
9.33137e-07
9.90856e-07
1.00174e-06
9.78774e-07
1.04568e-06
1.0138e-06
8.51821e-07
6.89683e-07
3.05535e-07
1.86012e-07
3.55587e-07
3.59221e-07
3.03838e-07
9.88582e-08
0
0
0
0
0
0
0
0
0
0
0
0
0
0
0
0
0
0
0
0
0
0
0
0
0
0
0
0
0
0
2.96568e-07
3.52759e-07
4.1528e-07
4.89178e-07
5.82087e-07
5.98407e-07
7.23697e-07
9.96692e-07
8.11185e-07
3.00814e-06
1.03156e-06
0
0
0
0
0
0
0
0
2.48894e-08
4.00214e-08
4.66426e-08
4.69537e-08
4.21214e-08
3.13399e-08
1.60637e-08
5.46279e-10
0
0
0
0
0
0
0
0
0
0
0
0
0
0
0
0
0
0
0
0
0
0
0
0
0
0
0
0
0
0
0
0
0
0
0
5.9524e-10
0
0
0
6.67353e-09
8.73986e-09
1.27547e-08
4.55336e-08
1.33347e-07
3.40999e-07
7.4716e-07
1.47582e-06
2.21391e-06
2.79514e-06
3.04467e-06
2.94857e-06
2.60508e-06
2.14547e-06
1.66157e-06
1.18901e-06
7.43336e-07
3.2146e-07
0
0
3.93236e-08
1.70124e-07
1.80204e-07
1.29058e-07
8.06359e-08
4.94871e-08
2.89157e-08
1.36443e-08
1.72272e-09
0
0
0
0
1.5119e-09
5.22663e-09
1.00364e-08
1.71677e-08
2.70508e-08
4.16245e-08
5.98594e-08
8.00109e-08
1.23183e-07
2.46866e-07
4.17727e-07
4.21081e-07
3.68108e-09
0
0
0
0
7.91178e-07
2.20261e-06
2.85848e-06
2.9277e-06
2.72444e-06
2.51111e-06
2.37034e-06
2.20263e-06
1.91222e-06
1.55116e-06
1.25491e-06
1.10958e-06
1.07541e-06
1.04766e-06
9.8523e-07
9.10284e-07
8.55808e-07
8.32659e-07
8.10618e-07
7.97118e-07
8.4068e-07
8.78134e-07
8.86719e-07
8.64752e-07
9.40289e-07
1.08937e-06
8.40841e-07
5.28458e-07
0
0
0
1.93575e-07
1.79165e-07
0
0
0
0
0
0
0
0
0
0
0
0
0
0
0
0
0
0
0
0
0
0
0
0
0
0
0
0
0
0
0
2.21622e-07
3.62644e-07
4.8106e-07
6.01044e-07
7.54053e-07
7.4366e-07
8.26356e-07
1.06592e-06
5.7046e-07
1.58451e-06
4.70807e-06
0
0
0
0
0
0
0
0
1.76884e-08
3.71366e-08
4.97763e-08
6.03995e-08
6.96766e-08
7.4497e-08
7.03788e-08
5.69447e-08
3.78381e-08
1.77134e-08
4.67337e-10
0
0
0
0
0
0
0
0
0
0
0
0
0
0
0
0
0
0
0
0
0
0
0
0
0
1.23456e-08
2.23887e-08
2.37504e-08
1.86879e-08
9.35771e-09
0
0
0
0
1.9265e-08
4.64444e-08
6.95532e-08
8.35295e-08
9.2938e-08
1.18081e-07
1.87926e-07
3.3325e-07
5.89475e-07
1.05567e-06
1.6669e-06
2.13116e-06
2.55598e-06
2.88979e-06
2.93463e-06
2.72442e-06
2.4037e-06
2.00256e-06
1.53594e-06
1.06761e-06
6.91454e-07
4.27593e-07
2.43914e-07
1.11719e-07
2.34709e-08
0
0
0
0
0
0
0
0
0
0
0
0
0
0
0
1.17902e-08
3.9168e-08
9.76595e-08
2.84853e-07
6.01843e-07
6.25864e-07
0
0
0
0
0
0
9.10763e-06
1.79634e-05
1.72989e-05
1.32037e-05
9.1544e-06
6.0824e-06
4.17863e-06
3.20799e-06
2.6449e-06
2.12359e-06
1.65669e-06
1.35011e-06
1.17739e-06
1.05629e-06
9.57681e-07
8.72091e-07
8.05549e-07
7.73139e-07
7.56699e-07
7.53755e-07
8.04404e-07
8.54954e-07
8.95495e-07
9.33035e-07
9.31918e-07
1.20181e-06
7.33534e-07
1.11468e-07
0
0
0
0
0
0
0
0
0
0
0
0
0
0
0
0
0
0
0
0
0
0
0
0
0
0
0
0
0
0
0
0
0
0
0
0
1.56768e-07
4.89741e-07
7.02563e-07
8.59255e-07
9.72584e-07
9.31372e-07
9.173e-07
9.93988e-07
0
0
5.19517e-06
1.02323e-05
0
0
0
0
0
0
0
0
9.66703e-09
4.9495e-08
7.65411e-08
9.31472e-08
9.82076e-08
8.90092e-08
6.44204e-08
2.74881e-08
0
0
0
0
0
0
0
0
0
0
0
0
0
0
0
0
0
0
0
0
0
0
0
0
0
0
0
1.13063e-08
4.47744e-08
6.01995e-08
5.73204e-08
4.22499e-08
2.42043e-08
1.31995e-08
1.53834e-08
2.99121e-08
5.14375e-08
7.52351e-08
1.00744e-07
1.32289e-07
1.60655e-07
1.91917e-07
2.29909e-07
2.91476e-07
3.96409e-07
5.95545e-07
9.06826e-07
1.14685e-06
1.4231e-06
1.65835e-06
1.71222e-06
1.62408e-06
1.47856e-06
1.27644e-06
9.96194e-07
6.99844e-07
4.64846e-07
2.90088e-07
1.64613e-07
7.65455e-08
1.55364e-08
0
0
0
0
0
0
0
0
0
0
0
0
0
0
0
0
0
7.9289e-08
1.65405e-07
0
0
0
0
0
0
0
0
0
8.89649e-06
3.77798e-05
3.61627e-05
2.65871e-05
1.70707e-05
1.01226e-05
6.01792e-06
3.85736e-06
2.62567e-06
1.88372e-06
1.44628e-06
1.13669e-06
9.04238e-07
7.77493e-07
7.2442e-07
7.00436e-07
7.03748e-07
7.29755e-07
7.79309e-07
8.75205e-07
9.57399e-07
1.03278e-06
1.13449e-06
1.23199e-06
1.62516e-06
1.52163e-06
1.69335e-07
0
0
0
0
0
0
0
0
0
0
0
0
0
0
0
0
0
0
0
0
0
0
0
0
0
0
0
0
0
0
0
0
0
0
0
0
8.46397e-08
8.26298e-07
1.23962e-06
1.35556e-06
1.31312e-06
1.21146e-06
1.07134e-06
7.65579e-07
0
0
4.72678e-06
5.37195e-06
0
0
1.2509e-08
4.29493e-08
5.37576e-08
2.42519e-08
0
0
0
0
0
0
1.96648e-08
4.25742e-08
5.6778e-08
5.88582e-08
4.43878e-08
1.02349e-08
0
0
0
0
0
0
0
0
0
0
0
0
0
0
0
0
0
0
0
0
0
0
0
0
0
0
7.05453e-09
4.40273e-08
7.20805e-08
8.74826e-08
9.32154e-08
9.37387e-08
9.18951e-08
9.04763e-08
9.46975e-08
1.10139e-07
1.37918e-07
1.8024e-07
2.26722e-07
2.85905e-07
3.71154e-07
4.369e-07
5.02265e-07
6.0011e-07
6.85466e-07
7.458e-07
8.21027e-07
8.73895e-07
8.588e-07
7.96668e-07
7.15165e-07
6.13892e-07
5.01502e-07
4.0623e-07
3.24361e-07
2.53953e-07
1.9471e-07
1.42491e-07
8.80061e-08
2.22473e-08
0
0
0
0
0
0
0
0
0
0
0
0
0
0
0
0
0
0
0
0
0
0
0
0
0
0
0
0
0
7.97524e-06
1.72314e-05
1.87999e-05
1.55462e-05
1.11262e-05
7.42956e-06
4.80978e-06
3.05562e-06
1.90337e-06
1.03204e-06
4.31338e-07
1.64278e-07
1.34614e-07
1.93675e-07
2.73047e-07
3.65102e-07
4.50767e-07
4.7961e-07
3.57115e-07
1.22377e-07
1.6795e-08
1.49606e-07
1.26901e-07
1.25855e-06
2.15098e-06
3.05048e-07
0
0
0
1.14171e-08
3.60559e-07
0
0
0
0
0
0
0
0
0
0
0
0
0
0
0
0
0
0
0
0
0
0
0
0
0
0
0
0
0
0
3.17272e-08
1.58349e-06
2.34346e-06
2.22986e-06
1.90181e-06
1.63183e-06
1.37749e-06
4.35173e-07
0
0
3.61525e-06
3.36219e-07
3.51087e-07
3.95984e-07
3.7006e-07
3.1297e-07
2.50807e-07
2.082e-07
2.00891e-07
2.25087e-07
2.60381e-07
2.83443e-07
2.84391e-07
2.65848e-07
2.35293e-07
1.98837e-07
1.60892e-07
1.2454e-07
8.9543e-08
5.37207e-08
1.5213e-08
0
0
0
0
0
0
0
0
0
0
4.65902e-08
6.38824e-08
2.7798e-08
0
0
0
0
0
0
0
0
0
0
0
0
0
0
4.00358e-09
3.89836e-08
7.24699e-08
1.01063e-07
1.25764e-07
1.49723e-07
1.73751e-07
1.96462e-07
2.19459e-07
2.49173e-07
2.80686e-07
3.3218e-07
4.1096e-07
4.98469e-07
5.82062e-07
6.4772e-07
6.87271e-07
7.02102e-07
6.94394e-07
6.6191e-07
6.10819e-07
5.51155e-07
4.89529e-07
4.34992e-07
3.774e-07
3.17605e-07
2.61771e-07
2.08829e-07
1.56136e-07
9.79631e-08
3.39322e-08
0
0
0
0
0
0
0
0
0
0
0
0
0
0
0
0
0
0
0
0
0
0
0
0
0
0
0
0
0
0
0
3.06225e-06
5.72464e-06
6.89644e-06
7.15973e-06
6.49997e-06
5.17626e-06
3.87829e-06
2.74028e-06
1.62423e-06
6.91975e-07
1.02294e-07
0
0
0
0
0
0
0
0
0
4.75533e-07
9.18936e-07
6.85614e-07
4.09193e-06
2.78685e-06
2.77973e-06
2.91005e-06
0
0
8.93819e-07
1.12966e-06
1.79271e-07
0
0
0
0
0
0
0
0
0
0
0
0
0
0
0
0
0
0
0
0
0
0
0
0
0
0
0
2.61382e-07
0
1.89662e-06
3.80805e-06
3.44045e-06
2.75691e-06
2.24631e-06
1.99454e-06
8.48696e-07
5.44952e-07
0
6.89398e-08
0
4.23281e-07
3.56304e-07
1.51733e-07
0
0
0
0
0
1.10368e-07
1.98123e-07
2.49246e-07
2.68364e-07
2.62396e-07
2.39179e-07
2.03944e-07
1.5844e-07
1.07166e-07
5.67204e-08
1.79048e-08
0
0
0
1.55759e-08
5.36985e-08
1.1913e-07
2.15973e-07
3.36025e-07
4.60096e-07
5.7028e-07
6.91348e-07
7.96868e-07
7.99193e-07
6.85946e-07
5.20647e-07
3.65317e-07
2.54183e-07
1.82277e-07
1.34047e-07
9.13629e-08
4.14971e-08
0
0
0
0
0
0
0
0
1.381e-08
8.83576e-08
1.49584e-07
1.90613e-07
2.08706e-07
2.06571e-07
1.90711e-07
1.73919e-07
1.64908e-07
1.66804e-07
1.8144e-07
2.12408e-07
2.52276e-07
2.87067e-07
3.10552e-07
3.18271e-07
3.13173e-07
3.03552e-07
3.04258e-07
3.06473e-07
3.00088e-07
2.82689e-07
2.56237e-07
2.23916e-07
1.86481e-07
1.41638e-07
9.48117e-08
5.43481e-08
2.03362e-08
0
0
0
0
0
0
0
0
0
0
0
0
0
0
0
0
0
0
0
0
0
0
2.94065e-07
4.38457e-06
4.49013e-06
9.44652e-07
0
0
0
0
0
0
0
0
0
0
0
0
0
0
0
0
0
0
0
0
0
0
0
0
0
2.12716e-06
2.61625e-06
1.07239e-06
3.29965e-06
4.89069e-06
6.40582e-06
8.08381e-07
0
0
0
5.49738e-07
5.38939e-07
2.52609e-07
0
0
0
0
0
0
0
0
0
0
0
0
0
0
0
0
0
0
0
0
0
0
0
0
0
0
0
0
0
2.34034e-06
3.1485e-06
2.82032e-06
2.47511e-06
2.67278e-06
2.88424e-06
3.30435e-06
7.29563e-07
0
0
0
0
0
0
0
0
0
0
0
0
0
2.66575e-08
1.11734e-07
1.81838e-07
2.1224e-07
1.93033e-07
1.36128e-07
6.5134e-08
0
0
0
0
1.48847e-08
2.03309e-07
4.11831e-07
5.70517e-07
6.11058e-07
5.25854e-07
3.64284e-07
2.11576e-07
1.65818e-07
3.01796e-07
6.02969e-07
9.06207e-07
1.09778e-06
1.16684e-06
1.15064e-06
1.05018e-06
8.19884e-07
4.84909e-07
1.534e-07
0
0
0
0
0
0
0
0
6.70803e-08
1.25247e-07
1.56797e-07
1.54991e-07
1.2513e-07
8.52311e-08
5.46775e-08
4.36166e-08
4.77639e-08
6.00386e-08
7.54784e-08
9.25528e-08
1.07581e-07
1.17599e-07
1.21997e-07
1.21549e-07
1.18551e-07
1.19185e-07
1.22515e-07
1.29363e-07
1.35743e-07
1.35031e-07
1.24988e-07
1.07087e-07
8.29992e-08
5.62659e-08
2.63507e-08
0
0
0
0
3.86548e-08
0
0
0
0
0
0
0
0
0
0
0
0
5.32003e-08
0
0
0
0
0
0
0
0
0
0
0
0
0
0
0
0
0
0
0
0
0
0
0
0
0
0
0
0
0
0
0
0
0
0
2.39692e-07
4.69939e-08
0
0
0
0
0
0
0
0
0
3.06584e-07
4.86746e-07
0
0
0
0
0
0
0
0
0
0
0
0
0
0
0
0
0
0
0
0
0
0
0
0
0
0
0
0
0
5.39658e-07
1.34834e-06
1.31133e-06
1.01854e-06
1.08054e-06
1.8778e-06
2.89934e-06
1.25881e-06
0
0
6.18375e-08
0
0
0
0
0
4.03308e-08
8.9332e-08
9.91763e-08
4.74583e-08
0
0
0
3.87768e-07
3.08165e-07
7.09094e-08
0
0
0
5.75441e-08
2.89465e-07
5.85267e-07
9.81392e-07
1.44373e-06
1.75634e-06
1.75686e-06
1.54352e-06
1.10083e-06
6.33242e-07
2.57218e-07
3.52066e-08
2.95967e-08
2.90881e-07
7.5733e-07
1.29294e-06
1.70025e-06
1.76272e-06
1.50455e-06
1.15897e-06
8.57511e-07
6.00639e-07
2.7108e-07
0
0
0
0
0
0
0
0
0
0
0
0
0
0
0
2.53696e-08
5.05796e-08
6.48e-08
7.02504e-08
6.86325e-08
6.23317e-08
5.30785e-08
4.21234e-08
2.97417e-08
1.82792e-08
1.39822e-08
2.28208e-08
3.91969e-08
4.79615e-08
4.51588e-08
3.47979e-08
2.2578e-08
1.59838e-08
2.23986e-08
5.45489e-08
1.33523e-07
2.6274e-07
3.2593e-07
0
0
0
0
1.14096e-07
1.83559e-07
2.43743e-07
2.39565e-07
0
0
0
1.1611e-07
1.92952e-06
4.13598e-06
1.43649e-06
0
3.50871e-06
6.45637e-06
4.91102e-06
1.51143e-06
0
0
0
0
0
0
0
0
0
0
0
0
0
0
0
0
0
0
0
0
0
0
0
0
0
0
0
0
0
0
0
0
0
0
0
0
0
0
0
0
0
0
0
0
0
0
0
0
0
0
0
0
0
0
0
0
0
0
0
0
0
0
0
0
0
0
0
0
0
0
4.10518e-07
4.62858e-07
1.62794e-07
0
1.88838e-07
9.24555e-07
1.63574e-06
5.34843e-07
0
0
7.66379e-10
1.28897e-08
0
0
0
2.5037e-08
5.99979e-08
5.93809e-08
0
0
0
0
0
1.58333e-07
3.04466e-07
1.86165e-07
2.13069e-08
0
0
6.45398e-08
1.30945e-07
2.18368e-07
3.74024e-07
6.06517e-07
8.50631e-07
9.83601e-07
9.40395e-07
7.90048e-07
6.44082e-07
5.86808e-07
6.79161e-07
9.28735e-07
1.24148e-06
1.59203e-06
1.97246e-06
2.20544e-06
2.12016e-06
1.83741e-06
1.49098e-06
1.18119e-06
8.9181e-07
5.7986e-07
3.17052e-07
1.38114e-07
0
0
0
0
0
0
0
0
0
0
0
0
0
0
0
1.05277e-08
3.3576e-08
3.93036e-08
3.30162e-08
1.86713e-08
0
0
0
0
0
4.70758e-08
6.41217e-08
6.01443e-08
4.48067e-08
2.02728e-08
0
2.57395e-09
5.57974e-08
1.97251e-07
2.28758e-07
2.99265e-07
8.23595e-07
4.52453e-07
0
3.3904e-07
6.10654e-07
4.06749e-07
3.37086e-07
9.95716e-07
9.92531e-07
3.03111e-07
1.51173e-06
3.13428e-06
5.22065e-06
9.03383e-06
7.38616e-06
9.09326e-06
1.28052e-05
1.19045e-05
8.71655e-06
4.60464e-06
2.04275e-06
0
0
0
0
0
0
4.74647e-07
1.35756e-06
1.6828e-06
1.49345e-06
7.82847e-07
0
0
0
0
0
0
0
0
0
0
0
0
0
0
0
0
0
0
0
0
0
0
0
0
0
0
0
0
0
0
0
0
0
0
0
0
0
0
0
0
0
0
0
0
0
0
0
0
0
0
0
2.4606e-07
4.66273e-07
4.4402e-08
0
0
0
7.61806e-07
7.47541e-07
1.25017e-07
0
0
0
3.97874e-07
7.18499e-07
0
0
0
0
0
0
0
1.43376e-07
3.40471e-07
4.18941e-07
3.54121e-07
1.42004e-07
0
0
0
0
0
1.74023e-09
1.81622e-07
3.89506e-07
5.55039e-07
4.84891e-07
2.46103e-07
7.09074e-08
0
0
0
3.69698e-08
1.79338e-07
3.36208e-07
4.30434e-07
4.47727e-07
4.33869e-07
4.22764e-07
4.31234e-07
4.693e-07
5.45435e-07
6.61791e-07
8.00176e-07
9.22252e-07
1.00161e-06
1.04184e-06
9.50087e-07
7.53604e-07
5.36723e-07
3.8167e-07
3.20827e-07
3.14401e-07
2.66287e-07
8.77438e-08
0
0
0
0
0
0
0
0
0
0
0
0
0
0
0
0
0
0
0
0
0
0
1.99065e-08
3.14824e-08
2.65502e-08
2.40276e-08
0
0
0
0
0
0
0
0
0
0
1.3487e-06
2.17302e-06
1.23687e-06
8.62827e-07
6.65116e-07
0
2.10197e-07
1.73836e-06
2.04346e-06
5.98879e-06
1.13246e-05
1.17681e-05
1.18202e-05
9.35353e-06
8.31311e-06
9.78022e-06
1.03408e-05
6.23403e-06
3.47262e-06
0
0
0
0
1.1736e-06
3.84502e-06
4.79229e-06
4.41083e-06
3.13539e-06
1.28239e-06
0
0
0
0
0
0
0
0
0
0
0
0
0
0
0
0
0
0
0
0
0
0
0
0
0
2.60108e-08
1.46818e-07
1.41677e-07
0
0
0
0
0
0
0
0
0
0
0
0
0
0
0
0
0
0
0
0
0
0
4.41231e-08
5.8576e-07
9.07801e-07
5.16567e-07
0
0
0
1.10567e-06
8.7878e-07
0
0
0
0
6.29148e-08
1.24899e-07
0
0
0
0
0
2.52867e-07
6.23165e-07
8.5106e-07
9.62872e-07
9.78924e-07
8.70555e-07
6.59222e-07
4.10522e-07
1.47643e-07
0
0
5.70418e-08
3.02279e-07
6.07143e-07
9.45854e-07
1.07724e-06
6.28784e-07
1.65389e-07
0
0
0
0
1.59396e-09
5.31403e-08
7.85625e-08
9.08957e-08
1.00583e-07
1.101e-07
1.18335e-07
1.23821e-07
1.26164e-07
1.26283e-07
1.28982e-07
1.42278e-07
1.88113e-07
2.96939e-07
4.32118e-07
5.05622e-07
4.68471e-07
3.88273e-07
4.34022e-07
7.59603e-07
1.08705e-06
8.98898e-07
2.98595e-07
0
0
0
0
0
0
0
0
0
0
0
0
0
0
0
0
1.44026e-09
0
0
0
3.23285e-08
7.08123e-08
7.59205e-08
1.59827e-08
0
1.32657e-08
0
0
0
0
3.19184e-07
0
0
0
0
0
0
1.3007e-06
2.53753e-06
3.46962e-06
1.7591e-06
0
0
0
0
4.48173e-08
6.34804e-06
9.46996e-06
1.43219e-06
0
0
5.54178e-06
8.0064e-06
9.56423e-06
8.3688e-06
5.55149e-06
0
0
0
8.85275e-07
5.06197e-06
5.84878e-06
4.34024e-06
1.74124e-06
0
0
0
0
0
0
0
0
0
0
0
0
0
0
0
0
0
0
0
0
0
0
0
0
0
4.85672e-08
1.77554e-07
2.29587e-07
1.67317e-07
3.7507e-08
0
0
0
0
0
4.773e-08
9.33654e-08
9.02223e-08
4.37769e-08
0
0
0
3.49815e-09
1.55581e-07
1.14182e-07
0
7.42314e-08
6.004e-08
1.72479e-08
7.51203e-08
7.60053e-08
1.43673e-07
7.43287e-07
1.2422e-06
7.51798e-07
0
0
0
1.12387e-06
7.80975e-07
0
0
0
0
0
0
0
0
0
0
0
0
0
0
0
0
0
0
0
0
1.55429e-07
3.08103e-07
2.84957e-07
2.06404e-07
1.26118e-07
6.67689e-08
3.00766e-08
9.92402e-09
0
0
0
0
0
0
0
0
0
0
3.16135e-08
6.5959e-08
9.53853e-08
1.16713e-07
1.27458e-07
1.22514e-07
1.0398e-07
7.73745e-08
4.99407e-08
2.78167e-08
1.34552e-08
6.02151e-09
4.68221e-09
1.07292e-08
2.22331e-08
2.95281e-08
2.3136e-08
5.19754e-09
0
0
0
0
0
0
0
0
0
0
0
0
0
0
0
0
0
0
1.58707e-08
3.0281e-08
0
0
0
0
3.34101e-07
4.66764e-07
1.12649e-08
6.83083e-08
6.89046e-07
2.09874e-06
3.00538e-06
3.91784e-07
0
0
0
0
0
1.76991e-08
2.41895e-06
4.87305e-06
2.83828e-06
0
0
0
0
0
0
0
0
0
0
9.07706e-06
9.36839e-06
8.29091e-06
9.25349e-06
9.54701e-06
6.56976e-06
0
0
0
5.49526e-06
5.29098e-06
1.79429e-06
0
0
0
0
0
0
0
0
0
0
0
0
0
0
0
0
0
0
0
0
0
0
0
4.3698e-09
7.35864e-08
1.35979e-07
1.79823e-07
1.88466e-07
1.56121e-07
1.00237e-07
5.37177e-08
3.55951e-08
3.92097e-08
6.08203e-08
9.88812e-08
1.21113e-07
1.1369e-07
1.08828e-07
1.0118e-07
6.16499e-08
3.95941e-08
6.89258e-08
7.52876e-08
6.2961e-09
0
3.16829e-08
9.94736e-08
1.14489e-07
0
0
5.38652e-08
1.02445e-07
2.06412e-07
9.02024e-07
1.63537e-06
1.05464e-06
0
0
0
1.07178e-06
4.70757e-07
0
0
0
0
0
0
0
0
0
7.16069e-09
6.12637e-09
5.53774e-09
5.42011e-09
5.61004e-09
5.81948e-09
5.74998e-09
5.13972e-09
3.94906e-09
2.36488e-09
6.62781e-10
0
0
0
0
0
0
0
0
0
0
0
0
0
0
0
0
0
0
3.27337e-10
1.10745e-09
1.65673e-09
1.88806e-09
1.79737e-09
1.43773e-09
9.0262e-10
3.0943e-10
0
0
0
3.01113e-11
4.56828e-10
8.00764e-10
9.48178e-10
8.44967e-10
5.26311e-10
3.60292e-11
0
0
0
0
0
0
0
4.24462e-10
0
9.28824e-10
1.05231e-09
0
5.86873e-09
0
6.30335e-09
7.15543e-08
0
0
0
0
0
0
0
0
1.28543e-06
1.71764e-06
2.91842e-07
2.75032e-07
1.96198e-06
6.67549e-06
1.03739e-05
3.12928e-06
0
0
0
0
0
0
3.75359e-07
2.57649e-06
3.208e-06
0
0
0
0
0
0
0
0
0
6.5483e-06
1.95482e-05
1.8987e-05
1.04183e-05
8.58802e-06
8.70702e-06
1.03984e-05
1.00423e-05
5.12605e-06
0
4.54742e-06
8.37504e-07
0
0
0
0
0
0
0
0
0
0
0
0
0
0
0
0
0
0
0
0
5.69953e-08
1.03705e-07
1.30141e-07
1.43741e-07
1.48891e-07
1.47855e-07
1.41268e-07
1.29853e-07
1.15327e-07
9.9332e-08
8.58979e-08
8.33226e-08
9.01652e-08
9.20232e-08
8.90295e-08
9.18537e-08
9.07475e-08
8.24608e-08
7.87187e-08
5.98208e-08
1.85159e-08
3.07805e-08
1.12343e-07
1.20692e-07
0
0
0
0
0
0
0
0
7.48334e-09
1.68458e-07
9.0673e-07
1.89191e-06
1.64437e-06
3.81716e-08
0
0
9.51861e-07
0
0
0
0
0
0
2.97776e-08
8.66703e-08
0
0
1.2965e-09
1.52808e-09
1.73254e-09
1.88459e-09
1.9539e-09
1.89651e-09
1.6735e-09
1.2694e-09
7.07522e-10
3.98567e-11
0
0
0
0
0
0
0
0
0
0
0
0
0
0
0
0
0
0
0
0
0
0
0
0
0
0
0
0
0
0
0
7.97101e-11
2.27566e-10
1.67974e-10
0
0
0
0
0
0
0
0
1.06381e-10
2.44196e-10
1.01617e-09
6.04916e-10
1.90557e-09
1.79903e-09
2.00117e-09
8.66652e-09
1.04307e-09
6.71374e-08
5.04015e-07
0
0
0
0
0
0
0
0
3.01727e-06
5.03968e-06
1.20892e-06
4.57286e-07
2.50733e-06
1.19426e-05
1.54069e-05
4.95033e-06
0
8.78385e-08
0
0
0
0
0
0
0
0
0
0
0
0
0
0
0
0
8.49448e-06
3.40316e-05
3.87731e-05
2.46092e-05
1.01427e-05
3.62114e-06
9.42595e-07
2.6489e-07
7.18986e-08
0
0
0
0
0
0
0
0
0
0
0
0
0
0
0
0
0
0
0
0
4.01993e-08
8.53444e-08
1.09516e-07
1.20943e-07
1.24237e-07
1.22715e-07
1.18582e-07
1.12446e-07
1.04985e-07
9.78202e-08
9.24094e-08
8.8495e-08
8.36184e-08
7.73834e-08
7.40526e-08
7.32708e-08
6.70972e-08
5.5915e-08
4.9194e-08
4.69095e-08
4.47407e-08
4.16891e-08
2.88405e-08
9.01804e-09
1.88901e-08
5.39382e-08
3.88241e-08
0
0
0
0
0
0
0
0
0
0
9.33626e-08
6.13506e-07
1.59206e-06
1.01563e-06
0
0
0
0
0
0
0
0
7.3494e-08
1.45652e-07
5.99388e-08
0
0
0
0
0
0
8.35271e-11
1.5139e-10
1.72939e-10
1.30551e-10
1.70693e-11
0
0
0
0
0
0
0
0
0
0
0
0
0
0
0
0
0
0
0
0
0
0
0
0
0
0
0
0
0
0
0
0
1.66895e-10
3.10117e-10
2.61788e-10
7.00009e-11
0
0
0
0
0
0
0
2.99191e-10
5.16553e-10
1.12069e-09
7.54327e-10
2.0481e-09
1.57654e-09
2.89863e-09
9.06384e-09
8.48525e-09
2.55116e-07
2.23629e-06
9.26293e-07
0
0
0
0
0
0
0
5.30626e-06
1.15157e-05
1.717e-06
0
0
5.77716e-06
1.13569e-05
7.3319e-06
8.29765e-06
1.01604e-05
3.30171e-06
0
0
0
0
0
0
0
0
0
0
0
0
0
0
0
0
8.09474e-06
4.32086e-05
5.57326e-05
1.55622e-05
1.72146e-06
1.29925e-07
0
0
0
0
0
0
0
0
0
0
0
0
0
0
0
0
0
0
0
0
1.73816e-08
5.60029e-08
7.37815e-08
7.96356e-08
8.15864e-08
8.2064e-08
8.03942e-08
7.72234e-08
7.31638e-08
6.85369e-08
6.39151e-08
5.99859e-08
5.70761e-08
5.45634e-08
5.06961e-08
4.52422e-08
4.10741e-08
3.8644e-08
3.36938e-08
2.61368e-08
2.20472e-08
2.20419e-08
2.06958e-08
1.63691e-08
1.06868e-08
5.74857e-09
8.24225e-09
1.08008e-08
0
0
0
0
0
0
0
0
0
0
0
0
3.34548e-09
3.93707e-07
2.56723e-06
1.78993e-06
0
0
0
0
2.28813e-09
0
0
8.32522e-08
1.39707e-07
4.21718e-08
0
0
0
0
0
0
0
0
0
0
0
0
0
0
0
0
0
0
0
0
0
0
0
0
0
0
0
0
0
0
0
0
0
0
0
0
0
0
0
0
0
0
0
5.56772e-10
8.06395e-10
7.3645e-10
4.71049e-10
1.1219e-10
0
0
0
0
0
2.05322e-10
4.26929e-10
5.8029e-10
9.58156e-10
5.18839e-10
1.37657e-09
5.72706e-10
1.46717e-09
5.43378e-09
1.0393e-08
6.92446e-07
6.88594e-06
6.33509e-06
0
0
0
0
0
0
0
2.69612e-06
9.07397e-06
0
1.09144e-06
0
7.2922e-08
1.06351e-05
2.43129e-05
2.23867e-05
3.64368e-06
6.99661e-07
2.09052e-08
0
0
0
0
0
0
0
0
0
0
0
0
0
0
0
0
1.335e-05
5.21742e-05
1.41638e-05
6.23884e-07
0
0
0
0
0
0
0
0
0
0
0
0
0
0
0
0
0
0
0
0
2.35819e-08
4.44605e-08
5.39577e-08
5.43432e-08
5.06891e-08
4.66906e-08
4.29945e-08
3.93652e-08
3.59505e-08
3.29786e-08
3.05294e-08
2.85904e-08
2.70023e-08
2.56634e-08
2.43961e-08
2.25195e-08
1.97752e-08
1.7328e-08
1.56349e-08
1.30714e-08
9.65168e-09
8.12053e-09
8.48817e-09
7.25279e-09
4.15902e-09
2.442e-09
2.70482e-09
2.34229e-09
0
0
0
0
0
1.1249e-09
2.18904e-08
1.47478e-08
0
0
0
0
0
0
5.04536e-08
2.33885e-06
6.50473e-07
0
0
0
0
4.16184e-08
3.17005e-09
0
8.39975e-08
1.32828e-07
3.25901e-08
0
0
1.28765e-06
1.03518e-06
5.70759e-07
4.51733e-07
5.17179e-07
6.14851e-07
6.44779e-07
7.4269e-07
7.07779e-07
8.8781e-07
1.40172e-06
0
0
0
0
6.00603e-07
5.91985e-07
1.73197e-07
0
0
5.55966e-07
9.21141e-07
1.09116e-06
5.98785e-07
0
8.70984e-07
5.29249e-07
1.78478e-07
1.17678e-07
1.6354e-07
1.94338e-07
2.21149e-07
2.45356e-07
1.9415e-07
2.46845e-07
5.35194e-07
0
0
0
0
0
3.20727e-07
2.21674e-07
2.06055e-08
8.60397e-08
4.9405e-07
5.89528e-07
2.8169e-07
1.05694e-07
0
0
0
0
0
0
0
0
0
0
0
1.05882e-07
0
0
0
0
0
0
3.03393e-07
1.77311e-07
1.91401e-07
7.70569e-07
1.13427e-06
0
0
0
0
0
0
0
0
0
0
0
0
0
0
0
0
0
0
0
0
2.69019e-07
9.16844e-07
0
0
8.98228e-09
0
0
0
0
0
0
0
0
0
0
0
0
0
4.50927e-06
3.50896e-08
0
3.95585e-08
0
3.78123e-08
5.59297e-07
1.42819e-06
2.45699e-06
4.63816e-07
0
0
0
0
0
0
0
0
0
0
0
0
0
0
0
1.2924e-05
1.25604e-05
0
1.12131e-06
1.24226e-06
2.04388e-06
3.11787e-06
4.62384e-06
5.31465e-06
2.19916e-06
0
0
0
0
0
0
0
0
0
0
0
0
0
0
0
1.13897e-05
2.01746e-05
0
3.2782e-06
5.74475e-06
6.27654e-06
7.54345e-06
9.99e-06
9.05741e-06
4.58688e-06
0
0
0
0
0
0
0
0
0
0
0
0
0
0
0
0
2.16581e-05
0
5.67244e-07
1.70135e-05
1.44879e-05
1.43157e-05
1.57975e-05
1.22256e-05
5.67516e-06
0
0
0
0
0
0
0
0
0
0
0
0
0
0
0
0
1.46419e-05
0
0
2.92262e-05
2.62168e-05
2.29045e-05
2.06059e-05
1.35879e-05
4.25595e-06
0
0
0
0
0
0
0
0
0
0
0
0
0
0
0
0
0
0
0
3.25938e-05
3.54162e-05
3.14931e-05
2.38784e-05
1.25824e-05
2.98119e-07
0
0
1.19542e-07
0
0
0
0
0
0
0
0
0
0
0
0
0
0
0
0
3.29509e-05
3.90084e-05
3.78535e-05
2.53796e-05
9.42192e-06
0
0
0
0
0
0
0
0
0
0
0
0
0
0
0
0
0
0
0
0
3.32466e-05
3.9926e-05
4.1123e-05
2.47715e-05
4.18501e-06
0
0
0
0
0
0
0
0
0
0
0
0
0
0
0
0
0
0
0
0
3.30728e-05
4.07397e-05
4.18605e-05
2.18091e-05
0
0
0
0
0
0
0
0
0
0
0
0
0
0
0
0
0
0
0
0
0
3.23284e-05
4.16008e-05
4.11399e-05
1.59467e-05
0
0
0
0
0
0
0
0
0
0
0
0
0
0
0
0
0
0
3.63165e-06
0
0
3.08107e-05
4.2139e-05
3.95125e-05
6.17834e-06
0
0
0
0
0
0
0
0
0
0
0
0
0
0
0
0
1.67148e-06
0
1.7307e-06
0
0
2.81959e-05
4.18788e-05
3.70161e-05
0
0
0
0
0
0
0
0
0
0
0
0
0
0
0
0
2.49385e-06
7.22962e-06
3.164e-07
0
0
0
2.40069e-05
4.07285e-05
3.37861e-05
0
0
0
0
0
0
0
0
0
0
0
0
0
0
0
0
7.01683e-06
1.32077e-05
2.31405e-05
0
0
0
1.78565e-05
3.85742e-05
2.96828e-05
0
0
0
0
0
0
0
0
0
0
0
0
0
0
0
0
1.38279e-05
2.15879e-05
4.78002e-05
0
0
0
9.58177e-06
3.51709e-05
2.46863e-05
0
0
0
0
0
0
0
0
0
0
0
0
0
0
0
0
2.3977e-05
3.35311e-05
7.86027e-05
0
0
0
2.5537e-07
3.03866e-05
1.91159e-05
0
0
0
0
0
0
0
2.13707e-06
0
0
0
0
0
0
0
4.47207e-07
3.80654e-05
4.96553e-05
0.000121719
0
0
0
0
2.46335e-05
1.39892e-05
0
0
0
0
0
0
0
5.49532e-06
0
0
0
0
0
0
0
6.96666e-06
5.70067e-05
7.04707e-05
0.000184122
0
0
6.50575e-05
0
1.9082e-05
1.02169e-05
0
0
0
0
0
0
0
8.67099e-06
2.04464e-06
0
0
0
0
0
0
1.61629e-05
8.22594e-05
9.59574e-05
0.000274798
0
0
0.000103791
2.39577e-05
1.54136e-05
7.85336e-06
0
0
0
0
0
0
0
1.16937e-05
5.86641e-06
0
0
0
0
0
0
2.83415e-05
0.000114143
0.000124176
0.000392742
0
1.02744e-05
0.000103876
5.21831e-05
1.5154e-05
6.50045e-06
0
0
0
0
0
0
0
1.46022e-05
7.99062e-06
8.92698e-07
0
0
0
0
2.05686e-06
4.36229e-05
0.000153171
0.000150401
0.000497725
0
2.77762e-05
9.51509e-05
6.54166e-05
1.80858e-05
5.70827e-06
0
0
0
0
0
0
0
1.74354e-05
8.89907e-06
1.52426e-06
0
0
0
0
6.22706e-06
6.06212e-05
0.000196766
0.000160622
0.000492315
0
3.6703e-05
8.40956e-05
6.30427e-05
2.10065e-05
5.05451e-06
0
0
0
0
0
0
0
2.0257e-05
8.8189e-06
1.85286e-06
0
0
0
0
9.87695e-06
7.65505e-05
0.000237275
0.000131021
0.000338999
0
4.0305e-05
7.15485e-05
5.25391e-05
2.06485e-05
4.28153e-06
0
0
0
9.80449e-06
0
0
0
2.27604e-05
9.15002e-06
2.32735e-06
0
0
0
0
1.45251e-05
9.80625e-05
0.000282655
5.16152e-05
0.000169039
1.07366e-05
4.46907e-05
6.34401e-05
4.40896e-05
1.89407e-05
3.57127e-06
0
0
0
4.91641e-06
1.33835e-05
0
0
2.50657e-05
9.05273e-06
2.76226e-06
0
0
0
1.87583e-06
1.6199e-05
0.00010498
0.000263467
0
6.18906e-05
2.61367e-05
4.37907e-05
5.0762e-05
3.17425e-05
1.31474e-05
1.49602e-06
0
0
0
0
1.88175e-05
0
0
2.64874e-05
9.21033e-06
3.13968e-06
1.7433e-07
0
0
3.72717e-06
1.63929e-05
9.92336e-05
0.000139897
0
6.51616e-06
4.08193e-05
4.21264e-05
3.93064e-05
2.16159e-05
7.60332e-06
0
0
0
0
0
1.50548e-05
7.37374e-06
0
2.64178e-05
9.43947e-06
3.33868e-06
5.30456e-07
0
8.91111e-08
5.58512e-06
1.52198e-05
7.30507e-05
0
0
0
5.66302e-05
3.88476e-05
2.82683e-05
1.37211e-05
3.4981e-06
0
0
0
0
0
9.72128e-06
1.15415e-05
0
2.03567e-05
9.58555e-06
3.27906e-06
5.00097e-07
0
1.22755e-06
7.66947e-06
1.3474e-05
2.58559e-05
0
0
4.59638e-05
7.37175e-05
3.36209e-05
1.8508e-05
8.07252e-06
9.98784e-07
0
0
0
0
0
5.1588e-06
9.05105e-06
0
6.0826e-06
9.41428e-06
2.93043e-06
0
0
2.64083e-06
1.02904e-05
1.31497e-05
0
0
0
0.000118941
9.14979e-05
2.67843e-05
1.11187e-05
4.99471e-06
0
0
0
0
0
0
1.89593e-06
5.16709e-06
0
0
8.50562e-06
2.15195e-06
0
0
4.8168e-06
1.37925e-05
1.54365e-05
0
0
0
0.000152556
0.000108883
1.97593e-05
6.82973e-06
4.39611e-06
0
0
0
0
0
0
0
1.27972e-06
0
0
5.91779e-06
3.99139e-07
0
0
8.79056e-06
1.82144e-05
1.94349e-05
0
0
0
0.000146129
0.000124543
1.4146e-05
5.75899e-06
5.89324e-06
4.96247e-09
0
0
0
0
0
0
0
0
0
0
0
0
0
1.58326e-05
2.29721e-05
2.36933e-05
0
0
0
0.000129595
0.000134277
1.1721e-05
7.55611e-06
8.33598e-06
0
0
0
0
0
0
0
0
0
0
0
0
0
0
2.41292e-05
2.72211e-05
2.72299e-05
0
0
0
0.000116693
0.00013193
1.418e-05
1.11384e-05
9.295e-06
0
0
0
0
0
0
0
0
0
0
0
0
0
0
2.85409e-05
3.06997e-05
2.97079e-05
4.57664e-06
0
2.15845e-06
0.000112585
0.000120593
2.3352e-05
1.42703e-05
6.29506e-06
0
0
0
0
0
2.75358e-06
0
0
0
0
0
0
0
0
2.89399e-05
3.36925e-05
3.1287e-05
1.77964e-05
0
3.0688e-05
0.000117472
0.000111591
4.3276e-05
1.25679e-05
0
0
0
0
0
0
1.01382e-06
0
0
0
0
0
0
0
3.5719e-06
2.87759e-05
3.59061e-05
3.27636e-05
2.52644e-05
0
4.76474e-05
0.000121852
0.000101527
5.21344e-05
0
0
0
0
0
0
0
0
0
0
0
0
0
0
0
1.50546e-05
2.90812e-05
3.68811e-05
3.4972e-05
2.90105e-05
1.52783e-07
2.31979e-05
0.000115641
8.19437e-05
3.37706e-05
0
0
0
0
0
0
0
0
0
0
0
0
0
0
1.45427e-05
2.27099e-05
2.94668e-05
3.78002e-05
3.85954e-05
3.08514e-05
1.82515e-05
0
9.63695e-05
6.21477e-05
2.27298e-05
0
0
0
0
0
0
0
0
0
0
0
0
4.78244e-06
1.20872e-05
2.17822e-05
2.54234e-05
2.85462e-05
3.69035e-05
4.05365e-05
3.13811e-05
2.41396e-05
5.07893e-06
7.62112e-05
4.68322e-05
1.62434e-05
1.31334e-07
0
0
0
0
0
0
0
0
0
0
0
9.64924e-06
1.53262e-05
2.26128e-05
2.58824e-05
2.8392e-05
3.51273e-05
4.11147e-05
3.41748e-05
2.58506e-05
1.64073e-05
5.40475e-05
3.74724e-05
1.36901e-05
1.68889e-06
0
0
0
0
0
0
0
0
0
0
0
5.52493e-06
1.35395e-05
2.1849e-05
2.64853e-05
2.87812e-05
3.2837e-05
4.11791e-05
3.86087e-05
2.63503e-05
1.9565e-05
2.35654e-05
3.19412e-05
1.30454e-05
2.02037e-06
0
0
0
0
0
0
0
0
0
0
0
9.19128e-07
1.17726e-05
2.21038e-05
2.67605e-05
2.79582e-05
3.06759e-05
3.95348e-05
4.03602e-05
2.92676e-05
2.03888e-05
1.52455e-05
2.62816e-05
1.17055e-05
6.57914e-07
0
0
0
0
0
0
0
0
0
0
0
0
1.1261e-05
2.26178e-05
2.61464e-05
2.546e-05
2.8422e-05
3.62496e-05
4.05126e-05
3.44575e-05
2.13345e-05
1.54134e-05
1.19825e-05
6.97908e-06
0
0
0
0
0
0
0
0
0
0
0
0
0
1.07599e-05
2.22069e-05
2.4928e-05
2.27027e-05
2.47102e-05
3.25589e-05
3.88677e-05
3.65984e-05
2.55338e-05
1.61859e-05
7.32206e-06
0
0
0
0
0
0
0
0
0
0
0
0
0
0
9.30248e-06
2.03353e-05
2.26144e-05
1.94461e-05
1.8941e-05
2.83821e-05
3.54456e-05
3.65194e-05
3.06848e-05
1.9297e-05
8.59107e-06
0
0
0
0
0
0
0
0
0
0
0
0
0
0
7.00719e-06
1.75945e-05
1.92685e-05
1.51166e-05
1.41444e-05
2.09261e-05
3.13852e-05
3.46033e-05
3.22174e-05
2.56022e-05
1.13849e-05
0
0
0
0
0
0
0
0
0
0
0
0
0
0
3.21876e-06
1.38216e-05
1.54339e-05
1.07121e-05
1.02159e-05
1.33823e-05
2.40227e-05
3.09889e-05
3.17807e-05
2.87088e-05
1.73882e-05
0
0
0
0
0
0
0
0
0
0
0
0
0
0
5.11521e-07
3.37555e-06
1.19116e-05
7.49808e-06
8.01839e-06
9.06903e-06
1.26963e-05
2.28802e-05
2.85574e-05
2.93616e-05
2.23066e-05
0
0
0
0
0
0
0
0
0
0
0
0
0
0
0
0
6.31106e-06
6.50856e-06
7.34274e-06
7.82116e-06
6.71979e-06
8.4656e-06
1.54084e-05
2.17892e-05
2.23978e-05
0
0
0
0
0
0
0
0
0
0
0
0
4.2141e-09
5.82853e-08
0
0
8.25007e-08
1.59784e-06
9.28754e-06
9.60828e-06
6.22295e-06
3.43348e-06
2.16808e-06
1.06324e-06
5.57454e-07
8.90526e-07
0
0
0
0
0
0
0
0
0
0
0
0
1.63867e-07
7.87278e-08
8.11869e-08
5.82161e-08
0
3.0171e-07
2.29401e-06
8.53366e-06
5.25665e-06
8.94756e-07
9.93578e-08
6.31091e-08
8.05906e-08
5.85258e-08
0
0
0
0
0
0
0
0
0
0
0
3.50162e-07
2.58948e-07
1.84674e-07
8.74991e-08
0
9.93698e-10
2.57573e-07
1.78474e-06
1.08391e-05
7.37532e-07
0
2.76628e-10
4.67468e-09
0
0
0
0
0
2.46366e-08
4.35975e-10
0
0
0
0
0
6.41311e-07
4.53083e-07
2.74581e-07
1.10609e-07
2.86283e-09
0
8.47685e-08
5.87143e-07
2.5739e-06
4.00304e-07
0
0
0
0
0
0
0
0
2.86683e-08
6.61865e-09
6.1356e-10
0
0
0
0
)
;

boundaryField
{
    inlet
    {
        type            zeroGradient;
    }
    outlet
    {
        type            zeroGradient;
    }
    upperWall
    {
        type            zeroGradient;
    }
    lowerWall
    {
        type            zeroGradient;
    }
    frontAndBack
    {
        type            empty;
    }
}


// ************************************************************************* //
