/*--------------------------------*- C++ -*----------------------------------*\
  =========                 |
  \\      /  F ield         | OpenFOAM: The Open Source CFD Toolbox
   \\    /   O peration     | Website:  https://openfoam.org
    \\  /    A nd           | Version:  6
     \\/     M anipulation  |
\*---------------------------------------------------------------------------*/
FoamFile
{
    version     2.0;
    format      ascii;
    class       volScalarField;
    location    "0.25";
    object      s;
}
// * * * * * * * * * * * * * * * * * * * * * * * * * * * * * * * * * * * * * //

dimensions      [0 0 0 0 0 0 0];

internalField   nonuniform List<scalar> 
12225
(
1
1
1
1
1
1
1
1
1
1
1
1
1
1
1
1
1
1
1
1
1
1
1
1
1
1
1
1
1
1
1
1
1
1
1
1
1
1
1
1
1
1
1
1
1
1
1
1
1
1
1
1
1
1
1
1
1
1
1
1
1
1
1
1
1
1
1
1
1
1
1
1
1
1
1
1
1
1
1
1
1
1
1
1
1
1
1
1
1
1
1
1
1
1
1
1
1
1
1
1
1
1
1
1
1
1
1
1
1
1
1
1
1
1
1
1
1
1
1
1
1
1
1
1
1
1
1
1
1
1
1
1
1
1
1
1
1
1
1
1
1
1
1
1
1
1
1
1
1
1
1
1
1
1
1
1
1
1
1
1
1
1
1
1
1
1
1
1
1
1
1
1
1
1
1
1
1
1
1
1
1
1
1
1
1
1
1
1
1
1
1
1
1
1
1
1
1
1
1
1
1
1
1
1
1
1
1
1
1
1
1
1
1
1
1
1
1
1
1
1
1
1
1
1
1
1
1
1
1
1
1
1
1
1
1
1
1
1
1
1
1
1
1
1
1
1
1
1
1
1
1
1
1
1
1
1
1
1
1
1
1
1
1
1
1
1
1
1
1
1
1
1
1
1
1
1
1
1
1
1
1
1
1
1
1
1
1
1
1
1
1
1
1
1
1
1
1
1
1
1
1
1
1
1
1
1
1
1
1
1
1
1
1
1
1
1
1
1
1
1
1
1
1
1
1
1
1
1
1
1
1
1
1
1
1
1
1
1
1
1
1
1
1
1
1
1
1
1
1
1
1
1
1
1
1
1
1
1
1
1
1
1
1
1
1
1
1
1
1
1
1
1
1
1
1
1
1
1
1
1
1
1
1
1
1
1
1
1
1
1
1
1
1
1
1
1
1
1
1
1
1
1
1
1
1
1
1
1
1
1
1
1
1
1
1
1
1
1
1
1
1
1
1
1
1
1
1
1
1
1
1
1
1
1
1
1
1
1
1
1
1
1
1
1
1
1
1
1
1
1
1
1
1
1
1
1
1
1
1
1
1
1
1
1
1
1
1
1
1
1
1
1
1
1
1
1
1
1
1
1
1
1
1
1
1
1
1
1
1
1
1
1
1
1
1
1
1
1
1
1
1
1
1
1
1
1
1
1
1
1
1
1
1
1
1
1
1
1
1
1
1
1
1
1
1
1
1
1
1
1
1
1
1
1
1
1
1
1
1
1
0.964371
0.967495
0.967307
0.967601
0.96903
0.970975
0.971945
0.973785
0.975553
0.977377
0.978996
0.980362
0.981381
0.982078
0.982578
0.982948
0.983275
0.983556
0.98374
0.983825
0.983833
0.983809
0.983732
0.983508
0.983122
0.982699
0.982069
0.981061
0.979938
0.979301
0.979325
0.980869
0.982294
0.970403
0.951146
0.948974
0.948966
0.94988
0.950867
0.951787
0.952312
0.952952
0.953613
0.955483
0.956555
0.95786
0.958608
0.959689
0.960705
0.961329
0.962643
0.965335
0.968046
0.97377
0.980105
0.987313
0.989327
0.988401
0.987847
0.987606
0.987573
0.987577
0.98762
0.987728
0.987914
0.988175
0.988488
0.988812
0.989112
0.989376
0.989616
0.989855
0.990107
0.99037
0.990643
0.990931
0.991241
0.991566
0.991892
0.992202
0.992482
0.992715
0.992894
0.993035
0.993136
0.993185
0.993234
0.993253
0.993261
0.993263
0.993251
0.993207
0.993153
0.993107
0.993052
0.992976
0.992883
0.992781
0.992674
0.992553
0.992405
0.99224
0.992069
0.99188
0.991652
0.991419
0.991159
0.990878
0.990575
0.990257
0.989925
0.98958
0.989219
0.988844
0.988447
0.988032
0.987599
0.987156
0.986727
0.986344
0.986008
0.985695
0.985413
0.985176
0.984999
0.984888
0.984842
0.984843
0.984915
0.985268
0.985591
0.985769
0.98614
0.986526
0.986772
0.987174
0.988414
0.989546
0.989452
0.987781
0.987134
0.987704
0.988485
0.988929
0.98923
0.989434
0.98955
0.989643
0.989802
0.990248
0.991898
0.993962
0.994675
0.994594
0.994573
0.995433
0.995687
0.994892
0.99463
0.994836
0.994951
0.995083
0.995223
0.99535
0.995485
0.995635
0.995785
0.995907
0.996029
0.996124
0.9962
0.99627
0.996315
0.99633
0.996332
0.996303
0.996268
0.996194
0.996132
0.995855
0.961543
0.966979
0.966912
0.965399
0.96213
0.962716
0.964645
0.96898
0.973486
0.976754
0.979105
0.980581
0.981492
0.982123
0.982656
0.983045
0.983392
0.983767
0.984036
0.984484
0.984873
0.985282
0.985777
0.986212
0.986335
0.986309
0.986171
0.985777
0.984836
0.983777
0.981476
0.98123
0.981493
0.980719
0.978779
0.975526
0.964622
0.954695
0.953439
0.953533
0.953712
0.954602
0.954978
0.955493
0.956669
0.959625
0.96568
0.967226
0.969939
0.970728
0.970006
0.970063
0.972159
0.978567
0.987716
0.989004
0.989225
0.988801
0.988738
0.988961
0.989435
0.989857
0.990314
0.990752
0.991189
0.991684
0.992054
0.992396
0.992608
0.992817
0.99294
0.993074
0.99315
0.993258
0.993392
0.993638
0.993987
0.994374
0.994708
0.9949
0.994991
0.99503
0.995036
0.994962
0.99485
0.994812
0.994795
0.994793
0.994814
0.994889
0.994987
0.995062
0.995124
0.995185
0.995254
0.995335
0.995416
0.995481
0.995532
0.995577
0.995627
0.995692
0.995765
0.99583
0.995883
0.995948
0.996008
0.996056
0.996088
0.996104
0.996113
0.99611
0.99609
0.996042
0.99595
0.995793
0.995548
0.995179
0.99464
0.993877
0.992885
0.991727
0.990518
0.989396
0.988421
0.987514
0.986626
0.985858
0.985331
0.985043
0.984949
0.98497
0.985231
0.986074
0.986755
0.987031
0.987233
0.98793
0.988483
0.988316
0.988147
0.988215
0.988549
0.989284
0.989578
0.98957
0.989318
0.989109
0.989111
0.989233
0.989627
0.990622
0.990826
0.99069
0.990817
0.992405
0.994654
0.994621
0.994752
0.995263
0.995648
0.996033
0.99635
0.996654
0.996823
0.996991
0.99709
0.997139
0.997248
0.997319
0.997411
0.997471
0.997565
0.997619
0.99766
0.997685
0.997692
0.997696
0.997691
0.997613
0.954563
0.960037
0.960236
0.960498
0.964362
0.971634
0.976775
0.979651
0.980512
0.980874
0.981048
0.981038
0.980954
0.980738
0.980573
0.980345
0.980197
0.980208
0.980289
0.980498
0.980877
0.981333
0.982138
0.983231
0.984325
0.985248
0.985864
0.986146
0.986151
0.986053
0.985701
0.984726
0.983344
0.98252
0.981987
0.981552
0.980507
0.979385
0.977013
0.968829
0.96361
0.961175
0.960188
0.961203
0.965278
0.976359
0.983003
0.984665
0.985942
0.985681
0.981553
0.979348
0.983158
0.987804
0.989774
0.99024
0.990461
0.991307
0.99177
0.992359
0.992768
0.993028
0.993251
0.993433
0.99363
0.993777
0.993892
0.994007
0.994081
0.994169
0.994238
0.994343
0.994469
0.994684
0.994986
0.995169
0.99522
0.995231
0.995174
0.994947
0.994564
0.99407
0.993514
0.993194
0.993054
0.992969
0.992936
0.99293
0.992952
0.993056
0.993237
0.993444
0.993634
0.993833
0.994067
0.994331
0.994608
0.994872
0.995099
0.995273
0.995414
0.995559
0.995713
0.995846
0.995961
0.996096
0.996224
0.996354
0.99648
0.996605
0.996718
0.996818
0.996919
0.997021
0.997132
0.99725
0.997364
0.997465
0.997536
0.997558
0.997494
0.997197
0.996519
0.99551
0.994305
0.993231
0.992329
0.991459
0.990463
0.989378
0.988458
0.987902
0.987706
0.987686
0.987774
0.988312
0.988869
0.988973
0.988961
0.988832
0.988701
0.9887
0.988735
0.988845
0.989265
0.989958
0.990283
0.9904
0.990449
0.990409
0.990176
0.990075
0.990064
0.990098
0.990483
0.992758
0.994525
0.994607
0.995033
0.995522
0.995879
0.996204
0.996383
0.996493
0.996499
0.99643
0.996363
0.996354
0.996427
0.996548
0.996738
0.996936
0.99717
0.997389
0.99755
0.997661
0.997699
0.997724
0.997732
0.997733
0.950567
0.951397
0.961079
0.975761
0.982105
0.983129
0.982828
0.981977
0.980733
0.979626
0.978979
0.97853
0.978388
0.978363
0.978325
0.978258
0.97819
0.97815
0.978044
0.978003
0.978027
0.978124
0.978364
0.978922
0.979827
0.981136
0.982812
0.984347
0.985305
0.98577
0.985776
0.98567
0.985368
0.984684
0.983953
0.9836
0.983507
0.983526
0.983572
0.983319
0.980994
0.970487
0.964741
0.967606
0.980975
0.986771
0.988048
0.987732
0.986788
0.985984
0.985007
0.986633
0.989177
0.990871
0.991606
0.992072
0.992572
0.993031
0.99333
0.993607
0.993747
0.993812
0.99386
0.993897
0.993939
0.99398
0.994036
0.994127
0.994262
0.994459
0.994679
0.994942
0.995302
0.995472
0.995509
0.99551
0.995417
0.995103
0.994595
0.993762
0.992742
0.992399
0.992293
0.992265
0.992258
0.992258
0.992261
0.99227
0.992291
0.992323
0.992367
0.992422
0.992487
0.992567
0.992671
0.992808
0.992985
0.993204
0.993467
0.993772
0.994083
0.994384
0.9947
0.995011
0.995298
0.995618
0.995918
0.99619
0.99644
0.996659
0.996852
0.997034
0.997165
0.997252
0.997312
0.997403
0.997513
0.997634
0.997763
0.997899
0.99804
0.99814
0.998158
0.998025
0.997369
0.995932
0.994635
0.993882
0.993409
0.992767
0.991721
0.990584
0.989756
0.989215
0.988828
0.988634
0.988601
0.988664
0.988986
0.989221
0.989276
0.989263
0.989179
0.989156
0.989195
0.98938
0.989937
0.990538
0.990915
0.991031
0.990954
0.990524
0.990358
0.99045
0.991157
0.993559
0.994535
0.99461
0.995112
0.995486
0.995662
0.995677
0.9952
0.994725
0.994373
0.994189
0.994119
0.994119
0.99427
0.994442
0.994783
0.995307
0.995909
0.996519
0.996995
0.997357
0.997584
0.997663
0.997671
0.997667
0.948285
0.966005
0.98409
0.985704
0.985099
0.983194
0.979666
0.977076
0.97665
0.9769
0.977436
0.977846
0.978122
0.978281
0.978264
0.978177
0.978076
0.977898
0.977518
0.97718
0.977095
0.977115
0.977207
0.977439
0.978023
0.978786
0.979795
0.980978
0.982238
0.983748
0.984889
0.985351
0.985328
0.985208
0.984945
0.984788
0.984788
0.985044
0.98572
0.985838
0.984484
0.972446
0.968887
0.982076
0.98906
0.988936
0.988178
0.987928
0.987775
0.988245
0.989374
0.990623
0.991719
0.992331
0.992698
0.993068
0.99329
0.993517
0.993663
0.993747
0.993777
0.993789
0.993791
0.993797
0.993818
0.993883
0.994012
0.994215
0.994483
0.994862
0.995408
0.995816
0.99591
0.995921
0.995875
0.995687
0.995261
0.99456
0.993413
0.992557
0.992329
0.992274
0.99227
0.992283
0.9923
0.992315
0.992339
0.99237
0.992406
0.992433
0.992449
0.992465
0.992489
0.992518
0.992558
0.992617
0.992698
0.992804
0.992931
0.993072
0.993236
0.993411
0.993603
0.993811
0.994031
0.994273
0.99458
0.995028
0.995577
0.996178
0.996691
0.997108
0.997462
0.997749
0.997967
0.99806
0.998067
0.998012
0.997962
0.997977
0.998078
0.998228
0.998384
0.998512
0.998542
0.998413
0.997672
0.995963
0.994679
0.993992
0.993689
0.993613
0.99365
0.993832
0.993882
0.993783
0.99309
0.991171
0.990008
0.989604
0.989537
0.989581
0.989672
0.989677
0.989673
0.989718
0.989959
0.990558
0.990984
0.991132
0.991103
0.990811
0.990674
0.99079
0.991791
0.993991
0.994482
0.994625
0.995056
0.995195
0.994769
0.994174
0.993668
0.993429
0.993314
0.993277
0.993321
0.993369
0.99349
0.993609
0.993785
0.994058
0.994606
0.995602
0.996486
0.997138
0.997532
0.997701
0.997719
0.9977
0.967314
0.986768
0.987425
0.985393
0.980397
0.976432
0.975432
0.975545
0.976348
0.978047
0.979397
0.980075
0.9803
0.980107
0.97963
0.978868
0.978279
0.977693
0.97701
0.976533
0.976414
0.976431
0.976536
0.976893
0.977597
0.978211
0.97892
0.979757
0.980708
0.981416
0.982661
0.98386
0.984621
0.984965
0.98505
0.985144
0.985407
0.986203
0.987
0.987172
0.985178
0.969629
0.976084
0.989716
0.989834
0.989267
0.989105
0.989347
0.989891
0.990522
0.991314
0.992119
0.992537
0.992939
0.99318
0.993389
0.993497
0.993636
0.993705
0.993732
0.993733
0.993723
0.993727
0.993753
0.993817
0.993926
0.994138
0.99449
0.995011
0.995756
0.99634
0.996467
0.996478
0.99642
0.996191
0.995694
0.99492
0.993844
0.992843
0.992533
0.992472
0.992484
0.992557
0.992645
0.992705
0.992754
0.992836
0.992943
0.993072
0.993173
0.993213
0.993222
0.993209
0.993163
0.993094
0.993024
0.992978
0.992956
0.992982
0.993052
0.993154
0.993273
0.993403
0.993537
0.993682
0.993826
0.993935
0.994035
0.994184
0.994474
0.995057
0.995913
0.99688
0.997608
0.998106
0.99845
0.998703
0.998874
0.998913
0.998784
0.99853
0.998371
0.998371
0.998507
0.998686
0.998786
0.998773
0.998491
0.997242
0.995581
0.994686
0.99442
0.994462
0.994994
0.996026
0.99649
0.996536
0.996272
0.994688
0.992031
0.990665
0.990196
0.990139
0.990288
0.990828
0.991065
0.991082
0.991118
0.991248
0.991306
0.991268
0.991012
0.990932
0.991091
0.992384
0.994194
0.994417
0.994609
0.994862
0.994386
0.993742
0.993319
0.993089
0.992997
0.992969
0.99299
0.993064
0.993142
0.993268
0.993395
0.993535
0.993687
0.993923
0.994436
0.995618
0.996658
0.997378
0.997756
0.997855
0.997833
0.991463
0.990707
0.9868
0.978113
0.975438
0.974988
0.975449
0.977091
0.980796
0.983635
0.984723
0.984588
0.983442
0.981711
0.980382
0.979233
0.978187
0.977172
0.976484
0.97621
0.976152
0.976179
0.976366
0.977124
0.977934
0.97851
0.979083
0.97959
0.980024
0.980402
0.981146
0.982502
0.98389
0.984789
0.985152
0.985422
0.986058
0.987203
0.988044
0.988096
0.983329
0.965669
0.985598
0.990577
0.990702
0.990494
0.990614
0.991218
0.991511
0.991996
0.992507
0.992857
0.993062
0.993346
0.99353
0.993658
0.993724
0.993788
0.99381
0.993817
0.993831
0.993856
0.993924
0.99405
0.99426
0.994589
0.995059
0.995715
0.996471
0.996974
0.99711
0.997129
0.997062
0.996794
0.99634
0.995763
0.994987
0.993921
0.992985
0.992751
0.992741
0.992815
0.992922
0.992977
0.993023
0.993144
0.99337
0.993684
0.994027
0.994336
0.994559
0.994637
0.994651
0.994608
0.994451
0.994269
0.994059
0.993847
0.993663
0.993509
0.993411
0.993377
0.993416
0.993506
0.99362
0.993741
0.993858
0.993943
0.993986
0.994029
0.994106
0.994305
0.994841
0.996037
0.997283
0.998086
0.998613
0.998965
0.999204
0.999352
0.99939
0.999264
0.998894
0.998673
0.998667
0.99881
0.998959
0.998987
0.998867
0.998139
0.996422
0.995398
0.995117
0.995194
0.995868
0.996774
0.997114
0.997132
0.996881
0.995464
0.992837
0.991319
0.990793
0.99078
0.991185
0.992083
0.992396
0.992388
0.992252
0.991866
0.991403
0.991069
0.991022
0.991213
0.992721
0.994274
0.994386
0.994546
0.994432
0.993647
0.993221
0.99299
0.992869
0.992797
0.992771
0.992794
0.992897
0.993012
0.993159
0.99331
0.993461
0.99361
0.993771
0.994025
0.994693
0.996025
0.997081
0.997727
0.998015
0.998021
0.991284
0.988578
0.97923
0.975738
0.975236
0.976367
0.979395
0.984485
0.987447
0.988214
0.987944
0.986748
0.984035
0.981755
0.980327
0.979248
0.978001
0.976926
0.976344
0.976259
0.976376
0.976963
0.977622
0.978224
0.97869
0.979041
0.979384
0.97972
0.980051
0.980458
0.981319
0.982766
0.984137
0.984995
0.985491
0.986083
0.987253
0.988448
0.989131
0.988201
0.976334
0.968899
0.988369
0.991366
0.991838
0.991996
0.992377
0.992909
0.993257
0.993657
0.994026
0.99418
0.994259
0.994311
0.994337
0.994346
0.994353
0.994367
0.994411
0.994508
0.994677
0.994974
0.995371
0.99585
0.99635
0.996849
0.997245
0.997517
0.997683
0.997731
0.997719
0.997578
0.997349
0.99706
0.996615
0.996016
0.995303
0.994439
0.993599
0.993338
0.993317
0.993332
0.993258
0.993186
0.993209
0.99343
0.993916
0.994611
0.995302
0.995734
0.995968
0.996123
0.996246
0.996327
0.996296
0.996085
0.995718
0.995285
0.994915
0.99455
0.994216
0.993952
0.993765
0.993672
0.993665
0.993731
0.993837
0.993965
0.99404
0.994039
0.994042
0.994075
0.994167
0.994465
0.995408
0.996774
0.997771
0.998503
0.999019
0.999349
0.999535
0.999618
0.999603
0.999375
0.999014
0.998905
0.998954
0.999108
0.999152
0.999083
0.998589
0.997087
0.996089
0.995824
0.9959
0.996469
0.997019
0.997141
0.997067
0.99647
0.994288
0.992238
0.991305
0.991131
0.991304
0.99222
0.992996
0.993172
0.993124
0.99274
0.991721
0.991195
0.991119
0.991331
0.992957
0.994289
0.994317
0.994392
0.993966
0.993242
0.992941
0.992814
0.992628
0.992503
0.992449
0.992474
0.992595
0.992794
0.993008
0.993226
0.993421
0.99359
0.993743
0.993936
0.994311
0.99542
0.996702
0.997602
0.998082
0.998207
0.990689
0.984813
0.976902
0.975765
0.977657
0.982706
0.987632
0.989177
0.989483
0.989233
0.988534
0.98669
0.983454
0.980969
0.98004
0.979467
0.978161
0.977211
0.977091
0.977638
0.978455
0.978811
0.979038
0.979406
0.979651
0.979893
0.980112
0.980383
0.980772
0.981414
0.982509
0.983868
0.984997
0.985793
0.986605
0.987816
0.988932
0.989734
0.989628
0.986063
0.968566
0.973833
0.989674
0.992058
0.992749
0.993254
0.994088
0.994539
0.994967
0.995324
0.995609
0.995713
0.995821
0.995948
0.995997
0.996016
0.996053
0.996115
0.996235
0.996426
0.996639
0.99688
0.997127
0.997353
0.997535
0.997678
0.997774
0.99782
0.997834
0.997827
0.997765
0.99763
0.997438
0.997215
0.996912
0.996522
0.996063
0.995558
0.995058
0.994644
0.994315
0.993844
0.993399
0.99333
0.993486
0.99403
0.995005
0.995836
0.996085
0.996187
0.996299
0.996447
0.99662
0.996827
0.997037
0.997217
0.997319
0.997168
0.996628
0.9959
0.995257
0.994756
0.994408
0.99415
0.993974
0.99388
0.993875
0.993977
0.99413
0.994205
0.994189
0.994122
0.994116
0.994184
0.994434
0.995217
0.996402
0.997454
0.998321
0.998973
0.999402
0.999633
0.999728
0.999736
0.99962
0.999277
0.999125
0.999134
0.999247
0.999293
0.999238
0.998818
0.997552
0.99674
0.99653
0.99659
0.996918
0.99707
0.997034
0.996632
0.994876
0.992721
0.991609
0.991316
0.991395
0.992118
0.993131
0.993486
0.993489
0.993186
0.992066
0.991349
0.991231
0.991454
0.993117
0.994278
0.99425
0.99417
0.993564
0.993
0.992784
0.992571
0.992265
0.99204
0.991947
0.99199
0.992167
0.992423
0.992728
0.993049
0.993346
0.993579
0.993742
0.993921
0.994202
0.994927
0.996331
0.997431
0.998074
0.998324
0.989966
0.980484
0.976357
0.978231
0.984771
0.989123
0.989976
0.989926
0.989716
0.989192
0.988018
0.985271
0.981633
0.980305
0.979988
0.979774
0.979168
0.979083
0.979303
0.98022
0.981012
0.98155
0.982057
0.982481
0.982683
0.982852
0.983136
0.983573
0.984207
0.984998
0.985857
0.986623
0.987307
0.9881
0.988946
0.989718
0.990131
0.990176
0.989104
0.981153
0.965751
0.977688
0.990254
0.992416
0.993242
0.993921
0.994857
0.995627
0.996185
0.996556
0.996781
0.996871
0.996982
0.997085
0.997121
0.997146
0.997166
0.997173
0.997182
0.997193
0.997212
0.99725
0.997302
0.997341
0.997355
0.997293
0.997182
0.997056
0.996946
0.996891
0.996858
0.996831
0.996795
0.996694
0.996525
0.996269
0.995929
0.995507
0.995021
0.994472
0.993779
0.993352
0.993305
0.993415
0.993864
0.99493
0.995979
0.996145
0.996142
0.996063
0.995988
0.995973
0.996081
0.99636
0.99675
0.997192
0.997586
0.997884
0.998077
0.997983
0.997347
0.996326
0.995368
0.994762
0.99439
0.994183
0.994072
0.99405
0.994127
0.994243
0.994284
0.994276
0.994204
0.994169
0.994211
0.994441
0.995167
0.996232
0.997304
0.998242
0.998964
0.999443
0.999698
0.999794
0.999804
0.999721
0.999438
0.999301
0.999301
0.999385
0.999421
0.999369
0.998981
0.997979
0.997409
0.997252
0.997255
0.997265
0.997214
0.996837
0.995204
0.993017
0.991824
0.991463
0.991504
0.99211
0.993189
0.993606
0.993624
0.993329
0.992191
0.991456
0.991337
0.99157
0.993217
0.994244
0.99418
0.994006
0.99336
0.992872
0.992682
0.992205
0.991784
0.991552
0.991468
0.991574
0.991765
0.992041
0.992378
0.992767
0.993188
0.993547
0.99378
0.993932
0.994181
0.994688
0.996025
0.997283
0.998052
0.998373
0.988861
0.978694
0.976678
0.983766
0.989572
0.990332
0.990204
0.989781
0.989161
0.988241
0.986412
0.982713
0.980533
0.980317
0.980659
0.981039
0.981098
0.981167
0.981851
0.983199
0.984222
0.984836
0.985627
0.986031
0.986499
0.987086
0.987355
0.987875
0.988233
0.98857
0.988955
0.989315
0.989694
0.990061
0.990358
0.990498
0.990427
0.989854
0.986757
0.97185
0.965006
0.979605
0.990232
0.992406
0.993287
0.994026
0.994907
0.995864
0.996604
0.997096
0.997348
0.997457
0.997562
0.997602
0.997606
0.997576
0.997499
0.997393
0.997289
0.997188
0.997071
0.996886
0.99657
0.996007
0.995382
0.994804
0.994345
0.994023
0.993834
0.993747
0.993721
0.993731
0.993799
0.993845
0.993856
0.993833
0.993745
0.993572
0.993311
0.993071
0.993051
0.993366
0.993767
0.99415
0.994879
0.996016
0.996257
0.996126
0.995699
0.99497
0.994434
0.994138
0.993979
0.994091
0.99458
0.995456
0.996568
0.997468
0.998133
0.99852
0.998712
0.998626
0.997904
0.996601
0.995448
0.994733
0.994355
0.994204
0.994183
0.994237
0.994289
0.9943
0.994283
0.994201
0.994142
0.994149
0.994318
0.994969
0.996129
0.997304
0.998301
0.999039
0.999512
0.999756
0.99984
0.999846
0.999766
0.999534
0.999438
0.999442
0.999515
0.999539
0.999488
0.999136
0.998411
0.998021
0.997886
0.997829
0.997719
0.997345
0.995837
0.993507
0.992145
0.991684
0.991691
0.992196
0.993295
0.993718
0.993726
0.993379
0.992203
0.991528
0.991431
0.991679
0.993282
0.994216
0.994133
0.993877
0.993247
0.992793
0.992474
0.991801
0.991363
0.99117
0.991128
0.991205
0.991382
0.991675
0.992036
0.992454
0.992949
0.993455
0.993823
0.994001
0.994195
0.994618
0.99577
0.997171
0.998043
0.998408
0.9874
0.978229
0.978901
0.988096
0.990364
0.990409
0.989816
0.988708
0.987992
0.987012
0.98438
0.981131
0.980472
0.980657
0.981739
0.982868
0.983259
0.983525
0.984153
0.985137
0.985922
0.986429
0.987093
0.987827
0.988372
0.988843
0.989391
0.989735
0.989937
0.990226
0.990389
0.990508
0.990593
0.99063
0.990633
0.990458
0.98988
0.987656
0.979327
0.966436
0.964696
0.980706
0.990015
0.992281
0.993225
0.99397
0.994797
0.995792
0.996594
0.997148
0.997459
0.997597
0.997705
0.997732
0.99772
0.997641
0.997501
0.99732
0.997066
0.996656
0.995933
0.995122
0.99435
0.9938
0.99348
0.993304
0.993237
0.993313
0.993457
0.993627
0.993753
0.993808
0.993848
0.993903
0.993974
0.994035
0.994072
0.994083
0.994121
0.994362
0.994654
0.994717
0.994766
0.994977
0.995736
0.996411
0.996282
0.99569
0.994647
0.994145
0.993845
0.993533
0.993215
0.992942
0.992762
0.99283
0.993444
0.994921
0.996742
0.998011
0.998722
0.999047
0.999159
0.998972
0.998031
0.996524
0.995344
0.994672
0.994369
0.994278
0.994274
0.994279
0.994274
0.994235
0.99409
0.993981
0.993975
0.994084
0.994613
0.996013
0.997414
0.998465
0.999178
0.999606
0.999811
0.999875
0.999873
0.999785
0.999607
0.99955
0.999561
0.999629
0.999646
0.999601
0.999311
0.998843
0.998616
0.998521
0.998396
0.998071
0.99686
0.994366
0.992735
0.992101
0.992057
0.992451
0.993514
0.993914
0.993896
0.993438
0.992209
0.991604
0.99153
0.991781
0.993303
0.994195
0.994116
0.993782
0.993144
0.992726
0.992228
0.991496
0.991058
0.990867
0.990801
0.990792
0.990902
0.99122
0.991672
0.992154
0.992698
0.993313
0.993823
0.994102
0.99427
0.994615
0.995585
0.997085
0.998064
0.998476
0.986131
0.978217
0.981362
0.989176
0.990473
0.990236
0.989022
0.987932
0.98736
0.98605
0.9829
0.980805
0.980602
0.981358
0.983206
0.98412
0.984451
0.984736
0.985269
0.985895
0.986315
0.986722
0.987403
0.988085
0.988592
0.9892
0.989791
0.990082
0.990304
0.990438
0.990487
0.990502
0.990486
0.9903
0.989781
0.988533
0.985589
0.978818
0.967777
0.963478
0.965229
0.980411
0.989422
0.991973
0.993038
0.993793
0.994418
0.995477
0.99641
0.997046
0.997397
0.99755
0.997674
0.99771
0.997697
0.997586
0.997316
0.996797
0.995974
0.995026
0.994223
0.993639
0.993258
0.993057
0.992976
0.99297
0.993102
0.993302
0.993571
0.993888
0.994248
0.994557
0.994933
0.995267
0.99554
0.995649
0.995712
0.995731
0.995691
0.995526
0.995288
0.994998
0.994892
0.99509
0.995971
0.996556
0.996099
0.994955
0.99439
0.994195
0.994101
0.993949
0.993567
0.993036
0.992604
0.992354
0.992228
0.992423
0.993378
0.995653
0.997632
0.998731
0.999233
0.999422
0.999428
0.999062
0.99776
0.996162
0.995132
0.994593
0.994363
0.99428
0.994245
0.994191
0.994049
0.993916
0.993874
0.993884
0.993993
0.9945
0.996104
0.997667
0.998706
0.99935
0.999705
0.999861
0.999902
0.999893
0.999795
0.999673
0.999644
0.999664
0.999728
0.99974
0.999706
0.999507
0.999258
0.999139
0.999022
0.99876
0.997883
0.995464
0.993561
0.992738
0.992622
0.992908
0.993832
0.994185
0.994136
0.993526
0.992271
0.99174
0.991684
0.991903
0.993288
0.994175
0.994116
0.993688
0.993037
0.992696
0.992104
0.991276
0.990824
0.990622
0.990464
0.990329
0.990351
0.990698
0.991293
0.991866
0.992474
0.993179
0.993812
0.994187
0.994377
0.994667
0.995494
0.997034
0.998093
0.99855
0.98558
0.978499
0.98237
0.989621
0.990523
0.99004
0.988631
0.98754
0.986785
0.984857
0.981924
0.981135
0.981215
0.9822
0.98399
0.984853
0.985193
0.985473
0.985957
0.986457
0.986741
0.987083
0.987577
0.988048
0.988526
0.988969
0.98915
0.989207
0.989219
0.989189
0.989009
0.988522
0.987537
0.985708
0.982375
0.976658
0.968601
0.964175
0.962521
0.964306
0.970209
0.980322
0.988478
0.991277
0.992649
0.993535
0.993936
0.994585
0.99566
0.996611
0.99704
0.997206
0.99735
0.997457
0.997471
0.997313
0.996741
0.995571
0.994563
0.993801
0.993279
0.992938
0.992771
0.992706
0.992728
0.99282
0.992974
0.993238
0.993634
0.994225
0.994785
0.995365
0.995946
0.996321
0.996478
0.996496
0.996442
0.996219
0.995722
0.995076
0.994558
0.994411
0.994494
0.995014
0.996318
0.996614
0.995754
0.994768
0.994646
0.995107
0.995537
0.995669
0.995341
0.994435
0.99324
0.992497
0.992146
0.992026
0.992105
0.992701
0.994952
0.997315
0.998675
0.999335
0.999586
0.99965
0.999534
0.998847
0.997183
0.995756
0.994924
0.994509
0.994325
0.994178
0.99402
0.993904
0.993858
0.993857
0.993895
0.994076
0.994792
0.996621
0.998076
0.998994
0.999524
0.999795
0.999901
0.999924
0.999907
0.999811
0.999736
0.999726
0.999753
0.999808
0.999817
0.999797
0.99969
0.999585
0.999491
0.999296
0.998696
0.996652
0.994504
0.993481
0.993267
0.993441
0.994169
0.994471
0.994406
0.993712
0.992476
0.991969
0.991907
0.992069
0.993237
0.994148
0.994119
0.993691
0.99303
0.992675
0.991948
0.991106
0.990677
0.990425
0.990194
0.990055
0.990059
0.990255
0.99091
0.991609
0.992274
0.993051
0.993813
0.99428
0.994497
0.994759
0.995472
0.997016
0.998109
0.998587
0.985029
0.978882
0.983906
0.990073
0.990609
0.989732
0.987975
0.986682
0.985439
0.982877
0.981371
0.981202
0.981481
0.982577
0.984127
0.984975
0.985388
0.985898
0.986182
0.986305
0.986354
0.986368
0.986339
0.986137
0.985749
0.985189
0.984393
0.983395
0.982157
0.980638
0.97874
0.976297
0.973087
0.968954
0.964209
0.961664
0.960791
0.960667
0.963397
0.973785
0.977007
0.981016
0.987561
0.990306
0.991687
0.993092
0.993629
0.994009
0.994527
0.995259
0.995754
0.995927
0.996027
0.996174
0.996337
0.996268
0.995597
0.994695
0.993785
0.993112
0.992742
0.992538
0.992437
0.992399
0.992415
0.992495
0.992667
0.993101
0.993884
0.994743
0.995341
0.995748
0.996121
0.996397
0.996495
0.996479
0.996265
0.995278
0.994177
0.993695
0.993597
0.993687
0.994129
0.995463
0.996634
0.99668
0.995643
0.994912
0.9953
0.996048
0.996252
0.996327
0.996302
0.996045
0.994923
0.993318
0.992393
0.992024
0.991957
0.992035
0.992613
0.99496
0.997297
0.998698
0.999409
0.999694
0.999778
0.99975
0.999447
0.998256
0.996575
0.995454
0.994795
0.994391
0.994128
0.99397
0.9939
0.993889
0.993907
0.99402
0.994429
0.995732
0.997386
0.998569
0.999288
0.999681
0.999866
0.999931
0.99994
0.999916
0.999836
0.999797
0.999796
0.999827
0.99987
0.999879
0.999872
0.999842
0.999785
0.999666
0.999311
0.997903
0.995571
0.994276
0.993908
0.993979
0.994511
0.994781
0.994704
0.993987
0.992751
0.992218
0.99213
0.992235
0.993148
0.994119
0.994133
0.993723
0.993049
0.992689
0.991943
0.991077
0.990572
0.990271
0.990045
0.989955
0.989962
0.990087
0.990594
0.991397
0.992118
0.992959
0.99381
0.994374
0.994625
0.994871
0.995487
0.997011
0.998146
0.998624
0.984281
0.979595
0.98635
0.990686
0.99067
0.988907
0.98648
0.984844
0.983032
0.981739
0.981474
0.981479
0.982015
0.983203
0.984492
0.985283
0.985796
0.986241
0.986408
0.986489
0.986587
0.986698
0.98674
0.986746
0.986738
0.986674
0.986453
0.985628
0.984594
0.982953
0.980822
0.978083
0.974677
0.97082
0.966942
0.963651
0.962089
0.961522
0.967306
0.979638
0.983015
0.983151
0.986403
0.98915
0.990194
0.991851
0.993018
0.993562
0.993996
0.994409
0.994739
0.994801
0.994792
0.994721
0.994611
0.994565
0.994321
0.993862
0.993276
0.992777
0.9925
0.992353
0.992283
0.992261
0.992265
0.992306
0.992461
0.993019
0.994067
0.994882
0.995386
0.995704
0.995922
0.995983
0.995853
0.995047
0.993865
0.993218
0.99299
0.992964
0.993033
0.993312
0.994331
0.996145
0.996875
0.996798
0.995817
0.995269
0.995679
0.996173
0.99631
0.996392
0.99647
0.996432
0.995992
0.994413
0.99299
0.992211
0.99197
0.991964
0.992106
0.992959
0.995547
0.997602
0.998847
0.999499
0.999775
0.999862
0.999864
0.99974
0.999154
0.997628
0.996193
0.995234
0.99464
0.994294
0.994122
0.99407
0.994073
0.994128
0.9944
0.995394
0.996965
0.998201
0.999041
0.999542
0.999803
0.999918
0.999953
0.999953
0.999925
0.999871
0.999853
0.999856
0.999886
0.999917
0.999925
0.999923
0.999912
0.999867
0.999696
0.998983
0.996834
0.995166
0.994543
0.994513
0.994845
0.995122
0.995052
0.994333
0.993015
0.99242
0.992292
0.992354
0.993029
0.994078
0.994154
0.9938
0.993104
0.992733
0.991976
0.991109
0.990566
0.990197
0.989985
0.989922
0.98993
0.990025
0.990446
0.991288
0.99203
0.992913
0.993828
0.994468
0.994753
0.99499
0.99555
0.997044
0.99821
0.998685
0.983996
0.980375
0.987512
0.991097
0.990655
0.988131
0.98522
0.983537
0.982621
0.982217
0.982143
0.982475
0.983392
0.984655
0.985849
0.986828
0.987874
0.989001
0.990152
0.991558
0.992851
0.994076
0.995199
0.995848
0.996264
0.996419
0.996418
0.996423
0.99646
0.996542
0.996645
0.996728
0.996569
0.995754
0.993826
0.989885
0.982887
0.974336
0.967262
0.973802
0.983483
0.985578
0.986533
0.988248
0.989208
0.990141
0.991407
0.992495
0.99323
0.993752
0.994159
0.994325
0.99431
0.994223
0.994016
0.993776
0.993571
0.993314
0.993001
0.992709
0.992486
0.992342
0.992266
0.992244
0.992246
0.992277
0.992425
0.993047
0.994101
0.99486
0.995329
0.995514
0.995514
0.995279
0.994481
0.993629
0.993057
0.992809
0.992786
0.992834
0.993035
0.993615
0.995192
0.996595
0.997068
0.997006
0.996193
0.995662
0.995742
0.996063
0.99618
0.996304
0.996508
0.996562
0.996345
0.994931
0.993265
0.992477
0.992099
0.992007
0.992054
0.992395
0.994025
0.99653
0.998154
0.999111
0.999616
0.999841
0.999918
0.999929
0.999885
0.99964
0.998661
0.997072
0.995909
0.995167
0.994725
0.99452
0.994479
0.994505
0.994662
0.995332
0.996827
0.998047
0.998899
0.999433
0.999737
0.99989
0.999952
0.999968
0.999964
0.999937
0.999907
0.999901
0.999906
0.999931
0.999949
0.999953
0.999952
0.99994
0.999874
0.999568
0.998233
0.996218
0.99523
0.995036
0.995187
0.995468
0.99543
0.99483
0.99336
0.99263
0.992439
0.992466
0.992909
0.994015
0.994178
0.993918
0.99323
0.992839
0.992062
0.991194
0.990601
0.990208
0.989991
0.989924
0.989928
0.990008
0.990386
0.991243
0.991998
0.992896
0.993883
0.994578
0.994885
0.995112
0.99564
0.997102
0.998274
0.998734
0.983955
0.980707
0.987779
0.991521
0.991268
0.988616
0.985901
0.984784
0.984247
0.984127
0.984596
0.985786
0.987065
0.988679
0.990064
0.991587
0.99316
0.994362
0.995043
0.995775
0.996188
0.996394
0.996476
0.996486
0.996395
0.996303
0.996208
0.996099
0.996051
0.996101
0.996565
0.997171
0.997999
0.998694
0.999079
0.99924
0.998944
0.99724
0.988025
0.972746
0.973894
0.98393
0.98642
0.987935
0.988903
0.989463
0.990134
0.990931
0.991706
0.992409
0.993016
0.993503
0.993792
0.993866
0.993788
0.993603
0.993371
0.993161
0.992956
0.992728
0.992523
0.992375
0.99229
0.992268
0.992273
0.992313
0.992494
0.993224
0.994199
0.994878
0.995196
0.995225
0.994997
0.994071
0.993176
0.992682
0.992535
0.992563
0.992782
0.993254
0.994104
0.995536
0.996694
0.997318
0.997444
0.997369
0.996811
0.996092
0.995948
0.995976
0.996061
0.996204
0.996531
0.996684
0.996533
0.995129
0.993338
0.992595
0.992307
0.992197
0.992182
0.992347
0.993259
0.995712
0.997633
0.998781
0.999416
0.999746
0.999898
0.999952
0.999962
0.999943
0.99982
0.999288
0.997946
0.996761
0.9959
0.995354
0.995142
0.995131
0.995224
0.995635
0.996831
0.998013
0.998857
0.999393
0.999703
0.999868
0.999945
0.999973
0.999977
0.999972
0.99995
0.999938
0.999937
0.999943
0.99996
0.999968
0.999969
0.999966
0.999943
0.999822
0.999253
0.99744
0.996032
0.995574
0.995585
0.995792
0.995796
0.995384
0.993878
0.992884
0.992581
0.992576
0.992854
0.993905
0.994197
0.994032
0.993404
0.99297
0.992237
0.991378
0.990696
0.990256
0.990018
0.989944
0.98995
0.990025
0.990378
0.991237
0.992009
0.992946
0.993963
0.994682
0.995003
0.995225
0.99573
0.997171
0.998335
0.998772
0.984148
0.980701
0.986114
0.991913
0.992383
0.991188
0.989335
0.988645
0.988402
0.98843
0.989247
0.990263
0.991376
0.992529
0.993473
0.994514
0.995235
0.995833
0.996102
0.996267
0.99633
0.996347
0.996283
0.996244
0.996193
0.996125
0.996017
0.995847
0.995499
0.994948
0.994665
0.994662
0.995226
0.996885
0.998533
0.999318
0.999663
0.999784
0.999519
0.996368
0.980401
0.975769
0.981993
0.98686
0.988484
0.989347
0.989869
0.990339
0.990824
0.991318
0.991809
0.992286
0.992727
0.993107
0.993339
0.993358
0.99328
0.993123
0.99296
0.992811
0.99266
0.992495
0.992395
0.992383
0.992401
0.992469
0.992708
0.993512
0.994365
0.994878
0.995025
0.994959
0.994329
0.993218
0.992635
0.992511
0.99263
0.993448
0.994904
0.996306
0.997329
0.998012
0.998336
0.99836
0.998266
0.998032
0.997487
0.996735
0.996326
0.996211
0.996222
0.996302
0.996696
0.996974
0.996667
0.995039
0.993237
0.992595
0.992527
0.992563
0.992556
0.992603
0.993175
0.99526
0.997288
0.998568
0.999289
0.999665
0.999855
0.999942
0.999974
0.999979
0.999968
0.9999
0.99963
0.99881
0.997645
0.996645
0.996091
0.995965
0.996014
0.996328
0.997255
0.998174
0.998889
0.999389
0.999694
0.999859
0.99994
0.999974
0.999983
0.999983
0.999977
0.999965
0.999961
0.999962
0.999968
0.999976
0.999979
0.999978
0.999971
0.999924
0.999697
0.998667
0.99698
0.996186
0.996052
0.996134
0.99615
0.995891
0.994569
0.993249
0.992756
0.992708
0.992883
0.993775
0.99421
0.994133
0.99361
0.993145
0.992476
0.991632
0.990894
0.990379
0.990082
0.989992
0.990001
0.990087
0.990484
0.991383
0.992135
0.993074
0.994095
0.9948
0.995109
0.995326
0.995828
0.997274
0.998418
0.998827
0.984564
0.981027
0.984398
0.991398
0.99297
0.992847
0.99164
0.99121
0.991222
0.991893
0.992437
0.992874
0.993728
0.994421
0.99506
0.995726
0.996043
0.996316
0.996424
0.996495
0.996535
0.996541
0.996503
0.996352
0.996292
0.996271
0.99621
0.996119
0.995862
0.99525
0.99451
0.994285
0.99443
0.995292
0.997327
0.998744
0.999448
0.999777
0.999897
0.999837
0.998253
0.985714
0.97932
0.981514
0.986758
0.988883
0.989809
0.990375
0.990733
0.991055
0.991363
0.99165
0.991958
0.992265
0.992528
0.992802
0.993007
0.993003
0.992945
0.992847
0.992793
0.9927
0.992629
0.992623
0.992636
0.992697
0.99298
0.993823
0.994515
0.99484
0.994876
0.994653
0.993612
0.992757
0.992537
0.992662
0.993798
0.995619
0.996759
0.997538
0.99807
0.998409
0.99863
0.998782
0.99885
0.998824
0.99856
0.997797
0.997089
0.996752
0.996753
0.996903
0.997349
0.997288
0.996633
0.994287
0.99277
0.992493
0.99267
0.993078
0.993191
0.993254
0.993574
0.995185
0.997192
0.99848
0.99923
0.99963
0.999831
0.999927
0.999971
0.999987
0.999989
0.999983
0.999948
0.999825
0.999417
0.998281
0.997336
0.997001
0.996998
0.997177
0.997861
0.998578
0.999091
0.999462
0.999712
0.999861
0.999938
0.999974
0.999986
0.999988
0.999987
0.999982
0.999979
0.999979
0.99998
0.999983
0.999985
0.999985
0.999983
0.999966
0.999876
0.999454
0.99803
0.996904
0.996555
0.996538
0.99653
0.996356
0.995319
0.993759
0.993079
0.992951
0.993031
0.993675
0.994217
0.994208
0.99384
0.993302
0.992687
0.991896
0.991139
0.990548
0.990186
0.990082
0.990095
0.990194
0.99064
0.991583
0.992338
0.993265
0.994248
0.994907
0.99519
0.995404
0.995915
0.997394
0.998511
0.998891
0.985116
0.981697
0.983701
0.989856
0.992957
0.993483
0.9934
0.992883
0.992731
0.993161
0.993981
0.994312
0.994945
0.99539
0.995707
0.996168
0.996346
0.996509
0.996644
0.996701
0.996721
0.996658
0.996276
0.996121
0.996111
0.996184
0.996171
0.996097
0.995868
0.995238
0.994376
0.994136
0.994262
0.995004
0.997047
0.998616
0.999392
0.999729
0.999884
0.999951
0.999916
0.998825
0.988249
0.98167
0.982325
0.986377
0.989175
0.990251
0.991025
0.991212
0.991407
0.991601
0.991778
0.991952
0.992126
0.992312
0.992467
0.992662
0.992798
0.992803
0.992788
0.992769
0.992754
0.992754
0.992769
0.992853
0.993288
0.994097
0.994614
0.994785
0.99475
0.994253
0.993121
0.992593
0.992567
0.993095
0.994769
0.995889
0.996344
0.996497
0.996581
0.996786
0.997183
0.997727
0.998297
0.998689
0.998817
0.998771
0.998373
0.99788
0.997772
0.997789
0.997694
0.997373
0.995894
0.99341
0.99241
0.99232
0.992779
0.993716
0.994084
0.994248
0.99455
0.995608
0.997266
0.998475
0.999215
0.999619
0.999823
0.999921
0.999966
0.999987
0.999994
0.999994
0.999991
0.999974
0.999906
0.999624
0.998742
0.998212
0.99814
0.998201
0.998526
0.999028
0.999369
0.999608
0.999775
0.999883
0.999945
0.999976
0.999988
0.999991
0.999991
0.999989
0.999988
0.999988
0.999989
0.99999
0.999991
0.999991
0.999989
0.999983
0.999948
0.999779
0.998994
0.997705
0.997122
0.996987
0.996946
0.996808
0.996103
0.994438
0.993569
0.993374
0.993385
0.993716
0.994245
0.994277
0.99407
0.993503
0.992902
0.992152
0.991383
0.990754
0.990346
0.99022
0.990235
0.99035
0.990885
0.99187
0.992607
0.993506
0.99443
0.995014
0.995255
0.995467
0.996015
0.997564
0.998622
0.998946
0.985124
0.982277
0.983745
0.987838
0.99215
0.993414
0.993829
0.994004
0.994008
0.994059
0.994611
0.994925
0.995259
0.995733
0.995939
0.996189
0.996361
0.996491
0.996628
0.996681
0.996665
0.996545
0.996186
0.996098
0.996126
0.996207
0.996184
0.996025
0.995506
0.994414
0.99396
0.993986
0.99423
0.995208
0.997436
0.99891
0.999577
0.999824
0.999907
0.999961
0.999978
0.999935
0.998813
0.989218
0.982962
0.983041
0.986112
0.989361
0.990802
0.991695
0.991981
0.991931
0.991928
0.991985
0.992088
0.992195
0.992292
0.9924
0.992521
0.992638
0.992726
0.992761
0.992777
0.992796
0.99284
0.993002
0.993628
0.994306
0.994662
0.99473
0.994608
0.993795
0.992822
0.992481
0.992497
0.993085
0.993828
0.993716
0.993102
0.992618
0.992529
0.992641
0.99302
0.993823
0.995092
0.996553
0.997635
0.998227
0.998427
0.998353
0.998116
0.997943
0.997617
0.996696
0.994077
0.992399
0.992057
0.992161
0.992966
0.994476
0.995239
0.995594
0.995981
0.996767
0.997742
0.998629
0.999253
0.999625
0.999823
0.99992
0.999965
0.999986
0.999994
0.999997
0.999997
0.999995
0.999985
0.999937
0.999701
0.999374
0.9993
0.999316
0.999393
0.999532
0.999648
0.999753
0.999846
0.999915
0.999958
0.999981
0.999991
0.999993
0.999994
0.999993
0.999992
0.999992
0.999993
0.999994
0.999995
0.999994
0.999994
0.999991
0.999977
0.99991
0.999587
0.998524
0.997733
0.997464
0.997388
0.99726
0.996819
0.995381
0.994261
0.993897
0.993874
0.993931
0.994288
0.994366
0.994252
0.993771
0.993144
0.992393
0.991641
0.991022
0.990561
0.990406
0.990425
0.99057
0.991248
0.992227
0.992919
0.993776
0.994622
0.995122
0.995323
0.995532
0.996126
0.997736
0.998724
0.999002
0.985577
0.983563
0.984725
0.986898
0.989598
0.99262
0.993657
0.994087
0.994461
0.994704
0.995027
0.995336
0.995489
0.995791
0.995972
0.996146
0.996302
0.996373
0.996453
0.996446
0.996389
0.996231
0.996163
0.99619
0.996284
0.996275
0.996185
0.995785
0.994686
0.993897
0.993885
0.994058
0.994757
0.996649
0.998701
0.999546
0.999829
0.999933
0.999971
0.999984
0.999991
0.99999
0.999918
0.998378
0.989109
0.983565
0.98345
0.985756
0.989519
0.991391
0.992172
0.992801
0.992717
0.992469
0.99231
0.992289
0.992319
0.992381
0.992451
0.992556
0.99267
0.992746
0.992783
0.992821
0.992906
0.993228
0.993932
0.994455
0.994673
0.994678
0.994415
0.993396
0.99262
0.992345
0.992339
0.992371
0.991924
0.991306
0.991123
0.991154
0.991314
0.991474
0.991597
0.991726
0.991963
0.992516
0.993669
0.995183
0.996558
0.997064
0.997059
0.996854
0.99612
0.994056
0.992404
0.991944
0.991932
0.992128
0.993223
0.995264
0.996557
0.997254
0.997667
0.998011
0.998478
0.998988
0.999406
0.999684
0.999844
0.999927
0.999967
0.999986
0.999994
0.999998
0.999999
0.999999
0.999997
0.99999
0.999952
0.999847
0.999793
0.999784
0.99979
0.999813
0.99984
0.999871
0.999907
0.999943
0.999969
0.999985
0.999993
0.999995
0.999995
0.999995
0.999994
0.999994
0.999995
0.999996
0.999997
0.999997
0.999996
0.999995
0.999989
0.999963
0.999833
0.999239
0.998357
0.997951
0.997823
0.997705
0.997424
0.996495
0.995236
0.99459
0.99437
0.994315
0.99441
0.994463
0.994402
0.9941
0.993385
0.99266
0.991979
0.991362
0.990827
0.990655
0.990685
0.990886
0.991737
0.992658
0.993291
0.994083
0.994821
0.995221
0.995381
0.995597
0.996282
0.997958
0.998842
0.999055
0.987117
0.985754
0.987083
0.987504
0.988511
0.990138
0.992046
0.993641
0.994368
0.994758
0.995078
0.995415
0.99562
0.995815
0.995983
0.996097
0.996201
0.99625
0.996282
0.996279
0.996265
0.996257
0.996283
0.996341
0.996335
0.996256
0.995892
0.994747
0.993648
0.993686
0.993963
0.99481
0.996637
0.998734
0.999537
0.999819
0.999925
0.999968
0.999987
0.999993
0.999996
0.999997
0.999992
0.999822
0.99776
0.988438
0.983719
0.983539
0.985345
0.989709
0.991721
0.992708
0.993397
0.993441
0.993257
0.992867
0.992625
0.992519
0.992527
0.992572
0.992675
0.992754
0.992802
0.992868
0.993022
0.993547
0.994173
0.994553
0.994662
0.994617
0.994144
0.993135
0.992553
0.992299
0.991991
0.991482
0.991038
0.990875
0.990897
0.991097
0.991379
0.991548
0.99163
0.991662
0.991688
0.991731
0.991807
0.992024
0.992821
0.993485
0.993509
0.993355
0.992793
0.992108
0.991827
0.991811
0.991887
0.992235
0.993596
0.995984
0.997761
0.998644
0.998933
0.999012
0.999137
0.999354
0.999583
0.999763
0.999878
0.999942
0.999973
0.999988
0.999995
0.999998
0.999999
0.999999
0.999999
0.999998
0.999993
0.99997
0.999937
0.999918
0.99991
0.999908
0.99991
0.999923
0.999944
0.999964
0.999979
0.999989
0.999995
0.999997
0.999997
0.999996
0.999995
0.999995
0.999996
0.999997
0.999998
0.999998
0.999998
0.999997
0.999995
0.999984
0.999933
0.999685
0.998945
0.998431
0.998232
0.998122
0.997929
0.997488
0.996448
0.995523
0.994975
0.994706
0.994644
0.994615
0.994556
0.994365
0.993792
0.992931
0.992304
0.991668
0.991097
0.990965
0.991024
0.991333
0.992382
0.993156
0.993662
0.994357
0.994991
0.995316
0.995455
0.995686
0.996509
0.998203
0.998964
0.999108
0.989677
0.988335
0.98899
0.989955
0.989935
0.990146
0.990514
0.991456
0.993209
0.994436
0.994954
0.995352
0.995602
0.995792
0.995967
0.996069
0.996158
0.996212
0.996253
0.99627
0.996282
0.996333
0.996367
0.996355
0.996256
0.995862
0.994677
0.993273
0.993307
0.993698
0.994882
0.99724
0.998906
0.999586
0.999847
0.999944
0.999979
0.999991
0.999996
0.999998
0.999998
0.999999
0.999998
0.999982
0.999635
0.996869
0.987449
0.983548
0.983387
0.985026
0.98959
0.991984
0.993206
0.993832
0.994074
0.993983
0.993687
0.993198
0.9929
0.992772
0.99279
0.992836
0.99289
0.992986
0.993278
0.993894
0.994377
0.994617
0.994655
0.994543
0.993872
0.993033
0.992554
0.992135
0.991555
0.991052
0.99083
0.990826
0.991051
0.991553
0.991807
0.991929
0.991996
0.992019
0.991982
0.991866
0.99178
0.991755
0.991801
0.991889
0.991888
0.991866
0.991798
0.991733
0.991738
0.99179
0.991986
0.992556
0.994281
0.996767
0.998388
0.999151
0.999461
0.999577
0.999629
0.999677
0.999752
0.999837
0.999908
0.999954
0.999979
0.999991
0.999996
0.999998
0.999999
1
1
1
0.999999
0.999995
0.999981
0.999965
0.999953
0.999947
0.999945
0.999947
0.999959
0.999974
0.999985
0.999992
0.999996
0.999998
0.999998
0.999998
0.999997
0.999996
0.999997
0.999997
0.999998
0.999998
0.999998
0.999998
0.999997
0.999993
0.999973
0.999873
0.999446
0.99889
0.998621
0.998484
0.998335
0.998071
0.997623
0.996718
0.995785
0.995181
0.99492
0.994808
0.994732
0.994585
0.994216
0.993328
0.992715
0.991976
0.991436
0.991386
0.991503
0.992011
0.993093
0.993672
0.994065
0.994663
0.995171
0.995403
0.995524
0.995778
0.996796
0.998448
0.999073
0.999149
0.991381
0.990852
0.990886
0.991172
0.991474
0.991654
0.991297
0.991029
0.991415
0.992614
0.994128
0.994967
0.995425
0.995688
0.995898
0.996018
0.996112
0.996179
0.996231
0.996255
0.996308
0.996317
0.996287
0.996138
0.995642
0.994225
0.992739
0.992773
0.993259
0.994833
0.997805
0.999108
0.999654
0.999871
0.999953
0.999982
0.999993
0.999997
0.999999
0.999999
0.999999
1
0.999999
0.999998
0.999947
0.999347
0.995551
0.986346
0.983199
0.983104
0.984671
0.989402
0.992266
0.993596
0.99422
0.994605
0.994555
0.994398
0.994038
0.993496
0.993223
0.993182
0.993215
0.993334
0.993752
0.994237
0.994552
0.994668
0.994662
0.994444
0.993677
0.993015
0.992516
0.991887
0.991261
0.990901
0.990831
0.990948
0.991436
0.991744
0.991886
0.991972
0.992042
0.992107
0.99216
0.992186
0.992146
0.991979
0.991863
0.991803
0.99176
0.991733
0.991721
0.991729
0.991779
0.991939
0.992312
0.99318
0.99534
0.99743
0.998719
0.999379
0.999662
0.999772
0.999822
0.999859
0.999892
0.999922
0.999948
0.99997
0.999985
0.999993
0.999997
0.999999
1
1
1
1
1
0.999998
0.999994
0.999983
0.999973
0.999965
0.999962
0.999962
0.999968
0.99998
0.999989
0.999994
0.999997
0.999998
0.999999
0.999999
0.999998
0.999998
0.999998
0.999998
0.999999
0.999999
0.999999
0.999999
0.999998
0.999997
0.999989
0.999949
0.999764
0.999287
0.998983
0.998817
0.998662
0.99848
0.998251
0.997831
0.996846
0.995801
0.99526
0.995032
0.994918
0.9948
0.994558
0.993959
0.993264
0.992378
0.991969
0.991996
0.992219
0.992965
0.993781
0.994141
0.994401
0.994916
0.995318
0.995482
0.995596
0.995895
0.997143
0.998686
0.999163
0.99918
0.990515
0.991043
0.991193
0.991374
0.991592
0.991849
0.992067
0.991852
0.991522
0.991669
0.992118
0.993202
0.994474
0.995193
0.995608
0.995837
0.995985
0.996079
0.99615
0.99618
0.996174
0.996101
0.995834
0.995075
0.993168
0.992092
0.99215
0.992738
0.994722
0.997859
0.999164
0.999684
0.999885
0.999959
0.999985
0.999994
0.999998
0.999999
1
1
1
1
1
1
0.999992
0.999878
0.998926
0.993762
0.98546
0.982797
0.982764
0.984305
0.989379
0.992562
0.993965
0.994597
0.995031
0.995029
0.994946
0.994736
0.99432
0.994081
0.994044
0.994102
0.99429
0.994546
0.994696
0.994731
0.994675
0.994275
0.993572
0.993003
0.992376
0.991645
0.991086
0.990865
0.990868
0.991137
0.991554
0.991765
0.991874
0.99195
0.992032
0.992121
0.9922
0.99227
0.992325
0.992347
0.992283
0.992103
0.991948
0.991889
0.991893
0.991933
0.992061
0.992355
0.992882
0.994171
0.996322
0.997961
0.99898
0.999516
0.999759
0.999857
0.999899
0.999923
0.999942
0.999958
0.999972
0.999983
0.999991
0.999995
0.999998
0.999999
1
1
1
1
1
0.999999
0.999998
0.999991
0.999983
0.999977
0.999974
0.999973
0.999975
0.999983
0.999991
0.999995
0.999998
0.999999
0.999999
0.999999
0.999999
0.999998
0.999998
0.999998
0.999999
0.999999
0.999999
0.999999
0.999999
0.999998
0.999995
0.99998
0.999906
0.999618
0.999305
0.999119
0.998956
0.998802
0.998662
0.998442
0.997924
0.996612
0.995665
0.995275
0.995113
0.995012
0.994842
0.994543
0.994004
0.993147
0.992875
0.992948
0.993257
0.993984
0.994369
0.994515
0.994703
0.995154
0.995451
0.995554
0.995671
0.99605
0.997548
0.998922
0.999247
0.999203
0.999198
0.997701
0.995264
0.992931
0.992129
0.992078
0.992206
0.992199
0.99202
0.991713
0.991755
0.99196
0.992412
0.993345
0.994269
0.995025
0.995406
0.99564
0.995697
0.995649
0.995474
0.994906
0.993554
0.991838
0.991506
0.991645
0.992443
0.994909
0.997917
0.999191
0.999697
0.999891
0.999962
0.999987
0.999995
0.999998
0.999999
1
1
1
1
1
1
1
0.999999
0.999978
0.999765
0.998404
0.992183
0.984743
0.982465
0.982471
0.984038
0.989452
0.992871
0.994319
0.994975
0.99539
0.99545
0.99541
0.995291
0.995079
0.99488
0.994765
0.994753
0.994785
0.994821
0.994811
0.994636
0.994049
0.993479
0.992898
0.992141
0.991419
0.990983
0.990867
0.990915
0.991247
0.991575
0.99173
0.991806
0.991885
0.992007
0.992142
0.992258
0.992343
0.992414
0.992489
0.992549
0.992551
0.992429
0.992353
0.992357
0.992407
0.992574
0.992902
0.993614
0.995371
0.997251
0.998543
0.999286
0.999662
0.999833
0.999907
0.999938
0.999956
0.999967
0.999976
0.999984
0.99999
0.999994
0.999997
0.999999
0.999999
1
1
1
1
1
1
0.999999
0.999996
0.999991
0.999987
0.999984
0.999983
0.999983
0.999986
0.999992
0.999996
0.999998
0.999999
0.999999
0.999999
0.999999
0.999999
0.999999
0.999999
0.999999
0.999999
0.999999
0.999999
0.999999
0.999999
0.999998
0.999993
0.999966
0.999844
0.999588
0.999405
0.999244
0.999098
0.998992
0.998869
0.998603
0.997709
0.996278
0.995558
0.995308
0.995208
0.995093
0.994955
0.994711
0.994144
0.994025
0.994105
0.994438
0.994709
0.994783
0.994834
0.994981
0.995352
0.995541
0.995618
0.99576
0.996303
0.998043
0.999148
0.999322
0.999214
0.999973
0.99988
0.999639
0.999051
0.997859
0.996522
0.995181
0.99373
0.992965
0.992249
0.991917
0.991913
0.991993
0.992183
0.992399
0.992713
0.993127
0.993326
0.993242
0.992938
0.992108
0.991108
0.990794
0.990901
0.991427
0.992825
0.996113
0.998315
0.999313
0.999735
0.999903
0.999966
0.999988
0.999996
0.999999
0.999999
1
1
1
1
1
1
1
1
1
0.999996
0.999953
0.99963
0.997971
0.991347
0.984402
0.982328
0.98234
0.983901
0.989503
0.993136
0.994635
0.995317
0.995699
0.995817
0.995806
0.995751
0.995591
0.995275
0.995091
0.995035
0.995003
0.994882
0.994436
0.993839
0.99329
0.992617
0.991849
0.991225
0.990915
0.990859
0.99094
0.991283
0.991528
0.99163
0.991686
0.991801
0.99199
0.992213
0.992414
0.992547
0.992615
0.992661
0.992716
0.992778
0.992812
0.992831
0.992857
0.992929
0.993103
0.993518
0.994691
0.996719
0.998246
0.999159
0.999612
0.999816
0.999905
0.999945
0.999963
0.999974
0.999981
0.999987
0.999992
0.999995
0.999997
0.999998
0.999999
1
1
1
1
1
1
1
1
0.999998
0.999995
0.999992
0.99999
0.999989
0.999989
0.99999
0.999994
0.999997
0.999998
0.999999
0.999999
1
1
0.999999
0.999999
0.999999
1
1
1
1
1
1
0.999999
0.999997
0.999988
0.999947
0.999807
0.999649
0.999506
0.999371
0.999275
0.999199
0.999056
0.998637
0.997244
0.996021
0.995524
0.99537
0.99529
0.995229
0.995142
0.994906
0.994883
0.994955
0.995067
0.995061
0.995036
0.995071
0.995307
0.995566
0.995648
0.995714
0.995907
0.996783
0.998593
0.999358
0.999396
0.999207
0.999999
0.999994
0.999976
0.999924
0.999794
0.999508
0.999161
0.998482
0.997293
0.995866
0.993872
0.992865
0.992462
0.992287
0.992185
0.991986
0.991837
0.991671
0.991462
0.99111
0.99103
0.991193
0.991831
0.993245
0.995855
0.997833
0.998968
0.999548
0.999816
0.99993
0.999975
0.999991
0.999997
0.999999
1
1
1
1
1
1
1
1
1
1
1
0.999999
0.999992
0.999923
0.999525
0.99779
0.991336
0.984453
0.982402
0.982401
0.983933
0.989615
0.993379
0.994928
0.99561
0.995966
0.996103
0.996106
0.996041
0.995693
0.995433
0.995339
0.995188
0.994782
0.994133
0.993545
0.992951
0.992243
0.991535
0.991043
0.990841
0.990821
0.990927
0.991241
0.991405
0.991452
0.991518
0.991692
0.992021
0.992386
0.992707
0.992926
0.993031
0.99306
0.993059
0.993053
0.993077
0.993122
0.993186
0.993317
0.993612
0.99435
0.996229
0.998075
0.999138
0.999624
0.999832
0.99992
0.999957
0.999972
0.999979
0.999985
0.999989
0.999992
0.999995
0.999997
0.999998
0.999999
0.999999
1
1
1
1
1
1
1
1
0.999999
0.999998
0.999995
0.999993
0.999992
0.999992
0.999992
0.999995
0.999997
0.999999
0.999999
1
1
1
1
1
1
1
1
1
1
1
1
1
0.999999
0.999996
0.999983
0.999929
0.99982
0.999711
0.999597
0.999508
0.999449
0.999368
0.999165
0.998398
0.996759
0.995866
0.99553
0.995416
0.995385
0.995354
0.995279
0.99528
0.995301
0.995275
0.995196
0.995201
0.995301
0.99556
0.995669
0.995724
0.995829
0.996179
0.997554
0.999061
0.999524
0.999454
0.999174
1
1
0.999999
0.999995
0.999984
0.999955
0.999899
0.999788
0.999544
0.999155
0.998493
0.997321
0.996007
0.994975
0.994096
0.993527
0.993081
0.993019
0.99311
0.993442
0.994263
0.995819
0.997299
0.998393
0.999117
0.999552
0.999791
0.99991
0.999964
0.999986
0.999995
0.999998
0.999999
1
1
1
1
1
1
1
1
1
1
1
1
1
0.999999
0.999986
0.999901
0.999487
0.997843
0.991704
0.984678
0.982565
0.982565
0.984127
0.989892
0.993643
0.995194
0.995867
0.996176
0.996282
0.996272
0.996141
0.995864
0.99562
0.995186
0.994471
0.993768
0.993153
0.992512
0.991818
0.991217
0.990851
0.990719
0.990718
0.990866
0.991106
0.991192
0.991218
0.991288
0.991565
0.992134
0.992751
0.993252
0.99357
0.993715
0.993745
0.993738
0.99367
0.99361
0.993609
0.993659
0.993849
0.994402
0.995943
0.99801
0.99913
0.99962
0.999832
0.999923
0.999963
0.999979
0.999986
0.99999
0.999992
0.999994
0.999995
0.999997
0.999998
0.999999
0.999999
1
1
1
1
1
1
1
1
1
1
0.999999
0.999997
0.999996
0.999995
0.999995
0.999995
0.999996
0.999998
0.999999
0.999999
1
1
1
1
1
1
1
1
1
1
1
1
1
1
0.999999
0.999995
0.999977
0.999924
0.999852
0.99977
0.999694
0.999643
0.999594
0.999491
0.99917
0.997949
0.996479
0.995806
0.995554
0.995477
0.995436
0.995415
0.995413
0.995387
0.995319
0.995318
0.995363
0.995558
0.995708
0.995774
0.995856
0.996052
0.996725
0.998442
0.999441
0.999655
0.999475
0.99914
1
1
1
1
0.999999
0.999997
0.999991
0.999978
0.999947
0.999883
0.999748
0.999526
0.999138
0.998658
0.998266
0.997852
0.99762
0.997664
0.997846
0.998257
0.998767
0.999209
0.999532
0.999741
0.999866
0.999935
0.999971
0.999988
0.999995
0.999998
0.999999
1
1
1
1
1
1
1
1
1
1
1
1
1
1
1
1
0.999998
0.99998
0.999887
0.99948
0.997893
0.991623
0.984693
0.982672
0.982728
0.984464
0.99039
0.993949
0.99545
0.996073
0.996305
0.996361
0.996334
0.996206
0.995864
0.995082
0.994199
0.993407
0.992704
0.992012
0.991364
0.990876
0.990612
0.990535
0.990555
0.990725
0.990874
0.990931
0.990997
0.991147
0.991517
0.992358
0.993344
0.994159
0.994658
0.994861
0.994898
0.994881
0.99475
0.994662
0.994668
0.994751
0.995079
0.996157
0.998192
0.999184
0.999638
0.99984
0.999928
0.999966
0.999983
0.99999
0.999993
0.999995
0.999996
0.999997
0.999997
0.999998
0.999999
0.999999
1
1
1
1
1
1
1
1
1
1
1
1
0.999998
0.999997
0.999997
0.999996
0.999997
0.999997
0.999998
0.999999
1
1
1
1
1
1
1
1
1
1
1
1
1
1
1
1
0.999998
0.999993
0.999974
0.999934
0.999885
0.999831
0.999789
0.999757
0.999703
0.999566
0.9991
0.997599
0.996365
0.995827
0.995607
0.995518
0.995493
0.995451
0.99541
0.99541
0.995441
0.995582
0.995759
0.995858
0.995947
0.996115
0.99653
0.9978
0.999162
0.999711
0.999759
0.99946
0.999095
1
1
1
1
1
1
0.999999
0.999998
0.999995
0.999988
0.999971
0.99994
0.99988
0.999779
0.999684
0.999565
0.999537
0.999555
0.999617
0.999731
0.999829
0.9999
0.999945
0.999972
0.999986
0.999994
0.999997
0.999999
1
1
1
1
1
1
1
1
1
1
1
1
1
1
1
1
1
1
1
1
0.999996
0.999975
0.999874
0.999432
0.997625
0.990438
0.984256
0.982603
0.982803
0.984957
0.991022
0.99428
0.99567
0.996204
0.996354
0.996368
0.996311
0.996011
0.995042
0.993947
0.99301
0.992201
0.991488
0.990912
0.990533
0.990355
0.990315
0.99034
0.990462
0.990615
0.990759
0.990901
0.991113
0.991598
0.992771
0.994161
0.995367
0.996191
0.996615
0.996748
0.996732
0.996534
0.996407
0.996419
0.996564
0.997161
0.998558
0.999318
0.999688
0.99986
0.999937
0.999971
0.999986
0.999993
0.999995
0.999997
0.999997
0.999998
0.999998
0.999999
0.999999
0.999999
1
1
1
1
1
1
1
1
1
1
1
1
1
0.999999
0.999998
0.999998
0.999998
0.999998
0.999998
0.999999
0.999999
1
1
1
1
1
1
1
1
1
1
1
1
1
1
1
1
0.999999
0.999998
0.999992
0.999975
0.999949
0.999919
0.99989
0.999869
0.999841
0.999782
0.999611
0.999067
0.997543
0.996437
0.995922
0.995713
0.995603
0.995539
0.995538
0.995568
0.995681
0.995858
0.99602
0.996156
0.996328
0.996687
0.997612
0.998939
0.999635
0.999853
0.999832
0.999425
0.99903
1
1
1
1
1
1
1
1
1
0.999999
0.999998
0.999995
0.999988
0.999978
0.999963
0.999944
0.999942
0.999945
0.999959
0.999974
0.999985
0.999992
0.999996
0.999998
0.999999
1
1
1
1
1
1
1
1
1
1
1
1
1
1
1
1
1
1
1
1
1
1
1
0.999999
0.999994
0.999967
0.999836
0.999234
0.996498
0.988097
0.983478
0.982397
0.982812
0.985718
0.991574
0.994573
0.995821
0.996254
0.99634
0.996304
0.996029
0.994896
0.993524
0.992456
0.991622
0.99098
0.99053
0.990273
0.990163
0.990137
0.990142
0.990195
0.990435
0.990686
0.990868
0.991194
0.992012
0.993641
0.995365
0.996839
0.997981
0.998618
0.998842
0.998869
0.998796
0.998715
0.998721
0.998806
0.999157
0.999546
0.999775
0.999893
0.999951
0.999977
0.999989
0.999995
0.999997
0.999998
0.999998
0.999999
0.999999
0.999999
0.999999
0.999999
1
1
1
1
1
1
1
1
1
1
1
1
1
1
1
0.999999
0.999999
0.999998
0.999998
0.999999
0.999999
1
1
1
1
1
1
1
1
1
1
1
1
1
1
1
1
1
1
0.999999
0.999998
0.999992
0.99998
0.999965
0.999951
0.999938
0.999925
0.999899
0.999838
0.999664
0.999177
0.997887
0.996808
0.996274
0.995968
0.995891
0.995911
0.995987
0.996145
0.996348
0.996588
0.99681
0.997145
0.99796
0.998993
0.999582
0.999859
0.999927
0.999873
0.999398
0.998933
1
1
1
1
1
1
1
1
1
1
1
1
0.999999
0.999998
0.999997
0.999995
0.999995
0.999996
0.999997
0.999998
0.999999
1
1
1
1
1
1
1
1
1
1
1
1
1
1
1
1
1
1
1
1
1
1
1
1
1
1
1
1
0.999999
0.999991
0.99995
0.99974
0.998725
0.993598
0.985768
0.982703
0.98219
0.9829
0.986871
0.992014
0.99476
0.995867
0.996193
0.996205
0.995974
0.99475
0.993193
0.992067
0.991262
0.990707
0.990357
0.990172
0.990096
0.990077
0.99008
0.990124
0.990371
0.99069
0.990992
0.991572
0.993034
0.995114
0.997067
0.998473
0.999167
0.999493
0.999624
0.999656
0.999653
0.999646
0.999649
0.999671
0.999762
0.999867
0.999931
0.999966
0.999984
0.999992
0.999996
0.999998
0.999999
0.999999
0.999999
0.999999
0.999999
1
1
1
1
1
1
1
1
1
1
1
1
1
1
1
1
1
1
0.999999
0.999999
0.999999
0.999999
0.999999
0.999999
1
1
1
1
1
1
1
1
1
1
1
1
1
1
1
1
1
1
1
0.999999
0.999998
0.999993
0.999986
0.99998
0.999975
0.999969
0.999958
0.999937
0.999886
0.99975
0.999404
0.998651
0.997808
0.997241
0.996921
0.99691
0.996964
0.997096
0.997364
0.997731
0.998056
0.998749
0.999312
0.999658
0.99986
0.999951
0.999964
0.999897
0.999389
0.998827
1
1
1
1
1
1
1
1
1
1
1
1
1
1
1
1
1
1
1
1
1
1
1
1
1
1
1
1
1
1
1
1
1
1
1
1
1
1
1
1
1
1
1
1
1
1
1
1
1
1
0.999998
0.999985
0.999914
0.999535
0.997609
0.989912
0.983988
0.982261
0.982203
0.983448
0.98844
0.992629
0.994814
0.995656
0.995811
0.995674
0.994718
0.993176
0.99204
0.991239
0.990695
0.990357
0.990179
0.990111
0.9901
0.990116
0.990225
0.990599
0.990931
0.991415
0.992516
0.994804
0.997171
0.998624
0.999329
0.999661
0.999812
0.999874
0.999893
0.999897
0.999898
0.9999
0.999907
0.999934
0.999962
0.99998
0.99999
0.999995
0.999998
0.999999
0.999999
1
1
1
1
1
1
1
1
1
1
1
1
1
1
1
1
1
1
1
1
1
1
1
1
0.999999
0.999999
0.999999
0.999999
0.999999
1
1
1
1
1
1
1
1
1
1
1
1
1
1
1
1
1
1
1
1
0.999999
0.999998
0.999995
0.999993
0.999991
0.999988
0.999985
0.999978
0.999964
0.99993
0.999851
0.999678
0.999277
0.999036
0.998745
0.998676
0.99872
0.998851
0.999077
0.99929
0.999477
0.999657
0.999805
0.999902
0.999961
0.999984
0.999982
0.999909
0.999393
0.998792
1
1
1
1
1
1
1
1
1
1
1
1
1
1
1
1
1
1
1
1
1
1
1
1
1
1
1
1
1
1
1
1
1
1
1
1
1
1
1
1
1
1
1
1
1
1
1
1
1
1
0.999999
0.999996
0.999976
0.999856
0.999205
0.995719
0.987245
0.983196
0.982385
0.982658
0.984942
0.989965
0.99315
0.994619
0.995009
0.994996
0.994586
0.993287
0.992145
0.991332
0.990773
0.990428
0.990273
0.990243
0.990257
0.990356
0.990701
0.990984
0.991408
0.992316
0.994638
0.997238
0.998699
0.999401
0.999725
0.99987
0.999933
0.999959
0.999967
0.99997
0.999971
0.999972
0.999975
0.999982
0.99999
0.999994
0.999997
0.999999
0.999999
1
1
1
1
1
1
1
1
1
1
1
1
1
1
1
1
1
1
1
1
1
1
1
1
1
1
1
0.999999
0.999999
0.999999
1
1
1
1
1
1
1
1
1
1
1
1
1
1
1
1
1
1
1
1
1
1
0.999999
0.999998
0.999998
0.999997
0.999996
0.999995
0.999993
0.99999
0.999982
0.999965
0.999933
0.99984
0.999737
0.9997
0.999708
0.999733
0.999772
0.99981
0.999845
0.999879
0.999918
0.999953
0.999976
0.999991
0.999995
0.99999
0.999919
0.999417
0.998792
1
1
1
1
1
1
1
1
1
1
1
1
1
1
1
1
1
1
1
1
1
1
1
1
1
1
1
1
1
1
1
1
1
1
1
1
1
1
1
1
1
1
1
1
1
1
1
1
1
1
1
0.999999
0.999994
0.999963
0.99978
0.998821
0.99395
0.986417
0.983457
0.983155
0.983835
0.987038
0.990788
0.992932
0.993888
0.9941
0.99403
0.993506
0.992512
0.991648
0.991035
0.990735
0.990673
0.990686
0.990771
0.990959
0.991153
0.991536
0.992401
0.994815
0.99742
0.998806
0.999468
0.999767
0.999898
0.999954
0.999978
0.999987
0.99999
0.999991
0.999992
0.999992
0.999993
0.999995
0.999997
0.999998
0.999999
1
1
1
1
1
1
1
1
1
1
1
1
1
1
1
1
1
1
1
1
1
1
1
1
1
1
1
1
1
1
1
1
1
1
1
1
1
1
1
1
1
1
1
1
1
1
1
1
1
1
1
1
1
1
1
1
0.999999
0.999999
0.999999
0.999999
0.999998
0.999997
0.999995
0.999993
0.999987
0.99997
0.999949
0.999949
0.999953
0.99996
0.999966
0.99997
0.999973
0.999977
0.999984
0.999991
0.999996
0.999998
0.999998
0.999993
0.99993
0.999472
0.998816
1
1
1
1
1
1
1
1
1
1
1
1
1
1
1
1
1
1
1
1
1
1
1
1
1
1
1
1
1
1
1
1
1
1
1
1
1
1
1
1
1
1
1
1
1
1
1
1
1
1
1
1
0.999999
0.999992
0.999949
0.99971
0.998571
0.993572
0.987006
0.984682
0.984661
0.985858
0.988674
0.990848
0.992124
0.992743
0.99301
0.992979
0.992643
0.992008
0.991509
0.991264
0.991215
0.991226
0.991282
0.991432
0.991822
0.992743
0.995428
0.997738
0.998949
0.999535
0.999801
0.999916
0.999965
0.999985
0.999993
0.999996
0.999997
0.999997
0.999998
0.999998
0.999998
0.999999
0.999999
1
1
1
1
1
1
1
1
1
1
1
1
1
1
1
1
1
1
1
1
1
1
1
1
1
1
1
1
1
1
1
1
1
1
1
1
1
1
1
1
1
1
1
1
1
1
1
1
1
1
1
1
1
1
1
1
1
1
1
1
1
1
1
0.999999
0.999999
0.999999
0.999998
0.999995
0.999993
0.999993
0.999994
0.999995
0.999996
0.999997
0.999997
0.999997
0.999998
0.999999
0.999999
1
0.999999
0.999995
0.999945
0.999564
0.998874
1
1
1
1
1
1
1
1
1
1
1
1
1
1
1
1
1
1
1
1
1
1
1
1
1
1
1
1
1
1
1
1
1
1
1
1
1
1
1
1
1
1
1
1
1
1
1
1
1
1
1
1
1
0.999998
0.99999
0.999941
0.999696
0.998671
0.99524
0.989499
0.98709
0.987117
0.988225
0.989849
0.99096
0.991661
0.992043
0.99219
0.992192
0.992049
0.991754
0.991638
0.991634
0.991683
0.991879
0.992389
0.993821
0.996474
0.998211
0.999155
0.999622
0.999838
0.999933
0.999972
0.999989
0.999995
0.999998
0.999999
0.999999
0.999999
0.999999
0.999999
0.999999
1
1
1
1
1
1
1
1
1
1
1
1
1
1
1
1
1
1
1
1
1
1
1
1
1
1
1
1
1
1
1
1
1
1
1
1
1
1
1
1
1
1
1
1
1
1
1
1
1
1
1
1
1
1
1
1
1
1
1
1
1
1
1
1
1
1
1
1
1
0.999999
0.999999
0.999999
1
1
1
1
1
1
1
1
1
1
1
0.999996
0.999961
0.999681
0.998975
1
1
1
1
1
1
1
1
1
1
1
1
1
1
1
1
1
1
1
1
1
1
1
1
1
1
1
1
1
1
1
1
1
1
1
1
1
1
1
1
1
1
1
1
1
1
1
1
1
1
1
1
1
1
0.999999
0.999991
0.999951
0.999776
0.999146
0.997354
0.994323
0.991163
0.990378
0.990568
0.991109
0.99164
0.991955
0.992116
0.992168
0.992163
0.992162
0.992216
0.992408
0.992922
0.994458
0.996472
0.997978
0.99894
0.999484
0.999764
0.999897
0.999957
0.999982
0.999993
0.999997
0.999999
0.999999
1
1
1
1
1
1
1
1
1
1
1
1
1
1
1
1
1
1
1
1
1
1
1
1
1
1
1
1
1
1
1
1
1
1
1
1
1
1
1
1
1
1
1
1
1
1
1
1
1
1
1
1
1
1
1
1
1
1
1
1
1
1
1
1
1
1
1
1
1
1
1
1
1
1
1
1
1
1
1
1
1
1
1
1
1
1
1
1
1
0.999998
0.999975
0.999793
0.999142
1
1
1
1
1
1
1
1
1
1
1
1
1
1
1
1
1
1
1
1
1
1
1
1
1
1
1
1
1
1
1
1
1
1
1
1
1
1
1
1
1
1
1
1
1
1
1
1
1
1
1
1
1
1
1
0.999999
0.999994
0.999972
0.999886
0.999617
0.998884
0.997602
0.996297
0.995139
0.994352
0.99389
0.993787
0.993816
0.993916
0.994158
0.994667
0.995462
0.996549
0.997639
0.998531
0.999161
0.999557
0.999782
0.999899
0.999955
0.999981
0.999992
0.999997
0.999999
0.999999
1
1
1
1
1
1
1
1
1
1
1
1
1
1
1
1
1
1
1
1
1
1
1
1
1
1
1
1
1
1
1
1
1
1
1
1
1
1
1
1
1
1
1
1
1
1
1
1
1
1
1
1
1
1
1
1
1
1
1
1
1
1
1
1
1
1
1
1
1
1
1
1
1
1
1
1
1
1
1
1
1
1
1
1
1
1
1
1
1
1
1
0.999999
0.999986
0.999879
0.999369
1
1
1
1
1
1
1
1
1
1
1
1
1
1
1
1
1
1
1
1
1
1
1
1
1
1
1
1
1
1
1
1
1
1
1
1
1
1
1
1
1
1
1
1
1
1
1
1
1
1
1
1
1
1
1
1
1
0.999997
0.999989
0.999961
0.99988
0.999648
0.999324
0.99899
0.998608
0.998296
0.99819
0.998195
0.998249
0.998381
0.998664
0.99904
0.999377
0.999625
0.99979
0.999889
0.999945
0.999974
0.999988
0.999995
0.999998
0.999999
1
1
1
1
1
1
1
1
1
1
1
1
1
1
1
1
1
1
1
1
1
1
1
1
1
1
1
1
1
1
1
1
1
1
1
1
1
1
1
1
1
1
1
1
1
1
1
1
1
1
1
1
1
1
1
1
1
1
1
1
1
1
1
1
1
1
1
1
1
1
1
1
1
1
1
1
1
1
1
1
1
1
1
1
1
1
1
1
1
1
1
1
1
1
0.999999
0.999991
0.999927
0.999571
1
1
1
1
1
1
1
1
1
1
1
1
1
1
1
1
1
1
1
1
1
1
1
1
1
1
1
1
1
1
1
1
1
1
1
1
1
1
1
1
1
1
1
1
1
1
1
1
1
1
1
1
1
1
1
1
1
1
0.999999
0.999997
0.999992
0.999971
0.999937
0.999892
0.999819
0.999755
0.999736
0.999739
0.999752
0.999782
0.999845
0.999905
0.999945
0.99997
0.999985
0.999992
0.999996
0.999998
0.999999
1
1
1
1
1
1
1
1
1
1
1
1
1
1
1
1
1
1
1
1
1
1
1
1
1
1
1
1
1
1
1
1
1
1
1
1
1
1
1
1
1
1
1
1
1
1
1
1
1
1
1
1
1
1
1
1
1
1
1
1
1
1
1
1
1
1
1
1
1
1
1
1
1
1
1
1
1
1
1
1
1
1
1
1
1
1
1
1
1
1
1
1
1
1
1
1
1
0.999999
0.999995
0.999955
0.999737
1
1
1
1
1
1
1
1
1
1
1
1
1
1
1
1
1
1
1
1
1
1
1
1
1
1
1
1
1
1
1
1
1
1
1
1
1
1
1
1
1
1
1
1
1
1
1
1
1
1
1
1
1
1
1
1
1
1
1
1
1
0.999999
0.999997
0.999994
0.999988
0.999982
0.999981
0.999982
0.999983
0.999987
0.999992
0.999996
0.999998
0.999999
0.999999
1
1
1
1
1
1
1
1
1
1
1
1
1
1
1
1
1
1
1
1
1
1
1
1
1
1
1
1
1
1
1
1
1
1
1
1
1
1
1
1
1
1
1
1
1
1
1
1
1
1
1
1
1
1
1
1
1
1
1
1
1
1
1
1
1
1
1
1
1
1
1
1
1
1
1
1
1
1
1
1
1
1
1
1
1
1
1
1
1
1
1
1
1
1
1
1
1
1
1
1
1
1
0.999996
0.999971
0.999837
1
1
1
1
1
1
1
1
1
1
1
1
1
1
1
1
1
1
1
1
1
1
1
1
1
1
1
1
1
1
1
1
1
1
1
1
1
1
1
1
1
1
1
1
1
1
1
1
1
1
1
1
1
1
1
1
1
1
1
1
1
1
1
1
1
0.999999
0.999999
0.999999
1
1
1
1
1
1
1
1
1
1
1
1
1
1
1
1
1
1
1
1
1
1
1
1
1
1
1
1
1
1
1
1
1
1
1
1
1
1
1
1
1
1
1
1
1
1
1
1
1
1
1
1
1
1
1
1
1
1
1
1
1
1
1
1
1
1
1
1
1
1
1
1
1
1
1
1
1
1
1
1
1
1
1
1
1
1
1
1
1
1
1
1
1
1
1
1
1
1
1
1
1
1
1
1
1
1
1
1
1
0.999997
0.999979
0.999887
1
1
1
1
1
1
1
1
1
1
1
1
1
1
1
1
1
1
1
1
1
1
1
1
1
1
1
1
1
1
1
1
1
1
1
1
1
1
1
1
1
1
1
1
1
1
1
1
1
1
1
1
1
1
1
1
1
1
1
1
1
1
1
1
1
1
1
1
1
1
1
1
1
1
1
1
1
1
1
1
1
1
1
1
1
1
1
1
1
1
1
1
1
1
1
1
1
1
1
1
1
1
1
1
1
1
1
1
1
1
1
1
1
1
1
1
1
1
1
1
1
1
1
1
1
1
1
1
1
1
1
1
1
1
1
1
1
1
1
1
1
1
1
1
1
1
1
1
1
1
1
1
1
1
1
1
1
1
1
1
1
1
1
1
1
1
1
1
1
1
1
1
1
1
1
1
1
0.999998
0.999983
0.99991
1
1
1
1
1
1
1
1
1
1
1
1
1
1
1
1
1
1
1
1
1
1
1
1
1
1
1
1
1
1
1
1
1
1
1
1
1
1
1
1
1
1
1
1
1
1
1
1
1
1
1
1
1
1
1
1
1
1
1
1
1
1
1
1
1
1
1
1
1
1
1
1
1
1
1
1
1
1
1
1
1
1
1
1
1
1
1
1
1
1
1
1
1
1
1
1
1
1
1
1
1
1
1
1
1
1
1
1
1
1
1
1
1
1
1
1
1
1
1
1
1
1
1
1
1
1
1
1
1
1
1
1
1
1
1
1
1
1
1
1
1
1
1
1
1
1
1
1
1
1
1
1
1
1
1
1
1
1
1
1
1
1
1
1
1
1
0.999999
0.999999
0.999999
0.999999
1
1
1
1
1
1
1
0.999998
0.999986
0.999926
1
1
1
1
1
1
1
1
1
1
1
1
1
1
1
1
1
1
1
1
1
1
1
1
1
1
1
1
1
1
1
1
1
1
1
1
1
1
1
1
1
1
1
1
1
1
1
1
1
1
1
1
1
1
1
1
1
1
1
1
1
1
1
1
1
1
1
1
1
1
1
1
1
1
1
1
1
1
1
1
1
1
1
1
1
1
1
1
1
1
1
1
1
1
1
1
1
1
1
1
1
1
1
1
1
1
1
1
1
1
1
1
1
1
1
1
1
1
1
1
1
1
1
1
1
1
1
1
1
1
1
1
1
1
1
1
1
1
1
1
1
1
1
1
1
1
1
1
1
1
1
1
1
1
1
1
1
1
1
1
1
1
1
1
1
0.999999
0.999999
0.999999
0.999999
0.999999
0.999999
1
1
1
1
1
1
0.999998
0.999987
0.999937
1
1
1
1
1
1
1
1
1
1
1
1
1
1
1
1
1
1
1
1
1
1
1
1
1
1
1
1
1
1
1
1
1
1
1
1
1
1
1
1
1
1
1
1
1
1
1
1
1
1
1
1
1
1
1
1
1
1
1
1
1
1
1
1
1
1
1
1
1
1
1
1
1
1
1
1
1
1
1
1
1
1
1
1
1
1
1
1
1
1
1
1
1
1
1
1
1
1
1
1
1
1
1
1
1
1
1
1
1
1
1
1
1
1
1
1
1
1
1
1
1
1
1
1
1
1
1
1
1
1
1
1
1
1
1
1
1
1
1
1
1
1
1
1
1
1
1
1
1
1
1
1
1
1
1
1
1
1
1
1
1
1
1
1
0.999999
0.999998
0.999998
0.999999
0.999999
0.999999
0.999999
0.999999
1
1
1
1
0.999999
0.999998
0.999987
0.999944
1
1
1
1
1
1
1
1
1
1
1
1
1
1
1
1
1
1
1
1
1
1
1
1
1
1
1
1
1
1
1
1
1
1
1
1
1
1
1
1
1
1
1
1
1
1
1
1
1
1
1
1
1
1
1
1
1
1
1
1
1
1
1
1
1
1
1
1
1
1
1
1
1
1
1
1
1
1
1
1
1
1
1
1
1
1
1
1
1
1
1
1
1
1
1
1
1
1
1
1
1
1
1
1
1
1
1
1
1
1
1
1
1
1
1
1
1
1
1
1
1
1
1
1
1
1
1
1
1
1
1
1
1
1
1
1
1
1
1
1
1
1
1
1
1
1
1
1
1
1
1
1
1
1
1
1
1
1
1
1
1
1
1
0.999999
0.999997
0.999997
0.999999
0.999999
0.999999
0.999999
0.999999
0.999999
1
1
1
1
0.999999
0.999997
0.999984
0.999952
1
1
1
1
1
1
1
1
1
1
1
1
1
1
1
1
1
1
1
1
1
1
1
1
1
1
1
1
1
1
1
1
1
1
1
1
1
1
1
1
1
1
1
1
1
1
1
1
1
1
1
1
1
1
1
1
1
1
1
1
1
1
1
1
1
1
1
1
1
1
1
1
1
1
1
1
1
1
1
1
1
1
1
1
1
1
1
1
1
1
1
1
1
1
1
1
1
1
1
1
1
1
1
1
1
1
1
1
1
1
1
1
1
1
1
1
1
1
1
1
1
1
1
1
1
1
1
1
1
1
1
1
1
1
1
1
1
1
1
1
1
1
1
1
1
1
1
1
1
1
1
1
1
1
1
1
1
1
1
1
1
1
0.999999
0.999996
0.999996
0.999997
0.999999
0.999999
0.999999
0.999999
0.999999
0.999999
1
1
0.999999
0.999999
0.999997
0.999993
0.999981
0.99996
1
1
1
1
1
1
1
1
1
1
1
1
1
1
1
1
1
1
1
1
1
1
1
1
1
1
1
1
1
1
1
1
1
1
1
1
1
1
1
1
1
1
1
1
1
1
1
1
1
1
1
1
1
1
1
1
1
1
1
1
1
1
1
1
1
1
1
1
1
1
1
1
1
1
1
1
1
1
1
1
1
1
1
1
1
1
1
1
1
1
1
1
1
1
1
1
1
1
1
1
1
1
1
1
1
1
1
1
1
1
1
1
1
1
1
1
1
1
1
1
1
1
1
1
1
1
1
1
1
1
1
1
1
1
1
1
1
1
1
1
1
1
1
1
1
1
1
1
1
1
1
1
1
1
1
1
1
1
1
1
1
0.999999
0.999996
0.999995
0.999995
0.999997
0.999999
0.999999
0.999999
0.999999
0.999999
1
1
0.999999
0.999997
0.999994
0.999991
0.999988
0.999983
0.999965
1
1
1
1
1
1
1
1
1
1
1
1
1
1
1
1
1
1
1
1
1
1
1
1
1
1
1
1
1
1
1
1
1
1
1
1
1
1
1
1
1
1
1
1
1
1
1
1
1
1
1
1
1
1
1
1
1
1
1
1
1
1
1
1
1
1
1
1
1
1
1
1
1
1
1
1
1
1
1
1
1
1
1
1
1
1
1
1
1
1
1
1
1
1
1
1
1
1
1
1
1
1
1
1
1
1
1
1
1
1
1
1
1
1
1
1
1
1
1
1
1
1
1
1
1
1
1
1
1
1
1
1
1
1
1
1
1
1
1
1
1
1
1
1
1
1
1
1
1
1
1
1
1
1
1
1
1
1
1
1
1
0.999997
0.999994
0.999994
0.999994
0.999997
0.999999
0.999999
1
0.999999
0.999999
0.999999
0.999998
0.999995
0.999992
0.99999
0.999989
0.999987
0.999981
0.999959
1
1
1
1
1
1
1
1
1
1
1
1
1
1
1
1
1
1
1
1
1
1
1
1
1
1
1
1
1
1
1
1
1
1
1
1
1
1
1
1
1
1
1
1
1
1
1
1
1
1
1
1
1
1
1
1
1
1
1
1
1
1
1
1
1
1
1
1
1
1
1
1
1
1
1
1
1
1
1
1
1
1
1
1
1
1
1
1
1
1
1
1
1
1
1
1
1
1
1
1
1
1
1
1
1
1
1
1
1
1
1
1
1
1
1
1
1
1
1
1
1
1
1
1
1
1
1
1
1
1
1
1
1
1
1
1
1
1
1
1
1
1
1
1
1
1
1
1
1
1
1
1
1
1
1
1
1
1
1
1
0.999998
0.999993
0.999993
0.999993
0.999994
0.999995
0.999997
0.999999
0.999999
0.999999
0.999999
0.999998
0.999995
0.999993
0.999992
0.999991
0.999991
0.999986
0.999966
0.999933
1
1
1
1
1
1
1
1
1
1
1
1
1
1
1
1
1
1
1
1
1
1
1
1
1
1
1
1
1
1
1
1
1
1
1
1
1
1
1
1
1
1
1
1
1
1
1
1
1
1
1
1
1
1
1
1
1
1
1
1
1
1
1
1
1
1
1
1
1
1
1
1
1
1
1
1
1
1
1
1
1
1
1
1
1
1
1
1
1
1
1
1
1
1
1
1
1
1
1
1
1
1
1
1
1
1
1
1
1
1
1
1
1
1
1
1
1
1
1
1
1
1
1
1
1
1
1
1
1
1
1
1
1
1
1
1
1
1
1
1
1
1
1
1
1
1
1
1
1
1
1
1
1
1
1
1
1
1
1
0.999997
0.999992
0.999991
0.999992
0.999994
0.999994
0.999993
0.999993
0.999995
0.999996
0.999996
0.999995
0.999992
0.99999
0.999989
0.999988
0.999984
0.999967
0.999954
0.999936
0.999892
1
1
1
1
1
1
1
1
1
1
1
1
1
1
1
1
1
1
1
1
1
1
1
1
1
1
1
1
1
1
1
1
1
1
1
1
1
1
1
1
1
1
1
1
1
1
1
1
1
1
1
1
1
1
1
1
1
1
1
1
1
1
1
1
1
1
1
1
1
1
1
1
1
1
1
1
1
1
1
1
1
1
1
1
1
1
1
1
1
1
1
1
1
1
1
1
1
1
1
1
1
1
1
1
1
1
1
1
1
1
1
1
1
1
1
1
1
1
1
1
1
1
1
1
1
1
1
1
1
1
1
1
1
1
1
1
1
1
1
1
1
1
1
1
1
1
1
1
1
1
1
1
1
1
1
0.999999
0.999998
0.999993
0.999986
0.999984
0.999985
0.99999
0.999993
0.999994
0.999994
0.999992
0.99999
0.999988
0.999988
0.999987
0.999985
0.999984
0.999982
0.999977
0.999969
0.999966
0.999965
0.999957
0.999894
0.999646
0.995886
0.995867
0.99582
0.99573
0.995665
0.995537
0.99544
0.995386
0.99538
0.995468
0.996163
0.996406
0.992372
0.984554
0.98328
0.983336
0.984038
0.985685
0.98648
0.987403
0.989163
0.990169
0.990575
0.991768
0.992287
0.997601
0.997561
0.997447
0.997292
0.997211
0.997033
0.996841
0.996482
0.995534
0.994797
0.994834
0.99553
0.994722
0.989025
0.985029
0.984991
0.985699
0.985888
0.985684
0.985884
0.987792
0.990062
0.990792
0.990695
0.989055
0.997717
0.997657
0.997467
0.997278
0.997198
0.997209
0.997301
0.997409
0.997419
0.99713
0.995725
0.995381
0.995084
0.993668
0.988731
0.987005
0.987856
0.989741
0.990264
0.990588
0.991882
0.993322
0.993947
0.993825
0.990747
0.997638
0.997536
0.997185
0.996673
0.996301
0.996158
0.99618
0.996477
0.997003
0.997191
0.996965
0.995831
0.995389
0.994772
0.993121
0.989682
0.989193
0.990432
0.991847
0.992178
0.99283
0.994093
0.994939
0.994838
0.991858
0.99767
0.997557
0.997179
0.996612
0.99618
0.995947
0.995819
0.995716
0.995734
0.996183
0.996519
0.996309
0.995692
0.99528
0.994617
0.992745
0.990624
0.990832
0.99252
0.993217
0.993725
0.99501
0.995631
0.995569
0.993392
0.997808
0.997691
0.997306
0.996767
0.99639
0.996222
0.99607
0.995723
0.995341
0.995255
0.995583
0.995913
0.995708
0.995449
0.995205
0.994515
0.992068
0.991443
0.992556
0.993699
0.994593
0.995546
0.995801
0.995735
0.994181
0.998016
0.997949
0.997723
0.997322
0.997062
0.996979
0.996865
0.996507
0.995622
0.995043
0.994994
0.995338
0.995529
0.995439
0.99538
0.995148
0.993382
0.991908
0.992464
0.993772
0.994973
0.995707
0.99582
0.995745
0.994483
0.998245
0.998242
0.998171
0.997906
0.99761
0.997431
0.997343
0.997198
0.996731
0.995548
0.994941
0.99494
0.995215
0.995356
0.995439
0.995373
0.994252
0.992204
0.992239
0.993535
0.995076
0.995739
0.995752
0.995648
0.994596
0.998397
0.998394
0.998327
0.998081
0.997808
0.997604
0.997509
0.997432
0.997264
0.996746
0.995471
0.994958
0.994964
0.995124
0.995409
0.99542
0.994794
0.992501
0.991999
0.993018
0.994915
0.995618
0.99553
0.995361
0.994577
0.998461
0.99846
0.998393
0.998153
0.997922
0.997768
0.997691
0.99761
0.99747
0.997247
0.996536
0.995269
0.994929
0.994953
0.995266
0.995401
0.995029
0.992895
0.991767
0.992308
0.994412
0.995298
0.99515
0.994999
0.994493
0.998511
0.998511
0.998436
0.99822
0.998094
0.998039
0.99803
0.997991
0.997767
0.997495
0.997131
0.995909
0.995022
0.994884
0.995026
0.995328
0.995112
0.993277
0.991616
0.991768
0.993538
0.994807
0.994777
0.994731
0.994428
0.998591
0.998588
0.998487
0.998355
0.998336
0.998351
0.998421
0.998469
0.998355
0.997883
0.997496
0.996545
0.995231
0.994853
0.99489
0.995201
0.995114
0.993623
0.991632
0.991466
0.992628
0.994258
0.994476
0.994601
0.994388
0.998668
0.99866
0.998558
0.998517
0.998536
0.998601
0.998796
0.99898
0.998931
0.9985
0.99799
0.99705
0.995532
0.994876
0.994821
0.995086
0.995094
0.993984
0.991726
0.991307
0.991909
0.993633
0.994193
0.994504
0.994364
0.998705
0.998696
0.998643
0.998645
0.998689
0.998858
0.999099
0.999222
0.999226
0.999067
0.998589
0.997564
0.995869
0.994932
0.994776
0.995005
0.99509
0.99434
0.991977
0.991326
0.99159
0.993004
0.993929
0.99442
0.994352
0.998743
0.998744
0.998742
0.998761
0.998876
0.999125
0.999219
0.999277
0.9993
0.99927
0.999045
0.998212
0.996229
0.995032
0.994753
0.994926
0.995102
0.994646
0.99248
0.991443
0.991542
0.992521
0.993688
0.994375
0.994357
0.998798
0.998808
0.998819
0.998877
0.999099
0.999208
0.999244
0.999278
0.999309
0.99931
0.99922
0.998695
0.996737
0.995174
0.994751
0.994864
0.995132
0.994885
0.99319
0.991738
0.991699
0.992293
0.993566
0.994357
0.994378
0.998838
0.998856
0.998886
0.999019
0.999196
0.999227
0.999234
0.999237
0.999269
0.999311
0.99928
0.998957
0.997269
0.995362
0.994763
0.994811
0.99512
0.995029
0.993877
0.992206
0.992017
0.992351
0.993492
0.994353
0.994406
0.998873
0.998904
0.998972
0.999161
0.999231
0.999216
0.999155
0.999136
0.999155
0.999269
0.999285
0.999093
0.997738
0.995583
0.994787
0.994772
0.995088
0.9951
0.994456
0.992724
0.992395
0.992592
0.993489
0.994396
0.994451
0.998929
0.998964
0.999066
0.999229
0.999239
0.999157
0.999007
0.998984
0.999003
0.999166
0.999262
0.99915
0.998112
0.995806
0.99483
0.994736
0.995023
0.995105
0.994759
0.993293
0.992792
0.992917
0.99363
0.99449
0.994521
0.99897
0.999013
0.999156
0.999264
0.999241
0.99904
0.998871
0.998853
0.998885
0.99907
0.999225
0.999162
0.99837
0.996048
0.994884
0.994698
0.994913
0.995087
0.994899
0.99377
0.993191
0.993279
0.993856
0.994603
0.994604
0.99901
0.999066
0.999245
0.999299
0.999225
0.998914
0.998773
0.998772
0.998839
0.999053
0.999198
0.999157
0.998521
0.996292
0.994952
0.994671
0.994802
0.99503
0.994945
0.994153
0.993587
0.993657
0.994127
0.994733
0.994697
0.999053
0.999124
0.999306
0.999326
0.999185
0.998808
0.998701
0.998712
0.998829
0.999061
0.999181
0.999148
0.998605
0.996479
0.995022
0.994647
0.994707
0.994972
0.99496
0.994449
0.993969
0.994038
0.994419
0.994875
0.994795
0.999092
0.999174
0.999351
0.999356
0.999141
0.998733
0.998636
0.998675
0.99887
0.999079
0.999171
0.999138
0.998651
0.996629
0.995086
0.994636
0.994651
0.994917
0.994982
0.994688
0.994328
0.994398
0.994695
0.995025
0.994894
0.999131
0.999219
0.999394
0.999386
0.99909
0.998667
0.998592
0.998662
0.998916
0.9991
0.999165
0.999127
0.998653
0.996717
0.995142
0.994638
0.994621
0.994878
0.995039
0.994888
0.994653
0.994733
0.994974
0.995196
0.995003
0.999158
0.999269
0.999445
0.999424
0.999052
0.998614
0.998554
0.998661
0.998969
0.999125
0.999165
0.999117
0.998636
0.996737
0.995184
0.994643
0.99461
0.994862
0.995132
0.995081
0.994973
0.995085
0.995257
0.995384
0.995112
0.999179
0.999316
0.999486
0.999453
0.999016
0.998556
0.998509
0.998664
0.999
0.99914
0.999165
0.999106
0.998593
0.99671
0.99521
0.994651
0.99461
0.994856
0.995262
0.995293
0.995298
0.995423
0.99553
0.995583
0.995215
0.999193
0.999362
0.999537
0.99949
0.999005
0.998506
0.998471
0.998689
0.999039
0.999158
0.999167
0.999093
0.998524
0.996645
0.995216
0.994667
0.994617
0.994853
0.995386
0.99551
0.995566
0.995729
0.995784
0.995785
0.995311
0.999199
0.999413
0.999589
0.999529
0.999002
0.998463
0.998442
0.998717
0.999069
0.999172
0.999172
0.99907
0.998405
0.996523
0.995208
0.994687
0.99464
0.994863
0.995508
0.995723
0.995821
0.996035
0.996062
0.99602
0.995423
0.999197
0.999447
0.999612
0.999552
0.999006
0.998405
0.998403
0.998738
0.999101
0.999185
0.999175
0.99903
0.998206
0.996365
0.995187
0.994712
0.994676
0.994888
0.995596
0.995916
0.996086
0.996307
0.996326
0.996246
0.995546
0.999185
0.999464
0.999618
0.999559
0.999026
0.99835
0.998359
0.998744
0.999116
0.999194
0.999173
0.998968
0.997926
0.996227
0.995174
0.994756
0.994732
0.994927
0.995657
0.996088
0.99631
0.996511
0.996521
0.99641
0.995656
0.999167
0.99947
0.999617
0.999558
0.999046
0.998333
0.998322
0.998735
0.999124
0.999197
0.999164
0.998888
0.997642
0.996103
0.995188
0.994828
0.994811
0.994984
0.995679
0.996197
0.996463
0.996664
0.99667
0.996537
0.99577
0.999135
0.999454
0.999595
0.999545
0.999077
0.998331
0.998273
0.998703
0.999126
0.999198
0.999143
0.998769
0.997347
0.995977
0.99521
0.994904
0.994889
0.995036
0.995675
0.996245
0.996568
0.996803
0.996809
0.996649
0.9959
0.999063
0.999362
0.999532
0.999506
0.999147
0.998344
0.99819
0.998691
0.99912
0.999191
0.999108
0.998588
0.997017
0.99585
0.995201
0.994953
0.994939
0.995058
0.995635
0.996256
0.996665
0.996945
0.996947
0.996743
0.996041
0.998925
0.999165
0.999414
0.999435
0.999204
0.998393
0.998114
0.998659
0.999092
0.999176
0.999068
0.998371
0.996724
0.995698
0.995177
0.994968
0.994956
0.995056
0.995563
0.996284
0.99679
0.997101
0.997087
0.996809
0.99621
0.998752
0.998882
0.99922
0.999339
0.999204
0.998473
0.998093
0.998566
0.999026
0.999147
0.999023
0.998217
0.996535
0.99556
0.995129
0.994965
0.994955
0.995042
0.995539
0.996377
0.996975
0.997275
0.997224
0.996851
0.996407
0.99868
0.998714
0.998921
0.999201
0.999168
0.998579
0.998089
0.998429
0.998956
0.999116
0.998966
0.998153
0.996431
0.995459
0.995057
0.994943
0.994938
0.995034
0.995574
0.996602
0.997222
0.997456
0.997337
0.996891
0.996612
0.998664
0.998677
0.998704
0.998989
0.99909
0.998726
0.998094
0.998295
0.998918
0.999077
0.998883
0.998098
0.996411
0.995407
0.995006
0.994913
0.994922
0.99505
0.995793
0.996965
0.997489
0.997624
0.997402
0.996935
0.996815
0.998665
0.998677
0.998658
0.99874
0.998977
0.998792
0.998116
0.998153
0.998835
0.999011
0.998821
0.998035
0.996497
0.99541
0.994996
0.994911
0.994931
0.995166
0.996413
0.997414
0.997746
0.997781
0.997409
0.997015
0.997005
0.998688
0.998698
0.998668
0.998555
0.9988
0.998787
0.998172
0.998041
0.998676
0.998903
0.998787
0.99802
0.9968
0.995542
0.99505
0.994961
0.995035
0.995713
0.997244
0.997848
0.997986
0.997919
0.99736
0.997102
0.997175
0.998742
0.998761
0.998745
0.998478
0.99858
0.998742
0.99829
0.998
0.998495
0.998832
0.998771
0.998077
0.997198
0.996145
0.995434
0.995307
0.995602
0.996978
0.997927
0.998193
0.998203
0.997941
0.9973
0.997194
0.997336
0.998841
0.998861
0.998867
0.998484
0.998353
0.998633
0.998436
0.997987
0.998216
0.998772
0.998804
0.998307
0.997738
0.997183
0.996683
0.996577
0.997073
0.997968
0.998357
0.998413
0.998313
0.997769
0.997291
0.997283
0.997492
0.998994
0.998985
0.998986
0.998551
0.998124
0.998436
0.998473
0.997998
0.997984
0.998661
0.998817
0.9986
0.998288
0.998028
0.997831
0.997818
0.99812
0.998459
0.998542
0.998493
0.998254
0.997526
0.997309
0.99739
0.997624
0.999166
0.999118
0.999095
0.998638
0.997991
0.998163
0.998467
0.998116
0.997888
0.998334
0.99875
0.99876
0.998625
0.998515
0.998438
0.99844
0.998549
0.998605
0.998574
0.998446
0.997889
0.997378
0.997353
0.99754
0.997693
0.999343
0.999268
0.999221
0.998723
0.997953
0.997916
0.998375
0.998276
0.997867
0.997914
0.9986
0.998757
0.998726
0.998677
0.998645
0.998633
0.998632
0.998604
0.998496
0.998097
0.997485
0.997339
0.997441
0.997671
0.997726
0.999497
0.999421
0.999359
0.998805
0.997941
0.997811
0.998164
0.998314
0.997952
0.997768
0.998084
0.998634
0.998697
0.998681
0.998658
0.998637
0.998586
0.998453
0.998041
0.997543
0.997338
0.997361
0.997605
0.997742
0.997735
0.999624
0.999555
0.999473
0.99885
0.997912
0.997764
0.997915
0.998302
0.998168
0.997749
0.99772
0.998134
0.998458
0.998536
0.998541
0.998483
0.99823
0.997869
0.997511
0.997349
0.997334
0.997499
0.997736
0.997781
0.997717
0.999717
0.999661
0.999563
0.998896
0.997842
0.997709
0.997796
0.998146
0.998227
0.99791
0.99766
0.997667
0.997873
0.997991
0.998028
0.997915
0.997652
0.997478
0.997376
0.997352
0.997437
0.99771
0.997802
0.997798
0.997647
0.999793
0.999746
0.999646
0.998984
0.997742
0.997604
0.997742
0.997927
0.998216
0.998144
0.997751
0.997616
0.99762
0.997634
0.997626
0.997572
0.997487
0.99743
0.997418
0.997504
0.997715
0.997819
0.997828
0.997787
0.997506
0.999845
0.999805
0.999711
0.999115
0.99771
0.997438
0.99767
0.997803
0.99806
0.998196
0.998063
0.997729
0.997627
0.997597
0.997572
0.997547
0.997526
0.99755
0.99768
0.997795
0.997849
0.997854
0.997827
0.997714
0.997286
0.999884
0.999852
0.99977
0.999267
0.997776
0.997249
0.997518
0.997745
0.997869
0.998104
0.998162
0.998031
0.997847
0.997739
0.997695
0.997705
0.997784
0.997848
0.997883
0.997886
0.997876
0.997849
0.99778
0.997528
0.997018
0.999915
0.999889
0.999818
0.999407
0.997946
0.9972
0.997268
0.997647
0.997778
0.997924
0.998079
0.998111
0.998035
0.997979
0.99794
0.997931
0.997938
0.99793
0.997906
0.997884
0.997861
0.997807
0.997662
0.997181
0.996756
0.999937
0.999915
0.999855
0.99953
0.998201
0.99724
0.997107
0.997415
0.997697
0.997798
0.99792
0.998011
0.99803
0.998003
0.997977
0.997953
0.997935
0.997908
0.997869
0.997845
0.997808
0.997705
0.997343
0.996758
0.996533
0.999946
0.999927
0.999876
0.99963
0.998516
0.997399
0.997094
0.997158
0.997463
0.997714
0.997815
0.997873
0.997914
0.997929
0.997926
0.997898
0.997871
0.997839
0.997806
0.997773
0.997692
0.997373
0.996769
0.996442
0.996439
0.999943
0.999926
0.999883
0.999699
0.998859
0.997716
0.997204
0.997116
0.997174
0.997408
0.99766
0.99777
0.997805
0.997819
0.997819
0.997796
0.997766
0.997725
0.997668
0.997543
0.997168
0.996643
0.996419
0.996399
0.996771
0.999929
0.999918
0.999888
0.999758
0.999149
0.998206
0.997609
0.997279
0.99715
0.997129
0.997176
0.997348
0.997443
0.997478
0.997471
0.997409
0.997298
0.997143
0.996965
0.996739
0.99656
0.996531
0.996747
0.997705
0.998785
0.999904
0.9999
0.99987
0.999708
0.999061
0.998591
0.998422
0.998113
0.99772
0.997358
0.997105
0.996982
0.996938
0.996972
0.996982
0.996973
0.996961
0.996957
0.996983
0.997128
0.997625
0.99863
0.999413
0.999772
0.999827
0.999663
0.999582
0.999249
0.998782
0.9986
0.998614
0.998771
0.998854
0.99882
0.998728
0.998619
0.99851
0.998409
0.998344
0.998338
0.9984
0.998529
0.998699
0.998884
0.999111
0.999259
0.999317
0.99936
0.999375
0.99774
)
;

boundaryField
{
    inlet
    {
        type            fixedValue;
        value           uniform 1;
    }
    outlet
    {
        type            inletOutlet;
        inletValue      uniform 0;
        value           nonuniform List<scalar> 
57
(
0.992287
0.989055
0.990747
0.991858
0.993392
0.994181
0.994483
0.994596
0.994577
0.994493
0.994428
0.994388
0.994364
0.994352
0.994357
0.994378
0.994406
0.994451
0.994521
0.994604
0.994697
0.994795
0.994894
0.995003
0.995112
0.995215
0.995311
0.995423
0.995546
0.995656
0.99577
0.9959
0.996041
0.99621
0.996407
0.996612
0.996815
0.997005
0.997175
0.997336
0.997492
0.997624
0.997693
0.997726
0.997735
0.997717
0.997647
0.997506
0.997286
0.997018
0.996756
0.996533
0.996439
0.996771
0.998785
0.999827
0.99774
)
;
    }
    upperWall
    {
        type            zeroGradient;
    }
    lowerWall
    {
        type            zeroGradient;
    }
    frontAndBack
    {
        type            empty;
    }
}


// ************************************************************************* //
