/*--------------------------------*- C++ -*----------------------------------*\
  =========                 |
  \\      /  F ield         | OpenFOAM: The Open Source CFD Toolbox
   \\    /   O peration     | Website:  https://openfoam.org
    \\  /    A nd           | Version:  6
     \\/     M anipulation  |
\*---------------------------------------------------------------------------*/
FoamFile
{
    version     2.0;
    format      ascii;
    class       volScalarField;
    location    "0.25";
    object      s_0;
}
// * * * * * * * * * * * * * * * * * * * * * * * * * * * * * * * * * * * * * //

dimensions      [0 0 0 0 0 0 0];

internalField   nonuniform List<scalar> 
12225
(
1
1
1
1
1
1
1
1
1
1
1
1
1
1
1
1
1
1
1
1
1
1
1
1
1
1
1
1
1
1
1
1
1
1
1
1
1
1
1
1
1
1
1
1
1
1
1
1
1
1
1
1
1
1
1
1
1
1
1
1
1
1
1
1
1
1
1
1
1
1
1
1
1
1
1
1
1
1
1
1
1
1
1
1
1
1
1
1
1
1
1
1
1
1
1
1
1
1
1
1
1
1
1
1
1
1
1
1
1
1
1
1
1
1
1
1
1
1
1
1
1
1
1
1
1
1
1
1
1
1
1
1
1
1
1
1
1
1
1
1
1
1
1
1
1
1
1
1
1
1
1
1
1
1
1
1
1
1
1
1
1
1
1
1
1
1
1
1
1
1
1
1
1
1
1
1
1
1
1
1
1
1
1
1
1
1
1
1
1
1
1
1
1
1
1
1
1
1
1
1
1
1
1
1
1
1
1
1
1
1
1
1
1
1
1
1
1
1
1
1
1
1
1
1
1
1
1
1
1
1
1
1
1
1
1
1
1
1
1
1
1
1
1
1
1
1
1
1
1
1
1
1
1
1
1
1
1
1
1
1
1
1
1
1
1
1
1
1
1
1
1
1
1
1
1
1
1
1
1
1
1
1
1
1
1
1
1
1
1
1
1
1
1
1
1
1
1
1
1
1
1
1
1
1
1
1
1
1
1
1
1
1
1
1
1
1
1
1
1
1
1
1
1
1
1
1
1
1
1
1
1
1
1
1
1
1
1
1
1
1
1
1
1
1
1
1
1
1
1
1
1
1
1
1
1
1
1
1
1
1
1
1
1
1
1
1
1
1
1
1
1
1
1
1
1
1
1
1
1
1
1
1
1
1
1
1
1
1
1
1
1
1
1
1
1
1
1
1
1
1
1
1
1
1
1
1
1
1
1
1
1
1
1
1
1
1
1
1
1
1
1
1
1
1
1
1
1
1
1
1
1
1
1
1
1
1
1
1
1
1
1
1
1
1
1
1
1
1
1
1
1
1
1
1
1
1
1
1
1
1
1
1
1
1
1
1
1
1
1
1
1
1
1
1
1
1
1
1
1
1
1
1
1
1
1
1
1
1
1
1
1
1
1
1
1
1
1
1
1
1
1
1
1
1
1
1
1
1
1
1
1
1
1
1
1
1
1
1
1
1
1
1
1
1
1
1
1
1
1
1
1
1
1
1
1
1
1
1
1
1
0.964358
0.967496
0.967306
0.967592
0.969009
0.970958
0.971945
0.973792
0.975561
0.97739
0.979014
0.980386
0.981406
0.9821
0.982598
0.982966
0.983293
0.98357
0.983748
0.983827
0.983832
0.983805
0.983721
0.983483
0.983094
0.982666
0.982024
0.981009
0.979902
0.97929
0.979326
0.980895
0.982305
0.970515
0.951178
0.948974
0.948962
0.949869
0.950857
0.95178
0.952308
0.952949
0.95362
0.95551
0.956582
0.957883
0.958622
0.959723
0.960736
0.961362
0.962707
0.965401
0.968119
0.973871
0.98021
0.987374
0.989337
0.988409
0.987857
0.987608
0.987573
0.987576
0.987616
0.987718
0.987898
0.988153
0.988462
0.988785
0.989087
0.989352
0.989593
0.98983
0.99008
0.990342
0.990613
0.990898
0.991203
0.991526
0.991851
0.992162
0.992447
0.992686
0.992871
0.993016
0.993122
0.993173
0.993223
0.993244
0.993253
0.993255
0.993244
0.993201
0.993146
0.993099
0.993045
0.992969
0.992875
0.992772
0.992665
0.992543
0.992396
0.99223
0.992058
0.991869
0.99164
0.991407
0.991146
0.990865
0.990562
0.990244
0.989911
0.989565
0.989204
0.988828
0.988431
0.988014
0.987581
0.987139
0.986711
0.986331
0.985996
0.985684
0.985404
0.985169
0.984994
0.984885
0.984841
0.984842
0.984919
0.985279
0.985597
0.985776
0.98615
0.986534
0.98678
0.987188
0.988448
0.989559
0.989448
0.987753
0.987131
0.98771
0.988488
0.988931
0.989232
0.989435
0.989551
0.989644
0.989804
0.990255
0.991917
0.993974
0.994677
0.994594
0.99458
0.99545
0.995688
0.994883
0.994629
0.994835
0.994949
0.99508
0.995218
0.995345
0.995479
0.995629
0.995779
0.9959
0.996022
0.996117
0.996192
0.996262
0.996308
0.996323
0.996325
0.996295
0.99626
0.996186
0.996125
0.995848
0.961518
0.966976
0.96691
0.965394
0.962118
0.9627
0.964635
0.968972
0.973495
0.976789
0.979158
0.980636
0.981545
0.982175
0.982707
0.983093
0.983442
0.983813
0.984084
0.984534
0.984916
0.985326
0.985825
0.986245
0.986354
0.986324
0.986179
0.985767
0.984817
0.983738
0.981455
0.981232
0.981499
0.980736
0.9788
0.975517
0.964554
0.954666
0.953402
0.953497
0.953675
0.954569
0.954948
0.955471
0.956665
0.95969
0.965686
0.967272
0.970046
0.970807
0.970081
0.970169
0.972351
0.978774
0.987755
0.98902
0.989239
0.98882
0.988759
0.988976
0.989447
0.989865
0.990317
0.990751
0.991181
0.991674
0.992047
0.992392
0.992607
0.992818
0.992943
0.993079
0.993155
0.993261
0.993388
0.993622
0.993961
0.994347
0.99469
0.994894
0.994992
0.995034
0.995043
0.994979
0.994863
0.994824
0.994806
0.994803
0.994821
0.994892
0.994988
0.995064
0.995127
0.995187
0.995255
0.995335
0.995415
0.99548
0.995532
0.995576
0.995625
0.99569
0.995763
0.995828
0.995881
0.995945
0.996005
0.996052
0.996084
0.9961
0.996109
0.996106
0.996085
0.996036
0.995942
0.995782
0.995533
0.995159
0.994612
0.993841
0.992842
0.991682
0.990474
0.989358
0.988389
0.987483
0.986598
0.985837
0.985317
0.985037
0.984948
0.984972
0.985245
0.986099
0.986768
0.987037
0.98724
0.987946
0.988485
0.988313
0.98815
0.98822
0.988564
0.989296
0.989581
0.98957
0.989312
0.989107
0.989111
0.989236
0.989636
0.990629
0.990824
0.990689
0.990823
0.992443
0.994668
0.994619
0.994751
0.995261
0.995646
0.996029
0.996345
0.99665
0.996819
0.996987
0.997087
0.997137
0.997247
0.997319
0.997412
0.997472
0.997566
0.99762
0.997661
0.997685
0.997692
0.997696
0.99769
0.997611
0.954541
0.960011
0.960224
0.960466
0.964301
0.97156
0.976721
0.979643
0.980534
0.980905
0.981078
0.98108
0.980996
0.98078
0.980613
0.980381
0.980237
0.98025
0.980335
0.980551
0.980931
0.981397
0.982217
0.983309
0.984388
0.985296
0.985896
0.98616
0.986161
0.986056
0.985695
0.984704
0.983329
0.982518
0.981999
0.981566
0.980526
0.97938
0.976926
0.968599
0.963398
0.961015
0.960107
0.961152
0.965307
0.976515
0.983062
0.984707
0.985989
0.985705
0.98152
0.979489
0.983308
0.98786
0.989803
0.990269
0.990491
0.991336
0.991796
0.992375
0.992781
0.99304
0.993259
0.993437
0.99363
0.993777
0.99389
0.994005
0.99408
0.994168
0.994235
0.994339
0.99446
0.994665
0.994962
0.995168
0.995225
0.995238
0.995194
0.994988
0.994619
0.994137
0.993579
0.99323
0.993081
0.99299
0.992953
0.992945
0.992963
0.993061
0.993242
0.993452
0.993645
0.993844
0.994076
0.99434
0.994617
0.994882
0.995108
0.995279
0.995419
0.995563
0.995715
0.995848
0.995962
0.996097
0.996224
0.996354
0.996479
0.996604
0.996716
0.996815
0.996917
0.997019
0.997132
0.99725
0.997364
0.997464
0.997535
0.997556
0.997486
0.997178
0.996487
0.995467
0.994261
0.993195
0.992298
0.991427
0.990429
0.989346
0.988435
0.987892
0.987703
0.987686
0.98778
0.988332
0.988878
0.988977
0.988962
0.988829
0.988701
0.988701
0.988737
0.988851
0.989283
0.989973
0.990291
0.990404
0.990452
0.990408
0.990171
0.990074
0.990063
0.990099
0.990494
0.992799
0.994534
0.994605
0.995032
0.995517
0.995873
0.996198
0.996377
0.99649
0.996497
0.996432
0.996367
0.996362
0.996438
0.996561
0.99675
0.996948
0.997179
0.997396
0.997554
0.997664
0.9977
0.997725
0.997733
0.997734
0.95056
0.951385
0.961029
0.975695
0.982086
0.983143
0.982844
0.98201
0.980771
0.979663
0.97901
0.978545
0.978396
0.978365
0.978325
0.978257
0.97819
0.978151
0.978046
0.978011
0.978038
0.97814
0.978391
0.978968
0.979886
0.981204
0.982874
0.984382
0.985325
0.985775
0.985777
0.985665
0.985358
0.984669
0.983953
0.983617
0.983531
0.983547
0.983584
0.983297
0.980828
0.970168
0.964592
0.967529
0.981027
0.986805
0.988061
0.987724
0.986797
0.986011
0.985091
0.986736
0.989231
0.9909
0.991627
0.992091
0.992586
0.993038
0.993335
0.993608
0.99375
0.993816
0.993862
0.993898
0.993938
0.993977
0.994031
0.994118
0.994248
0.994443
0.994662
0.994919
0.995277
0.995472
0.995515
0.995519
0.995442
0.995149
0.99466
0.993872
0.992814
0.99242
0.9923
0.992267
0.992258
0.992257
0.992259
0.992268
0.992287
0.992318
0.992362
0.992417
0.992482
0.992562
0.992668
0.992806
0.992984
0.993207
0.993474
0.993784
0.994097
0.994398
0.994714
0.995025
0.995312
0.995629
0.995926
0.996196
0.996444
0.996661
0.996853
0.997033
0.997161
0.997247
0.997307
0.997401
0.997512
0.997633
0.997764
0.997901
0.998042
0.998141
0.998156
0.998013
0.997328
0.995881
0.994597
0.993859
0.993389
0.992739
0.991686
0.990554
0.989736
0.989202
0.98882
0.98863
0.988601
0.988668
0.988997
0.989227
0.989278
0.989263
0.989177
0.989156
0.989197
0.989389
0.989956
0.990553
0.990923
0.991033
0.99095
0.990516
0.990358
0.990453
0.991177
0.993592
0.994539
0.994608
0.995108
0.995479
0.995652
0.995665
0.995187
0.994717
0.99437
0.99419
0.994123
0.994125
0.994278
0.994455
0.994801
0.995328
0.995927
0.996533
0.997005
0.997363
0.997587
0.997663
0.997671
0.997667
0.948276
0.965976
0.984093
0.985727
0.985125
0.983221
0.979692
0.977092
0.976657
0.976909
0.977433
0.977834
0.978105
0.978263
0.978247
0.978163
0.978065
0.977887
0.977503
0.977175
0.977098
0.97712
0.977216
0.977457
0.978058
0.978822
0.979832
0.981011
0.98226
0.983762
0.984894
0.985348
0.985324
0.985202
0.984948
0.9848
0.984805
0.985083
0.985747
0.985844
0.98441
0.972191
0.968748
0.982057
0.989072
0.988937
0.988185
0.987941
0.987799
0.988292
0.989418
0.990662
0.991738
0.992344
0.992706
0.993074
0.993292
0.993515
0.993661
0.993745
0.993776
0.993788
0.993789
0.993793
0.993812
0.993873
0.993998
0.994196
0.994459
0.994828
0.995364
0.995808
0.995916
0.995931
0.995894
0.995721
0.995316
0.994646
0.993535
0.992598
0.992341
0.992275
0.992269
0.992279
0.992294
0.992309
0.99233
0.99236
0.992394
0.992421
0.992438
0.992454
0.992478
0.992508
0.992549
0.992608
0.992691
0.992797
0.992925
0.993068
0.993235
0.993412
0.993607
0.993817
0.994038
0.994283
0.994596
0.995047
0.995598
0.996198
0.996703
0.997116
0.997467
0.997751
0.997965
0.998054
0.998058
0.998002
0.997954
0.997974
0.998078
0.99823
0.998387
0.998514
0.99854
0.998402
0.997623
0.995907
0.994644
0.993974
0.993682
0.993611
0.993653
0.993839
0.993884
0.993778
0.993051
0.991121
0.989988
0.989598
0.989537
0.989585
0.989674
0.989678
0.989674
0.989722
0.989972
0.990575
0.990992
0.991135
0.991102
0.990805
0.990674
0.990794
0.991822
0.994013
0.994481
0.994623
0.99505
0.995182
0.994748
0.994158
0.99366
0.993425
0.993311
0.993275
0.993321
0.99337
0.993491
0.993611
0.99379
0.994067
0.994628
0.995627
0.996503
0.997149
0.997536
0.997701
0.997717
0.997698
0.967294
0.986764
0.987441
0.985425
0.980443
0.97643
0.975413
0.975531
0.976338
0.978008
0.979335
0.980002
0.980211
0.98003
0.979566
0.978823
0.978254
0.977671
0.976992
0.976526
0.976415
0.976434
0.976544
0.976918
0.977624
0.978236
0.978946
0.979782
0.980721
0.98142
0.982663
0.983855
0.984618
0.984965
0.985056
0.985158
0.985437
0.986251
0.987028
0.987182
0.985108
0.969472
0.97603
0.989699
0.989842
0.989281
0.98912
0.989369
0.989911
0.990542
0.991324
0.992127
0.99254
0.992941
0.993183
0.993391
0.993498
0.993634
0.993704
0.993731
0.993733
0.993722
0.993725
0.993749
0.99381
0.993915
0.99412
0.994463
0.994973
0.995703
0.996331
0.996476
0.996491
0.996441
0.99623
0.995756
0.995005
0.993956
0.992898
0.992546
0.992474
0.99248
0.992547
0.992634
0.992694
0.99274
0.992817
0.992919
0.993043
0.993143
0.993183
0.993192
0.993181
0.993136
0.99307
0.993003
0.992961
0.992942
0.992971
0.993043
0.993149
0.99327
0.993401
0.993537
0.993683
0.993828
0.993937
0.994038
0.994191
0.994488
0.995083
0.995945
0.996907
0.997624
0.998115
0.998456
0.998706
0.998873
0.998906
0.998769
0.998516
0.998363
0.998368
0.998512
0.99869
0.998787
0.99877
0.998471
0.99718
0.995536
0.994666
0.994415
0.994465
0.995027
0.99605
0.996498
0.996537
0.996256
0.994611
0.991974
0.990639
0.990189
0.990139
0.990299
0.990845
0.991072
0.991088
0.991124
0.991254
0.991308
0.991267
0.991007
0.990932
0.991097
0.992418
0.994209
0.994415
0.994606
0.994852
0.994363
0.993728
0.993311
0.993085
0.992994
0.992966
0.992988
0.993063
0.993141
0.993267
0.993395
0.993535
0.993688
0.993928
0.994456
0.995647
0.996679
0.997389
0.997759
0.997853
0.99783
0.991464
0.990715
0.986823
0.978116
0.975411
0.974959
0.975411
0.977041
0.980707
0.983517
0.984591
0.984456
0.98334
0.981653
0.98034
0.979196
0.978159
0.977155
0.976474
0.976205
0.97615
0.97618
0.976374
0.977148
0.977955
0.978529
0.9791
0.979599
0.980027
0.980406
0.981156
0.982522
0.983912
0.984804
0.985165
0.985444
0.986104
0.987248
0.988071
0.988102
0.983224
0.965577
0.985517
0.990574
0.99072
0.990518
0.990631
0.991241
0.991543
0.992023
0.992534
0.992882
0.99308
0.993357
0.993542
0.993668
0.993733
0.993794
0.993816
0.993823
0.993836
0.993862
0.99393
0.994055
0.994264
0.994591
0.995055
0.9957
0.996442
0.996972
0.997119
0.997142
0.997084
0.996831
0.996389
0.995823
0.995067
0.994025
0.993032
0.99276
0.992741
0.992807
0.992913
0.992969
0.993013
0.993126
0.99334
0.993643
0.993979
0.994278
0.994501
0.99458
0.994594
0.994552
0.994404
0.994227
0.994021
0.993815
0.993637
0.993489
0.993397
0.993368
0.993411
0.993504
0.993619
0.993741
0.993859
0.993943
0.993986
0.994029
0.994109
0.994314
0.994868
0.996078
0.997313
0.998106
0.998626
0.998973
0.999209
0.999354
0.999386
0.99925
0.998877
0.998666
0.998665
0.998815
0.998962
0.998986
0.998857
0.998091
0.996372
0.995376
0.995113
0.995199
0.995901
0.996793
0.99712
0.997132
0.996866
0.995387
0.992774
0.991289
0.990786
0.990782
0.991212
0.992103
0.992404
0.992392
0.992251
0.991859
0.991394
0.991066
0.991022
0.99122
0.992758
0.994286
0.994384
0.994541
0.994415
0.993631
0.993211
0.992986
0.992866
0.992794
0.992768
0.992792
0.992895
0.993011
0.993158
0.99331
0.993461
0.993609
0.993771
0.994031
0.99472
0.996053
0.9971
0.997736
0.998014
0.998018
0.991294
0.988611
0.979244
0.975701
0.975187
0.976287
0.97925
0.984352
0.987381
0.988162
0.987891
0.986686
0.98397
0.981719
0.980306
0.979225
0.977982
0.976913
0.976337
0.976254
0.976372
0.976965
0.977627
0.978232
0.978698
0.979049
0.979391
0.979725
0.980055
0.980466
0.981339
0.982794
0.984163
0.985015
0.985514
0.986124
0.987305
0.988487
0.98915
0.988193
0.976223
0.96878
0.988308
0.991358
0.99185
0.992018
0.992404
0.992939
0.993296
0.993695
0.994072
0.994229
0.994312
0.994364
0.994389
0.994393
0.994396
0.994407
0.994451
0.994551
0.994723
0.995019
0.995412
0.995885
0.996378
0.996869
0.997257
0.997521
0.997689
0.99774
0.997732
0.997597
0.997373
0.997092
0.99666
0.996074
0.995371
0.994523
0.993653
0.993352
0.993319
0.99333
0.99326
0.993182
0.993199
0.993403
0.993869
0.994543
0.995238
0.995691
0.995938
0.996095
0.996215
0.996291
0.996244
0.996019
0.99565
0.995229
0.994869
0.994514
0.994189
0.993932
0.993751
0.993663
0.993661
0.99373
0.993838
0.993966
0.994038
0.994037
0.994041
0.994076
0.994171
0.994479
0.995449
0.996811
0.9978
0.998525
0.999033
0.999357
0.999539
0.999618
0.999599
0.999358
0.999002
0.998902
0.998956
0.999111
0.999152
0.999078
0.998556
0.997037
0.996069
0.99582
0.995905
0.996492
0.997029
0.997142
0.997062
0.996435
0.994208
0.992192
0.991289
0.991129
0.991315
0.992253
0.993011
0.993177
0.993124
0.992725
0.991702
0.991189
0.991119
0.99134
0.992994
0.994298
0.994314
0.994381
0.993948
0.993231
0.992934
0.992809
0.992623
0.992498
0.992444
0.992472
0.992593
0.992794
0.993008
0.993227
0.99342
0.993589
0.993742
0.993938
0.994322
0.995452
0.996728
0.997617
0.998088
0.998205
0.990708
0.9849
0.976893
0.975708
0.977543
0.982505
0.987539
0.989145
0.989471
0.989222
0.988516
0.986657
0.983436
0.980969
0.980036
0.97946
0.978155
0.977202
0.977077
0.97762
0.978442
0.978806
0.979039
0.97941
0.979658
0.979901
0.980123
0.980397
0.98079
0.981441
0.982546
0.983904
0.985029
0.985827
0.986656
0.98787
0.988969
0.989755
0.989637
0.986066
0.968473
0.973688
0.989622
0.992045
0.992749
0.993257
0.994102
0.994566
0.995002
0.995361
0.995654
0.99576
0.995868
0.996
0.996052
0.996075
0.996116
0.996178
0.996294
0.996476
0.996677
0.996906
0.997144
0.997363
0.997541
0.997681
0.997775
0.997822
0.997836
0.99783
0.997772
0.997643
0.997454
0.997234
0.996937
0.996553
0.996099
0.995596
0.995092
0.994666
0.994331
0.993868
0.993406
0.993325
0.993468
0.993987
0.994937
0.995802
0.996075
0.996184
0.996299
0.99645
0.996623
0.99683
0.997038
0.997213
0.997296
0.997111
0.996548
0.995823
0.995202
0.994715
0.994382
0.994132
0.993963
0.993874
0.993872
0.993979
0.994132
0.994204
0.994185
0.994119
0.994116
0.994187
0.994446
0.995253
0.99644
0.997488
0.998349
0.998992
0.999413
0.999638
0.999729
0.999735
0.999609
0.999264
0.999121
0.999134
0.999251
0.999293
0.999233
0.99879
0.997512
0.996724
0.996528
0.996594
0.996928
0.997073
0.997031
0.996607
0.994802
0.992671
0.991589
0.991312
0.991401
0.992151
0.993151
0.993492
0.993491
0.993172
0.992039
0.991341
0.991231
0.991464
0.993154
0.994285
0.994246
0.994159
0.993549
0.992993
0.99278
0.992563
0.992256
0.992033
0.991941
0.991986
0.992165
0.992424
0.992731
0.993052
0.993348
0.993578
0.993741
0.993922
0.994207
0.994956
0.99636
0.99745
0.998083
0.998326
0.989999
0.980555
0.976333
0.978104
0.984543
0.989063
0.989964
0.989928
0.989719
0.989196
0.988027
0.985294
0.981663
0.980307
0.979986
0.979775
0.979158
0.979067
0.979278
0.980189
0.98099
0.981537
0.982053
0.982489
0.982705
0.982883
0.983174
0.983619
0.984259
0.985052
0.985909
0.986671
0.987354
0.988147
0.988982
0.989743
0.99015
0.990186
0.989117
0.981174
0.965665
0.977531
0.990203
0.992394
0.99323
0.993908
0.994842
0.995626
0.996197
0.996576
0.996809
0.996901
0.997012
0.997117
0.997153
0.997177
0.997197
0.997199
0.997204
0.997209
0.997222
0.997255
0.997301
0.997338
0.997344
0.997276
0.997157
0.997026
0.996912
0.996855
0.996824
0.996802
0.996774
0.996681
0.996521
0.996273
0.99594
0.995522
0.995036
0.994486
0.993799
0.993354
0.993301
0.993402
0.993834
0.994872
0.995955
0.996145
0.996148
0.996083
0.996021
0.99602
0.996134
0.996408
0.996794
0.997223
0.997604
0.99789
0.99807
0.997934
0.99725
0.996223
0.995301
0.994718
0.994365
0.994169
0.994065
0.994047
0.99413
0.994245
0.994285
0.994275
0.9942
0.994169
0.994214
0.994455
0.995203
0.996272
0.997342
0.998274
0.998987
0.999456
0.999704
0.999796
0.999804
0.999713
0.999427
0.999298
0.999301
0.999388
0.999421
0.999364
0.998956
0.997951
0.997398
0.99725
0.997255
0.997265
0.997211
0.996815
0.995133
0.992967
0.991801
0.991459
0.991508
0.992143
0.993211
0.993612
0.993625
0.993313
0.992161
0.991447
0.991337
0.991581
0.993253
0.994251
0.994175
0.993996
0.993348
0.992867
0.992676
0.992192
0.991773
0.991544
0.991461
0.99157
0.991765
0.992043
0.992383
0.992774
0.993194
0.993549
0.993777
0.993931
0.994184
0.994704
0.996058
0.997305
0.998063
0.998376
0.988913
0.978704
0.97662
0.983552
0.989526
0.990328
0.99021
0.989799
0.989185
0.988271
0.986464
0.98279
0.980542
0.980312
0.980639
0.981027
0.981086
0.981147
0.981807
0.983147
0.984187
0.984808
0.985607
0.986024
0.986491
0.98709
0.987368
0.987891
0.988257
0.988595
0.98898
0.989339
0.989717
0.990079
0.990371
0.990508
0.990436
0.989867
0.986789
0.971857
0.964928
0.979462
0.990183
0.992382
0.993271
0.994008
0.994883
0.995843
0.996592
0.997094
0.997356
0.997467
0.997574
0.997616
0.99762
0.997589
0.997511
0.997404
0.997297
0.997193
0.997067
0.996868
0.996535
0.995954
0.995327
0.994752
0.994295
0.993977
0.993793
0.993707
0.993682
0.993691
0.993758
0.993807
0.993821
0.993802
0.993721
0.993556
0.993305
0.993068
0.993044
0.993351
0.993748
0.994125
0.994842
0.995994
0.996257
0.996138
0.995738
0.995028
0.994491
0.994199
0.994048
0.994189
0.994698
0.995589
0.996668
0.997537
0.998165
0.998533
0.998709
0.998587
0.997794
0.996485
0.995374
0.99469
0.994334
0.994195
0.99418
0.994239
0.99429
0.994301
0.994282
0.994198
0.994142
0.994153
0.994336
0.995014
0.996181
0.997349
0.998335
0.999062
0.999525
0.999761
0.999842
0.999845
0.999759
0.999526
0.999436
0.999442
0.999517
0.999539
0.999484
0.999115
0.998394
0.998013
0.997883
0.997827
0.997714
0.997324
0.995767
0.993452
0.992119
0.991679
0.991693
0.992227
0.993318
0.993725
0.993727
0.99336
0.992173
0.99152
0.991432
0.991691
0.993318
0.994223
0.994129
0.993866
0.993236
0.992787
0.992462
0.991786
0.991352
0.991162
0.991122
0.991202
0.991383
0.99168
0.992044
0.992463
0.992959
0.993461
0.993824
0.993998
0.994197
0.994627
0.995804
0.997197
0.998056
0.998411
0.987462
0.978225
0.978788
0.988017
0.990357
0.990413
0.989841
0.988743
0.988024
0.98706
0.98448
0.981171
0.980469
0.980633
0.981685
0.982839
0.983242
0.983503
0.984111
0.985089
0.985885
0.986395
0.987051
0.98779
0.988344
0.988817
0.989372
0.989729
0.989934
0.990226
0.990393
0.990513
0.990598
0.990635
0.990638
0.990467
0.989893
0.98768
0.979357
0.966402
0.964638
0.980602
0.989967
0.992254
0.993207
0.993952
0.99477
0.995766
0.996576
0.997136
0.997455
0.997596
0.997706
0.997735
0.997724
0.997647
0.997508
0.997321
0.997058
0.996628
0.995882
0.995066
0.9943
0.993767
0.993454
0.993284
0.99322
0.993301
0.993448
0.99362
0.993753
0.993809
0.993849
0.993904
0.993976
0.994038
0.994076
0.994087
0.994122
0.994357
0.994645
0.994711
0.994763
0.994973
0.995725
0.996408
0.99629
0.99572
0.994679
0.994159
0.993852
0.993536
0.993216
0.992948
0.992782
0.992884
0.993578
0.995102
0.996882
0.99809
0.998754
0.999057
0.999152
0.998926
0.99791
0.996407
0.995275
0.994636
0.994354
0.994274
0.994273
0.994279
0.994274
0.994232
0.994086
0.993981
0.993978
0.994097
0.994661
0.996085
0.997467
0.998501
0.999201
0.999618
0.999816
0.999876
0.999873
0.999777
0.999602
0.999548
0.999562
0.999631
0.999646
0.999597
0.999295
0.998832
0.998612
0.998517
0.99839
0.998055
0.996795
0.994305
0.992703
0.992093
0.992059
0.992478
0.993539
0.99392
0.993897
0.993414
0.992183
0.991598
0.991531
0.991793
0.993338
0.994202
0.994112
0.993767
0.993131
0.992719
0.992215
0.991482
0.991048
0.99086
0.990796
0.99079
0.990906
0.991229
0.991683
0.992166
0.99271
0.993322
0.993826
0.994099
0.994269
0.994623
0.995618
0.997113
0.998078
0.99848
0.986171
0.978209
0.981275
0.989138
0.990471
0.990248
0.989052
0.987958
0.987389
0.986118
0.983014
0.980821
0.980586
0.981296
0.983126
0.984094
0.984436
0.984714
0.985233
0.985861
0.986286
0.986681
0.987348
0.988035
0.988544
0.98915
0.989755
0.990062
0.99029
0.990432
0.990486
0.990502
0.990489
0.990309
0.989797
0.988557
0.985622
0.978849
0.967789
0.963453
0.965219
0.980358
0.989375
0.991944
0.993018
0.993775
0.994386
0.995439
0.996382
0.997027
0.997386
0.997541
0.997669
0.997708
0.997697
0.997585
0.997308
0.996765
0.995921
0.99497
0.994183
0.993607
0.993237
0.993042
0.992965
0.992961
0.993095
0.993297
0.993567
0.993888
0.994251
0.994564
0.994945
0.995281
0.995555
0.99566
0.995719
0.995734
0.99569
0.995524
0.995287
0.994998
0.994894
0.995094
0.99597
0.996557
0.996111
0.994975
0.994396
0.99419
0.99408
0.993908
0.993525
0.993005
0.992591
0.992353
0.99224
0.992477
0.993547
0.995867
0.997753
0.998788
0.999253
0.999426
0.999416
0.998998
0.997628
0.996061
0.995076
0.994567
0.994353
0.994276
0.994243
0.994188
0.994044
0.993913
0.993874
0.993885
0.994003
0.994544
0.996188
0.997721
0.99874
0.999369
0.999715
0.999865
0.999903
0.999892
0.999789
0.99967
0.999643
0.999665
0.999729
0.99974
0.999704
0.999498
0.999252
0.999135
0.999017
0.998747
0.997837
0.995392
0.993523
0.992727
0.992624
0.992929
0.993856
0.994191
0.994134
0.993496
0.992251
0.991737
0.991687
0.991915
0.993322
0.994183
0.994113
0.993672
0.993025
0.992688
0.992089
0.991261
0.990815
0.990614
0.990458
0.990327
0.990355
0.99071
0.991306
0.99188
0.992488
0.993192
0.993817
0.994185
0.994374
0.994671
0.995523
0.997064
0.998109
0.998555
0.985611
0.97848
0.982287
0.989594
0.990522
0.990057
0.988661
0.98757
0.986832
0.984968
0.981994
0.981134
0.981188
0.982119
0.983896
0.984819
0.985173
0.985448
0.985919
0.986424
0.986713
0.987043
0.987529
0.987999
0.988474
0.988932
0.989131
0.989196
0.98921
0.989187
0.989022
0.988557
0.987599
0.985807
0.982516
0.976818
0.968688
0.964176
0.962492
0.964305
0.970307
0.980333
0.988453
0.991244
0.992623
0.993519
0.993917
0.994545
0.995604
0.99657
0.997007
0.997173
0.997316
0.99743
0.997448
0.997292
0.996703
0.995531
0.994521
0.993764
0.993251
0.992919
0.992756
0.992694
0.992719
0.992814
0.99297
0.993235
0.993635
0.99423
0.994792
0.995374
0.995955
0.996328
0.996481
0.996498
0.996441
0.996213
0.995714
0.99507
0.994558
0.994415
0.994502
0.995025
0.996326
0.996615
0.995758
0.99477
0.994639
0.995076
0.995491
0.995614
0.995259
0.994329
0.993171
0.992466
0.992137
0.992027
0.992128
0.992808
0.995189
0.997457
0.998747
0.999364
0.999594
0.999648
0.999509
0.998746
0.997058
0.995677
0.994882
0.994489
0.994316
0.994171
0.994014
0.993901
0.993857
0.993857
0.993897
0.994089
0.994848
0.996697
0.998125
0.999023
0.99954
0.999802
0.999904
0.999924
0.999905
0.999806
0.999735
0.999726
0.999754
0.999809
0.999817
0.999795
0.999685
0.999582
0.999487
0.999286
0.998665
0.996579
0.99446
0.993466
0.993268
0.993455
0.994191
0.994477
0.994404
0.993683
0.992459
0.991967
0.99191
0.99208
0.993269
0.994158
0.994118
0.993674
0.993019
0.992665
0.991931
0.991093
0.990668
0.990417
0.990188
0.990054
0.990061
0.990264
0.990928
0.991625
0.992291
0.993067
0.993821
0.99428
0.994495
0.994762
0.995498
0.997046
0.998126
0.998593
0.98507
0.97885
0.983781
0.990044
0.99061
0.989768
0.988029
0.986735
0.985518
0.982988
0.981389
0.981195
0.981442
0.982491
0.984035
0.984926
0.98535
0.985863
0.986165
0.986294
0.986345
0.98636
0.986338
0.986153
0.985783
0.985245
0.984474
0.983498
0.982279
0.980783
0.978912
0.9765
0.97332
0.969193
0.964387
0.96171
0.960791
0.960644
0.963302
0.973761
0.977072
0.981075
0.987554
0.990279
0.991643
0.99307
0.993612
0.993989
0.994493
0.995202
0.99569
0.995857
0.995949
0.996084
0.996242
0.996178
0.995531
0.99465
0.993752
0.993086
0.992724
0.992525
0.992428
0.992392
0.99241
0.992491
0.992666
0.993109
0.993899
0.994757
0.995352
0.995757
0.996128
0.996401
0.996496
0.996479
0.996255
0.99525
0.994164
0.993695
0.993603
0.993698
0.994146
0.995489
0.996646
0.996681
0.995626
0.994911
0.995299
0.996043
0.996248
0.996321
0.996285
0.995999
0.994804
0.993237
0.992355
0.992015
0.991956
0.99205
0.992712
0.995186
0.997435
0.998773
0.999442
0.999705
0.99978
0.999741
0.999401
0.998131
0.996472
0.995394
0.994761
0.994371
0.994117
0.993963
0.993897
0.993888
0.993907
0.994027
0.994456
0.995802
0.997445
0.998608
0.99931
0.999692
0.999871
0.999933
0.99994
0.999914
0.999833
0.999796
0.999796
0.999829
0.999871
0.999879
0.999871
0.99984
0.999783
0.99966
0.999293
0.997839
0.99552
0.994255
0.993907
0.993988
0.99453
0.994787
0.994702
0.993958
0.992733
0.992215
0.992132
0.992242
0.993177
0.99413
0.994134
0.993707
0.993038
0.992678
0.991925
0.991063
0.990562
0.990263
0.990041
0.989954
0.989963
0.990092
0.990613
0.991416
0.992137
0.992977
0.993822
0.994376
0.994623
0.994873
0.995509
0.997045
0.998163
0.998629
0.984322
0.979538
0.986187
0.990666
0.99069
0.988991
0.986577
0.984929
0.983122
0.981765
0.981477
0.981469
0.981969
0.983125
0.984414
0.985231
0.985753
0.986226
0.986403
0.986486
0.986582
0.986698
0.986749
0.98676
0.986754
0.986698
0.986476
0.985646
0.984599
0.982946
0.98078
0.977996
0.974529
0.970601
0.966686
0.963438
0.961923
0.961371
0.967203
0.979647
0.983038
0.9832
0.986432
0.989138
0.990167
0.991806
0.992993
0.993542
0.993974
0.994381
0.994705
0.994764
0.99475
0.994671
0.994549
0.994496
0.994259
0.993815
0.993246
0.99276
0.99249
0.992346
0.992278
0.992258
0.992263
0.992307
0.992468
0.993046
0.994096
0.994903
0.995399
0.995712
0.995924
0.99598
0.99584
0.995007
0.993837
0.993207
0.992988
0.992965
0.993037
0.993324
0.994373
0.996178
0.996885
0.996794
0.995789
0.995266
0.995694
0.99618
0.996313
0.996395
0.996466
0.996417
0.995931
0.994308
0.992924
0.99218
0.991962
0.991962
0.992125
0.993098
0.995735
0.997718
0.998912
0.999529
0.999785
0.999864
0.999861
0.99972
0.999073
0.997512
0.996113
0.995184
0.994609
0.994277
0.994113
0.994065
0.994069
0.994129
0.994417
0.995452
0.997021
0.998242
0.999067
0.999556
0.99981
0.999921
0.999953
0.999953
0.999923
0.999869
0.999853
0.999856
0.999888
0.999917
0.999925
0.999923
0.999911
0.999865
0.999687
0.998946
0.996772
0.995136
0.994538
0.994516
0.99486
0.995128
0.995051
0.994303
0.992996
0.992414
0.992293
0.992359
0.993056
0.994091
0.994157
0.993786
0.993095
0.992723
0.991959
0.991095
0.990556
0.99019
0.989982
0.989921
0.989931
0.990029
0.990464
0.991307
0.99205
0.992934
0.993842
0.994472
0.994751
0.994991
0.995569
0.997079
0.998228
0.99869
0.984027
0.980296
0.98735
0.991091
0.990705
0.988248
0.985335
0.983615
0.982669
0.982243
0.982157
0.982468
0.983361
0.98461
0.985815
0.98681
0.987875
0.989035
0.990179
0.991575
0.992865
0.994073
0.995206
0.995857
0.996266
0.996419
0.996419
0.996423
0.996458
0.996538
0.996633
0.99671
0.996521
0.995662
0.993651
0.989541
0.982415
0.973861
0.96702
0.973804
0.983544
0.98561
0.986561
0.988255
0.989206
0.990121
0.991366
0.992455
0.993196
0.99372
0.994127
0.994294
0.994283
0.994195
0.993987
0.993742
0.993537
0.993285
0.992982
0.992698
0.992479
0.992337
0.992264
0.992243
0.992246
0.99228
0.992438
0.993092
0.994141
0.994886
0.995341
0.995516
0.99551
0.995256
0.994442
0.993602
0.993044
0.992806
0.992786
0.992836
0.993041
0.993634
0.995237
0.996624
0.997076
0.997001
0.996155
0.995655
0.995751
0.996077
0.996191
0.996317
0.996511
0.996554
0.996303
0.994818
0.993205
0.992435
0.992077
0.991997
0.992055
0.992436
0.994222
0.996673
0.998241
0.999159
0.99964
0.99985
0.99992
0.999928
0.999877
0.999606
0.998553
0.996975
0.995845
0.995125
0.9947
0.994506
0.994471
0.9945
0.994667
0.995379
0.99688
0.998088
0.998926
0.999449
0.999746
0.999894
0.999954
0.999968
0.999964
0.999935
0.999906
0.9999
0.999906
0.999932
0.999949
0.999953
0.999952
0.999939
0.999871
0.999552
0.998175
0.996179
0.995217
0.995037
0.995199
0.995474
0.995431
0.994804
0.993336
0.992623
0.992439
0.99247
0.992931
0.994031
0.994182
0.993908
0.993221
0.992829
0.992045
0.99118
0.99059
0.9902
0.989987
0.989923
0.989928
0.990011
0.990403
0.991263
0.992019
0.992918
0.9939
0.994584
0.994884
0.995115
0.995658
0.997137
0.998292
0.99874
0.983984
0.980638
0.987612
0.991513
0.991323
0.988763
0.986006
0.984866
0.984314
0.984186
0.984653
0.985846
0.987115
0.988731
0.990122
0.991631
0.99319
0.994395
0.99507
0.995781
0.996197
0.996401
0.996484
0.996495
0.996407
0.996317
0.996226
0.996119
0.996072
0.996126
0.996587
0.997198
0.998028
0.998704
0.999077
0.999236
0.998902
0.997105
0.9875
0.972348
0.973875
0.984006
0.986458
0.987957
0.988914
0.989469
0.990127
0.99091
0.991673
0.992369
0.992973
0.993463
0.993757
0.993838
0.993762
0.993579
0.993352
0.993145
0.992944
0.992719
0.992517
0.992371
0.992289
0.992269
0.992275
0.992319
0.992515
0.993284
0.994245
0.994903
0.995203
0.995224
0.994971
0.994018
0.993145
0.992668
0.992532
0.992565
0.992791
0.993261
0.994112
0.995545
0.9967
0.997322
0.997443
0.997362
0.996767
0.99607
0.995944
0.99598
0.996067
0.996218
0.996541
0.996673
0.996493
0.995015
0.993276
0.992566
0.992279
0.992172
0.992164
0.99236
0.993373
0.995878
0.997736
0.998838
0.999446
0.999761
0.999904
0.999954
0.999962
0.999939
0.999803
0.999217
0.99785
0.996688
0.995848
0.995323
0.995127
0.995121
0.995222
0.995659
0.996883
0.998053
0.998883
0.999409
0.999712
0.999872
0.999947
0.999973
0.999977
0.999971
0.999949
0.999937
0.999937
0.999943
0.999961
0.999968
0.999969
0.999966
0.999942
0.999815
0.999224
0.997389
0.99601
0.995573
0.99559
0.9958
0.995799
0.995368
0.993846
0.992873
0.99258
0.992579
0.992869
0.993927
0.994202
0.994028
0.993393
0.992959
0.992222
0.991365
0.990684
0.990248
0.990014
0.989944
0.989951
0.990029
0.990395
0.991259
0.99203
0.992969
0.993981
0.994689
0.995003
0.995228
0.995747
0.997207
0.998353
0.998777
0.984174
0.980649
0.985942
0.99188
0.992401
0.991278
0.989419
0.988734
0.988495
0.988535
0.989329
0.990331
0.991441
0.992585
0.993514
0.99454
0.99524
0.99584
0.996109
0.99627
0.996333
0.996349
0.996285
0.996247
0.996196
0.996128
0.99602
0.995851
0.995503
0.994955
0.994675
0.994679
0.995258
0.996944
0.998567
0.999333
0.999669
0.999784
0.999487
0.996114
0.979896
0.975705
0.982111
0.986917
0.988514
0.989374
0.989887
0.990349
0.990825
0.991309
0.991789
0.992258
0.992693
0.993071
0.993304
0.993337
0.993261
0.993109
0.99295
0.992806
0.992658
0.992495
0.992399
0.99239
0.992409
0.992482
0.992743
0.99358
0.994409
0.994897
0.995028
0.994948
0.994267
0.993174
0.992618
0.992508
0.992641
0.993498
0.994941
0.996328
0.997341
0.998018
0.99833
0.998345
0.998243
0.998002
0.997439
0.996693
0.996303
0.996201
0.996213
0.996298
0.996707
0.996957
0.996621
0.994928
0.993186
0.992578
0.992508
0.992527
0.992517
0.99258
0.993237
0.995413
0.997392
0.998632
0.999323
0.999683
0.999863
0.999946
0.999975
0.999979
0.999966
0.99989
0.999595
0.998728
0.997564
0.996587
0.996061
0.99595
0.996005
0.996343
0.997292
0.998203
0.998912
0.999404
0.999703
0.999864
0.999942
0.999974
0.999983
0.999983
0.999976
0.999965
0.999961
0.999962
0.999969
0.999977
0.999979
0.999978
0.99997
0.999922
0.999685
0.998622
0.99695
0.996178
0.996054
0.99614
0.996154
0.995883
0.994535
0.993233
0.992754
0.992711
0.992894
0.993799
0.994218
0.994133
0.993599
0.993134
0.992461
0.991616
0.990881
0.990369
0.990077
0.989991
0.990001
0.990091
0.990504
0.991403
0.992154
0.993096
0.994113
0.994809
0.995111
0.995331
0.995845
0.99731
0.998435
0.998831
0.984586
0.980995
0.98425
0.991303
0.992972
0.992891
0.991722
0.991259
0.991267
0.991944
0.992519
0.992941
0.993779
0.994463
0.995079
0.995743
0.996052
0.996323
0.996432
0.996499
0.996541
0.996548
0.996512
0.996358
0.996298
0.996275
0.996214
0.996123
0.995868
0.995258
0.99452
0.994295
0.994445
0.995329
0.99737
0.998768
0.999461
0.999783
0.999899
0.999826
0.998104
0.985199
0.979215
0.981585
0.986835
0.988929
0.989851
0.990405
0.990752
0.991069
0.991371
0.99165
0.99195
0.992249
0.992508
0.992781
0.992984
0.992989
0.992934
0.992842
0.99279
0.9927
0.992635
0.99263
0.992644
0.99271
0.993031
0.993891
0.994552
0.994851
0.994875
0.994619
0.993539
0.992727
0.992531
0.992677
0.993883
0.995677
0.996797
0.997569
0.998099
0.998437
0.998656
0.9988
0.998858
0.998821
0.998513
0.997717
0.997023
0.996719
0.996724
0.996881
0.997332
0.997262
0.996559
0.994178
0.992745
0.992496
0.992681
0.993041
0.993133
0.9932
0.993573
0.995317
0.997291
0.998542
0.999265
0.999649
0.999839
0.999931
0.999973
0.999987
0.999989
0.999982
0.999943
0.99981
0.999363
0.998198
0.997288
0.996979
0.996983
0.997179
0.997889
0.998598
0.999106
0.999473
0.999719
0.999865
0.999941
0.999974
0.999986
0.999988
0.999987
0.999982
0.999979
0.999979
0.99998
0.999984
0.999985
0.999985
0.999982
0.999965
0.999872
0.999432
0.99799
0.996889
0.996555
0.996542
0.996534
0.996352
0.995287
0.99374
0.993076
0.992956
0.993041
0.9937
0.994227
0.994212
0.99383
0.99329
0.992671
0.991878
0.991122
0.990535
0.99018
0.990081
0.990095
0.990199
0.990665
0.991603
0.992356
0.993286
0.994266
0.994916
0.995194
0.995409
0.995934
0.99743
0.998527
0.998894
0.98514
0.981679
0.983623
0.989713
0.992922
0.993487
0.993439
0.992945
0.992779
0.993176
0.994017
0.994353
0.994969
0.995418
0.995717
0.996171
0.996348
0.996508
0.996646
0.996705
0.996725
0.996664
0.99628
0.996122
0.99611
0.996183
0.996171
0.996098
0.995873
0.995249
0.994388
0.994146
0.994272
0.995033
0.997091
0.998641
0.999404
0.999734
0.999887
0.999951
0.99991
0.998714
0.987785
0.981537
0.982298
0.986488
0.98924
0.990304
0.991078
0.991246
0.991429
0.991614
0.991786
0.991956
0.992127
0.992306
0.992457
0.992651
0.992786
0.992798
0.992785
0.992769
0.992756
0.992757
0.992775
0.992873
0.993362
0.994155
0.994641
0.99479
0.994741
0.99418
0.993066
0.992577
0.992567
0.993151
0.994842
0.995922
0.996367
0.996537
0.996651
0.996887
0.997297
0.997834
0.998383
0.998737
0.998837
0.998767
0.998312
0.997822
0.997736
0.997771
0.997678
0.997347
0.99579
0.993353
0.992406
0.992339
0.992829
0.993692
0.994012
0.994172
0.9945
0.995668
0.997344
0.998532
0.999249
0.999637
0.999832
0.999925
0.999968
0.999987
0.999994
0.999994
0.99999
0.999971
0.999897
0.999586
0.998681
0.998182
0.998121
0.998189
0.998537
0.999039
0.999377
0.999614
0.99978
0.999886
0.999947
0.999976
0.999988
0.999991
0.999991
0.999989
0.999988
0.999988
0.999989
0.99999
0.999991
0.999991
0.999989
0.999982
0.999946
0.99977
0.998961
0.997684
0.997117
0.99699
0.996948
0.996807
0.996079
0.994416
0.993566
0.99338
0.993393
0.993737
0.994257
0.994283
0.994067
0.99349
0.992886
0.992131
0.991363
0.990739
0.990338
0.990219
0.990236
0.990356
0.990914
0.991891
0.992624
0.993526
0.994447
0.995022
0.995259
0.995473
0.996037
0.9976
0.998636
0.998949
0.985147
0.982268
0.9837
0.987729
0.992077
0.993393
0.993824
0.994025
0.994049
0.994096
0.994632
0.994954
0.995269
0.995742
0.995946
0.996186
0.99636
0.996487
0.996626
0.996679
0.996662
0.996537
0.99618
0.996095
0.996124
0.996205
0.996182
0.996022
0.995508
0.994427
0.993961
0.993986
0.994234
0.99523
0.997465
0.998925
0.999582
0.999824
0.999907
0.999962
0.999978
0.99993
0.998697
0.988801
0.982829
0.982988
0.986233
0.989444
0.990869
0.991765
0.992037
0.991974
0.99195
0.992001
0.992096
0.992201
0.992296
0.992402
0.992521
0.992638
0.992727
0.992763
0.99278
0.992801
0.99285
0.99304
0.993708
0.994354
0.994679
0.994731
0.994584
0.993707
0.992777
0.992469
0.992498
0.993131
0.993828
0.993699
0.993091
0.992647
0.992582
0.992726
0.993162
0.99403
0.995344
0.996787
0.997786
0.99832
0.998469
0.998359
0.99812
0.99795
0.997623
0.996675
0.99401
0.992383
0.992064
0.992185
0.993054
0.99448
0.995164
0.995497
0.99591
0.996753
0.997771
0.998666
0.999281
0.999642
0.999831
0.999924
0.999967
0.999986
0.999995
0.999997
0.999997
0.999995
0.999983
0.999931
0.999676
0.999353
0.999287
0.999305
0.999388
0.999531
0.999649
0.999756
0.999849
0.999917
0.999959
0.999981
0.999991
0.999993
0.999994
0.999993
0.999992
0.999992
0.999993
0.999994
0.999995
0.999994
0.999994
0.999991
0.999976
0.999906
0.999571
0.998497
0.997723
0.997465
0.99739
0.99726
0.996808
0.995357
0.994257
0.993903
0.993882
0.993943
0.994302
0.994374
0.994253
0.99376
0.993125
0.99237
0.991622
0.991006
0.990552
0.990405
0.990425
0.990578
0.991281
0.992246
0.992934
0.993795
0.994637
0.995129
0.995327
0.995539
0.99615
0.997771
0.998737
0.999004
0.985606
0.98357
0.984708
0.986842
0.989489
0.992548
0.993634
0.994083
0.994469
0.994723
0.995041
0.995355
0.995506
0.995796
0.995976
0.996143
0.996296
0.996364
0.99644
0.996433
0.996376
0.996222
0.996161
0.996189
0.996284
0.996274
0.996183
0.995782
0.994694
0.993902
0.993881
0.994049
0.994743
0.996643
0.998702
0.999547
0.99983
0.999933
0.999971
0.999984
0.999991
0.99999
0.999909
0.998238
0.988717
0.983424
0.983379
0.985862
0.989612
0.991468
0.992243
0.992869
0.992775
0.992518
0.992336
0.992303
0.99233
0.992387
0.992458
0.992565
0.992679
0.992752
0.992787
0.992829
0.992925
0.993299
0.993999
0.994492
0.994682
0.994675
0.994361
0.993311
0.992582
0.992334
0.992333
0.99235
0.991869
0.991283
0.991122
0.991159
0.991324
0.99148
0.991604
0.991747
0.99202
0.992672
0.993944
0.995494
0.996784
0.997203
0.997183
0.996958
0.996203
0.994065
0.992398
0.991947
0.991941
0.992159
0.993349
0.995315
0.996509
0.997151
0.997581
0.997966
0.998471
0.999001
0.999422
0.999696
0.999851
0.99993
0.999969
0.999987
0.999995
0.999998
0.999999
0.999999
0.999997
0.999989
0.999947
0.99984
0.999788
0.999781
0.999787
0.999812
0.99984
0.999872
0.999908
0.999944
0.99997
0.999986
0.999993
0.999995
0.999995
0.999995
0.999994
0.999994
0.999995
0.999996
0.999997
0.999997
0.999996
0.999995
0.999989
0.999961
0.999826
0.999216
0.998344
0.997948
0.997824
0.997706
0.997421
0.996478
0.995231
0.994593
0.994375
0.994321
0.994421
0.994471
0.994407
0.994093
0.993367
0.992638
0.991961
0.991343
0.990815
0.990654
0.990686
0.990898
0.991773
0.992675
0.993305
0.994101
0.994834
0.995227
0.995385
0.995604
0.99631
0.997989
0.998852
0.999056
0.98717
0.985786
0.98711
0.987512
0.988482
0.990072
0.991954
0.993598
0.99436
0.994764
0.995086
0.995425
0.995632
0.995822
0.99599
0.9961
0.9962
0.996248
0.996278
0.996276
0.996262
0.996256
0.996285
0.996343
0.996336
0.996254
0.995886
0.994737
0.993652
0.993692
0.99396
0.994787
0.996595
0.998717
0.999529
0.999814
0.999923
0.999968
0.999987
0.999993
0.999996
0.999996
0.999991
0.999804
0.997579
0.98807
0.983566
0.983466
0.985425
0.989813
0.991799
0.992775
0.993459
0.993498
0.993312
0.992921
0.992654
0.992537
0.992541
0.992585
0.992687
0.992763
0.992811
0.992883
0.993062
0.993631
0.99423
0.994578
0.994666
0.994604
0.99406
0.993071
0.992523
0.992277
0.991953
0.99144
0.991014
0.99087
0.990899
0.991109
0.991379
0.991539
0.991617
0.991651
0.991682
0.991733
0.991824
0.992103
0.993038
0.9937
0.993711
0.993533
0.992865
0.992123
0.99183
0.991815
0.991896
0.992271
0.993735
0.996078
0.997774
0.998611
0.998871
0.99896
0.999113
0.999351
0.999589
0.99977
0.999883
0.999945
0.999975
0.999989
0.999995
0.999998
0.999999
0.999999
0.999999
0.999998
0.999992
0.999968
0.999934
0.999916
0.999909
0.999907
0.99991
0.999924
0.999945
0.999964
0.99998
0.99999
0.999995
0.999997
0.999997
0.999996
0.999995
0.999995
0.999996
0.999997
0.999998
0.999998
0.999998
0.999997
0.999995
0.999984
0.99993
0.999674
0.998928
0.998425
0.998232
0.998123
0.997928
0.997483
0.996441
0.995521
0.994973
0.994708
0.99465
0.994622
0.994562
0.994365
0.993776
0.99291
0.992286
0.991645
0.991084
0.990965
0.991028
0.991354
0.99242
0.993166
0.993671
0.994372
0.995002
0.99532
0.995458
0.995693
0.996542
0.998229
0.998972
0.999109
0.989723
0.988388
0.989027
0.989999
0.98998
0.990148
0.990489
0.991377
0.99312
0.994415
0.994952
0.995356
0.995611
0.9958
0.995973
0.996073
0.996161
0.996214
0.996254
0.996271
0.996285
0.996339
0.996371
0.996357
0.996255
0.995853
0.994653
0.993276
0.993319
0.993715
0.994886
0.997201
0.998892
0.999581
0.999846
0.999943
0.999978
0.999991
0.999996
0.999998
0.999998
0.999999
0.999998
0.999979
0.999602
0.99662
0.987102
0.983391
0.98331
0.98506
0.989715
0.992065
0.993272
0.993893
0.994127
0.994037
0.99374
0.993253
0.992931
0.992795
0.992812
0.992854
0.99291
0.993014
0.993357
0.993968
0.994421
0.994632
0.994656
0.994516
0.993784
0.992981
0.992521
0.99209
0.991507
0.991022
0.990822
0.990826
0.991078
0.991568
0.991813
0.99193
0.991992
0.992008
0.991955
0.991838
0.991763
0.991747
0.991811
0.991909
0.991909
0.991884
0.991803
0.991731
0.991738
0.991792
0.991997
0.992597
0.994408
0.99687
0.998438
0.999161
0.999452
0.99956
0.999611
0.999666
0.99975
0.999839
0.999911
0.999956
0.99998
0.999991
0.999996
0.999998
0.999999
1
1
1
0.999998
0.999994
0.999979
0.999963
0.999952
0.999946
0.999944
0.999947
0.99996
0.999975
0.999986
0.999993
0.999996
0.999998
0.999998
0.999998
0.999997
0.999996
0.999997
0.999997
0.999998
0.999998
0.999998
0.999998
0.999997
0.999993
0.999972
0.999869
0.999431
0.998882
0.998619
0.998484
0.998335
0.99807
0.997621
0.996711
0.995775
0.995176
0.994921
0.994814
0.994737
0.994589
0.994208
0.993312
0.992699
0.991951
0.991429
0.99139
0.991514
0.992049
0.993117
0.993677
0.994072
0.994675
0.995179
0.995406
0.995527
0.995787
0.996833
0.998472
0.999078
0.999148
0.991398
0.990878
0.990912
0.991195
0.991497
0.991696
0.991329
0.991019
0.991385
0.99253
0.994056
0.994943
0.99542
0.99569
0.995902
0.996023
0.996116
0.996183
0.996235
0.996259
0.996313
0.996319
0.996287
0.996133
0.995626
0.994184
0.992738
0.992785
0.993293
0.994898
0.997817
0.99911
0.999654
0.999871
0.999952
0.999982
0.999993
0.999997
0.999999
0.999999
0.999999
1
0.999999
0.999997
0.999942
0.999294
0.9952
0.98608
0.983055
0.98302
0.984699
0.989536
0.992354
0.993664
0.994282
0.994653
0.994603
0.994447
0.994091
0.993547
0.993266
0.993229
0.993265
0.993402
0.99384
0.994297
0.994582
0.994677
0.994659
0.994392
0.993602
0.992968
0.992467
0.99183
0.991218
0.990884
0.990829
0.990968
0.991467
0.991758
0.991894
0.991978
0.992048
0.99211
0.992158
0.992176
0.992113
0.99194
0.991838
0.991787
0.991749
0.991725
0.991713
0.991722
0.991773
0.991937
0.992322
0.993227
0.995448
0.99752
0.998773
0.9994
0.999664
0.999768
0.999818
0.999855
0.99989
0.999921
0.999949
0.999971
0.999985
0.999993
0.999997
0.999999
1
1
1
1
1
0.999998
0.999993
0.999982
0.999972
0.999965
0.999962
0.999962
0.999968
0.99998
0.999989
0.999994
0.999997
0.999998
0.999999
0.999999
0.999998
0.999998
0.999998
0.999998
0.999999
0.999999
0.999999
0.999999
0.999998
0.999997
0.999989
0.999948
0.999756
0.999278
0.99898
0.998816
0.998662
0.998481
0.998252
0.997828
0.996828
0.995785
0.995255
0.995034
0.994923
0.994804
0.994557
0.993954
0.993247
0.99236
0.991974
0.992008
0.992241
0.993001
0.993795
0.994141
0.994406
0.994926
0.995324
0.995484
0.995599
0.995906
0.997182
0.998707
0.999167
0.999178
0.990505
0.99105
0.991204
0.991386
0.991605
0.991865
0.992087
0.991877
0.991528
0.991654
0.99206
0.993117
0.994391
0.995162
0.995595
0.995832
0.995984
0.996079
0.996151
0.996179
0.99617
0.996092
0.995812
0.995036
0.993106
0.992083
0.992156
0.99278
0.994837
0.997909
0.999182
0.99969
0.999886
0.999959
0.999985
0.999994
0.999998
0.999999
1
1
1
1
1
1
0.999991
0.999866
0.998847
0.993383
0.985227
0.982664
0.982681
0.984351
0.98954
0.99266
0.994035
0.994659
0.995077
0.995073
0.99499
0.994778
0.994378
0.994147
0.99411
0.994165
0.994351
0.994584
0.994713
0.994736
0.994661
0.9942
0.993512
0.992952
0.99231
0.991584
0.991052
0.990856
0.990871
0.991172
0.991576
0.991778
0.991883
0.991959
0.992041
0.992127
0.992203
0.992269
0.992318
0.992331
0.992238
0.992055
0.991911
0.991861
0.991867
0.99191
0.992045
0.992349
0.992892
0.994235
0.996403
0.998027
0.999022
0.999536
0.999765
0.999858
0.999897
0.999922
0.999941
0.999958
0.999973
0.999983
0.999991
0.999995
0.999998
0.999999
1
1
1
1
1
0.999999
0.999997
0.999991
0.999983
0.999977
0.999974
0.999973
0.999975
0.999983
0.999991
0.999995
0.999998
0.999999
0.999999
0.999999
0.999999
0.999998
0.999998
0.999998
0.999999
0.999999
0.999999
0.999999
0.999999
0.999998
0.999995
0.999979
0.999903
0.99961
0.999301
0.999117
0.998955
0.998803
0.998663
0.998441
0.99791
0.996583
0.995652
0.995273
0.995117
0.995016
0.994845
0.994546
0.993994
0.993142
0.99289
0.992967
0.993288
0.994003
0.99437
0.994511
0.994706
0.995164
0.995455
0.995556
0.995674
0.996065
0.997588
0.998938
0.999248
0.999201
0.999202
0.99771
0.995295
0.992954
0.992143
0.992086
0.992216
0.992217
0.992041
0.991711
0.991748
0.991939
0.992369
0.99327
0.994193
0.994978
0.995373
0.995615
0.995666
0.995613
0.995422
0.994833
0.993437
0.991776
0.991491
0.991645
0.992478
0.99503
0.997976
0.999215
0.999706
0.999893
0.999962
0.999987
0.999995
0.999998
0.999999
1
1
1
1
1
1
1
0.999999
0.999976
0.999745
0.998302
0.991792
0.984517
0.982343
0.982402
0.984115
0.989665
0.992982
0.994392
0.995029
0.995434
0.995486
0.995446
0.99533
0.99512
0.994919
0.994798
0.994779
0.994805
0.994832
0.994812
0.994588
0.993977
0.99342
0.992827
0.992065
0.991363
0.990958
0.990862
0.990926
0.991282
0.991595
0.991742
0.991818
0.991899
0.992021
0.99215
0.992259
0.99234
0.992411
0.992484
0.992534
0.992521
0.992377
0.99231
0.992316
0.992373
0.992554
0.992896
0.993636
0.995438
0.99731
0.998581
0.999309
0.999673
0.999838
0.999908
0.999938
0.999955
0.999967
0.999976
0.999984
0.99999
0.999994
0.999997
0.999999
0.999999
1
1
1
1
1
1
0.999999
0.999995
0.999991
0.999987
0.999984
0.999983
0.999983
0.999987
0.999992
0.999996
0.999998
0.999999
0.999999
0.999999
0.999999
0.999999
0.999999
0.999999
0.999999
0.999999
0.999999
0.999999
0.999999
0.999999
0.999998
0.999992
0.999964
0.999839
0.999584
0.999402
0.999242
0.999098
0.998993
0.99887
0.998597
0.997676
0.996252
0.995549
0.995308
0.995211
0.995098
0.99496
0.994711
0.994148
0.994041
0.994123
0.994458
0.994711
0.994778
0.99483
0.994984
0.995359
0.995543
0.99562
0.995764
0.996324
0.998081
0.99916
0.999322
0.999211
0.999974
0.999881
0.999642
0.999059
0.997882
0.99656
0.995224
0.993753
0.992978
0.992268
0.991925
0.991911
0.991994
0.992158
0.992349
0.992629
0.993025
0.993208
0.993117
0.992805
0.991955
0.991013
0.990757
0.990882
0.991434
0.99288
0.996239
0.998368
0.999334
0.999743
0.999906
0.999967
0.999989
0.999996
0.999999
0.999999
1
1
1
1
1
1
1
1
1
0.999996
0.999949
0.999602
0.997852
0.990945
0.984178
0.982216
0.982286
0.984002
0.989777
0.993264
0.994713
0.995368
0.995739
0.995847
0.995835
0.995778
0.995601
0.995278
0.9951
0.995049
0.995008
0.994857
0.994359
0.99377
0.993218
0.992534
0.991773
0.991177
0.990898
0.990856
0.990958
0.991314
0.991544
0.991643
0.991703
0.991823
0.992009
0.992224
0.992413
0.992534
0.992597
0.992646
0.992703
0.992763
0.992788
0.992801
0.992826
0.992902
0.993085
0.993519
0.994748
0.996768
0.998277
0.999172
0.999617
0.999818
0.999906
0.999945
0.999963
0.999974
0.999981
0.999987
0.999992
0.999995
0.999997
0.999998
0.999999
1
1
1
1
1
1
1
1
0.999998
0.999995
0.999992
0.99999
0.999989
0.999989
0.99999
0.999994
0.999997
0.999998
0.999999
0.999999
1
1
0.999999
0.999999
0.999999
1
1
1
1
1
1
0.999999
0.999997
0.999988
0.999946
0.999803
0.999646
0.999504
0.999371
0.999276
0.9992
0.999054
0.998622
0.997204
0.996001
0.995519
0.995371
0.995293
0.995233
0.995145
0.994912
0.994894
0.994967
0.995069
0.995057
0.99503
0.995068
0.995316
0.99557
0.995648
0.995715
0.995912
0.996818
0.998619
0.999364
0.999394
0.999203
0.999999
0.999994
0.999977
0.999925
0.999797
0.999518
0.999175
0.998501
0.997314
0.995882
0.993906
0.992899
0.992486
0.992286
0.992161
0.991944
0.991784
0.991611
0.991398
0.991068
0.991015
0.991195
0.991871
0.993339
0.995953
0.997887
0.998996
0.999561
0.999822
0.999933
0.999976
0.999992
0.999997
0.999999
1
1
1
1
1
1
1
1
1
1
1
0.999999
0.999991
0.999917
0.999491
0.997666
0.990913
0.984216
0.982295
0.982355
0.984061
0.989945
0.993527
0.995007
0.995659
0.996002
0.996125
0.996125
0.996047
0.995677
0.99544
0.995344
0.995167
0.994705
0.994051
0.993467
0.992867
0.992157
0.991466
0.991005
0.990829
0.990819
0.990951
0.991265
0.991418
0.991467
0.991542
0.991732
0.992052
0.9924
0.9927
0.992901
0.992995
0.99302
0.99302
0.99302
0.993052
0.993098
0.993165
0.9933
0.993604
0.994366
0.99629
0.998108
0.999151
0.999629
0.999834
0.999921
0.999957
0.999972
0.999979
0.999985
0.999989
0.999992
0.999995
0.999997
0.999998
0.999999
0.999999
1
1
1
1
1
1
1
1
0.999999
0.999997
0.999995
0.999993
0.999992
0.999992
0.999992
0.999995
0.999997
0.999999
0.999999
1
1
1
1
1
1
1
1
1
1
1
1
1
0.999999
0.999996
0.999982
0.999927
0.999818
0.999709
0.999596
0.999508
0.99945
0.999368
0.999158
0.998362
0.996728
0.995853
0.995527
0.995417
0.995387
0.995355
0.995283
0.995284
0.995304
0.995271
0.995191
0.995198
0.995306
0.995565
0.99567
0.995725
0.99583
0.99619
0.997591
0.999081
0.999527
0.999449
0.99917
1
1
0.999999
0.999995
0.999984
0.999956
0.999901
0.999792
0.999549
0.999166
0.998503
0.997356
0.996061
0.995049
0.994174
0.993591
0.99314
0.993094
0.993199
0.993559
0.994428
0.995972
0.997393
0.998446
0.999145
0.999566
0.999798
0.999913
0.999965
0.999987
0.999995
0.999998
0.999999
1
1
1
1
1
1
1
1
1
1
1
1
1
0.999999
0.999985
0.999893
0.999451
0.997712
0.991222
0.984409
0.98246
0.982529
0.98429
0.990264
0.993803
0.995275
0.995912
0.996203
0.996295
0.996279
0.996133
0.995859
0.995597
0.995117
0.994378
0.99368
0.993066
0.992421
0.991734
0.991157
0.99082
0.990709
0.990716
0.990893
0.991123
0.991204
0.991234
0.991318
0.991629
0.992188
0.992773
0.993236
0.993525
0.993653
0.993676
0.993667
0.993596
0.993547
0.993551
0.993608
0.993814
0.994394
0.995987
0.998036
0.999143
0.999625
0.999835
0.999925
0.999963
0.999979
0.999986
0.999989
0.999992
0.999994
0.999995
0.999997
0.999998
0.999999
0.999999
1
1
1
1
1
1
1
1
1
1
0.999999
0.999997
0.999996
0.999995
0.999995
0.999995
0.999996
0.999998
0.999999
0.999999
1
1
1
1
1
1
1
1
1
1
1
1
1
1
0.999999
0.999994
0.999977
0.999923
0.99985
0.999768
0.999694
0.999644
0.999594
0.999489
0.999157
0.997907
0.996454
0.995797
0.995552
0.995477
0.995436
0.995417
0.995414
0.995384
0.995317
0.995317
0.995365
0.995565
0.99571
0.995774
0.995856
0.996055
0.996747
0.998473
0.999452
0.999655
0.999467
0.999138
1
1
1
1
0.999999
0.999997
0.999991
0.999978
0.999948
0.999885
0.999749
0.999533
0.99915
0.998686
0.998306
0.997914
0.997714
0.997763
0.997942
0.998343
0.998834
0.999253
0.999556
0.999754
0.999872
0.999938
0.999972
0.999988
0.999995
0.999998
0.999999
1
1
1
1
1
1
1
1
1
1
1
1
1
1
1
1
0.999997
0.999979
0.999878
0.999439
0.997732
0.991041
0.984387
0.982561
0.982702
0.984688
0.990777
0.994114
0.995528
0.996111
0.996322
0.996367
0.996335
0.996194
0.995806
0.994982
0.994093
0.993307
0.992606
0.991918
0.991286
0.990825
0.990587
0.990526
0.990559
0.990747
0.990887
0.990945
0.991017
0.991182
0.991595
0.992444
0.993391
0.994147
0.994592
0.99476
0.994785
0.994763
0.994626
0.994553
0.994563
0.994655
0.99501
0.99616
0.998204
0.999192
0.999642
0.999842
0.999929
0.999967
0.999983
0.99999
0.999993
0.999995
0.999996
0.999997
0.999997
0.999998
0.999999
0.999999
1
1
1
1
1
1
1
1
1
1
1
1
0.999998
0.999997
0.999997
0.999996
0.999997
0.999997
0.999998
0.999999
1
1
1
1
1
1
1
1
1
1
1
1
1
1
1
1
0.999998
0.999993
0.999973
0.999933
0.999884
0.99983
0.99979
0.999757
0.999702
0.999561
0.999081
0.997558
0.996345
0.995819
0.995604
0.995517
0.995493
0.995449
0.995409
0.99541
0.995443
0.995589
0.995762
0.995858
0.995946
0.996115
0.996538
0.997829
0.999179
0.999715
0.999757
0.999449
0.999093
1
1
1
1
1
1
0.999999
0.999998
0.999995
0.999988
0.999972
0.999941
0.999881
0.999786
0.999692
0.99958
0.999559
0.999578
0.999642
0.99975
0.999841
0.999907
0.999949
0.999974
0.999987
0.999994
0.999997
0.999999
1
1
1
1
1
1
1
1
1
1
1
1
1
1
1
1
1
1
1
1
0.999996
0.999973
0.999862
0.999376
0.997376
0.989747
0.983952
0.9825
0.982797
0.985291
0.991375
0.99444
0.995742
0.996233
0.996362
0.996369
0.996299
0.995944
0.994903
0.993815
0.992889
0.992091
0.991394
0.990844
0.990494
0.990338
0.990309
0.990346
0.990481
0.990636
0.990782
0.990927
0.991152
0.991691
0.992889
0.99424
0.995382
0.996133
0.996491
0.996587
0.996558
0.996342
0.99624
0.996259
0.996422
0.997097
0.998548
0.999317
0.99969
0.999861
0.999937
0.999971
0.999986
0.999993
0.999995
0.999997
0.999997
0.999998
0.999998
0.999999
0.999999
0.999999
1
1
1
1
1
1
1
1
1
1
1
1
1
0.999999
0.999998
0.999998
0.999998
0.999998
0.999998
0.999999
0.999999
1
1
1
1
1
1
1
1
1
1
1
1
1
1
1
1
0.999999
0.999998
0.999992
0.999974
0.999948
0.999918
0.99989
0.999869
0.999841
0.99978
0.999604
0.999045
0.997505
0.996419
0.995914
0.99571
0.995601
0.995538
0.995538
0.99557
0.995687
0.995861
0.99602
0.996153
0.996327
0.99669
0.997632
0.998955
0.999642
0.999854
0.999829
0.999413
0.999028
1
1
1
1
1
1
1
1
1
0.999999
0.999998
0.999995
0.999988
0.999979
0.999964
0.999946
0.999945
0.999949
0.999962
0.999976
0.999986
0.999992
0.999996
0.999998
0.999999
1
1
1
1
1
1
1
1
1
1
1
1
1
1
1
1
1
1
1
1
1
1
1
0.999999
0.999994
0.999963
0.999817
0.99914
0.995994
0.987437
0.983225
0.982319
0.982842
0.986156
0.991891
0.994724
0.995882
0.996272
0.996342
0.996293
0.995959
0.99471
0.993365
0.992325
0.991517
0.990902
0.990481
0.990247
0.990153
0.990133
0.990143
0.990212
0.990476
0.990715
0.9909
0.991247
0.992139
0.993773
0.995458
0.996883
0.997965
0.998556
0.99875
0.998763
0.99866
0.99858
0.998592
0.998707
0.999128
0.999537
0.999773
0.999893
0.999951
0.999977
0.999989
0.999995
0.999997
0.999998
0.999998
0.999999
0.999999
0.999999
0.999999
0.999999
1
1
1
1
1
1
1
1
1
1
1
1
1
1
1
0.999999
0.999999
0.999998
0.999998
0.999999
0.999999
1
1
1
1
1
1
1
1
1
1
1
1
1
1
1
1
1
1
0.999999
0.999998
0.999992
0.999979
0.999965
0.999951
0.999938
0.999924
0.999898
0.999836
0.999657
0.999159
0.997855
0.996793
0.996266
0.995965
0.995893
0.995914
0.995991
0.996149
0.99635
0.996586
0.996806
0.997144
0.997971
0.999003
0.999588
0.999861
0.999927
0.99987
0.999383
0.998931
1
1
1
1
1
1
1
1
1
1
1
1
0.999999
0.999999
0.999997
0.999996
0.999996
0.999996
0.999998
0.999999
0.999999
1
1
1
1
1
1
1
1
1
1
1
1
1
1
1
1
1
1
1
1
1
1
1
1
1
1
1
1
0.999998
0.99999
0.999943
0.999703
0.998542
0.992821
0.985275
0.982517
0.98214
0.982998
0.987369
0.992318
0.994896
0.995913
0.996196
0.996193
0.9959
0.994539
0.993028
0.991945
0.991175
0.990648
0.990323
0.990156
0.99009
0.990075
0.990081
0.990137
0.990418
0.990729
0.991042
0.991656
0.993205
0.995258
0.997164
0.998512
0.999175
0.999484
0.999604
0.999629
0.999622
0.999613
0.999617
0.999646
0.999754
0.999864
0.99993
0.999966
0.999984
0.999992
0.999996
0.999998
0.999999
0.999999
0.999999
0.999999
0.999999
1
1
1
1
1
1
1
1
1
1
1
1
1
1
1
1
1
1
0.999999
0.999999
0.999999
0.999999
0.999999
0.999999
1
1
1
1
1
1
1
1
1
1
1
1
1
1
1
1
1
1
1
0.999999
0.999998
0.999993
0.999986
0.99998
0.999975
0.999969
0.999958
0.999937
0.999884
0.999745
0.999392
0.998633
0.997793
0.997234
0.99692
0.996909
0.996964
0.997095
0.997363
0.997726
0.998053
0.998752
0.999316
0.999661
0.999862
0.999952
0.999963
0.999893
0.999373
0.998822
1
1
1
1
1
1
1
1
1
1
1
1
1
1
1
1
1
1
1
1
1
1
1
1
1
1
1
1
1
1
1
1
1
1
1
1
1
1
1
1
1
1
1
1
1
1
1
1
1
1
0.999997
0.999983
0.999902
0.999465
0.997229
0.989107
0.983645
0.982164
0.982185
0.983698
0.988948
0.992891
0.994916
0.995665
0.995781
0.995601
0.994522
0.993015
0.991923
0.991157
0.990641
0.990325
0.990164
0.990107
0.9901
0.99012
0.990256
0.990648
0.990977
0.991487
0.992683
0.994995
0.997307
0.998687
0.999355
0.999669
0.999812
0.999869
0.999886
0.999888
0.999889
0.999891
0.999901
0.999932
0.999961
0.99998
0.99999
0.999995
0.999998
0.999999
0.999999
1
1
1
1
1
1
1
1
1
1
1
1
1
1
1
1
1
1
1
1
1
1
1
1
0.999999
0.999999
0.999999
0.999999
0.999999
1
1
1
1
1
1
1
1
1
1
1
1
1
1
1
1
1
1
1
1
0.999999
0.999998
0.999995
0.999993
0.999991
0.999988
0.999985
0.999978
0.999963
0.999929
0.999848
0.999672
0.99927
0.999031
0.99874
0.998673
0.998717
0.998848
0.999074
0.999287
0.999475
0.999658
0.999806
0.999903
0.999961
0.999984
0.999982
0.999905
0.999376
0.998785
1
1
1
1
1
1
1
1
1
1
1
1
1
1
1
1
1
1
1
1
1
1
1
1
1
1
1
1
1
1
1
1
1
1
1
1
1
1
1
1
1
1
1
1
1
1
1
1
1
1
0.999999
0.999996
0.999972
0.999834
0.999085
0.995028
0.9867
0.982996
0.982358
0.98272
0.985404
0.990336
0.993334
0.994661
0.994981
0.994947
0.994461
0.993123
0.99203
0.991251
0.990719
0.990399
0.990264
0.990243
0.990262
0.990386
0.990745
0.991023
0.991476
0.992445
0.994895
0.997399
0.998774
0.999433
0.999737
0.999874
0.999934
0.999958
0.999965
0.999968
0.999968
0.99997
0.999973
0.999982
0.999989
0.999994
0.999997
0.999999
0.999999
1
1
1
1
1
1
1
1
1
1
1
1
1
1
1
1
1
1
1
1
1
1
1
1
1
1
1
0.999999
0.999999
0.999999
1
1
1
1
1
1
1
1
1
1
1
1
1
1
1
1
1
1
1
1
1
1
0.999999
0.999998
0.999998
0.999997
0.999996
0.999995
0.999993
0.999989
0.999981
0.999965
0.999932
0.999837
0.999735
0.9997
0.999707
0.999733
0.999772
0.999809
0.999844
0.999878
0.999918
0.999953
0.999977
0.999991
0.999995
0.99999
0.999915
0.999399
0.998784
1
1
1
1
1
1
1
1
1
1
1
1
1
1
1
1
1
1
1
1
1
1
1
1
1
1
1
1
1
1
1
1
1
1
1
1
1
1
1
1
1
1
1
1
1
1
1
1
1
1
1
0.999999
0.999993
0.999957
0.999746
0.998653
0.993241
0.986013
0.983357
0.983187
0.984008
0.987486
0.991046
0.993031
0.993889
0.994058
0.993959
0.993387
0.9924
0.991562
0.990986
0.990722
0.990677
0.990695
0.990795
0.990982
0.991185
0.991599
0.992532
0.995108
0.997587
0.998884
0.999502
0.999781
0.999904
0.999956
0.999978
0.999987
0.99999
0.999991
0.999991
0.999992
0.999993
0.999995
0.999997
0.999998
0.999999
1
1
1
1
1
1
1
1
1
1
1
1
1
1
1
1
1
1
1
1
1
1
1
1
1
1
1
1
1
1
1
1
1
1
1
1
1
1
1
1
1
1
1
1
1
1
1
1
1
1
1
1
1
1
1
1
0.999999
0.999999
0.999999
0.999999
0.999998
0.999997
0.999995
0.999992
0.999987
0.999969
0.999949
0.999949
0.999953
0.99996
0.999966
0.99997
0.999973
0.999977
0.999984
0.999991
0.999996
0.999998
0.999998
0.999993
0.999927
0.999454
0.998807
1
1
1
1
1
1
1
1
1
1
1
1
1
1
1
1
1
1
1
1
1
1
1
1
1
1
1
1
1
1
1
1
1
1
1
1
1
1
1
1
1
1
1
1
1
1
1
1
1
1
1
1
0.999999
0.999991
0.999941
0.999667
0.998396
0.992967
0.986725
0.984666
0.984758
0.986158
0.988932
0.990994
0.992176
0.992745
0.992983
0.992928
0.992561
0.991935
0.991466
0.991252
0.991217
0.991232
0.991295
0.99146
0.991888
0.992914
0.995732
0.997893
0.999024
0.999568
0.999815
0.999922
0.999967
0.999985
0.999993
0.999996
0.999997
0.999997
0.999997
0.999998
0.999998
0.999999
0.999999
1
1
1
1
1
1
1
1
1
1
1
1
1
1
1
1
1
1
1
1
1
1
1
1
1
1
1
1
1
1
1
1
1
1
1
1
1
1
1
1
1
1
1
1
1
1
1
1
1
1
1
1
1
1
1
1
1
1
1
1
1
1
1
0.999999
0.999999
0.999999
0.999998
0.999995
0.999993
0.999993
0.999994
0.999995
0.999996
0.999996
0.999997
0.999997
0.999998
0.999999
0.999999
1
0.999999
0.999995
0.999942
0.999546
0.998863
1
1
1
1
1
1
1
1
1
1
1
1
1
1
1
1
1
1
1
1
1
1
1
1
1
1
1
1
1
1
1
1
1
1
1
1
1
1
1
1
1
1
1
1
1
1
1
1
1
1
1
1
1
0.999998
0.999989
0.999933
0.999657
0.998538
0.994831
0.989265
0.987114
0.987243
0.988449
0.990005
0.991054
0.99171
0.992057
0.992184
0.992176
0.992009
0.991731
0.991636
0.991638
0.991698
0.991919
0.992477
0.994094
0.996698
0.998337
0.999217
0.999651
0.99985
0.999938
0.999974
0.999989
0.999995
0.999998
0.999999
0.999999
0.999999
0.999999
0.999999
0.999999
1
1
1
1
1
1
1
1
1
1
1
1
1
1
1
1
1
1
1
1
1
1
1
1
1
1
1
1
1
1
1
1
1
1
1
1
1
1
1
1
1
1
1
1
1
1
1
1
1
1
1
1
1
1
1
1
1
1
1
1
1
1
1
1
1
1
1
1
1
0.999999
0.999999
0.999999
1
1
1
1
1
1
1
1
1
1
1
0.999996
0.999959
0.999666
0.998961
1
1
1
1
1
1
1
1
1
1
1
1
1
1
1
1
1
1
1
1
1
1
1
1
1
1
1
1
1
1
1
1
1
1
1
1
1
1
1
1
1
1
1
1
1
1
1
1
1
1
1
1
1
1
0.999998
0.99999
0.999944
0.999751
0.99907
0.997175
0.994144
0.991103
0.990469
0.990666
0.991201
0.991697
0.991987
0.99213
0.992171
0.992166
0.992172
0.992241
0.992465
0.993053
0.994733
0.996679
0.998112
0.999016
0.999523
0.999783
0.999905
0.99996
0.999984
0.999993
0.999997
0.999999
0.999999
1
1
1
1
1
1
1
1
1
1
1
1
1
1
1
1
1
1
1
1
1
1
1
1
1
1
1
1
1
1
1
1
1
1
1
1
1
1
1
1
1
1
1
1
1
1
1
1
1
1
1
1
1
1
1
1
1
1
1
1
1
1
1
1
1
1
1
1
1
1
1
1
1
1
1
1
1
1
1
1
1
1
1
1
1
1
1
1
1
0.999997
0.999974
0.999782
0.999126
1
1
1
1
1
1
1
1
1
1
1
1
1
1
1
1
1
1
1
1
1
1
1
1
1
1
1
1
1
1
1
1
1
1
1
1
1
1
1
1
1
1
1
1
1
1
1
1
1
1
1
1
1
1
1
0.999999
0.999993
0.999969
0.999875
0.999589
0.99881
0.997543
0.996262
0.995148
0.994387
0.993947
0.99386
0.993891
0.994001
0.994265
0.994803
0.995628
0.996715
0.997774
0.998626
0.99922
0.999591
0.999799
0.999907
0.999959
0.999983
0.999993
0.999997
0.999999
1
1
1
1
1
1
1
1
1
1
1
1
1
1
1
1
1
1
1
1
1
1
1
1
1
1
1
1
1
1
1
1
1
1
1
1
1
1
1
1
1
1
1
1
1
1
1
1
1
1
1
1
1
1
1
1
1
1
1
1
1
1
1
1
1
1
1
1
1
1
1
1
1
1
1
1
1
1
1
1
1
1
1
1
1
1
1
1
1
1
1
1
0.999998
0.999985
0.999873
0.999353
1
1
1
1
1
1
1
1
1
1
1
1
1
1
1
1
1
1
1
1
1
1
1
1
1
1
1
1
1
1
1
1
1
1
1
1
1
1
1
1
1
1
1
1
1
1
1
1
1
1
1
1
1
1
1
1
0.999999
0.999997
0.999988
0.999958
0.999871
0.99963
0.999315
0.998985
0.99861
0.998317
0.998229
0.998239
0.998297
0.998437
0.998728
0.999097
0.999419
0.999653
0.999806
0.999899
0.99995
0.999977
0.99999
0.999995
0.999998
0.999999
1
1
1
1
1
1
1
1
1
1
1
1
1
1
1
1
1
1
1
1
1
1
1
1
1
1
1
1
1
1
1
1
1
1
1
1
1
1
1
1
1
1
1
1
1
1
1
1
1
1
1
1
1
1
1
1
1
1
1
1
1
1
1
1
1
1
1
1
1
1
1
1
1
1
1
1
1
1
1
1
1
1
1
1
1
1
1
1
1
1
1
1
1
1
0.999999
0.999991
0.999923
0.999557
1
1
1
1
1
1
1
1
1
1
1
1
1
1
1
1
1
1
1
1
1
1
1
1
1
1
1
1
1
1
1
1
1
1
1
1
1
1
1
1
1
1
1
1
1
1
1
1
1
1
1
1
1
1
1
1
1
1
0.999999
0.999997
0.999991
0.999969
0.999936
0.99989
0.999818
0.999759
0.999744
0.999747
0.999761
0.999793
0.999856
0.999912
0.99995
0.999973
0.999986
0.999993
0.999997
0.999998
0.999999
1
1
1
1
1
1
1
1
1
1
1
1
1
1
1
1
1
1
1
1
1
1
1
1
1
1
1
1
1
1
1
1
1
1
1
1
1
1
1
1
1
1
1
1
1
1
1
1
1
1
1
1
1
1
1
1
1
1
1
1
1
1
1
1
1
1
1
1
1
1
1
1
1
1
1
1
1
1
1
1
1
1
1
1
1
1
1
1
1
1
1
1
1
1
1
1
1
0.999999
0.999994
0.999953
0.999726
1
1
1
1
1
1
1
1
1
1
1
1
1
1
1
1
1
1
1
1
1
1
1
1
1
1
1
1
1
1
1
1
1
1
1
1
1
1
1
1
1
1
1
1
1
1
1
1
1
1
1
1
1
1
1
1
1
1
1
1
1
0.999999
0.999997
0.999994
0.999988
0.999983
0.999982
0.999982
0.999984
0.999988
0.999993
0.999996
0.999998
0.999999
1
1
1
1
1
1
1
1
1
1
1
1
1
1
1
1
1
1
1
1
1
1
1
1
1
1
1
1
1
1
1
1
1
1
1
1
1
1
1
1
1
1
1
1
1
1
1
1
1
1
1
1
1
1
1
1
1
1
1
1
1
1
1
1
1
1
1
1
1
1
1
1
1
1
1
1
1
1
1
1
1
1
1
1
1
1
1
1
1
1
1
1
1
1
1
1
1
1
1
1
1
1
0.999999
0.999996
0.999969
0.999829
1
1
1
1
1
1
1
1
1
1
1
1
1
1
1
1
1
1
1
1
1
1
1
1
1
1
1
1
1
1
1
1
1
1
1
1
1
1
1
1
1
1
1
1
1
1
1
1
1
1
1
1
1
1
1
1
1
1
1
1
1
1
1
1
1
0.999999
0.999999
0.999999
1
1
1
1
1
1
1
1
1
1
1
1
1
1
1
1
1
1
1
1
1
1
1
1
1
1
1
1
1
1
1
1
1
1
1
1
1
1
1
1
1
1
1
1
1
1
1
1
1
1
1
1
1
1
1
1
1
1
1
1
1
1
1
1
1
1
1
1
1
1
1
1
1
1
1
1
1
1
1
1
1
1
1
1
1
1
1
1
1
1
1
1
1
1
1
1
1
1
1
1
1
1
1
1
1
1
1
1
1
0.999997
0.999978
0.999882
1
1
1
1
1
1
1
1
1
1
1
1
1
1
1
1
1
1
1
1
1
1
1
1
1
1
1
1
1
1
1
1
1
1
1
1
1
1
1
1
1
1
1
1
1
1
1
1
1
1
1
1
1
1
1
1
1
1
1
1
1
1
1
1
1
1
1
1
1
1
1
1
1
1
1
1
1
1
1
1
1
1
1
1
1
1
1
1
1
1
1
1
1
1
1
1
1
1
1
1
1
1
1
1
1
1
1
1
1
1
1
1
1
1
1
1
1
1
1
1
1
1
1
1
1
1
1
1
1
1
1
1
1
1
1
1
1
1
1
1
1
1
1
1
1
1
1
1
1
1
1
1
1
1
1
1
1
1
1
1
1
1
1
1
1
1
1
1
1
1
1
1
1
1
1
1
1
0.999998
0.999982
0.999906
1
1
1
1
1
1
1
1
1
1
1
1
1
1
1
1
1
1
1
1
1
1
1
1
1
1
1
1
1
1
1
1
1
1
1
1
1
1
1
1
1
1
1
1
1
1
1
1
1
1
1
1
1
1
1
1
1
1
1
1
1
1
1
1
1
1
1
1
1
1
1
1
1
1
1
1
1
1
1
1
1
1
1
1
1
1
1
1
1
1
1
1
1
1
1
1
1
1
1
1
1
1
1
1
1
1
1
1
1
1
1
1
1
1
1
1
1
1
1
1
1
1
1
1
1
1
1
1
1
1
1
1
1
1
1
1
1
1
1
1
1
1
1
1
1
1
1
1
1
1
1
1
1
1
1
1
1
1
1
1
1
1
1
1
1
1
0.999999
0.999999
0.999999
0.999999
1
1
1
1
1
1
1
0.999998
0.999985
0.999923
1
1
1
1
1
1
1
1
1
1
1
1
1
1
1
1
1
1
1
1
1
1
1
1
1
1
1
1
1
1
1
1
1
1
1
1
1
1
1
1
1
1
1
1
1
1
1
1
1
1
1
1
1
1
1
1
1
1
1
1
1
1
1
1
1
1
1
1
1
1
1
1
1
1
1
1
1
1
1
1
1
1
1
1
1
1
1
1
1
1
1
1
1
1
1
1
1
1
1
1
1
1
1
1
1
1
1
1
1
1
1
1
1
1
1
1
1
1
1
1
1
1
1
1
1
1
1
1
1
1
1
1
1
1
1
1
1
1
1
1
1
1
1
1
1
1
1
1
1
1
1
1
1
1
1
1
1
1
1
1
1
1
1
1
1
0.999999
0.999999
0.999999
0.999999
0.999999
0.999999
1
1
1
1
1
1
0.999998
0.999987
0.999935
1
1
1
1
1
1
1
1
1
1
1
1
1
1
1
1
1
1
1
1
1
1
1
1
1
1
1
1
1
1
1
1
1
1
1
1
1
1
1
1
1
1
1
1
1
1
1
1
1
1
1
1
1
1
1
1
1
1
1
1
1
1
1
1
1
1
1
1
1
1
1
1
1
1
1
1
1
1
1
1
1
1
1
1
1
1
1
1
1
1
1
1
1
1
1
1
1
1
1
1
1
1
1
1
1
1
1
1
1
1
1
1
1
1
1
1
1
1
1
1
1
1
1
1
1
1
1
1
1
1
1
1
1
1
1
1
1
1
1
1
1
1
1
1
1
1
1
1
1
1
1
1
1
1
1
1
1
1
1
1
1
1
1
1
0.999999
0.999998
0.999998
0.999999
0.999999
0.999999
0.999999
0.999999
1
1
1
1
0.999999
0.999998
0.999986
0.999942
1
1
1
1
1
1
1
1
1
1
1
1
1
1
1
1
1
1
1
1
1
1
1
1
1
1
1
1
1
1
1
1
1
1
1
1
1
1
1
1
1
1
1
1
1
1
1
1
1
1
1
1
1
1
1
1
1
1
1
1
1
1
1
1
1
1
1
1
1
1
1
1
1
1
1
1
1
1
1
1
1
1
1
1
1
1
1
1
1
1
1
1
1
1
1
1
1
1
1
1
1
1
1
1
1
1
1
1
1
1
1
1
1
1
1
1
1
1
1
1
1
1
1
1
1
1
1
1
1
1
1
1
1
1
1
1
1
1
1
1
1
1
1
1
1
1
1
1
1
1
1
1
1
1
1
1
1
1
1
1
1
1
1
0.999999
0.999997
0.999997
0.999999
0.999999
0.999999
0.999999
0.999999
0.999999
1
1
1
1
0.999999
0.999997
0.999984
0.999951
1
1
1
1
1
1
1
1
1
1
1
1
1
1
1
1
1
1
1
1
1
1
1
1
1
1
1
1
1
1
1
1
1
1
1
1
1
1
1
1
1
1
1
1
1
1
1
1
1
1
1
1
1
1
1
1
1
1
1
1
1
1
1
1
1
1
1
1
1
1
1
1
1
1
1
1
1
1
1
1
1
1
1
1
1
1
1
1
1
1
1
1
1
1
1
1
1
1
1
1
1
1
1
1
1
1
1
1
1
1
1
1
1
1
1
1
1
1
1
1
1
1
1
1
1
1
1
1
1
1
1
1
1
1
1
1
1
1
1
1
1
1
1
1
1
1
1
1
1
1
1
1
1
1
1
1
1
1
1
1
1
1
0.999999
0.999996
0.999996
0.999997
0.999999
0.999999
0.999999
0.999999
0.999999
0.999999
1
1
0.999999
0.999999
0.999997
0.999993
0.999981
0.99996
1
1
1
1
1
1
1
1
1
1
1
1
1
1
1
1
1
1
1
1
1
1
1
1
1
1
1
1
1
1
1
1
1
1
1
1
1
1
1
1
1
1
1
1
1
1
1
1
1
1
1
1
1
1
1
1
1
1
1
1
1
1
1
1
1
1
1
1
1
1
1
1
1
1
1
1
1
1
1
1
1
1
1
1
1
1
1
1
1
1
1
1
1
1
1
1
1
1
1
1
1
1
1
1
1
1
1
1
1
1
1
1
1
1
1
1
1
1
1
1
1
1
1
1
1
1
1
1
1
1
1
1
1
1
1
1
1
1
1
1
1
1
1
1
1
1
1
1
1
1
1
1
1
1
1
1
1
1
1
1
1
0.999999
0.999996
0.999995
0.999995
0.999997
0.999999
0.999999
0.999999
0.999999
0.999999
1
1
0.999999
0.999997
0.999994
0.999991
0.999988
0.999982
0.999964
1
1
1
1
1
1
1
1
1
1
1
1
1
1
1
1
1
1
1
1
1
1
1
1
1
1
1
1
1
1
1
1
1
1
1
1
1
1
1
1
1
1
1
1
1
1
1
1
1
1
1
1
1
1
1
1
1
1
1
1
1
1
1
1
1
1
1
1
1
1
1
1
1
1
1
1
1
1
1
1
1
1
1
1
1
1
1
1
1
1
1
1
1
1
1
1
1
1
1
1
1
1
1
1
1
1
1
1
1
1
1
1
1
1
1
1
1
1
1
1
1
1
1
1
1
1
1
1
1
1
1
1
1
1
1
1
1
1
1
1
1
1
1
1
1
1
1
1
1
1
1
1
1
1
1
1
1
1
1
1
0.999999
0.999997
0.999994
0.999994
0.999994
0.999997
0.999999
0.999999
1
0.999999
0.999999
0.999999
0.999998
0.999995
0.999991
0.99999
0.999989
0.999987
0.999981
0.999959
1
1
1
1
1
1
1
1
1
1
1
1
1
1
1
1
1
1
1
1
1
1
1
1
1
1
1
1
1
1
1
1
1
1
1
1
1
1
1
1
1
1
1
1
1
1
1
1
1
1
1
1
1
1
1
1
1
1
1
1
1
1
1
1
1
1
1
1
1
1
1
1
1
1
1
1
1
1
1
1
1
1
1
1
1
1
1
1
1
1
1
1
1
1
1
1
1
1
1
1
1
1
1
1
1
1
1
1
1
1
1
1
1
1
1
1
1
1
1
1
1
1
1
1
1
1
1
1
1
1
1
1
1
1
1
1
1
1
1
1
1
1
1
1
1
1
1
1
1
1
1
1
1
1
1
1
1
1
1
1
0.999997
0.999993
0.999993
0.999993
0.999994
0.999995
0.999997
0.999999
0.999999
0.999999
0.999999
0.999998
0.999995
0.999993
0.999992
0.999991
0.999991
0.999986
0.999965
0.999933
1
1
1
1
1
1
1
1
1
1
1
1
1
1
1
1
1
1
1
1
1
1
1
1
1
1
1
1
1
1
1
1
1
1
1
1
1
1
1
1
1
1
1
1
1
1
1
1
1
1
1
1
1
1
1
1
1
1
1
1
1
1
1
1
1
1
1
1
1
1
1
1
1
1
1
1
1
1
1
1
1
1
1
1
1
1
1
1
1
1
1
1
1
1
1
1
1
1
1
1
1
1
1
1
1
1
1
1
1
1
1
1
1
1
1
1
1
1
1
1
1
1
1
1
1
1
1
1
1
1
1
1
1
1
1
1
1
1
1
1
1
1
1
1
1
1
1
1
1
1
1
1
1
1
1
1
1
1
1
0.999997
0.999992
0.999991
0.999992
0.999994
0.999994
0.999993
0.999993
0.999995
0.999996
0.999996
0.999995
0.999992
0.99999
0.999989
0.999988
0.999984
0.999966
0.999953
0.999935
0.999892
1
1
1
1
1
1
1
1
1
1
1
1
1
1
1
1
1
1
1
1
1
1
1
1
1
1
1
1
1
1
1
1
1
1
1
1
1
1
1
1
1
1
1
1
1
1
1
1
1
1
1
1
1
1
1
1
1
1
1
1
1
1
1
1
1
1
1
1
1
1
1
1
1
1
1
1
1
1
1
1
1
1
1
1
1
1
1
1
1
1
1
1
1
1
1
1
1
1
1
1
1
1
1
1
1
1
1
1
1
1
1
1
1
1
1
1
1
1
1
1
1
1
1
1
1
1
1
1
1
1
1
1
1
1
1
1
1
1
1
1
1
1
1
1
1
1
1
1
1
1
1
1
1
1
1
0.999999
0.999998
0.999993
0.999986
0.999984
0.999985
0.99999
0.999993
0.999994
0.999994
0.999992
0.99999
0.999988
0.999988
0.999987
0.999985
0.999984
0.999982
0.999977
0.999969
0.999966
0.999965
0.999957
0.999894
0.999646
0.995879
0.99586
0.995812
0.995722
0.995656
0.995529
0.995435
0.995384
0.99538
0.995475
0.996189
0.996409
0.992254
0.984513
0.983276
0.983336
0.984044
0.98569
0.986483
0.987407
0.989167
0.990172
0.990577
0.991774
0.992292
0.997598
0.997558
0.997442
0.997288
0.997207
0.997024
0.996826
0.996453
0.995493
0.994782
0.994833
0.995544
0.994701
0.988937
0.985015
0.984992
0.985704
0.985889
0.985683
0.985886
0.987805
0.990066
0.990786
0.990687
0.989039
0.997717
0.997656
0.997464
0.99728
0.997205
0.997219
0.997313
0.997415
0.997419
0.997103
0.995681
0.995368
0.995077
0.993645
0.988687
0.987002
0.987872
0.989752
0.990271
0.990598
0.991895
0.993326
0.993942
0.993817
0.990717
0.997637
0.997531
0.99717
0.99666
0.996296
0.996161
0.99619
0.996508
0.997022
0.997195
0.996947
0.995798
0.995377
0.994764
0.993105
0.989668
0.989194
0.990451
0.991856
0.992185
0.992837
0.994097
0.994935
0.994829
0.991828
0.997667
0.99755
0.997162
0.996596
0.996168
0.995939
0.995813
0.995715
0.995741
0.996209
0.996522
0.996294
0.995674
0.995272
0.994615
0.992729
0.990614
0.990839
0.992538
0.993224
0.993733
0.995016
0.995631
0.995565
0.993369
0.997803
0.997681
0.997286
0.996747
0.996373
0.996207
0.996052
0.995702
0.995331
0.995255
0.995599
0.995908
0.995695
0.995443
0.995205
0.99451
0.992042
0.991442
0.992574
0.993709
0.994601
0.99555
0.995801
0.995734
0.994166
0.998011
0.99794
0.997702
0.997299
0.997043
0.996962
0.996844
0.996469
0.995585
0.995029
0.994992
0.995348
0.995523
0.995434
0.995382
0.995148
0.993351
0.991899
0.992476
0.993784
0.994982
0.99571
0.995821
0.995745
0.994471
0.99824
0.998236
0.998162
0.99789
0.997596
0.997421
0.997333
0.997182
0.996687
0.995506
0.994929
0.994937
0.995219
0.995354
0.995442
0.995373
0.994221
0.992189
0.992237
0.993551
0.995085
0.995742
0.995753
0.995649
0.994587
0.998396
0.998391
0.998321
0.998069
0.997796
0.997594
0.997501
0.997422
0.997249
0.996705
0.995434
0.994949
0.99496
0.995124
0.995412
0.995421
0.994774
0.992471
0.991992
0.993032
0.994925
0.995621
0.995532
0.995365
0.994571
0.998461
0.998459
0.998388
0.998142
0.997911
0.997758
0.99768
0.997598
0.997458
0.997232
0.996492
0.995245
0.994922
0.994949
0.995267
0.995402
0.995016
0.992859
0.991755
0.992313
0.994426
0.995302
0.995152
0.995003
0.99449
0.998511
0.998509
0.99843
0.998211
0.998084
0.998028
0.998018
0.997974
0.997746
0.99748
0.997109
0.995866
0.995008
0.994879
0.995026
0.995327
0.995102
0.993239
0.9916
0.991766
0.993555
0.994813
0.99478
0.994734
0.994426
0.998589
0.998585
0.998481
0.998347
0.998327
0.998341
0.998411
0.998454
0.998331
0.997857
0.997473
0.996503
0.995208
0.994845
0.994887
0.995203
0.99511
0.993587
0.991614
0.991462
0.992644
0.994266
0.994481
0.994605
0.994386
0.998667
0.998658
0.998552
0.99851
0.99853
0.998594
0.998791
0.998968
0.998914
0.998469
0.997963
0.997009
0.995502
0.994865
0.994817
0.995089
0.995093
0.993953
0.991707
0.991303
0.99192
0.993646
0.9942
0.994507
0.994363
0.998705
0.998694
0.998638
0.998641
0.998685
0.998853
0.999098
0.999221
0.999221
0.999049
0.998559
0.997519
0.995831
0.994917
0.994772
0.995009
0.995091
0.994323
0.991955
0.991322
0.991595
0.993021
0.993939
0.994424
0.994351
0.998742
0.998741
0.998739
0.998757
0.998873
0.999124
0.99922
0.999278
0.9993
0.999266
0.999029
0.998161
0.996181
0.995012
0.994747
0.99493
0.995105
0.994639
0.99246
0.991439
0.991544
0.992539
0.9937
0.994379
0.994356
0.998798
0.998805
0.998816
0.998875
0.999098
0.999209
0.999245
0.99928
0.99931
0.99931
0.999213
0.998662
0.996675
0.995149
0.994744
0.994867
0.995136
0.994884
0.993175
0.991735
0.991702
0.992309
0.99358
0.994362
0.994378
0.998838
0.998855
0.998884
0.999018
0.999197
0.999228
0.999237
0.999241
0.999274
0.999312
0.999277
0.998936
0.997204
0.99533
0.994755
0.994811
0.995126
0.99503
0.993864
0.992202
0.99202
0.992362
0.993508
0.994359
0.994406
0.998873
0.998903
0.998971
0.999161
0.999232
0.999217
0.999159
0.999142
0.999162
0.999274
0.999285
0.99908
0.997674
0.995546
0.994777
0.994769
0.995093
0.995102
0.994447
0.992716
0.992397
0.992599
0.993506
0.994402
0.994451
0.998929
0.998962
0.999066
0.999229
0.999239
0.999157
0.999012
0.998991
0.999011
0.999176
0.999264
0.999142
0.998052
0.995765
0.994817
0.994732
0.995026
0.995106
0.994753
0.993281
0.992793
0.992923
0.993645
0.994494
0.994521
0.998969
0.999012
0.999156
0.999263
0.99924
0.999039
0.998875
0.998858
0.998892
0.999079
0.999228
0.999158
0.998324
0.995998
0.994868
0.994693
0.994914
0.995087
0.994895
0.993757
0.993193
0.993284
0.993869
0.994606
0.994603
0.99901
0.999066
0.999245
0.999298
0.999223
0.998913
0.998777
0.998776
0.998845
0.999061
0.999201
0.999154
0.998483
0.996237
0.994933
0.994665
0.994802
0.995029
0.994942
0.994142
0.993588
0.993663
0.994139
0.994735
0.994696
0.999053
0.999124
0.999306
0.999325
0.999179
0.998807
0.998704
0.998716
0.998835
0.999067
0.999183
0.999145
0.998572
0.996422
0.995
0.994641
0.994705
0.994974
0.99496
0.994442
0.993972
0.994044
0.994429
0.994876
0.994793
0.999092
0.999175
0.999351
0.999354
0.999133
0.998732
0.998639
0.998679
0.998876
0.999083
0.999173
0.999135
0.998622
0.996571
0.995063
0.99463
0.994649
0.994922
0.994984
0.994685
0.994332
0.994403
0.994703
0.995025
0.994891
0.99913
0.99922
0.999394
0.999384
0.999081
0.998664
0.998594
0.998667
0.998921
0.999103
0.999166
0.999124
0.998626
0.996659
0.995118
0.994631
0.994619
0.994884
0.995045
0.99489
0.994659
0.99474
0.99498
0.995196
0.994999
0.999157
0.999271
0.999444
0.999421
0.999042
0.998612
0.998556
0.998667
0.998975
0.999128
0.999165
0.999114
0.998608
0.996681
0.99516
0.994636
0.994609
0.994871
0.99514
0.995086
0.99498
0.995093
0.995261
0.995382
0.995107
0.999179
0.999319
0.999485
0.999449
0.999003
0.998554
0.998512
0.998672
0.999004
0.999142
0.999165
0.999103
0.998565
0.996656
0.995186
0.994645
0.99461
0.994867
0.995273
0.995301
0.995307
0.995431
0.995533
0.995581
0.995208
0.999192
0.999365
0.999536
0.999486
0.99899
0.998503
0.998474
0.998696
0.999043
0.999159
0.999168
0.999089
0.998495
0.996594
0.995194
0.994661
0.994618
0.994864
0.995399
0.99552
0.995574
0.995735
0.995786
0.995783
0.995302
0.999199
0.999418
0.999589
0.999524
0.998987
0.99846
0.998445
0.998725
0.999073
0.999173
0.999172
0.999065
0.998372
0.996477
0.995187
0.994683
0.994641
0.994875
0.995524
0.995733
0.995831
0.996041
0.996064
0.996016
0.995412
0.999198
0.999453
0.999614
0.999549
0.998991
0.998403
0.998406
0.998747
0.999104
0.999186
0.999174
0.999023
0.998169
0.996329
0.99517
0.994709
0.994678
0.994899
0.995612
0.995927
0.996096
0.996312
0.996328
0.996241
0.995534
0.999186
0.999471
0.99962
0.999557
0.999011
0.998347
0.998362
0.998754
0.999119
0.999194
0.999173
0.99896
0.99789
0.996198
0.995161
0.994755
0.994736
0.994938
0.995674
0.996099
0.996319
0.996515
0.996522
0.996405
0.995644
0.999169
0.999476
0.999618
0.999557
0.999032
0.998328
0.998325
0.998745
0.999127
0.999198
0.999163
0.998878
0.99761
0.996079
0.995179
0.994829
0.994816
0.994994
0.995695
0.996208
0.996471
0.996668
0.996672
0.996531
0.995758
0.999138
0.999461
0.999598
0.999544
0.999063
0.998325
0.998277
0.998711
0.999129
0.999198
0.999142
0.998758
0.997318
0.995958
0.995203
0.994905
0.994892
0.995043
0.99569
0.996255
0.996576
0.996807
0.996811
0.996642
0.995889
0.999067
0.999372
0.999537
0.999507
0.999134
0.998336
0.998196
0.998699
0.999123
0.999192
0.999107
0.998576
0.996993
0.995835
0.995194
0.994953
0.99494
0.995063
0.995648
0.996267
0.996675
0.99695
0.996948
0.996734
0.996032
0.998929
0.999177
0.999422
0.999439
0.999198
0.998383
0.998116
0.998668
0.999096
0.999177
0.999067
0.998359
0.996708
0.995686
0.995171
0.994966
0.994956
0.99506
0.995576
0.996297
0.996802
0.997107
0.997087
0.996798
0.996205
0.998754
0.998894
0.999233
0.999345
0.999202
0.998461
0.998092
0.998577
0.99903
0.999148
0.999022
0.998209
0.996524
0.995551
0.995124
0.994963
0.994955
0.995044
0.995555
0.996395
0.996989
0.997281
0.997223
0.996841
0.996403
0.99868
0.998717
0.998938
0.999211
0.99917
0.998566
0.998088
0.998439
0.998959
0.999117
0.998965
0.998148
0.996424
0.995452
0.995053
0.99494
0.994937
0.995038
0.995594
0.996625
0.997236
0.997461
0.997333
0.996882
0.99661
0.998663
0.998678
0.998709
0.999003
0.999095
0.998713
0.998091
0.998303
0.99892
0.999078
0.998882
0.998095
0.996407
0.995403
0.995003
0.994912
0.994922
0.995055
0.995826
0.99699
0.997502
0.997628
0.997394
0.996929
0.996814
0.998664
0.998676
0.998658
0.998753
0.998986
0.998789
0.998111
0.99816
0.99884
0.999013
0.998821
0.998033
0.996499
0.995408
0.994995
0.994911
0.994932
0.995181
0.996458
0.997435
0.997755
0.997784
0.997399
0.997012
0.997005
0.998685
0.998698
0.998665
0.998562
0.998812
0.998788
0.998166
0.998043
0.998681
0.998905
0.998788
0.998021
0.996807
0.995547
0.995053
0.994965
0.995045
0.995765
0.997279
0.997862
0.997993
0.997918
0.997349
0.9971
0.997177
0.998739
0.99876
0.99874
0.998474
0.998592
0.998746
0.99828
0.998
0.998501
0.998834
0.998771
0.998079
0.997206
0.996166
0.995455
0.995331
0.995645
0.997031
0.997948
0.998201
0.998207
0.997931
0.997293
0.997193
0.997338
0.998837
0.99886
0.998863
0.998475
0.998361
0.998642
0.998432
0.997986
0.998222
0.998774
0.998805
0.998312
0.997748
0.997202
0.996721
0.996625
0.997124
0.997994
0.998366
0.998416
0.998311
0.997753
0.997287
0.997283
0.997496
0.998989
0.998983
0.998983
0.998537
0.998129
0.998447
0.998474
0.997996
0.997985
0.998664
0.998818
0.998603
0.998296
0.998041
0.997852
0.997844
0.998143
0.998469
0.998544
0.998492
0.998245
0.997514
0.997308
0.997393
0.997626
0.999159
0.999115
0.999092
0.998622
0.997989
0.998174
0.998469
0.998111
0.997887
0.998339
0.998751
0.998761
0.998629
0.998521
0.998447
0.998451
0.998556
0.998607
0.998574
0.998441
0.99787
0.997373
0.997353
0.997545
0.997695
0.999336
0.999265
0.999217
0.998706
0.997948
0.997921
0.998383
0.998275
0.997865
0.997914
0.9986
0.998757
0.998727
0.998679
0.998647
0.998635
0.998633
0.998604
0.998491
0.998079
0.997475
0.997338
0.997446
0.997673
0.997726
0.999491
0.999419
0.999354
0.998787
0.997935
0.997813
0.998173
0.998315
0.997949
0.997766
0.998083
0.998633
0.998696
0.998681
0.998658
0.998637
0.998584
0.998445
0.998024
0.997532
0.997335
0.997363
0.99761
0.997743
0.997735
0.999619
0.999553
0.999468
0.998831
0.997906
0.997765
0.997921
0.998305
0.998167
0.997748
0.997719
0.998129
0.998452
0.998532
0.998537
0.998475
0.998215
0.997854
0.997503
0.997346
0.997334
0.997506
0.997739
0.997781
0.997716
0.999714
0.999658
0.999559
0.998875
0.997836
0.997711
0.997799
0.998152
0.998229
0.997908
0.997659
0.997666
0.997867
0.997982
0.998016
0.997902
0.997644
0.997473
0.997374
0.997352
0.997442
0.997715
0.997803
0.997798
0.997645
0.999791
0.999744
0.999641
0.99896
0.997734
0.997607
0.997745
0.997932
0.998219
0.998145
0.997751
0.997616
0.997619
0.997631
0.997623
0.997568
0.997485
0.99743
0.99742
0.997511
0.997721
0.997821
0.997828
0.997785
0.997502
0.999844
0.999803
0.999707
0.999092
0.997696
0.997442
0.997674
0.997805
0.998063
0.998197
0.998064
0.99773
0.997628
0.997597
0.997572
0.997547
0.997528
0.997555
0.997686
0.997799
0.99785
0.997854
0.997826
0.99771
0.99728
0.999883
0.999851
0.999767
0.999247
0.997756
0.997249
0.997525
0.997747
0.997871
0.998105
0.998164
0.998032
0.99785
0.997743
0.997699
0.99771
0.997789
0.997852
0.997885
0.997887
0.997876
0.997848
0.997777
0.99752
0.997014
0.999914
0.999888
0.999815
0.999391
0.997921
0.997195
0.997275
0.997651
0.997779
0.997925
0.998079
0.998112
0.998036
0.997981
0.997943
0.997933
0.997939
0.99793
0.997906
0.997884
0.99786
0.997805
0.997657
0.997171
0.996752
0.999937
0.999914
0.999852
0.999518
0.998173
0.997231
0.997107
0.997422
0.9977
0.997799
0.99792
0.998011
0.99803
0.998003
0.997978
0.997953
0.997935
0.997907
0.997868
0.997844
0.997806
0.997701
0.997333
0.996751
0.996531
0.999946
0.999926
0.999874
0.99962
0.998488
0.997386
0.997092
0.99716
0.997468
0.997716
0.997815
0.997872
0.997913
0.997928
0.997925
0.997897
0.997869
0.997838
0.997805
0.997771
0.997689
0.997363
0.996761
0.996439
0.996439
0.999943
0.999925
0.999881
0.999692
0.998835
0.9977
0.997197
0.997115
0.997174
0.997412
0.997661
0.99777
0.997805
0.997818
0.997818
0.997795
0.997765
0.997723
0.997666
0.997538
0.997157
0.996636
0.996417
0.996399
0.996778
0.999929
0.999918
0.999887
0.999753
0.999131
0.998191
0.997599
0.997274
0.997148
0.997128
0.997175
0.997348
0.997442
0.997477
0.997469
0.997406
0.997294
0.997139
0.99696
0.996734
0.996557
0.99653
0.996755
0.997723
0.998794
0.999904
0.9999
0.999869
0.999702
0.999048
0.998586
0.998417
0.998106
0.997713
0.997353
0.997102
0.99698
0.996937
0.996971
0.996981
0.996972
0.99696
0.996957
0.996984
0.997132
0.997637
0.998643
0.99942
0.999774
0.999828
0.999662
0.99958
0.999244
0.998778
0.998598
0.998615
0.998772
0.998854
0.99882
0.998728
0.998619
0.998511
0.998409
0.998345
0.99834
0.998403
0.998533
0.998703
0.998888
0.999114
0.99926
0.999317
0.999361
0.999375
0.997731
)
;

boundaryField
{
    inlet
    {
        type            fixedValue;
        value           uniform 1;
    }
    outlet
    {
        type            inletOutlet;
        inletValue      uniform 0;
        value           nonuniform List<scalar> 
57
(
0.992292
0.989039
0.990717
0.991828
0.993369
0.994166
0.994471
0.994587
0.994571
0.99449
0.994426
0.994386
0.994363
0.994351
0.994356
0.994378
0.994406
0.994451
0.994521
0.994603
0.994696
0.994793
0.994891
0.994999
0.995107
0.995208
0.995302
0.995412
0.995534
0.995644
0.995758
0.995889
0.996032
0.996205
0.996403
0.99661
0.996814
0.997005
0.997177
0.997338
0.997496
0.997626
0.997695
0.997726
0.997735
0.997716
0.997645
0.997502
0.99728
0.997014
0.996752
0.996531
0.996439
0.996778
0.998794
0.999828
0.997731
)
;
    }
    upperWall
    {
        type            zeroGradient;
    }
    lowerWall
    {
        type            zeroGradient;
    }
    frontAndBack
    {
        type            empty;
    }
}


// ************************************************************************* //
