/*--------------------------------*- C++ -*----------------------------------*\
  =========                 |
  \\      /  F ield         | OpenFOAM: The Open Source CFD Toolbox
   \\    /   O peration     | Website:  https://openfoam.org
    \\  /    A nd           | Version:  6
     \\/     M anipulation  |
\*---------------------------------------------------------------------------*/
FoamFile
{
    version     2.0;
    format      ascii;
    class       volScalarField;
    location    "0.3";
    object      s_0;
}
// * * * * * * * * * * * * * * * * * * * * * * * * * * * * * * * * * * * * * //

dimensions      [0 0 0 0 0 0 0];

internalField   nonuniform List<scalar> 
12225
(
1
1
1
1
1
1
1
1
1
1
1
1
1
1
1
1
1
1
1
1
1
1
1
1
1
1
1
1
1
1
1
1
1
1
1
1
1
1
1
1
1
1
1
1
1
1
1
1
1
1
1
1
1
1
1
1
1
1
1
1
1
1
1
1
1
1
1
1
1
1
1
1
1
1
1
1
1
1
1
1
1
1
1
1
1
1
1
1
1
1
1
1
1
1
1
1
1
1
1
1
1
1
1
1
1
1
1
1
1
1
1
1
1
1
1
1
1
1
1
1
1
1
1
1
1
1
1
1
1
1
1
1
1
1
1
1
1
1
1
1
1
1
1
1
1
1
1
1
1
1
1
1
1
1
1
1
1
1
1
1
1
1
1
1
1
1
1
1
1
1
1
1
1
1
1
1
1
1
1
1
1
1
1
1
1
1
1
1
1
1
1
1
1
1
1
1
1
1
1
1
1
1
1
1
1
1
1
1
1
1
1
1
1
1
1
1
1
1
1
1
1
1
1
1
1
1
1
1
1
1
1
1
1
1
1
1
1
1
1
1
1
1
1
1
1
1
1
1
1
1
1
1
1
1
1
1
1
1
1
1
1
1
1
1
1
1
1
1
1
1
1
1
1
1
1
1
1
1
1
1
1
1
1
1
1
1
1
1
1
1
1
1
1
1
1
1
1
1
1
1
1
1
1
1
1
1
1
1
1
1
1
1
1
1
1
1
1
1
1
1
1
1
1
1
1
1
1
1
1
1
1
1
1
1
1
1
1
1
1
1
1
1
1
1
1
1
1
1
1
1
1
1
1
1
1
1
1
1
1
1
1
1
1
1
1
1
1
1
1
1
1
1
1
1
1
1
1
1
1
1
1
1
1
1
1
1
1
1
1
1
1
1
1
1
1
1
1
1
1
1
1
1
1
1
1
1
1
1
1
1
1
1
1
1
1
1
1
1
1
1
1
1
1
1
1
1
1
1
1
1
1
1
1
1
1
1
1
1
1
1
1
1
1
1
1
1
1
1
1
1
1
1
1
1
1
1
1
1
1
1
1
1
1
1
1
1
1
1
1
1
1
1
1
1
1
1
1
1
1
1
1
1
1
1
1
1
1
1
1
1
1
1
1
1
1
1
1
1
1
1
1
1
1
1
1
1
1
1
1
1
1
1
1
1
1
1
1
1
1
1
1
1
1
1
1
1
1
1
1
1
1
1
1
1
1
1
1
1
1
1
0.993178
0.993401
0.992906
0.992741
0.992655
0.992602
0.992592
0.992598
0.992715
0.992833
0.992864
0.992868
0.992859
0.992819
0.992744
0.992654
0.992566
0.992469
0.992359
0.992248
0.992142
0.992048
0.991972
0.991922
0.991907
0.991904
0.991908
0.991928
0.991965
0.99201
0.992044
0.992075
0.992107
0.99213
0.992141
0.992146
0.992148
0.992137
0.992125
0.992094
0.992051
0.991991
0.991944
0.991905
0.991867
0.991804
0.991685
0.99154
0.99141
0.991334
0.991344
0.991593
0.992132
0.992081
0.99152
0.991335
0.991381
0.991575
0.99186
0.99231
0.992976
0.993608
0.994167
0.994732
0.995292
0.995696
0.995833
0.995812
0.99567
0.995267
0.993559
0.992526
0.993002
0.994207
0.99617
0.998172
0.999077
0.999181
0.999191
0.999202
0.999212
0.999219
0.999225
0.999232
0.999238
0.999245
0.99925
0.999257
0.999263
0.999269
0.999274
0.99928
0.999286
0.999291
0.999295
0.999299
0.999303
0.999307
0.999308
0.999308
0.999308
0.999307
0.999306
0.999306
0.999309
0.999314
0.999323
0.99933
0.999336
0.999345
0.999353
0.999359
0.999364
0.999369
0.999371
0.99937
0.999364
0.999353
0.999337
0.99932
0.999304
0.999293
0.999279
0.999252
0.999185
0.999004
0.998815
0.998737
0.998704
0.998663
0.998667
0.998765
0.998795
0.998745
0.998472
0.997508
0.996984
0.996918
0.996961
0.997081
0.997303
0.997636
0.997952
0.998189
0.998317
0.998375
0.998395
0.9984
0.9984
0.998394
0.998377
0.998355
0.998332
0.998303
0.998274
0.998263
0.998261
0.998278
0.998315
0.998365
0.99843
0.998504
0.998582
0.998657
0.998718
0.998769
0.998811
0.998843
0.998863
0.99887
0.998863
0.998829
0.998766
0.998696
0.998596
0.99847
0.99838
0.99836
0.998374
0.998427
0.993084
0.993394
0.992669
0.992063
0.991763
0.991658
0.991733
0.991779
0.991762
0.991751
0.991763
0.991815
0.991838
0.991817
0.991707
0.991518
0.991375
0.991343
0.991351
0.991423
0.991589
0.991824
0.992074
0.992323
0.992634
0.993013
0.993423
0.993822
0.994168
0.994446
0.994658
0.994806
0.994918
0.994974
0.994997
0.994996
0.99498
0.994886
0.994794
0.994649
0.994479
0.994299
0.994151
0.994018
0.993872
0.993626
0.993212
0.992689
0.992027
0.991259
0.990753
0.990708
0.990992
0.991513
0.991736
0.991847
0.991795
0.991715
0.991767
0.991841
0.99181
0.991799
0.992077
0.992983
0.9945
0.995749
0.996435
0.996711
0.996687
0.996368
0.994897
0.993004
0.992417
0.992934
0.996956
0.999007
0.999143
0.999155
0.99914
0.99913
0.999126
0.999126
0.999139
0.999158
0.999175
0.999201
0.99922
0.999238
0.99925
0.999254
0.999256
0.999256
0.999255
0.999251
0.999241
0.999227
0.99921
0.999191
0.999168
0.999155
0.999152
0.999153
0.999167
0.999185
0.999199
0.999207
0.999219
0.999229
0.999234
0.999247
0.999266
0.999291
0.999322
0.999361
0.999404
0.999454
0.999509
0.999568
0.999625
0.999671
0.999705
0.999735
0.99976
0.99978
0.999792
0.999795
0.999786
0.999752
0.999704
0.999651
0.999635
0.999646
0.999647
0.999585
0.99937
0.998797
0.997742
0.997232
0.997183
0.997241
0.997293
0.997434
0.997876
0.998183
0.998273
0.998233
0.998168
0.998052
0.99792
0.997748
0.997591
0.997465
0.997394
0.997359
0.997348
0.997358
0.99738
0.997418
0.997463
0.997505
0.99755
0.997605
0.99768
0.997782
0.99792
0.998085
0.998269
0.998469
0.998682
0.998893
0.99908
0.999217
0.99932
0.999393
0.999433
0.999442
0.999422
0.999272
0.999174
0.999023
0.992607
0.993312
0.992307
0.991006
0.990872
0.991705
0.991974
0.991945
0.991862
0.991795
0.991674
0.99144
0.991388
0.991414
0.991455
0.991479
0.991538
0.991785
0.992245
0.992947
0.993973
0.995207
0.996024
0.996805
0.997524
0.997872
0.998212
0.998446
0.998564
0.99866
0.998708
0.998733
0.998741
0.998711
0.99866
0.998578
0.998469
0.998314
0.99813
0.997901
0.997643
0.997358
0.997044
0.996713
0.996379
0.996038
0.995682
0.99533
0.994936
0.994213
0.992795
0.991281
0.990573
0.990519
0.990758
0.991383
0.991672
0.991784
0.991805
0.991773
0.991481
0.991101
0.991046
0.991214
0.992139
0.99464
0.996087
0.996697
0.996857
0.996794
0.996063
0.993547
0.992886
0.995379
0.998825
0.999069
0.999085
0.998971
0.998816
0.998721
0.998671
0.99865
0.998645
0.998659
0.998668
0.9987
0.998729
0.99876
0.99878
0.998815
0.998832
0.998845
0.998857
0.998861
0.998864
0.99887
0.99888
0.998902
0.998935
0.998994
0.999068
0.999163
0.999252
0.9993
0.999321
0.999329
0.999329
0.99931
0.999274
0.999235
0.999191
0.999148
0.999125
0.99911
0.999103
0.999107
0.999121
0.999146
0.99919
0.999259
0.99935
0.999452
0.999562
0.999666
0.999741
0.999791
0.999819
0.999833
0.999837
0.999834
0.999827
0.999826
0.999822
0.999806
0.999755
0.999621
0.999223
0.998273
0.997898
0.997768
0.997678
0.997697
0.997947
0.998146
0.998085
0.99799
0.997821
0.997609
0.997367
0.997219
0.997145
0.997115
0.997109
0.997138
0.99718
0.997215
0.997268
0.997323
0.997374
0.997416
0.99744
0.997452
0.997463
0.997478
0.997501
0.99754
0.997599
0.997673
0.997761
0.997873
0.998057
0.998325
0.998632
0.998936
0.999186
0.999383
0.999525
0.9996
0.999614
0.999574
0.990904
0.992438
0.991389
0.990411
0.990913
0.991804
0.992046
0.991965
0.991773
0.991579
0.991449
0.991431
0.991474
0.991661
0.991969
0.992516
0.99349
0.995047
0.996341
0.997483
0.998313
0.998712
0.999102
0.999291
0.999483
0.999569
0.999637
0.99969
0.999717
0.999737
0.999747
0.999752
0.99975
0.999739
0.999718
0.999684
0.999635
0.999565
0.999466
0.999324
0.99912
0.998856
0.998527
0.998128
0.997669
0.99719
0.996766
0.996355
0.996005
0.995672
0.995247
0.994335
0.992454
0.990875
0.990338
0.990365
0.990751
0.9914
0.991683
0.991716
0.991619
0.991194
0.990987
0.991047
0.991528
0.993707
0.99588
0.996539
0.996764
0.996736
0.995906
0.993522
0.994099
0.998093
0.998975
0.998991
0.998727
0.998505
0.998416
0.998388
0.998385
0.998405
0.998426
0.998452
0.99849
0.99852
0.998541
0.998582
0.998612
0.998636
0.998667
0.9987
0.998731
0.998773
0.998821
0.998882
0.998956
0.99907
0.999244
0.999478
0.999598
0.999632
0.99964
0.999642
0.999644
0.999649
0.999657
0.999668
0.999675
0.999681
0.999675
0.999637
0.999567
0.999474
0.99937
0.999269
0.999182
0.999129
0.999105
0.999097
0.999111
0.999145
0.999199
0.999296
0.999442
0.9996
0.999721
0.999796
0.999837
0.999852
0.999858
0.99986
0.999858
0.999845
0.999783
0.999692
0.999535
0.999123
0.998578
0.99806
0.997806
0.997805
0.997977
0.998013
0.99792
0.997778
0.997507
0.997236
0.997083
0.997024
0.99701
0.997036
0.997072
0.997106
0.997149
0.997202
0.997278
0.997367
0.997459
0.997559
0.997615
0.997627
0.997591
0.997535
0.997497
0.997485
0.997493
0.99752
0.997567
0.997618
0.997658
0.997707
0.997795
0.997978
0.998284
0.99866
0.999029
0.999342
0.999559
0.999633
0.989341
0.990411
0.990332
0.990431
0.991503
0.992024
0.992118
0.991815
0.991638
0.99157
0.991561
0.99177
0.992242
0.993145
0.994659
0.996354
0.997596
0.99848
0.998965
0.999396
0.99959
0.999729
0.999808
0.999852
0.999882
0.999899
0.999908
0.999914
0.999917
0.999921
0.999925
0.999932
0.999937
0.999943
0.999949
0.999952
0.999952
0.999948
0.999938
0.99992
0.999892
0.999846
0.999773
0.999655
0.999456
0.999107
0.998511
0.997718
0.996908
0.996323
0.995938
0.995634
0.995254
0.994292
0.992061
0.990603
0.990298
0.990374
0.99085
0.991402
0.991496
0.991428
0.991273
0.991271
0.991519
0.993368
0.995852
0.996475
0.996563
0.996505
0.995124
0.99381
0.996758
0.998768
0.998931
0.998646
0.998373
0.998305
0.998305
0.998342
0.998377
0.998416
0.998445
0.998477
0.998511
0.99854
0.998563
0.998604
0.998639
0.998669
0.998705
0.998748
0.998796
0.998867
0.998968
0.99913
0.999403
0.999621
0.999694
0.999714
0.999713
0.999671
0.999605
0.99958
0.999571
0.999572
0.999593
0.999633
0.999672
0.999716
0.999766
0.999805
0.999827
0.999838
0.999839
0.999812
0.999753
0.999649
0.999515
0.999375
0.999252
0.999185
0.999169
0.999188
0.99925
0.999341
0.999475
0.999639
0.999771
0.999836
0.999861
0.99987
0.99987
0.999863
0.999825
0.99966
0.999499
0.999249
0.998723
0.998136
0.997847
0.997839
0.997932
0.997906
0.9978
0.997539
0.997221
0.997035
0.996972
0.996959
0.996995
0.99703
0.997065
0.997093
0.997124
0.99719
0.997298
0.997453
0.997631
0.997767
0.997928
0.998058
0.998098
0.997992
0.997809
0.997649
0.99754
0.997495
0.997491
0.997513
0.997556
0.997584
0.997601
0.997631
0.997701
0.997883
0.998309
0.998769
0.999201
0.99949
0.989286
0.989938
0.990447
0.99111
0.992319
0.99228
0.991965
0.991812
0.991754
0.99186
0.992325
0.993338
0.995186
0.996785
0.998094
0.998761
0.999325
0.999586
0.999752
0.999833
0.999869
0.999886
0.999893
0.999894
0.999891
0.999884
0.999877
0.999866
0.99986
0.999858
0.999868
0.999886
0.999904
0.999924
0.999947
0.999961
0.999973
0.999981
0.999985
0.999987
0.999988
0.999985
0.999978
0.999964
0.999935
0.999879
0.999762
0.999496
0.998825
0.997643
0.996625
0.996068
0.995813
0.995615
0.995222
0.993764
0.991453
0.990489
0.99036
0.990467
0.99094
0.991183
0.991214
0.991257
0.991528
0.993537
0.996144
0.996573
0.996306
0.995675
0.994529
0.995347
0.998264
0.998807
0.998724
0.998335
0.998249
0.998285
0.998343
0.998465
0.998606
0.998691
0.998758
0.998792
0.998803
0.998802
0.9988
0.998816
0.998838
0.998867
0.998916
0.998997
0.99911
0.999251
0.999442
0.999642
0.99972
0.999742
0.999732
0.99966
0.99953
0.999418
0.99938
0.999354
0.999326
0.999314
0.999312
0.999329
0.999361
0.999425
0.999527
0.999668
0.99976
0.999833
0.999877
0.999902
0.999915
0.999921
0.999912
0.999878
0.999805
0.999675
0.999519
0.999385
0.999318
0.999321
0.999383
0.99949
0.999633
0.999771
0.999845
0.999875
0.999882
0.999878
0.99985
0.999687
0.999385
0.999156
0.998666
0.998106
0.997841
0.997835
0.997872
0.997836
0.99767
0.997312
0.997046
0.996948
0.996928
0.996955
0.996997
0.997025
0.997039
0.997043
0.997053
0.997127
0.997276
0.997478
0.997735
0.997948
0.998091
0.998263
0.998449
0.99858
0.998551
0.998325
0.997998
0.997716
0.99754
0.997466
0.997444
0.997445
0.997464
0.997483
0.997509
0.997566
0.997739
0.998195
0.998705
0.999182
0.990464
0.9903
0.991432
0.992352
0.992445
0.992173
0.992038
0.99202
0.992317
0.993111
0.994907
0.996753
0.997998
0.998871
0.99937
0.999618
0.999759
0.999815
0.999838
0.999844
0.999844
0.999816
0.999775
0.999716
0.999645
0.99957
0.999506
0.999471
0.999457
0.999456
0.999497
0.999558
0.99963
0.999707
0.999788
0.99986
0.999915
0.999953
0.999975
0.999987
0.999993
0.999995
0.999996
0.999996
0.999994
0.999989
0.999973
0.999932
0.999812
0.999427
0.99822
0.996816
0.996134
0.995903
0.995778
0.995549
0.994769
0.992393
0.990842
0.990382
0.990358
0.990524
0.990821
0.990969
0.991579
0.994696
0.996748
0.996748
0.99595
0.995216
0.994917
0.9975
0.998636
0.998739
0.998351
0.998218
0.998248
0.998368
0.998639
0.998989
0.999202
0.999349
0.999419
0.999446
0.999455
0.999455
0.999444
0.999427
0.999419
0.999419
0.999435
0.999479
0.999551
0.999651
0.999737
0.999766
0.999767
0.999719
0.999626
0.999452
0.999383
0.999362
0.999351
0.999324
0.999279
0.999233
0.999216
0.999211
0.999211
0.999206
0.999196
0.999232
0.999378
0.99957
0.999715
0.999816
0.999884
0.999925
0.999947
0.999957
0.99996
0.999951
0.999922
0.999859
0.999741
0.999598
0.999505
0.999501
0.999572
0.999689
0.999796
0.999862
0.999885
0.999887
0.999872
0.999786
0.999408
0.998938
0.998457
0.998006
0.997816
0.99781
0.997817
0.997769
0.997528
0.997147
0.996951
0.996904
0.996915
0.996955
0.996987
0.996994
0.996956
0.996926
0.996928
0.997031
0.997204
0.997454
0.997756
0.998057
0.998342
0.998495
0.998603
0.998802
0.998949
0.998964
0.99887
0.998524
0.99804
0.997681
0.997482
0.997393
0.997357
0.997347
0.997351
0.997383
0.997498
0.997864
0.998329
0.998831
0.991482
0.991718
0.992481
0.99256
0.992417
0.992288
0.992362
0.992826
0.994111
0.996015
0.997661
0.998606
0.99926
0.999568
0.999709
0.999766
0.999786
0.99979
0.999756
0.999678
0.999545
0.999347
0.999197
0.999037
0.998943
0.998869
0.998836
0.998821
0.998818
0.998835
0.998858
0.99891
0.998987
0.999124
0.999298
0.999506
0.999678
0.999819
0.999902
0.999953
0.999978
0.999991
0.999996
0.999998
0.999999
0.999999
0.999998
0.999993
0.999976
0.999909
0.999629
0.998392
0.996825
0.996158
0.995963
0.995867
0.995665
0.99489
0.992453
0.990836
0.990294
0.990234
0.990288
0.99053
0.992135
0.996291
0.997324
0.996798
0.995799
0.99543
0.99685
0.998355
0.998646
0.998487
0.998226
0.998196
0.998329
0.998713
0.999092
0.999271
0.999408
0.999596
0.999683
0.999713
0.999727
0.999734
0.99974
0.999747
0.999749
0.999748
0.999748
0.999756
0.999779
0.999803
0.99981
0.999794
0.999738
0.999628
0.99945
0.999394
0.999377
0.999371
0.99936
0.999326
0.999271
0.999192
0.999155
0.999147
0.999147
0.999136
0.999081
0.999026
0.999019
0.999103
0.999306
0.999502
0.999663
0.999793
0.999883
0.999936
0.999963
0.999974
0.999978
0.999977
0.999966
0.999933
0.999856
0.999744
0.999673
0.999681
0.999759
0.999839
0.999882
0.99989
0.999884
0.999839
0.999613
0.998888
0.998229
0.997865
0.997764
0.997769
0.997773
0.997709
0.997398
0.997037
0.9969
0.99688
0.99691
0.996945
0.996955
0.996908
0.996843
0.996827
0.996861
0.996958
0.997085
0.997322
0.997695
0.998052
0.998392
0.998701
0.998893
0.998973
0.999126
0.999216
0.999222
0.999175
0.998984
0.998448
0.997909
0.997571
0.997404
0.997339
0.997326
0.997333
0.997385
0.997601
0.998093
0.998598
0.992201
0.992538
0.99266
0.992605
0.992532
0.992652
0.993281
0.99489
0.996621
0.998078
0.998954
0.999396
0.999616
0.999701
0.999728
0.999735
0.999684
0.999553
0.9993
0.999085
0.998883
0.998787
0.998708
0.998672
0.998655
0.99865
0.998651
0.998667
0.998674
0.998684
0.998689
0.998697
0.998702
0.998711
0.998754
0.998851
0.999093
0.999415
0.999675
0.999841
0.999924
0.999966
0.999987
0.999995
0.999998
0.999999
1
0.999999
0.999997
0.999987
0.999933
0.99963
0.998113
0.996687
0.996151
0.996006
0.995884
0.995521
0.993933
0.991533
0.990411
0.990118
0.990126
0.990603
0.994002
0.997432
0.997729
0.996822
0.996116
0.996814
0.998088
0.99854
0.998575
0.998233
0.99815
0.998243
0.998598
0.999041
0.999221
0.999309
0.999435
0.999615
0.999735
0.999781
0.999801
0.999813
0.999826
0.999848
0.999861
0.999862
0.999861
0.999859
0.999856
0.999847
0.99982
0.999775
0.999669
0.999486
0.999412
0.999394
0.999392
0.999392
0.99938
0.999343
0.999268
0.999137
0.999037
0.999017
0.999027
0.999041
0.999012
0.998907
0.998869
0.998848
0.998874
0.999047
0.999251
0.999468
0.999663
0.999807
0.999898
0.999949
0.999974
0.999985
0.999988
0.999988
0.999982
0.99996
0.9999
0.999818
0.999798
0.999831
0.99988
0.999894
0.999893
0.999867
0.999723
0.999065
0.998196
0.99779
0.99771
0.99773
0.997739
0.997659
0.997294
0.996969
0.996871
0.996867
0.996898
0.996915
0.996867
0.996786
0.99676
0.996779
0.996842
0.996915
0.997019
0.997195
0.997522
0.997953
0.998357
0.998716
0.999016
0.99923
0.999342
0.999396
0.999405
0.9994
0.99937
0.999248
0.998825
0.998177
0.997733
0.997495
0.997395
0.997371
0.997383
0.997479
0.997841
0.998418
0.992617
0.992897
0.992798
0.99274
0.992867
0.99361
0.99527
0.996915
0.99816
0.999051
0.99944
0.999608
0.999669
0.999685
0.999662
0.999538
0.999241
0.998992
0.99881
0.998721
0.998671
0.998653
0.998647
0.998654
0.998668
0.998688
0.998711
0.998724
0.998735
0.998742
0.998744
0.998735
0.998714
0.998681
0.998659
0.99865
0.998668
0.998779
0.999118
0.999547
0.999781
0.9999
0.999959
0.999985
0.999995
0.999999
1
1
1
0.999998
0.999989
0.999922
0.999465
0.997676
0.996529
0.99615
0.996002
0.995716
0.994611
0.991984
0.990488
0.990053
0.990108
0.991368
0.996122
0.99813
0.998014
0.997311
0.997289
0.998021
0.998451
0.998538
0.998327
0.998141
0.998155
0.998408
0.998918
0.99914
0.99923
0.999297
0.999408
0.999566
0.999712
0.99978
0.999809
0.999824
0.999838
0.999861
0.999879
0.999883
0.999883
0.99988
0.99987
0.999848
0.999809
0.999728
0.999561
0.999439
0.999407
0.999402
0.999404
0.999404
0.999392
0.999356
0.999269
0.999101
0.998911
0.998848
0.998843
0.99885
0.998819
0.998718
0.998672
0.99868
0.99867
0.998663
0.998787
0.998996
0.999269
0.999528
0.999721
0.99985
0.999927
0.999967
0.999985
0.999992
0.999994
0.999993
0.999987
0.999959
0.999907
0.999886
0.999891
0.999902
0.999902
0.999886
0.999786
0.999269
0.998261
0.997765
0.997666
0.997696
0.99771
0.997615
0.997215
0.996927
0.996852
0.996853
0.996874
0.996853
0.996749
0.996692
0.996691
0.996752
0.996812
0.996858
0.99693
0.997075
0.997357
0.99778
0.998236
0.998665
0.999016
0.999287
0.999491
0.999606
0.999613
0.999579
0.999549
0.999514
0.999418
0.999096
0.99844
0.997947
0.997664
0.997537
0.997507
0.997528
0.997692
0.998222
0.992767
0.992999
0.99294
0.993
0.993624
0.995173
0.996897
0.998114
0.998985
0.999412
0.999577
0.999633
0.999648
0.999599
0.999417
0.999042
0.998844
0.998732
0.998678
0.99866
0.998657
0.998667
0.998696
0.998715
0.998736
0.99875
0.998756
0.998762
0.998771
0.998788
0.998805
0.998826
0.998836
0.998832
0.998769
0.998672
0.998618
0.998602
0.998664
0.998933
0.999469
0.999751
0.999894
0.999959
0.999986
0.999996
0.999999
1
1
1
0.999998
0.999985
0.999879
0.99909
0.997278
0.99642
0.996139
0.99584
0.994928
0.992273
0.990513
0.990044
0.990235
0.992899
0.997391
0.998474
0.99827
0.997993
0.998124
0.998419
0.998535
0.998466
0.99816
0.998099
0.998215
0.99869
0.999049
0.999169
0.99922
0.999258
0.999327
0.999431
0.999576
0.999727
0.999786
0.999811
0.999825
0.999844
0.999867
0.999875
0.999877
0.999875
0.999865
0.999837
0.999777
0.999648
0.999486
0.999425
0.999409
0.999408
0.999409
0.999408
0.999398
0.999362
0.999264
0.999064
0.998841
0.998736
0.998717
0.998722
0.998718
0.99865
0.998508
0.99843
0.998421
0.998429
0.99843
0.998509
0.998743
0.999096
0.999408
0.999645
0.999807
0.999906
0.999959
0.999984
0.999993
0.999996
0.999997
0.999994
0.99998
0.999957
0.999936
0.999925
0.999918
0.999903
0.99983
0.999451
0.998394
0.997777
0.997636
0.997662
0.997683
0.997588
0.997178
0.996904
0.996837
0.996834
0.996827
0.99671
0.996613
0.996617
0.996651
0.996688
0.996729
0.996748
0.996763
0.996873
0.997162
0.997573
0.998068
0.998554
0.998971
0.999283
0.99951
0.99967
0.999761
0.999778
0.999742
0.999683
0.999634
0.999537
0.999257
0.998651
0.998171
0.99788
0.99775
0.997728
0.997773
0.998064
0.99289
0.993168
0.993141
0.993575
0.994689
0.996373
0.997967
0.998791
0.999311
0.999527
0.999599
0.999618
0.999578
0.99937
0.99899
0.998794
0.998705
0.998668
0.998657
0.998662
0.998678
0.998695
0.998701
0.998704
0.998696
0.998679
0.99867
0.998667
0.998668
0.998679
0.99871
0.998765
0.998834
0.998869
0.998882
0.998854
0.998723
0.998596
0.998571
0.998633
0.998945
0.999488
0.999776
0.999912
0.999969
0.99999
0.999997
0.999999
1
1
1
0.999997
0.999975
0.999789
0.998538
0.996947
0.996351
0.996011
0.995223
0.992671
0.990597
0.990069
0.990467
0.994007
0.99795
0.998659
0.998517
0.998396
0.998481
0.998576
0.998532
0.99827
0.998054
0.998043
0.998245
0.998762
0.999076
0.999171
0.999213
0.999239
0.999274
0.999318
0.999388
0.999516
0.999676
0.999739
0.999757
0.999765
0.999788
0.999823
0.999836
0.999839
0.999834
0.999797
0.999703
0.999573
0.99946
0.999422
0.999412
0.999411
0.999411
0.99941
0.9994
0.99936
0.999228
0.998976
0.99873
0.998645
0.998641
0.998668
0.998687
0.998661
0.998508
0.998374
0.998285
0.998234
0.998209
0.998208
0.998273
0.998533
0.998947
0.999306
0.999586
0.999778
0.999894
0.999955
0.999983
0.999994
0.999997
0.999998
0.999996
0.999991
0.999977
0.999959
0.999946
0.999926
0.999863
0.999574
0.998572
0.997816
0.997617
0.997632
0.997653
0.997559
0.997145
0.996885
0.996825
0.996804
0.996707
0.996526
0.996475
0.996542
0.996571
0.996561
0.99655
0.996535
0.996517
0.9966
0.996858
0.997297
0.997848
0.998404
0.998886
0.999253
0.999507
0.999681
0.999797
0.999862
0.999875
0.999859
0.999804
0.999732
0.999595
0.999242
0.998745
0.998343
0.998098
0.998006
0.998006
0.998106
0.992975
0.993353
0.993529
0.99403
0.99547
0.997203
0.998491
0.999106
0.999436
0.999561
0.999592
0.999583
0.999431
0.999056
0.998807
0.998705
0.998665
0.998652
0.998658
0.998675
0.998686
0.998689
0.998678
0.998662
0.99865
0.998647
0.998646
0.998643
0.998634
0.998624
0.998617
0.998622
0.998662
0.998786
0.998877
0.99889
0.998859
0.998699
0.998566
0.998553
0.998665
0.999153
0.999619
0.999848
0.999944
0.999981
0.999994
0.999998
1
1
1
1
0.999996
0.999954
0.999608
0.997905
0.996715
0.996266
0.995578
0.993274
0.990799
0.990142
0.990575
0.994233
0.998034
0.998776
0.9987
0.998634
0.99865
0.998628
0.998465
0.998116
0.998006
0.997999
0.998228
0.998742
0.999069
0.999165
0.999204
0.999227
0.999251
0.999267
0.999281
0.999317
0.999394
0.999517
0.99962
0.999642
0.999636
0.999644
0.999681
0.999715
0.999723
0.999703
0.999628
0.999515
0.999448
0.999422
0.999414
0.999412
0.999411
0.999409
0.999395
0.999336
0.999163
0.998854
0.998646
0.998588
0.99858
0.998611
0.998661
0.998674
0.998625
0.998466
0.998307
0.99821
0.998154
0.998126
0.998127
0.998178
0.998373
0.9988
0.999227
0.999552
0.999768
0.999893
0.999956
0.999984
0.999995
0.999998
0.999998
0.999997
0.999994
0.999985
0.999973
0.999953
0.999898
0.99967
0.998763
0.997883
0.99761
0.997605
0.99762
0.997532
0.99714
0.996884
0.996817
0.996743
0.996513
0.996346
0.996359
0.996428
0.996414
0.996308
0.996227
0.996185
0.996179
0.996268
0.996507
0.996949
0.997561
0.998206
0.99877
0.9992
0.999495
0.999684
0.999807
0.999885
0.999922
0.999928
0.999919
0.999879
0.999758
0.999482
0.999118
0.998749
0.998464
0.998315
0.998285
0.998307
0.99302
0.993543
0.993767
0.994738
0.996085
0.997701
0.9988
0.999271
0.999486
0.99956
0.999577
0.999503
0.999243
0.998899
0.998736
0.998666
0.998646
0.99865
0.99867
0.998685
0.998688
0.998682
0.998671
0.998665
0.998677
0.998694
0.998703
0.9987
0.998686
0.998652
0.998617
0.998601
0.998605
0.998645
0.998791
0.998875
0.998871
0.998785
0.998581
0.998527
0.998565
0.998913
0.99948
0.999791
0.999926
0.999976
0.999993
0.999998
0.999999
1
1
1
0.999999
0.999991
0.999908
0.999183
0.997357
0.996594
0.996031
0.99428
0.99125
0.990268
0.990598
0.994034
0.997934
0.998815
0.998811
0.998762
0.998746
0.998667
0.998421
0.998006
0.997906
0.997947
0.998162
0.998656
0.999029
0.999141
0.999181
0.999199
0.999215
0.999228
0.999236
0.999242
0.999248
0.999272
0.99933
0.999432
0.99953
0.999552
0.999553
0.999554
0.999565
0.999576
0.999567
0.999505
0.999447
0.999425
0.999416
0.999413
0.999412
0.999405
0.999376
0.999279
0.999034
0.998742
0.998626
0.998578
0.998563
0.998566
0.998603
0.998658
0.998664
0.998639
0.998522
0.998335
0.9982
0.998131
0.998109
0.998112
0.998146
0.998279
0.998683
0.999185
0.99955
0.999778
0.999902
0.999962
0.999987
0.999996
0.999998
0.999998
0.999998
0.999995
0.999989
0.999974
0.999932
0.999755
0.998972
0.997978
0.997617
0.997582
0.997588
0.997515
0.997149
0.996891
0.996802
0.996607
0.996329
0.996194
0.99622
0.996232
0.996087
0.995878
0.995743
0.995708
0.995766
0.995902
0.996121
0.996546
0.997203
0.997952
0.998618
0.999128
0.999474
0.999688
0.999814
0.999893
0.999939
0.999956
0.999957
0.999943
0.999869
0.999628
0.999312
0.999008
0.998753
0.998597
0.998548
0.998545
0.993054
0.99363
0.993931
0.994835
0.996391
0.997862
0.998815
0.999278
0.999482
0.999555
0.999561
0.999485
0.999211
0.99887
0.998704
0.998645
0.998636
0.998643
0.99867
0.99869
0.998695
0.998688
0.998674
0.998671
0.998678
0.998702
0.998715
0.998715
0.99871
0.998689
0.998636
0.9986
0.998595
0.998618
0.998742
0.998853
0.99886
0.998799
0.998582
0.998486
0.998519
0.998822
0.999418
0.999764
0.999917
0.999974
0.999992
0.999998
0.999999
1
1
1
1
0.999998
0.999981
0.999799
0.998459
0.997042
0.996483
0.995432
0.99222
0.990513
0.990585
0.993321
0.997564
0.998764
0.998914
0.998872
0.99882
0.998714
0.998443
0.998007
0.997836
0.997826
0.997978
0.9984
0.998891
0.999061
0.999103
0.999104
0.999101
0.999119
0.999145
0.999166
0.999181
0.999191
0.999195
0.999205
0.999252
0.999353
0.999461
0.999493
0.999501
0.9995
0.999482
0.999471
0.999441
0.999425
0.999417
0.999414
0.999408
0.999388
0.999316
0.99913
0.998836
0.998703
0.998625
0.99858
0.998562
0.998558
0.998562
0.998594
0.998651
0.998663
0.998654
0.998599
0.998436
0.998255
0.998157
0.99812
0.998121
0.99815
0.998254
0.998635
0.999197
0.999581
0.999806
0.99992
0.99997
0.99999
0.999997
0.999999
0.999999
0.999998
0.999995
0.999986
0.999956
0.999824
0.999189
0.9981
0.997639
0.997563
0.99756
0.997501
0.997169
0.996918
0.996763
0.996457
0.996175
0.996061
0.996054
0.995981
0.995747
0.995541
0.995437
0.995412
0.995435
0.995538
0.995755
0.996138
0.996792
0.997632
0.998424
0.999029
0.999438
0.999686
0.999827
0.999902
0.999947
0.99997
0.999975
0.999971
0.999945
0.999812
0.999482
0.999183
0.998956
0.998816
0.998767
0.998757
0.993094
0.993598
0.993917
0.994709
0.996292
0.997768
0.998735
0.999235
0.999458
0.999542
0.999549
0.999496
0.999263
0.998912
0.998722
0.998645
0.998616
0.998622
0.998652
0.998681
0.998694
0.998696
0.998692
0.998691
0.998692
0.998697
0.998703
0.998703
0.9987
0.998685
0.998637
0.99859
0.998587
0.998612
0.998734
0.998852
0.998854
0.998763
0.99851
0.998457
0.998504
0.998808
0.999406
0.999759
0.999916
0.999974
0.999993
0.999998
1
1
1
1
1
1
0.999997
0.999957
0.999554
0.997843
0.996917
0.996234
0.993901
0.991073
0.990677
0.991833
0.996417
0.99853
0.998908
0.998949
0.998915
0.998815
0.998532
0.998053
0.99784
0.997749
0.997778
0.997966
0.998402
0.998761
0.998824
0.998737
0.998631
0.998626
0.998706
0.998824
0.998936
0.999019
0.99909
0.999124
0.999139
0.999142
0.999149
0.999218
0.999338
0.999435
0.99945
0.999447
0.999436
0.999424
0.99942
0.99941
0.999379
0.999301
0.999108
0.998849
0.998753
0.998693
0.998634
0.998595
0.998574
0.998563
0.998559
0.998561
0.99859
0.998646
0.998662
0.998658
0.998631
0.99853
0.998347
0.99822
0.998163
0.998152
0.998181
0.998285
0.998679
0.999268
0.999642
0.999844
0.99994
0.999979
0.999994
0.999998
0.999999
0.999999
0.999997
0.999993
0.999973
0.999881
0.999423
0.998276
0.997685
0.997553
0.997539
0.997489
0.997204
0.99696
0.996692
0.996327
0.996051
0.995946
0.995901
0.995773
0.995551
0.995414
0.995354
0.995331
0.99533
0.995363
0.995477
0.995783
0.996396
0.997275
0.998185
0.998901
0.999379
0.999669
0.99983
0.999913
0.999954
0.999976
0.999985
0.999985
0.999979
0.999939
0.999749
0.999392
0.999132
0.998984
0.998932
0.998922
0.99319
0.993453
0.99383
0.994434
0.995916
0.997474
0.998519
0.999111
0.999394
0.999514
0.999537
0.999519
0.9994
0.999051
0.998795
0.998671
0.998622
0.998601
0.998607
0.99863
0.998667
0.998683
0.998689
0.99869
0.998692
0.998694
0.998693
0.998687
0.99867
0.998622
0.998575
0.998571
0.99858
0.998641
0.998831
0.998904
0.998866
0.998652
0.99848
0.998464
0.998567
0.999016
0.99956
0.999838
0.999948
0.999985
0.999996
0.999999
1
1
1
1
1
1
1
0.999993
0.999907
0.999052
0.997478
0.996816
0.9956
0.992219
0.990903
0.991188
0.994268
0.997883
0.998809
0.998966
0.998965
0.998913
0.99873
0.998202
0.997886
0.997752
0.99769
0.997728
0.997881
0.998156
0.998271
0.998213
0.998064
0.99794
0.9979
0.997935
0.99805
0.998244
0.998504
0.998765
0.99893
0.999034
0.999078
0.9991
0.999078
0.999098
0.999172
0.999221
0.999288
0.999334
0.99932
0.999255
0.999116
0.998927
0.998799
0.998748
0.998731
0.9987
0.998668
0.99864
0.998621
0.998604
0.998582
0.998563
0.998555
0.998583
0.998636
0.998654
0.998651
0.998627
0.998549
0.998428
0.998316
0.998238
0.998214
0.998242
0.998372
0.998838
0.999398
0.999724
0.999888
0.999959
0.999987
0.999996
0.999999
0.999999
0.999998
0.999996
0.999983
0.999921
0.999602
0.998514
0.997761
0.997556
0.997524
0.99748
0.997275
0.996993
0.996641
0.996234
0.995965
0.995858
0.995793
0.995638
0.995466
0.995378
0.995334
0.995308
0.995298
0.995307
0.995364
0.995541
0.996032
0.996924
0.997922
0.998753
0.999311
0.999642
0.999824
0.999916
0.999961
0.999981
0.999991
0.999993
0.999992
0.999982
0.999933
0.99971
0.999363
0.999152
0.999071
0.999053
0.993806
0.993546
0.993659
0.994007
0.995084
0.996912
0.998111
0.998865
0.999267
0.999455
0.999516
0.999515
0.99948
0.999336
0.998982
0.998764
0.99866
0.998613
0.998593
0.99859
0.998596
0.998612
0.998629
0.998645
0.998647
0.998644
0.998634
0.998612
0.998577
0.998558
0.998558
0.998568
0.998616
0.998789
0.998949
0.998941
0.998831
0.998551
0.998477
0.998533
0.998817
0.999465
0.999799
0.999929
0.999976
0.999992
0.999998
0.999999
1
1
1
1
1
1
1
0.999999
0.999981
0.999768
0.998385
0.99729
0.996523
0.994045
0.991434
0.991237
0.992346
0.996456
0.998475
0.998922
0.998994
0.998976
0.998881
0.99855
0.998022
0.997793
0.997691
0.997643
0.997662
0.99775
0.997842
0.997824
0.997733
0.997579
0.997477
0.997432
0.997434
0.997466
0.997548
0.997716
0.997981
0.998389
0.998735
0.998904
0.998984
0.998996
0.999003
0.998974
0.998917
0.998894
0.998837
0.998799
0.998771
0.998751
0.998739
0.998737
0.998741
0.998748
0.998745
0.998734
0.998728
0.998712
0.998669
0.998606
0.998557
0.998536
0.998565
0.998612
0.998629
0.998625
0.998584
0.99851
0.998455
0.998403
0.99834
0.998313
0.99835
0.998557
0.999111
0.999563
0.999812
0.999929
0.999976
0.999993
0.999998
0.999999
0.999999
0.999998
0.99999
0.999949
0.999735
0.998803
0.997876
0.997571
0.997516
0.997477
0.997349
0.997044
0.996599
0.996169
0.995905
0.995803
0.995728
0.995581
0.995453
0.99538
0.995336
0.995305
0.995287
0.995287
0.995318
0.995441
0.995766
0.996589
0.99766
0.998599
0.999243
0.999618
0.999817
0.999916
0.999963
0.999984
0.999993
0.999996
0.999996
0.999995
0.999984
0.99993
0.999695
0.999394
0.999256
0.999217
0.995006
0.993732
0.993699
0.993799
0.994273
0.995812
0.9975
0.998468
0.999035
0.99934
0.999468
0.999502
0.999496
0.999457
0.999331
0.999025
0.998795
0.998681
0.998621
0.998597
0.998586
0.998579
0.998575
0.998572
0.998569
0.998562
0.998552
0.998545
0.998545
0.99855
0.99857
0.99863
0.998809
0.999007
0.999009
0.998945
0.998662
0.998488
0.998519
0.998738
0.999371
0.999781
0.999928
0.999978
0.999993
0.999998
1
1
1
1
1
1
1
1
1
1
0.999996
0.999944
0.999389
0.997841
0.99711
0.995772
0.992481
0.991412
0.991694
0.994285
0.99773
0.998754
0.998976
0.999011
0.998979
0.998827
0.998363
0.997922
0.99773
0.997646
0.9976
0.997587
0.997602
0.997589
0.997527
0.997403
0.997299
0.997231
0.997197
0.997188
0.997195
0.997223
0.997286
0.997412
0.997634
0.998059
0.99846
0.998697
0.998823
0.998874
0.998879
0.998873
0.998846
0.998809
0.998786
0.998775
0.99878
0.998795
0.99883
0.998861
0.998882
0.998896
0.998903
0.998899
0.998851
0.998726
0.998605
0.998529
0.998498
0.998526
0.998564
0.998577
0.998569
0.998518
0.998476
0.99846
0.998454
0.998442
0.998445
0.998534
0.998905
0.999394
0.999719
0.999887
0.99996
0.999987
0.999996
0.999999
0.999999
0.999998
0.999994
0.999968
0.999829
0.999113
0.998036
0.997607
0.997513
0.997475
0.997387
0.997122
0.996612
0.996137
0.995866
0.995761
0.995696
0.995573
0.995459
0.995393
0.99535
0.995311
0.995283
0.995277
0.995295
0.995392
0.995651
0.996321
0.997416
0.998444
0.999173
0.999596
0.999813
0.999917
0.999964
0.999985
0.999994
0.999997
0.999998
0.999998
0.999996
0.999986
0.999931
0.999716
0.999519
0.999443
0.994784
0.994033
0.993804
0.993813
0.993963
0.994605
0.996387
0.997876
0.998669
0.999128
0.999365
0.999464
0.999487
0.99948
0.99945
0.999363
0.999171
0.99891
0.998757
0.998673
0.998627
0.998603
0.998585
0.998579
0.998569
0.99856
0.998561
0.998567
0.998585
0.998627
0.998718
0.998934
0.999088
0.999084
0.999023
0.998746
0.99843
0.998447
0.998636
0.999261
0.999741
0.999915
0.999974
0.999992
0.999998
0.999999
1
1
1
1
1
1
1
1
1
1
0.999999
0.999986
0.999834
0.998693
0.997561
0.996726
0.994201
0.99189
0.991759
0.992682
0.99618
0.998317
0.998888
0.999007
0.999009
0.998956
0.998744
0.99824
0.997854
0.997684
0.997605
0.997557
0.99752
0.997485
0.997427
0.997339
0.997252
0.997181
0.997132
0.997105
0.997094
0.997095
0.997103
0.99713
0.99719
0.997295
0.997493
0.997866
0.998214
0.998469
0.998632
0.998723
0.998774
0.9988
0.998811
0.998825
0.998859
0.998907
0.998954
0.99899
0.999013
0.999027
0.999032
0.999031
0.999017
0.998929
0.998726
0.998564
0.998472
0.998436
0.998454
0.998483
0.998494
0.998489
0.998467
0.998462
0.99847
0.998528
0.998578
0.99864
0.998871
0.999283
0.999629
0.999838
0.999939
0.99998
0.999994
0.999998
0.999999
0.999999
0.999997
0.999981
0.999892
0.999409
0.998245
0.997671
0.997519
0.997477
0.997407
0.997201
0.996658
0.996145
0.995846
0.995732
0.995676
0.995575
0.99548
0.995424
0.995385
0.995332
0.995285
0.995271
0.995283
0.995368
0.995602
0.996131
0.997201
0.998294
0.999098
0.999571
0.999811
0.99992
0.999967
0.999986
0.999995
0.999998
0.999999
0.999999
0.999999
0.999997
0.999987
0.999937
0.999799
0.999697
0.994009
0.993858
0.993851
0.993853
0.993906
0.99416
0.994953
0.996804
0.998075
0.998768
0.999166
0.999368
0.999451
0.999471
0.999467
0.99945
0.999401
0.999311
0.999145
0.998974
0.998836
0.99875
0.998702
0.99867
0.998656
0.99866
0.998677
0.998715
0.998796
0.998941
0.999126
0.999183
0.999165
0.999079
0.998776
0.998315
0.998313
0.998473
0.999081
0.99968
0.999898
0.999969
0.999991
0.999998
0.999999
1
1
1
1
1
1
1
1
1
1
1
1
0.999997
0.999954
0.999513
0.998066
0.99731
0.995848
0.992844
0.99194
0.992167
0.994149
0.997495
0.998656
0.998965
0.999024
0.999011
0.998923
0.998644
0.998161
0.997809
0.997648
0.997567
0.997513
0.997463
0.997406
0.997333
0.997252
0.997181
0.997129
0.997095
0.997075
0.997067
0.997067
0.997071
0.997089
0.997146
0.997218
0.997306
0.997492
0.997778
0.998082
0.998339
0.998519
0.998644
0.998731
0.9988
0.998864
0.998927
0.99898
0.999016
0.999039
0.999051
0.999056
0.999056
0.999053
0.999033
0.998918
0.998664
0.998492
0.998402
0.998361
0.998356
0.998368
0.998384
0.998407
0.998428
0.998458
0.99856
0.998713
0.998798
0.99895
0.999259
0.999564
0.999792
0.999916
0.999971
0.999991
0.999998
0.999999
0.999999
0.999998
0.999989
0.999934
0.999628
0.998541
0.997773
0.997536
0.997479
0.997421
0.997262
0.996747
0.996176
0.995853
0.995706
0.995657
0.995575
0.995502
0.995464
0.995426
0.995356
0.995291
0.99527
0.995279
0.995359
0.995587
0.996026
0.997019
0.998163
0.999032
0.999546
0.999805
0.999922
0.99997
0.999989
0.999996
0.999998
0.999999
1
1
0.999999
0.999998
0.999988
0.999951
0.999894
0.994113
0.993836
0.993742
0.993815
0.993865
0.993998
0.994374
0.995354
0.99712
0.998219
0.998826
0.999171
0.999351
0.999429
0.999455
0.999454
0.999447
0.999429
0.999385
0.999318
0.999244
0.999148
0.999081
0.999018
0.999014
0.999028
0.999064
0.999142
0.999234
0.999277
0.999269
0.99923
0.999094
0.998695
0.998147
0.998133
0.99828
0.998878
0.999609
0.999876
0.999964
0.99999
0.999997
0.999999
1
1
1
1
1
1
1
1
1
1
1
1
1
0.999999
0.999987
0.99985
0.998829
0.997728
0.99686
0.994385
0.99237
0.992241
0.992977
0.995955
0.998143
0.998835
0.999006
0.999038
0.999012
0.998888
0.998538
0.998119
0.99778
0.997619
0.99753
0.997468
0.997408
0.997338
0.997262
0.997192
0.997136
0.997099
0.997076
0.997065
0.997063
0.997063
0.997069
0.99709
0.997162
0.997255
0.997331
0.997438
0.997592
0.9978
0.998054
0.998301
0.9985
0.998665
0.998798
0.998898
0.998967
0.999011
0.999036
0.999051
0.999057
0.999059
0.999058
0.999051
0.999016
0.998833
0.998568
0.998417
0.998345
0.998313
0.998303
0.998304
0.998316
0.998351
0.998412
0.998565
0.998865
0.999003
0.9991
0.99929
0.999539
0.999756
0.999893
0.99996
0.999987
0.999996
0.999999
0.999999
0.999999
0.999994
0.999961
0.999773
0.998897
0.997928
0.997572
0.997485
0.997433
0.997311
0.996874
0.996239
0.995872
0.9957
0.995635
0.995572
0.995511
0.995479
0.995447
0.995371
0.995295
0.995269
0.995277
0.995358
0.995594
0.995996
0.996885
0.998052
0.998976
0.999529
0.999802
0.999923
0.999971
0.99999
0.999996
0.999999
1
1
1
1
0.999999
0.999998
0.999989
0.999968
0.994373
0.993904
0.993804
0.993842
0.993868
0.993941
0.994137
0.994618
0.995771
0.99723
0.99822
0.998792
0.999124
0.999304
0.999394
0.999432
0.999442
0.999441
0.999436
0.999424
0.999408
0.999376
0.999353
0.999327
0.999326
0.999331
0.999347
0.999353
0.999347
0.999324
0.999249
0.999026
0.998424
0.997923
0.997925
0.998086
0.998721
0.999552
0.999859
0.999959
0.999989
0.999997
0.999999
1
1
1
1
1
1
1
1
1
1
1
1
1
1
1
0.999996
0.999952
0.999535
0.998165
0.997424
0.995901
0.993236
0.992434
0.992615
0.994026
0.997237
0.998544
0.998939
0.999034
0.999037
0.998996
0.998834
0.998466
0.998099
0.997766
0.997596
0.997498
0.997425
0.997354
0.997284
0.997218
0.99716
0.997114
0.997085
0.99707
0.997065
0.997065
0.997069
0.997081
0.997119
0.99723
0.99735
0.997432
0.997515
0.99761
0.99772
0.997883
0.998133
0.998397
0.99862
0.998788
0.9989
0.998969
0.99901
0.999036
0.99905
0.999056
0.999057
0.999053
0.999034
0.998954
0.998688
0.998475
0.998362
0.998313
0.998296
0.998294
0.998299
0.998326
0.998396
0.99856
0.998957
0.99921
0.999283
0.999367
0.999545
0.999736
0.999875
0.99995
0.999983
0.999995
0.999999
0.999999
0.999999
0.999996
0.999977
0.999865
0.999262
0.998143
0.997639
0.997498
0.997445
0.997346
0.997025
0.99635
0.995914
0.995709
0.995619
0.995565
0.995511
0.995482
0.99545
0.995366
0.995291
0.995269
0.995277
0.995377
0.995659
0.996005
0.996787
0.997972
0.998938
0.99952
0.999803
0.999924
0.999973
0.999991
0.999997
0.999999
1
1
1
1
1
1
0.999998
0.999991
0.994443
0.994139
0.994038
0.993922
0.993885
0.993934
0.994045
0.994295
0.99482
0.995917
0.997067
0.998042
0.998632
0.998993
0.999206
0.999327
0.999388
0.999417
0.999428
0.999428
0.999427
0.999422
0.999419
0.999412
0.999408
0.999404
0.999396
0.999379
0.999331
0.999184
0.998815
0.99798
0.997683
0.997709
0.997929
0.998693
0.999544
0.999856
0.999958
0.999989
0.999997
0.999999
1
1
1
1
1
1
1
1
1
1
1
1
1
1
1
1
0.999999
0.999984
0.999838
0.998837
0.997811
0.996935
0.994582
0.992831
0.992686
0.993226
0.995712
0.997966
0.998769
0.999001
0.999051
0.999042
0.998976
0.998759
0.998418
0.998095
0.997778
0.997587
0.997474
0.99739
0.997316
0.99725
0.997194
0.997147
0.997108
0.997084
0.997076
0.997076
0.997079
0.99709
0.99712
0.997213
0.997362
0.997481
0.99756
0.997619
0.99768
0.997749
0.997849
0.998056
0.998347
0.998596
0.998774
0.998889
0.998959
0.999003
0.999032
0.999046
0.99905
0.999049
0.999037
0.998983
0.998784
0.998553
0.998411
0.998337
0.998308
0.998301
0.998304
0.998327
0.99841
0.998597
0.998987
0.999328
0.999461
0.999499
0.999577
0.999732
0.999862
0.999941
0.999979
0.999993
0.999998
0.999999
0.999999
0.999998
0.999987
0.999922
0.999566
0.998446
0.997748
0.997524
0.997458
0.997377
0.997151
0.996518
0.996
0.995737
0.995623
0.99555
0.995503
0.995478
0.995436
0.995347
0.995287
0.995273
0.995284
0.995393
0.995741
0.996058
0.996751
0.997923
0.998919
0.999517
0.999807
0.999929
0.999975
0.999992
0.999997
0.999999
1
1
1
1
1
1
0.999999
0.999998
0.994629
0.994598
0.99467
0.994359
0.994031
0.993951
0.994012
0.994138
0.994407
0.994877
0.995747
0.996578
0.997578
0.998257
0.998707
0.999
0.999179
0.999286
0.999348
0.999379
0.999397
0.999403
0.999403
0.999401
0.999395
0.99938
0.999343
0.999244
0.998984
0.998271
0.997605
0.997494
0.997566
0.997894
0.998859
0.999605
0.999874
0.999963
0.99999
0.999997
0.999999
1
1
1
1
1
1
1
1
1
1
1
1
1
1
1
1
1
1
0.999994
0.99994
0.999483
0.998167
0.997469
0.995961
0.99361
0.992878
0.993018
0.994101
0.996926
0.998419
0.998906
0.999038
0.999065
0.999047
0.998951
0.998675
0.998388
0.998105
0.997819
0.997598
0.997468
0.997374
0.997297
0.997234
0.997185
0.997144
0.997112
0.9971
0.997101
0.997106
0.997121
0.997157
0.997257
0.997406
0.997534
0.997626
0.997684
0.997722
0.997759
0.997807
0.997878
0.998059
0.998369
0.998624
0.998798
0.998907
0.998973
0.999011
0.999032
0.99904
0.999041
0.999034
0.99899
0.998819
0.998612
0.99847
0.998388
0.998348
0.998335
0.998336
0.998361
0.99849
0.998725
0.999038
0.999385
0.999585
0.999637
0.99966
0.999738
0.999856
0.999935
0.999975
0.999992
0.999998
0.999999
0.999999
0.999999
0.999993
0.999956
0.999752
0.99885
0.997922
0.997572
0.997474
0.997404
0.997244
0.99674
0.996128
0.995793
0.995639
0.99555
0.99549
0.995459
0.995403
0.99533
0.995289
0.995284
0.995302
0.995431
0.995832
0.996145
0.996753
0.997906
0.998911
0.999524
0.999817
0.999936
0.999979
0.999993
0.999998
0.999999
1
1
1
1
1
1
1
0.999999
0.995123
0.996048
0.996496
0.996566
0.996389
0.994574
0.994025
0.994074
0.994186
0.994332
0.994648
0.995102
0.995628
0.996328
0.99726
0.998013
0.998501
0.998819
0.999022
0.999141
0.999219
0.999266
0.999272
0.999264
0.999235
0.999157
0.998962
0.998461
0.99756
0.997295
0.997325
0.997541
0.99818
0.99925
0.999727
0.999909
0.999972
0.999992
0.999998
0.999999
1
1
1
1
1
1
1
1
1
1
1
1
1
1
1
1
1
1
1
0.999998
0.999977
0.999796
0.998736
0.997821
0.996959
0.994765
0.993248
0.993092
0.993492
0.995513
0.997753
0.998693
0.998987
0.999063
0.999067
0.999035
0.99891
0.998603
0.998361
0.998114
0.997873
0.997657
0.997499
0.997389
0.997306
0.997247
0.997202
0.997162
0.99715
0.997153
0.997166
0.997204
0.997262
0.997364
0.997495
0.997616
0.997703
0.997758
0.997788
0.997806
0.997825
0.997861
0.997933
0.998168
0.998492
0.998731
0.998882
0.998963
0.999002
0.999023
0.999031
0.999032
0.999026
0.998988
0.998827
0.998642
0.998522
0.998452
0.998416
0.998405
0.998408
0.998446
0.998637
0.99891
0.999152
0.999434
0.999652
0.999738
0.999753
0.999775
0.999852
0.99993
0.999972
0.99999
0.999997
0.999999
1
0.999999
0.999996
0.999975
0.999861
0.999267
0.998175
0.997663
0.997501
0.997433
0.997313
0.996962
0.99634
0.995901
0.995681
0.995562
0.995494
0.995455
0.995397
0.995331
0.995304
0.995305
0.995335
0.995511
0.995972
0.99627
0.996797
0.997913
0.998923
0.999536
0.999825
0.99994
0.999981
0.999994
0.999998
1
1
1
1
1
1
1
1
1
0.994889
0.995215
0.995449
0.996774
0.999108
0.998665
0.995506
0.994513
0.994312
0.994338
0.994396
0.994507
0.994636
0.9949
0.995169
0.995671
0.99633
0.997058
0.997696
0.99813
0.998438
0.998626
0.99864
0.998603
0.998452
0.998122
0.997251
0.996918
0.996965
0.997204
0.99785
0.998997
0.999587
0.999844
0.999946
0.999983
0.999995
0.999999
1
1
1
1
1
1
1
1
1
1
1
1
1
1
1
1
1
1
1
1
1
0.999999
0.999991
0.999915
0.999343
0.998098
0.997453
0.995984
0.993948
0.993282
0.993394
0.994274
0.996736
0.998288
0.998864
0.999039
0.99908
0.999073
0.999023
0.998866
0.998545
0.998338
0.998138
0.99793
0.997747
0.997593
0.99746
0.997379
0.997325
0.997273
0.997266
0.997276
0.997311
0.997379
0.997427
0.997495
0.997606
0.997717
0.997793
0.997832
0.99785
0.997858
0.997864
0.997876
0.997915
0.998065
0.99842
0.998699
0.998871
0.99896
0.999
0.999018
0.999024
0.999024
0.999018
0.998978
0.998821
0.998658
0.998566
0.998521
0.998504
0.998505
0.998523
0.99859
0.998817
0.999102
0.999303
0.999506
0.999694
0.999796
0.999822
0.99983
0.999859
0.999927
0.999969
0.999989
0.999996
0.999999
1
0.999999
0.999998
0.999986
0.999924
0.999601
0.998539
0.997806
0.997544
0.997459
0.997368
0.997155
0.996586
0.99608
0.995776
0.995602
0.995511
0.995463
0.9954
0.995342
0.995329
0.995338
0.995389
0.995639
0.996129
0.996411
0.996876
0.997952
0.998958
0.999561
0.99984
0.999947
0.999984
0.999995
0.999999
1
1
1
1
1
1
1
1
1
0.999786
0.999798
0.999635
0.999288
0.999188
0.999213
0.999477
0.999671
0.999491
0.998658
0.997734
0.997416
0.997107
0.996231
0.99556
0.995463
0.995502
0.995616
0.995842
0.996056
0.996449
0.996686
0.996693
0.996617
0.996359
0.996289
0.99636
0.996666
0.997548
0.99883
0.999486
0.999788
0.999918
0.999971
0.99999
0.999997
0.999999
1
1
1
1
1
1
1
1
1
1
1
1
1
1
1
1
1
1
1
1
1
1
1
0.999996
0.999963
0.999721
0.998564
0.99778
0.996946
0.994954
0.993641
0.993482
0.993786
0.995339
0.997567
0.998599
0.998964
0.999069
0.999094
0.99908
0.999014
0.998821
0.998524
0.998339
0.998171
0.998012
0.997866
0.997725
0.99762
0.997532
0.997465
0.997458
0.997468
0.997505
0.997566
0.997608
0.997647
0.997727
0.997822
0.997885
0.997907
0.997908
0.9979
0.997895
0.997897
0.997919
0.998036
0.998388
0.998688
0.998868
0.99896
0.999
0.999014
0.999018
0.999017
0.999007
0.998954
0.998791
0.998668
0.998613
0.998599
0.998605
0.998631
0.998701
0.998842
0.999078
0.999301
0.99946
0.999597
0.999736
0.999834
0.999869
0.999876
0.999886
0.999926
0.999967
0.999988
0.999996
0.999999
1
1
0.999999
0.999993
0.99996
0.999797
0.99905
0.998066
0.997634
0.997493
0.99742
0.997284
0.996937
0.996342
0.995941
0.995697
0.995567
0.995499
0.99542
0.99538
0.995381
0.995407
0.995503
0.995872
0.996338
0.996588
0.996995
0.998019
0.999013
0.999593
0.999856
0.999954
0.999987
0.999996
0.999999
1
1
1
1
1
0.999999
0.999999
0.999999
0.999999
0.999999
0.999998
0.999996
0.999993
0.999984
0.999978
0.999978
0.999982
0.999976
0.999942
0.999838
0.999733
0.999654
0.999488
0.999119
0.998555
0.997507
0.996613
0.996175
0.996065
0.996063
0.996075
0.996096
0.996146
0.996285
0.99664
0.997617
0.99876
0.999418
0.999746
0.999896
0.99996
0.999986
0.999995
0.999998
1
1
1
1
1
1
1
1
1
1
1
1
1
1
1
1
1
1
1
1
1
1
1
1
1
0.999998
0.999985
0.999882
0.999196
0.998028
0.997438
0.996121
0.994377
0.993717
0.993796
0.99441
0.996413
0.998065
0.998778
0.99902
0.999089
0.999101
0.999083
0.999006
0.99881
0.998527
0.998349
0.998214
0.9981
0.997996
0.997901
0.99779
0.997689
0.997659
0.997663
0.997689
0.997743
0.997781
0.997806
0.997853
0.99792
0.997965
0.997978
0.997973
0.997936
0.997916
0.997916
0.997934
0.998036
0.998379
0.99869
0.99888
0.998971
0.999004
0.999013
0.999012
0.999009
0.99899
0.998904
0.998763
0.998687
0.998675
0.998682
0.998716
0.998812
0.99902
0.999212
0.999371
0.99952
0.999626
0.999704
0.999789
0.999864
0.999902
0.999911
0.999916
0.999934
0.999967
0.999987
0.999995
0.999999
1
1
0.999999
0.999996
0.99998
0.999902
0.999551
0.998512
0.997823
0.997559
0.997463
0.997381
0.997207
0.996812
0.996301
0.99592
0.995722
0.995602
0.995501
0.995486
0.995503
0.995567
0.99574
0.996223
0.99658
0.996779
0.997143
0.998126
0.999097
0.999639
0.999875
0.999961
0.999989
0.999997
0.999999
1
1
1
1
0.999999
0.999998
0.999997
0.999997
0.999997
1
1
1
1
1
1
1
1
1
0.999998
0.999994
0.999985
0.999976
0.999959
0.999923
0.999849
0.999707
0.999437
0.998953
0.998318
0.997843
0.997728
0.997771
0.997932
0.998392
0.999021
0.999482
0.999755
0.999895
0.999958
0.999985
0.999995
0.999998
0.999999
1
1
1
1
1
1
1
1
1
1
1
1
1
1
1
1
1
1
1
1
1
1
1
1
1
1
0.999999
0.999994
0.999951
0.999675
0.998492
0.997737
0.997043
0.995451
0.994178
0.993922
0.994123
0.995005
0.997131
0.998371
0.998879
0.999053
0.999103
0.999107
0.999087
0.999012
0.998831
0.998562
0.99838
0.998259
0.998179
0.998115
0.998023
0.997916
0.997858
0.997854
0.997865
0.997902
0.997929
0.997945
0.997966
0.998006
0.998032
0.998037
0.998022
0.997964
0.997937
0.997936
0.997958
0.998071
0.998428
0.998747
0.998926
0.998997
0.999014
0.999014
0.99901
0.998999
0.998964
0.99885
0.998753
0.998731
0.998735
0.998766
0.998867
0.999127
0.999402
0.999564
0.999644
0.999714
0.999773
0.999811
0.99985
0.999895
0.999925
0.999935
0.999939
0.999947
0.99997
0.999987
0.999995
0.999998
1
1
1
0.999998
0.99999
0.999954
0.999796
0.999166
0.998192
0.997709
0.99752
0.997435
0.997351
0.997181
0.996826
0.996416
0.996122
0.995881
0.995748
0.995751
0.995796
0.995909
0.996193
0.996603
0.996811
0.996963
0.997299
0.998283
0.999211
0.999702
0.999904
0.999973
0.999993
0.999998
1
1
1
1
0.999999
0.999997
0.999993
0.999991
0.999992
0.999993
1
1
1
1
1
1
1
1
1
1
1
1
0.999999
0.999998
0.999995
0.999989
0.999975
0.999945
0.999898
0.999788
0.999647
0.999624
0.999637
0.999691
0.999797
0.999886
0.999944
0.999975
0.99999
0.999996
0.999999
1
1
1
1
1
1
1
1
1
1
1
1
1
1
1
1
1
1
1
1
1
1
1
1
1
1
1
1
1
1
0.999998
0.999981
0.999868
0.999195
0.998003
0.997495
0.996499
0.995058
0.994242
0.994226
0.994519
0.995733
0.997575
0.998545
0.998938
0.999076
0.999117
0.999119
0.999101
0.999035
0.99889
0.998626
0.998438
0.998333
0.998262
0.998182
0.998086
0.998018
0.998002
0.998006
0.998026
0.998041
0.998048
0.998056
0.998075
0.998087
0.998086
0.998048
0.99798
0.997959
0.997963
0.998002
0.998186
0.998579
0.998853
0.998984
0.99902
0.999019
0.999014
0.999004
0.998984
0.998915
0.998819
0.998779
0.998779
0.9988
0.998888
0.999143
0.999471
0.99968
0.999785
0.999832
0.999858
0.999883
0.999897
0.999908
0.999927
0.999945
0.999952
0.999955
0.999959
0.999973
0.999988
0.999995
0.999998
1
1
1
0.999999
0.999995
0.999978
0.999905
0.999635
0.998822
0.99803
0.99766
0.997502
0.997412
0.997335
0.997179
0.996927
0.996753
0.996502
0.996327
0.996323
0.996359
0.996453
0.996691
0.996901
0.996997
0.997121
0.997469
0.998494
0.999342
0.999761
0.999926
0.99998
0.999995
0.999999
1
1
1
0.999999
0.999997
0.999992
0.99998
0.999978
0.999979
0.999982
1
1
1
1
1
1
1
1
1
1
1
1
1
1
1
0.999999
0.999999
0.999997
0.999993
0.999983
0.999971
0.999971
0.999972
0.999979
0.999987
0.999993
0.999997
0.999999
1
1
1
1
1
1
1
1
1
1
1
1
1
1
1
1
1
1
1
1
1
1
1
1
1
1
1
1
1
1
1
1
1
0.999999
0.999993
0.999948
0.999689
0.99856
0.997721
0.997205
0.996095
0.99496
0.994485
0.994566
0.995004
0.996342
0.997875
0.998656
0.998975
0.999092
0.999129
0.999134
0.99912
0.999071
0.998959
0.99872
0.998536
0.998433
0.998343
0.998237
0.998148
0.998113
0.998113
0.998125
0.998135
0.998133
0.998134
0.998138
0.998139
0.998124
0.998054
0.997998
0.997991
0.998004
0.998082
0.99838
0.998747
0.998954
0.999028
0.999031
0.99902
0.999007
0.998992
0.998956
0.998866
0.998811
0.998807
0.998821
0.99889
0.999109
0.999483
0.99971
0.999825
0.999884
0.999912
0.999925
0.999935
0.999943
0.999947
0.999954
0.999962
0.999966
0.999967
0.99997
0.999978
0.999989
0.999996
0.999998
1
1
1
1
0.999998
0.999989
0.999955
0.99983
0.999389
0.998625
0.998008
0.997669
0.997503
0.997433
0.997321
0.997167
0.997095
0.996989
0.996854
0.99683
0.996846
0.9969
0.997028
0.997099
0.997146
0.997254
0.997673
0.99875
0.999483
0.999821
0.999947
0.999986
0.999997
0.999999
1
1
0.999999
0.999997
0.999992
0.999976
0.999955
0.999951
0.999953
0.99996
1
1
1
1
1
1
1
1
1
1
1
1
1
1
1
1
1
1
1
0.999999
0.999999
0.999999
0.999999
0.999999
1
1
1
1
1
1
1
1
1
1
1
1
1
1
1
1
1
1
1
1
1
1
1
1
1
1
1
1
1
1
1
1
1
1
1
1
1
1
0.999997
0.99998
0.999878
0.999326
0.998055
0.997522
0.996922
0.995854
0.99503
0.994764
0.994904
0.995396
0.996708
0.998063
0.998719
0.998996
0.999104
0.999139
0.99915
0.999141
0.999107
0.999025
0.998847
0.998672
0.998543
0.998425
0.998318
0.998259
0.998248
0.998251
0.99825
0.998224
0.998207
0.998201
0.99819
0.998141
0.998061
0.998035
0.99804
0.998082
0.998252
0.998649
0.998928
0.999045
0.999056
0.999039
0.999011
0.998994
0.998967
0.998901
0.998845
0.998829
0.998837
0.998888
0.999056
0.999454
0.999702
0.999832
0.9999
0.999935
0.999952
0.999958
0.999961
0.999964
0.999967
0.999971
0.999974
0.999976
0.999976
0.999978
0.999983
0.999991
0.999996
0.999999
1
1
1
1
0.999999
0.999995
0.999979
0.999922
0.999728
0.999171
0.998568
0.998065
0.997748
0.997614
0.99749
0.997349
0.99728
0.997242
0.997172
0.997146
0.997153
0.997174
0.997197
0.997209
0.997238
0.997365
0.997988
0.999045
0.999635
0.999883
0.999968
0.999992
0.999998
1
1
0.999999
0.999998
0.999992
0.999976
0.999943
0.999918
0.999914
0.999916
0.999925
1
1
1
1
1
1
1
1
1
1
1
1
1
1
1
1
1
1
1
1
1
1
1
1
1
1
1
1
1
1
1
1
1
1
1
1
1
1
1
1
1
1
1
1
1
1
1
1
1
1
1
1
1
1
1
1
1
1
1
1
1
1
0.999999
0.999993
0.999955
0.999747
0.998792
0.997753
0.997292
0.996712
0.995822
0.9952
0.995081
0.995243
0.995724
0.996923
0.99816
0.998744
0.999002
0.99911
0.999146
0.999161
0.999158
0.999139
0.999087
0.998985
0.998823
0.998652
0.998513
0.998434
0.998411
0.998398
0.998361
0.998301
0.998268
0.998254
0.998225
0.998147
0.998105
0.998105
0.998134
0.998248
0.998602
0.998939
0.999075
0.999094
0.999073
0.999022
0.998993
0.998968
0.998915
0.998873
0.99885
0.998856
0.998893
0.999026
0.999393
0.999681
0.999832
0.999909
0.999947
0.999965
0.999975
0.999977
0.999977
0.999976
0.999977
0.99998
0.999983
0.999983
0.999983
0.999984
0.999986
0.999993
0.999997
0.999999
1
1
1
1
0.999999
0.999998
0.99999
0.999965
0.999881
0.999615
0.999031
0.998512
0.998156
0.997944
0.997769
0.997603
0.9975
0.997442
0.997393
0.997369
0.997339
0.997295
0.997271
0.997271
0.997304
0.997541
0.998472
0.999355
0.999773
0.999932
0.999983
0.999996
0.999999
1
1
0.999999
0.999994
0.999978
0.999936
0.999903
0.999888
0.999886
0.999888
0.999894
1
1
1
1
1
1
1
1
1
1
1
1
1
1
1
1
1
1
1
1
1
1
1
1
1
1
1
1
1
1
1
1
1
1
1
1
1
1
1
1
1
1
1
1
1
1
1
1
1
1
1
1
1
1
1
1
1
1
1
1
1
1
1
0.999998
0.999984
0.999907
0.999522
0.998285
0.997522
0.997108
0.996606
0.995946
0.995479
0.99542
0.995571
0.995995
0.997003
0.998156
0.998722
0.998988
0.999105
0.99915
0.999169
0.99917
0.999162
0.999136
0.999079
0.998959
0.998773
0.998628
0.99856
0.998512
0.998431
0.998357
0.998326
0.998305
0.998247
0.998205
0.998206
0.998233
0.998335
0.998662
0.998993
0.999125
0.999142
0.999119
0.999045
0.998992
0.998962
0.99892
0.998889
0.998866
0.998871
0.998902
0.999012
0.999332
0.999661
0.999838
0.999922
0.999959
0.999976
0.999984
0.999988
0.999988
0.999988
0.999986
0.999985
0.999986
0.999988
0.999988
0.999988
0.999988
0.99999
0.999994
0.999997
0.999999
1
1
1
1
1
0.999999
0.999996
0.999985
0.999949
0.999841
0.999497
0.99893
0.998514
0.998231
0.998005
0.997819
0.997676
0.997569
0.997518
0.997477
0.9974
0.997327
0.997299
0.997308
0.997417
0.997992
0.999042
0.999628
0.999877
0.999965
0.999991
0.999998
1
1
0.999999
0.999996
0.999984
0.999942
0.999898
0.999878
0.999873
0.999874
0.999876
0.99988
1
1
1
1
1
1
1
1
1
1
1
1
1
1
1
1
1
1
1
1
1
1
1
1
1
1
1
1
1
1
1
1
1
1
1
1
1
1
1
1
1
1
1
1
1
1
1
1
1
1
1
1
1
1
1
1
1
1
1
1
1
1
1
0.999999
0.999995
0.999969
0.999832
0.999158
0.997946
0.99735
0.996992
0.996605
0.996179
0.995791
0.995744
0.995874
0.996212
0.996938
0.998022
0.998636
0.998941
0.999082
0.999145
0.999168
0.999175
0.999173
0.999162
0.99913
0.999036
0.998873
0.998773
0.998653
0.998522
0.998465
0.998423
0.998367
0.998354
0.998363
0.998401
0.998515
0.99884
0.999086
0.999189
0.999197
0.999173
0.999082
0.998995
0.998949
0.998917
0.998899
0.998882
0.998886
0.998913
0.999007
0.999279
0.999645
0.99984
0.999927
0.999966
0.999982
0.99999
0.999993
0.999994
0.999994
0.999994
0.999992
0.999991
0.999991
0.999992
0.999992
0.999992
0.999992
0.999992
0.999995
0.999998
0.999999
1
1
1
1
1
1
0.999998
0.999993
0.999979
0.999936
0.999815
0.999452
0.998914
0.998484
0.998147
0.997893
0.997714
0.997613
0.997547
0.99746
0.997368
0.997322
0.997325
0.997399
0.997769
0.998807
0.999511
0.999828
0.999947
0.999985
0.999996
0.999999
1
1
0.999998
0.999991
0.999958
0.999901
0.999873
0.999865
0.999866
0.999869
0.999871
0.999874
1
1
1
1
1
1
1
1
1
1
1
1
1
1
1
1
1
1
1
1
1
1
1
1
1
1
1
1
1
1
1
1
1
1
1
1
1
1
1
1
1
1
1
1
1
1
1
1
1
1
1
1
1
1
1
1
1
1
1
1
1
1
1
1
0.999999
0.99999
0.999945
0.999726
0.998782
0.997728
0.997217
0.99695
0.996681
0.996443
0.996121
0.996055
0.996155
0.996404
0.996832
0.997682
0.998433
0.998828
0.999026
0.99912
0.999159
0.999171
0.999172
0.999167
0.999148
0.9991
0.998985
0.998845
0.998732
0.998636
0.998596
0.998598
0.998616
0.998671
0.998818
0.99905
0.999191
0.99925
0.999249
0.999223
0.999127
0.998997
0.998932
0.998902
0.998897
0.998892
0.998899
0.998928
0.999015
0.999248
0.999636
0.999836
0.999928
0.999969
0.999986
0.999993
0.999996
0.999997
0.999998
0.999997
0.999997
0.999996
0.999995
0.999994
0.999994
0.999994
0.999994
0.999994
0.999994
0.999996
0.999998
0.999999
1
1
1
1
1
1
0.999999
0.999997
0.999992
0.999976
0.999934
0.999823
0.9995
0.998893
0.99838
0.998011
0.997781
0.99763
0.997501
0.997399
0.997364
0.997374
0.997462
0.997818
0.99882
0.999498
0.999808
0.999934
0.99998
0.999994
0.999999
1
1
0.999999
0.999996
0.999978
0.999917
0.999872
0.999859
0.999859
0.999864
0.999868
0.999871
0.999872
1
1
1
1
1
1
1
1
1
1
1
1
1
1
1
1
1
1
1
1
1
1
1
1
1
1
1
1
1
1
1
1
1
1
1
1
1
1
1
1
1
1
1
1
1
1
1
1
1
1
1
1
1
1
1
1
1
1
1
1
1
1
1
1
1
0.999997
0.999984
0.999915
0.999602
0.998497
0.99759
0.997152
0.99696
0.996802
0.996668
0.99647
0.996358
0.996428
0.996589
0.996871
0.997324
0.998061
0.99861
0.998906
0.999057
0.999128
0.999156
0.99916
0.999156
0.999144
0.999112
0.99902
0.998915
0.99888
0.998882
0.998899
0.998948
0.999074
0.999194
0.999268
0.999292
0.999288
0.999261
0.999159
0.998992
0.998909
0.998883
0.998884
0.998891
0.998907
0.998945
0.999036
0.999254
0.999633
0.999832
0.999927
0.99997
0.999987
0.999995
0.999997
0.999999
0.999999
0.999999
0.999999
0.999999
0.999998
0.999997
0.999996
0.999996
0.999996
0.999996
0.999996
0.999996
0.999997
0.999998
0.999999
1
1
1
1
1
1
1
0.999999
0.999997
0.999992
0.999979
0.999946
0.99986
0.999603
0.998982
0.99841
0.997987
0.9977
0.997558
0.997534
0.997559
0.997695
0.998223
0.999119
0.999612
0.999842
0.999941
0.999979
0.999993
0.999998
0.999999
1
1
0.999999
0.999991
0.999948
0.999879
0.999855
0.999853
0.999857
0.999868
0.999872
0.999873
0.999873
1
1
1
1
1
1
1
1
1
1
1
1
1
1
1
1
1
1
1
1
1
1
1
1
1
1
1
1
1
1
1
1
1
1
1
1
1
1
1
1
1
1
1
1
1
1
1
1
1
1
1
1
1
1
1
1
1
1
1
1
1
1
1
1
1
0.999999
0.999995
0.999975
0.999878
0.999474
0.9983
0.997509
0.997146
0.996976
0.996914
0.99682
0.996759
0.996658
0.99668
0.996772
0.996945
0.997198
0.997678
0.998273
0.998709
0.998947
0.999065
0.999118
0.999133
0.999131
0.99912
0.999078
0.999045
0.999041
0.999046
0.99907
0.99915
0.999244
0.999295
0.999309
0.999306
0.999276
0.999158
0.998964
0.998887
0.998866
0.998869
0.998881
0.998907
0.998958
0.999065
0.99929
0.999637
0.999827
0.999924
0.999969
0.999988
0.999995
0.999998
0.999999
1
1
1
1
0.999999
0.999999
0.999998
0.999998
0.999998
0.999997
0.999997
0.999997
0.999997
0.999997
0.999999
0.999999
1
1
1
1
1
1
1
1
0.999999
0.999998
0.999994
0.999985
0.999965
0.999907
0.999721
0.999154
0.9986
0.998321
0.998267
0.998298
0.998474
0.999061
0.999552
0.999801
0.999917
0.999966
0.999986
0.999995
0.999998
0.999999
1
1
1
0.999997
0.999978
0.999904
0.999852
0.999845
0.99985
0.999862
0.999874
0.999878
0.999877
0.999875
1
1
1
1
1
1
1
1
1
1
1
1
1
1
1
1
1
1
1
1
1
1
1
1
1
1
1
1
1
1
1
1
1
1
1
1
1
1
1
1
1
1
1
1
1
1
1
1
1
1
1
1
1
1
1
1
1
1
1
1
1
1
1
1
1
1
0.999999
0.999993
0.999966
0.999849
0.999422
0.998273
0.99753
0.997185
0.997035
0.996962
0.996927
0.996902
0.996893
0.996897
0.996934
0.997014
0.997168
0.99749
0.997954
0.998398
0.998725
0.998925
0.999027
0.999073
0.99908
0.999072
0.999067
0.999069
0.999089
0.999166
0.999243
0.999293
0.999309
0.999303
0.999264
0.999111
0.998933
0.99886
0.998847
0.998853
0.99887
0.998915
0.998985
0.999104
0.999352
0.999657
0.999829
0.999921
0.999966
0.999987
0.999995
0.999998
0.999999
1
1
1
1
1
1
0.999999
0.999999
0.999999
0.999998
0.999998
0.999998
0.999998
0.999998
0.999998
0.999999
1
1
1
1
1
1
1
1
1
1
0.999999
0.999999
0.999996
0.999991
0.999976
0.999923
0.99974
0.999572
0.999523
0.999528
0.999572
0.999723
0.999864
0.999939
0.999974
0.999988
0.999994
0.999997
0.999998
0.999999
0.999999
1
1
0.999999
0.999993
0.999952
0.999859
0.999835
0.99984
0.999855
0.999868
0.999877
0.99988
0.99988
0.999876
1
1
1
1
1
1
1
1
1
1
1
1
1
1
1
1
1
1
1
1
1
1
1
1
1
1
1
1
1
1
1
1
1
1
1
1
1
1
1
1
1
1
1
1
1
1
1
1
1
1
1
1
1
1
1
1
1
1
1
1
1
1
1
1
1
1
1
0.999999
0.999992
0.999964
0.999854
0.999515
0.998539
0.997727
0.997322
0.997128
0.997033
0.996984
0.996965
0.996966
0.996972
0.996997
0.99706
0.997165
0.997376
0.997755
0.998157
0.9985
0.998755
0.998902
0.998973
0.999001
0.999013
0.999037
0.999109
0.999204
0.999263
0.999273
0.99926
0.999201
0.999011
0.998876
0.998825
0.998825
0.998835
0.998867
0.998924
0.999052
0.999189
0.999471
0.999714
0.99985
0.999926
0.999967
0.999987
0.999995
0.999998
0.999999
1
1
1
1
1
1
1
1
0.999999
0.999999
0.999999
0.999999
0.999998
0.999998
0.999998
0.999998
0.999999
1
1
1
1
1
1
1
1
1
1
1
1
0.999999
0.999998
0.999995
0.999981
0.999944
0.999925
0.999924
0.999928
0.999948
0.999974
0.999989
0.999995
0.999996
0.999997
0.999997
0.999998
0.999998
0.999998
0.999999
0.999999
0.999999
0.999998
0.999985
0.999903
0.999825
0.999824
0.999846
0.99986
0.99987
0.999878
0.999881
0.99988
0.999876
1
1
1
1
1
1
1
1
1
1
1
1
1
1
1
1
1
1
1
1
1
1
1
1
1
1
1
1
1
1
1
1
1
1
1
1
1
1
1
1
1
1
1
1
1
1
1
1
1
1
1
1
1
1
1
1
1
1
1
1
1
1
1
1
1
1
1
1
0.999999
0.999993
0.999971
0.999895
0.999677
0.999103
0.99827
0.997692
0.997356
0.997171
0.997071
0.997007
0.996967
0.996954
0.996959
0.99698
0.997036
0.997156
0.997447
0.997861
0.998238
0.998519
0.998683
0.998757
0.998829
0.998959
0.999092
0.999154
0.999157
0.999133
0.999037
0.998871
0.998794
0.998787
0.998795
0.998818
0.99887
0.998989
0.999133
0.999372
0.999644
0.9998
0.999889
0.999941
0.999971
0.999987
0.999995
0.999998
1
1
1
1
1
1
1
1
1
1
1
1
0.999999
0.999999
0.999999
0.999999
0.999999
0.999999
0.999999
1
1
1
1
1
1
1
1
1
1
1
1
1
1
0.999999
0.999996
0.999994
0.999993
0.999993
0.999994
0.999997
0.999999
0.999999
0.999998
0.999996
0.999994
0.999993
0.999994
0.999995
0.999996
0.999998
0.999999
0.999999
0.999996
0.999966
0.999841
0.999794
0.999817
0.999856
0.999863
0.99987
0.999878
0.999881
0.999879
0.999875
1
1
1
1
1
1
1
1
1
1
1
1
1
1
1
1
1
1
1
1
1
1
1
1
1
1
1
1
1
1
1
1
1
1
1
1
1
1
1
1
1
1
1
1
1
1
1
1
1
1
1
1
1
1
1
1
1
1
1
1
1
1
1
1
1
1
1
1
1
0.999999
0.999996
0.999983
0.999943
0.99981
0.999599
0.999221
0.998656
0.998071
0.997632
0.997325
0.997129
0.99701
0.996934
0.996905
0.996905
0.996921
0.996979
0.997155
0.99745
0.997716
0.997969
0.998247
0.998555
0.998791
0.99888
0.998883
0.998854
0.998762
0.998715
0.998719
0.998735
0.998768
0.998817
0.998925
0.999093
0.999335
0.999624
0.999792
0.999884
0.999934
0.999962
0.999979
0.99999
0.999996
0.999999
1
1
1
1
1
1
1
1
1
1
1
1
1
1
1
0.999999
0.999999
0.999999
0.999999
1
1
1
1
1
1
1
1
1
1
1
1
1
1
1
1
1
1
1
1
1
1
0.999999
0.999997
0.999993
0.999985
0.999982
0.999982
0.999984
0.999988
0.999992
0.999996
0.999998
0.999998
0.999991
0.999924
0.999774
0.999763
0.999826
0.999863
0.999865
0.999867
0.999875
0.999878
0.999876
0.999874
1
1
1
1
1
1
1
1
1
1
1
1
1
1
1
1
1
1
1
1
1
1
1
1
1
1
1
1
1
1
1
1
1
1
1
1
1
1
1
1
1
1
1
1
1
1
1
1
1
1
1
1
1
1
1
1
1
1
1
1
1
1
1
1
1
1
1
1
1
1
1
0.999998
0.999993
0.999978
0.999943
0.999854
0.999713
0.999571
0.999298
0.998697
0.99805
0.997537
0.997192
0.997002
0.996923
0.996903
0.996906
0.996933
0.997021
0.997256
0.997555
0.997894
0.998193
0.998376
0.998473
0.998514
0.99855
0.998602
0.998637
0.998701
0.998783
0.998894
0.99907
0.999336
0.999626
0.9998
0.999896
0.999945
0.999969
0.999982
0.999989
0.999994
0.999997
0.999999
1
1
1
1
1
1
1
1
1
1
1
1
1
1
1
1
0.999999
0.999999
0.999999
0.999999
1
1
1
1
1
1
1
1
1
1
1
1
1
1
1
1
1
1
1
1
1
0.999999
0.999997
0.999987
0.999975
0.999975
0.999975
0.999976
0.999977
0.99998
0.999987
0.999993
0.999996
0.999996
0.99998
0.999848
0.999707
0.99973
0.999843
0.999869
0.999866
0.999866
0.999869
0.999872
0.999872
0.999873
1
1
1
1
1
1
1
1
1
1
1
1
1
1
1
1
1
1
1
1
1
1
1
1
1
1
1
1
1
1
1
1
1
1
1
1
1
1
1
1
1
1
1
1
1
1
1
1
1
1
1
1
1
1
1
1
1
1
1
1
1
1
1
1
1
1
1
1
1
1
1
1
0.999999
0.999998
0.999995
0.999986
0.999967
0.999942
0.999892
0.999799
0.999614
0.999142
0.998439
0.997807
0.997379
0.99715
0.997068
0.997062
0.997096
0.99726
0.997574
0.997869
0.998063
0.998218
0.998358
0.99844
0.998569
0.99868
0.998791
0.998963
0.999154
0.999435
0.999678
0.999829
0.999915
0.999959
0.99998
0.99999
0.999994
0.999996
0.999998
0.999998
0.999999
1
1
1
1
1
1
1
1
1
1
1
1
1
1
1
1
1
1
0.999999
1
1
1
1
1
1
1
1
1
1
1
1
1
1
1
1
1
1
1
1
1
1
1
0.999997
0.999984
0.999967
0.999968
0.999972
0.999975
0.999975
0.999976
0.999978
0.999983
0.999991
0.999995
0.999993
0.999955
0.999738
0.999626
0.999705
0.999855
0.999877
0.999869
0.999866
0.999867
0.999869
0.999871
0.999874
1
1
1
1
1
1
1
1
1
1
1
1
1
1
1
1
1
1
1
1
1
1
1
1
1
1
1
1
1
1
1
1
1
1
1
1
1
1
1
1
1
1
1
1
1
1
1
1
1
1
1
1
1
1
1
1
1
1
1
1
1
1
1
1
1
1
1
1
1
1
1
1
1
1
1
0.999999
0.999998
0.999995
0.99999
0.999978
0.999952
0.999892
0.999731
0.999411
0.999031
0.998628
0.998276
0.99806
0.997995
0.998004
0.998083
0.998237
0.998424
0.998591
0.998743
0.998942
0.99912
0.999294
0.99951
0.999692
0.99982
0.999903
0.999952
0.999978
0.999991
0.999996
0.999998
0.999999
1
1
1
1
1
1
1
1
1
1
1
1
1
1
1
1
1
1
1
1
1
1
1
1
1
1
1
1
1
1
1
1
1
1
1
1
1
1
1
1
1
1
1
1
1
1
0.999998
0.999986
0.999957
0.999959
0.99997
0.999981
0.999983
0.999981
0.999978
0.999979
0.999983
0.999991
0.999994
0.999986
0.999896
0.999582
0.999521
0.999682
0.999858
0.999887
0.999875
0.999867
0.999868
0.999869
0.999872
0.999881
1
1
1
1
1
1
1
1
1
1
1
1
1
1
1
1
1
1
1
1
1
1
1
1
1
1
1
1
1
1
1
1
1
1
1
1
1
1
1
1
1
1
1
1
1
1
1
1
1
1
1
1
1
1
1
1
1
1
1
1
1
1
1
1
1
1
1
1
1
1
1
1
1
1
1
1
1
1
0.999999
0.999998
0.999995
0.999988
0.999969
0.999913
0.999818
0.999705
0.999569
0.999448
0.99938
0.999362
0.999365
0.999387
0.999454
0.999563
0.99967
0.999765
0.999841
0.999899
0.99994
0.999967
0.999984
0.999993
0.999997
0.999999
1
1
1
1
1
1
1
1
1
1
1
1
1
1
1
1
1
1
1
1
1
1
1
1
1
1
1
1
1
1
1
1
1
1
1
1
1
1
1
1
1
1
1
1
1
1
1
1
1
1
0.999993
0.999953
0.999943
0.999961
0.999982
0.999986
0.999987
0.999984
0.99998
0.99998
0.999984
0.999992
0.999992
0.999969
0.99975
0.999383
0.999378
0.999656
0.999856
0.999891
0.999887
0.999875
0.999871
0.999873
0.99988
0.999896
1
1
1
1
1
1
1
1
1
1
1
1
1
1
1
1
1
1
1
1
1
1
1
1
1
1
1
1
1
1
1
1
1
1
1
1
1
1
1
1
1
1
1
1
1
1
1
1
1
1
1
1
1
1
1
1
1
1
1
1
1
1
1
1
1
1
1
1
1
1
1
1
1
1
1
1
1
1
1
1
1
0.999999
0.999997
0.999991
0.999974
0.999955
0.999925
0.99989
0.999868
0.999865
0.999868
0.999877
0.999899
0.999925
0.999948
0.999966
0.999979
0.999988
0.999994
0.999997
0.999999
0.999999
1
1
1
1
1
1
1
1
1
1
1
1
1
1
1
1
1
1
1
1
1
1
1
1
1
1
1
1
1
1
1
1
1
1
1
1
1
1
1
1
1
1
1
1
1
1
1
1
1
1
1
0.999999
0.999978
0.999918
0.999925
0.999973
0.999986
0.999987
0.999986
0.999983
0.999981
0.999981
0.999987
0.999992
0.999988
0.999922
0.999501
0.99914
0.999192
0.9996
0.999837
0.99989
0.999895
0.999891
0.999886
0.999889
0.999896
0.9999
1
1
1
1
1
1
1
1
1
1
1
1
1
1
1
1
1
1
1
1
1
1
1
1
1
1
1
1
1
1
1
1
1
1
1
1
1
1
1
1
1
1
1
1
1
1
1
1
1
1
1
1
1
1
1
1
1
1
1
1
1
1
1
1
1
1
1
1
1
1
1
1
1
1
1
1
1
1
1
1
1
1
1
0.999999
0.999998
0.999996
0.999991
0.999985
0.999982
0.999982
0.999982
0.999984
0.999988
0.999992
0.999995
0.999997
0.999998
0.999999
1
1
1
1
1
1
1
1
1
1
1
1
1
1
1
1
1
1
1
1
1
1
1
1
1
1
1
1
1
1
1
1
1
1
1
1
1
1
1
1
1
1
1
1
1
1
1
1
1
1
1
1
1
1
1
0.999996
0.999942
0.999874
0.999913
0.999977
0.999987
0.999986
0.999984
0.999982
0.999982
0.999984
0.999991
0.999991
0.999973
0.9998
0.99913
0.998825
0.998948
0.99949
0.999787
0.999879
0.999895
0.999896
0.999897
0.999899
0.999901
0.999894
1
1
1
1
1
1
1
1
1
1
1
1
1
1
1
1
1
1
1
1
1
1
1
1
1
1
1
1
1
1
1
1
1
1
1
1
1
1
1
1
1
1
1
1
1
1
1
1
1
1
1
1
1
1
1
1
1
1
1
1
1
1
1
1
1
1
1
1
1
1
1
1
1
1
1
1
1
1
1
1
1
1
1
1
1
1
0.999999
0.999999
0.999998
0.999998
0.999999
0.999999
0.999999
1
1
1
1
1
1
1
1
1
1
1
1
1
1
1
1
1
1
1
1
1
1
1
1
1
1
1
1
1
1
1
1
1
1
1
1
1
1
1
1
1
1
1
1
1
1
1
1
1
1
1
1
1
1
1
1
1
0.999999
0.999998
0.999998
0.999987
0.999877
0.999811
0.999889
0.999975
0.999988
0.999986
0.999984
0.999983
0.999984
0.99999
0.999992
0.999986
0.999922
0.999477
0.998658
0.998439
0.998621
0.999276
0.999671
0.999842
0.999886
0.999894
0.999897
0.999898
0.999898
0.999855
1
1
1
1
1
1
1
1
1
1
1
1
1
1
1
1
1
1
1
1
1
1
1
1
1
1
1
1
1
1
1
1
1
1
1
1
1
1
1
1
1
1
1
1
1
1
1
1
1
1
1
1
1
1
1
1
1
1
1
1
1
1
1
1
1
1
1
1
1
1
1
1
1
1
1
1
1
1
1
1
1
1
1
1
1
1
1
1
1
1
1
1
1
1
1
1
1
1
1
1
1
1
1
1
1
1
1
1
1
1
1
1
1
1
1
1
1
1
1
1
1
1
1
1
1
1
1
1
1
1
1
1
1
1
1
1
1
1
1
1
1
1
1
1
1
1
1
1
1
0.999999
0.999993
0.999991
0.999991
0.999953
0.999771
0.999717
0.999823
0.999957
0.999988
0.999989
0.999988
0.999988
0.99999
0.999992
0.999989
0.999959
0.999741
0.998841
0.998183
0.99805
0.998218
0.99889
0.999422
0.999738
0.999847
0.999874
0.999884
0.999879
0.999871
0.999695
1
1
1
1
1
1
1
1
1
1
1
1
1
1
1
1
1
1
1
1
1
1
1
1
1
1
1
1
1
1
1
1
1
1
1
1
1
1
1
1
1
1
1
1
1
1
1
1
1
1
1
1
1
1
1
1
1
1
1
1
1
1
1
1
1
1
1
1
1
1
1
1
1
1
1
1
1
1
1
1
1
1
1
1
1
1
1
1
1
1
1
1
1
1
1
1
1
1
1
1
1
1
1
1
1
1
1
1
1
1
1
1
1
1
1
1
1
1
1
1
1
1
1
1
1
1
1
1
1
1
1
1
1
1
1
1
1
1
1
1
1
1
1
1
1
1
1
1
1
0.999995
0.999972
0.999969
0.999964
0.999855
0.999709
0.999646
0.999701
0.999896
0.999975
0.99999
0.999991
0.999991
0.999991
0.999988
0.999964
0.99982
0.999147
0.998289
0.997912
0.997836
0.997898
0.998288
0.998933
0.999473
0.999715
0.999789
0.999815
0.999781
0.999736
0.999184
1
1
1
1
1
1
1
1
1
1
1
1
1
1
1
1
1
1
1
1
1
1
1
1
1
1
1
1
1
1
1
1
1
1
1
1
1
1
1
1
1
1
1
1
1
1
1
1
1
1
1
1
1
1
1
1
1
1
1
1
1
1
1
1
1
1
1
1
1
1
1
1
1
1
1
1
1
1
1
1
1
1
1
1
1
1
1
1
1
1
1
1
1
1
1
1
1
1
1
1
1
1
1
1
1
1
1
1
1
1
1
1
1
1
1
1
1
1
1
1
1
1
1
1
1
1
1
1
1
1
1
1
1
1
1
1
1
1
1
1
1
1
1
1
1
1
1
1
0.999997
0.999967
0.999906
0.999899
0.999875
0.999762
0.999698
0.999633
0.999554
0.999732
0.999907
0.999969
0.999984
0.999983
0.999974
0.999939
0.999791
0.999237
0.998443
0.997977
0.997799
0.997772
0.997804
0.997924
0.998184
0.998851
0.99931
0.999476
0.999536
0.999396
0.999129
0.998002
1
1
1
1
1
1
1
1
1
1
1
1
1
1
1
1
1
1
1
1
1
1
1
1
1
1
1
1
1
1
1
1
1
1
1
1
1
1
1
1
1
1
1
1
1
1
1
1
1
1
1
1
1
1
1
1
1
1
1
1
1
1
1
1
1
1
1
1
1
1
1
1
1
1
1
1
1
1
1
1
1
1
1
1
1
1
1
1
1
1
1
1
1
1
1
1
1
1
1
1
1
1
1
1
1
1
1
1
1
1
1
1
1
1
1
1
1
1
1
1
1
1
1
1
1
1
1
1
1
1
1
1
1
1
1
1
1
1
1
1
1
1
1
1
1
1
1
0.999996
0.999969
0.999889
0.999839
0.999816
0.999783
0.999737
0.99971
0.99965
0.999516
0.999431
0.999639
0.999817
0.999878
0.999866
0.999791
0.999573
0.999058
0.998514
0.998156
0.997928
0.997823
0.997815
0.997832
0.997879
0.997895
0.998008
0.998293
0.998462
0.998503
0.998218
0.997643
0.997284
1
1
1
1
1
1
1
1
1
1
1
1
1
1
1
1
1
1
1
1
1
1
1
1
1
1
1
1
1
1
1
1
1
1
1
1
1
1
1
1
1
1
1
1
1
1
1
1
1
1
1
1
1
1
1
1
1
1
1
1
1
1
1
1
1
1
1
1
1
1
1
1
1
1
1
1
1
1
1
1
1
1
1
1
1
1
1
1
1
1
1
1
1
1
1
1
1
1
1
1
1
1
1
1
1
1
1
1
1
1
1
1
1
1
1
1
1
1
1
1
1
1
1
1
1
1
1
1
1
1
1
1
1
1
1
1
1
1
1
1
1
1
1
1
0.999999
0.999999
0.999996
0.999982
0.99993
0.999867
0.999825
0.999792
0.999763
0.999743
0.999739
0.999704
0.999534
0.999333
0.99921
0.999195
0.999238
0.999178
0.99899
0.998709
0.998495
0.998327
0.99819
0.998144
0.998181
0.998208
0.99814
0.998015
0.997899
0.997832
0.997754
0.997612
0.997501
0.997377
0.997176
0.997271
1
1
1
1
1
1
1
1
1
1
1
1
1
1
1
1
1
1
1
1
1
1
1
1
1
1
1
1
1
1
1
1
1
1
1
1
1
1
1
1
1
1
1
1
1
1
1
1
1
1
1
1
1
1
1
1
1
1
1
1
1
1
1
1
1
1
1
1
1
1
1
1
1
1
1
1
1
1
1
1
1
1
1
1
1
1
1
1
1
1
1
1
1
1
1
1
1
1
1
1
1
1
1
1
1
1
1
1
1
1
1
1
1
1
1
1
1
1
1
1
1
1
1
1
1
1
1
1
1
1
1
1
1
1
1
1
1
1
1
1
0.999997
0.999997
0.999997
0.999997
0.999996
0.999994
0.99999
0.99998
0.999946
0.999893
0.999847
0.99981
0.999787
0.999784
0.999783
0.999765
0.999655
0.999401
0.999156
0.998962
0.998838
0.998779
0.998708
0.998659
0.998639
0.998724
0.99892
0.999124
0.99923
0.999212
0.998983
0.998696
0.998494
0.998242
0.9981
0.997986
0.997836
0.997746
0.997854
0.99857
1
1
1
1
1
1
1
1
1
1
1
1
1
1
1
1
1
1
1
1
1
1
1
1
1
1
1
1
1
1
1
1
1
1
1
1
1
1
1
1
1
1
1
1
1
1
1
1
1
1
1
1
1
1
1
1
1
1
1
1
1
1
1
1
1
1
1
1
1
1
1
1
1
1
1
1
1
1
1
1
1
1
1
1
1
1
1
1
1
1
1
1
1
1
1
1
1
1
1
1
1
1
1
1
1
1
1
1
1
1
1
1
1
1
1
1
1
1
1
1
1
1
1
1
1
1
1
1
1
1
1
1
1
1
0.999999
0.999998
0.999996
0.999994
0.999992
0.999991
0.99999
0.99999
0.999989
0.999988
0.999986
0.999982
0.999977
0.999969
0.99995
0.999916
0.99988
0.99984
0.999804
0.999784
0.999779
0.999777
0.999755
0.999661
0.999552
0.999476
0.999438
0.999407
0.99942
0.999495
0.999613
0.999706
0.999739
0.999733
0.99966
0.999545
0.999449
0.999401
0.999396
0.999396
0.999492
0.999577
0.999598
0.999632
0.999745
0.999784
0.998459
0.998455
0.998418
0.998277
0.998224
0.99822
0.998165
0.997902
0.997616
0.997516
0.99748
0.997442
0.997411
0.997348
0.997177
0.997064
0.997068
0.997055
0.996417
0.993256
0.991395
0.990978
0.990917
0.99095
0.991424
0.999003
0.998898
0.998794
0.99881
0.99901
0.99934
0.999458
0.999458
0.999313
0.998594
0.997964
0.997671
0.997319
0.996962
0.996805
0.9968
0.996859
0.996874
0.996708
0.995403
0.992809
0.992194
0.992182
0.991963
0.991971
0.999549
0.999446
0.999404
0.999437
0.999588
0.999687
0.999703
0.999692
0.999649
0.999451
0.998792
0.99798
0.997248
0.996841
0.996776
0.996848
0.997098
0.99708
0.996941
0.996478
0.994934
0.993756
0.993712
0.993695
0.993794
0.999654
0.99965
0.999643
0.999656
0.999718
0.999754
0.99975
0.9997
0.999662
0.999589
0.999319
0.998369
0.997333
0.996955
0.99696
0.997105
0.997586
0.99768
0.997552
0.997161
0.996036
0.994725
0.994419
0.994475
0.99508
0.999614
0.999677
0.999716
0.999753
0.999778
0.999784
0.999773
0.999683
0.999603
0.999562
0.999425
0.998721
0.997525
0.997213
0.99727
0.997518
0.99784
0.998034
0.997988
0.997754
0.996983
0.995493
0.994881
0.994892
0.995642
0.999428
0.999591
0.999692
0.999753
0.999783
0.999788
0.999777
0.999684
0.999543
0.999509
0.999427
0.998944
0.997802
0.99753
0.997644
0.997999
0.998103
0.998209
0.998211
0.998113
0.997682
0.996296
0.995278
0.995155
0.995829
0.999158
0.999413
0.999598
0.999714
0.999766
0.999774
0.999763
0.99967
0.999468
0.999432
0.999387
0.999061
0.99808
0.99785
0.997954
0.998199
0.998226
0.998238
0.998326
0.998311
0.998102
0.997094
0.995718
0.995372
0.995891
0.998961
0.999258
0.999494
0.999654
0.999732
0.999747
0.999735
0.99963
0.999376
0.999329
0.999315
0.999109
0.998328
0.998134
0.998245
0.998309
0.99826
0.998244
0.998289
0.998376
0.998302
0.99775
0.996199
0.995568
0.995928
0.998842
0.999174
0.99943
0.99961
0.999707
0.999732
0.99972
0.999583
0.999284
0.999227
0.99923
0.999105
0.998519
0.99836
0.998389
0.99835
0.998243
0.998199
0.998231
0.998387
0.998399
0.99812
0.996767
0.995781
0.995963
0.998732
0.999118
0.999404
0.999598
0.999703
0.99973
0.99971
0.999504
0.999175
0.999129
0.999146
0.999074
0.998645
0.998517
0.998443
0.998339
0.998247
0.998165
0.998167
0.998325
0.998445
0.99831
0.997295
0.995996
0.996012
0.998627
0.999077
0.999397
0.999607
0.999714
0.999736
0.999699
0.999401
0.999052
0.999019
0.999057
0.999022
0.998729
0.998616
0.998408
0.998343
0.998308
0.998188
0.998144
0.998223
0.998441
0.998405
0.997733
0.996229
0.996085
0.998539
0.999052
0.999412
0.999635
0.999733
0.999743
0.999675
0.999268
0.99893
0.998909
0.99897
0.998955
0.998809
0.998616
0.998393
0.998434
0.998453
0.998329
0.998156
0.998172
0.998404
0.99844
0.998024
0.996511
0.996173
0.998545
0.999053
0.999438
0.999662
0.999744
0.999743
0.999625
0.999116
0.998817
0.998808
0.99889
0.998896
0.998824
0.998577
0.998414
0.998633
0.998755
0.998614
0.998231
0.998167
0.998334
0.998447
0.998191
0.996811
0.996283
0.99867
0.999073
0.999461
0.999678
0.999746
0.999734
0.999548
0.998971
0.998721
0.998722
0.998818
0.998845
0.998804
0.99852
0.998476
0.998795
0.999058
0.998964
0.998422
0.998187
0.998273
0.99844
0.998283
0.997087
0.996413
0.99884
0.999147
0.999503
0.999697
0.999748
0.999722
0.999445
0.998849
0.998643
0.998651
0.998757
0.998797
0.998764
0.998484
0.998495
0.998844
0.999151
0.999139
0.998712
0.99824
0.998243
0.998413
0.998333
0.997334
0.996555
0.998989
0.999253
0.999567
0.999727
0.999759
0.999711
0.999326
0.998752
0.998582
0.998598
0.998714
0.998758
0.998692
0.998441
0.99852
0.99886
0.999178
0.999211
0.998977
0.998336
0.998248
0.998377
0.998349
0.997542
0.996703
0.999107
0.999339
0.999621
0.999753
0.99977
0.999694
0.999199
0.998666
0.998536
0.998559
0.998678
0.998718
0.998596
0.998421
0.998534
0.998848
0.999181
0.999253
0.99913
0.998495
0.998264
0.998349
0.998345
0.997716
0.996846
0.999254
0.999442
0.999682
0.999785
0.999789
0.999671
0.99907
0.998593
0.998503
0.998542
0.998656
0.998679
0.998498
0.99842
0.998554
0.998798
0.999179
0.999286
0.999215
0.998669
0.998298
0.998332
0.998339
0.997852
0.996984
0.999458
0.999569
0.999755
0.999825
0.999815
0.999632
0.998936
0.998526
0.99847
0.998534
0.998638
0.998632
0.998412
0.99843
0.998574
0.998767
0.999179
0.999323
0.999276
0.998827
0.998347
0.99833
0.998331
0.997963
0.997123
0.99969
0.999718
0.999821
0.99986
0.999835
0.999567
0.99881
0.998469
0.998437
0.998522
0.998612
0.998555
0.998354
0.998457
0.99858
0.998753
0.99918
0.999356
0.999327
0.998969
0.998408
0.998335
0.99833
0.998043
0.997254
0.999883
0.999885
0.999905
0.999908
0.999862
0.99949
0.998706
0.998416
0.998404
0.998499
0.99856
0.99844
0.998335
0.998483
0.998576
0.998736
0.999185
0.999385
0.999366
0.999091
0.998477
0.998348
0.998332
0.998111
0.997388
0.999961
0.999961
0.999962
0.999956
0.999892
0.99945
0.998634
0.998366
0.99837
0.998467
0.998486
0.998336
0.998328
0.998505
0.998565
0.998719
0.999186
0.999414
0.999403
0.999187
0.998559
0.998369
0.998339
0.998161
0.997505
0.999987
0.999986
0.999984
0.999974
0.999903
0.999443
0.998571
0.998304
0.998325
0.998421
0.998392
0.99826
0.998335
0.998511
0.998557
0.998703
0.99918
0.99944
0.999436
0.999261
0.998644
0.998396
0.998355
0.998206
0.997612
0.999996
0.999995
0.999993
0.999982
0.999914
0.999486
0.998537
0.998201
0.998222
0.99831
0.99827
0.99822
0.998358
0.998503
0.998544
0.998677
0.999169
0.999458
0.999464
0.99932
0.998729
0.998429
0.998375
0.998246
0.997718
0.999999
0.999998
0.999996
0.999988
0.99993
0.999556
0.998562
0.998137
0.998123
0.998184
0.998172
0.998185
0.998391
0.998505
0.998533
0.998656
0.999166
0.999476
0.999489
0.999368
0.99881
0.998463
0.998395
0.998278
0.997818
0.999999
0.999999
0.999998
0.999992
0.999943
0.999614
0.998555
0.99801
0.997968
0.998032
0.998068
0.998163
0.998427
0.998502
0.998521
0.998644
0.999173
0.999492
0.999512
0.999408
0.998882
0.9985
0.998419
0.998314
0.997911
0.999999
0.999999
0.999998
0.999993
0.999948
0.999635
0.998563
0.997928
0.997831
0.997867
0.997962
0.998182
0.998446
0.998502
0.998512
0.998634
0.999183
0.999508
0.999531
0.999441
0.998951
0.998535
0.998439
0.998345
0.998
0.999999
0.999999
0.999999
0.999993
0.999946
0.999626
0.998563
0.997908
0.997757
0.997775
0.997914
0.998238
0.998455
0.998498
0.998501
0.998619
0.999184
0.999524
0.999551
0.999471
0.999016
0.998574
0.998463
0.998381
0.9981
0.999998
0.999999
0.999998
0.999993
0.999947
0.999632
0.998598
0.997927
0.997749
0.99776
0.997925
0.998283
0.998461
0.998496
0.998491
0.998598
0.999181
0.999536
0.999569
0.999498
0.999076
0.998618
0.998487
0.998416
0.9982
0.999996
0.999997
0.999997
0.999993
0.999952
0.999685
0.998781
0.998031
0.997777
0.997777
0.997969
0.998313
0.998469
0.998491
0.998474
0.998567
0.99917
0.999545
0.999584
0.999519
0.999128
0.998656
0.998509
0.998449
0.99829
0.99999
0.999995
0.999996
0.999993
0.999967
0.999825
0.999302
0.998374
0.997914
0.997869
0.998016
0.998334
0.998475
0.998486
0.998454
0.998533
0.999154
0.99955
0.999595
0.999535
0.999166
0.998691
0.998532
0.998478
0.998361
0.999977
0.999989
0.999993
0.999992
0.999979
0.999913
0.999671
0.998843
0.998213
0.998075
0.998117
0.99835
0.998477
0.998482
0.99843
0.9985
0.999138
0.999552
0.999603
0.999547
0.9992
0.998726
0.998551
0.998499
0.998419
0.999955
0.999978
0.999989
0.99999
0.999985
0.999953
0.999812
0.999169
0.998451
0.998223
0.998214
0.998359
0.998476
0.998478
0.998405
0.998468
0.999122
0.999554
0.999607
0.999554
0.99922
0.998754
0.998569
0.998523
0.998464
0.999918
0.999957
0.99998
0.999987
0.999985
0.999967
0.999864
0.99933
0.99859
0.998311
0.998276
0.998371
0.998473
0.99847
0.998377
0.998431
0.999103
0.999554
0.999608
0.999557
0.999236
0.998778
0.998591
0.998538
0.998495
0.999893
0.999931
0.999968
0.999983
0.999983
0.999969
0.999875
0.999383
0.998652
0.998355
0.99831
0.998377
0.998465
0.99846
0.998346
0.998391
0.999081
0.999552
0.999608
0.999556
0.99924
0.998795
0.998613
0.998547
0.998521
0.999882
0.999907
0.999953
0.999977
0.99998
0.999968
0.999874
0.999386
0.99867
0.99837
0.998322
0.998375
0.998453
0.998445
0.998311
0.998348
0.999053
0.999546
0.999605
0.999551
0.999234
0.998812
0.998636
0.998558
0.998547
0.999877
0.999892
0.999938
0.999969
0.999975
0.999962
0.999863
0.999367
0.998667
0.998372
0.998323
0.998365
0.998438
0.998426
0.99827
0.998298
0.999014
0.999535
0.999598
0.99954
0.999222
0.998824
0.998652
0.998572
0.998571
0.999875
0.999885
0.999924
0.999961
0.999967
0.999953
0.999837
0.999303
0.998642
0.998365
0.998319
0.998355
0.998419
0.9984
0.998222
0.99824
0.998969
0.999516
0.999586
0.999523
0.999199
0.998833
0.998667
0.998589
0.998595
0.999875
0.999881
0.999915
0.999953
0.99996
0.999942
0.999813
0.999247
0.998611
0.998346
0.998302
0.998341
0.998393
0.998365
0.998166
0.998177
0.998918
0.999485
0.999569
0.999496
0.999169
0.998841
0.998684
0.998611
0.998624
0.999875
0.99988
0.999911
0.999946
0.999951
0.999931
0.999791
0.99921
0.998597
0.998334
0.998287
0.998329
0.998361
0.998319
0.998102
0.998108
0.998862
0.999441
0.999544
0.999459
0.999131
0.998841
0.998701
0.998639
0.998656
0.999875
0.999881
0.999912
0.999941
0.999943
0.99992
0.999766
0.999173
0.998587
0.998325
0.998276
0.998312
0.99832
0.998261
0.998031
0.998036
0.998802
0.999384
0.999509
0.999403
0.999086
0.998842
0.998723
0.998672
0.998688
0.999875
0.999882
0.999914
0.999936
0.999935
0.999907
0.999739
0.99914
0.998581
0.998318
0.998264
0.998285
0.998278
0.99819
0.997955
0.99796
0.998735
0.999317
0.999459
0.999336
0.999048
0.998847
0.998744
0.998704
0.998715
0.999875
0.999886
0.999919
0.99993
0.999927
0.999894
0.999716
0.999115
0.998575
0.998312
0.998255
0.998255
0.998237
0.998114
0.997883
0.997885
0.998657
0.999246
0.999398
0.999266
0.999017
0.99885
0.998763
0.99873
0.998738
0.999877
0.999896
0.99992
0.999925
0.99992
0.99988
0.99968
0.999079
0.998564
0.998304
0.998241
0.998229
0.998194
0.998034
0.997808
0.997807
0.99857
0.999187
0.999341
0.999207
0.998994
0.998859
0.998784
0.998755
0.998758
0.999882
0.999908
0.99992
0.99992
0.999913
0.999862
0.999625
0.999028
0.998547
0.998292
0.998218
0.998196
0.998147
0.997943
0.99772
0.997724
0.998478
0.999148
0.999269
0.999156
0.998981
0.99887
0.998806
0.99878
0.998777
0.999898
0.999913
0.999917
0.999915
0.999902
0.999834
0.999542
0.998967
0.998518
0.998269
0.998195
0.998169
0.998106
0.99783
0.997615
0.997631
0.998376
0.999127
0.999201
0.99911
0.998979
0.998891
0.998829
0.998804
0.998797
0.999906
0.999912
0.999911
0.999902
0.999878
0.999778
0.999382
0.998858
0.99845
0.998219
0.99816
0.998133
0.998042
0.99766
0.997482
0.997527
0.998267
0.999108
0.999151
0.999084
0.998984
0.998927
0.998862
0.998838
0.998828
0.999906
0.999904
0.999881
0.999856
0.999815
0.999648
0.999048
0.998605
0.998266
0.998087
0.998073
0.998052
0.997915
0.997426
0.997316
0.997406
0.998153
0.999077
0.99911
0.999079
0.999009
0.998962
0.998895
0.998873
0.998863
0.999894
0.999867
0.999737
0.999677
0.999628
0.999386
0.998734
0.998361
0.998061
0.997911
0.997917
0.997901
0.997682
0.997131
0.997095
0.997255
0.99806
0.999038
0.999097
0.999075
0.999035
0.99898
0.998915
0.998897
0.998891
0.999836
0.999696
0.999254
0.999162
0.999147
0.998988
0.998469
0.998146
0.997822
0.997673
0.997704
0.997671
0.997238
0.99689
0.996891
0.997145
0.998036
0.998974
0.999097
0.999075
0.999047
0.998991
0.998931
0.998921
0.998927
0.999602
0.999047
0.99822
0.998184
0.998351
0.998299
0.997941
0.997728
0.997298
0.997135
0.997239
0.997078
0.996758
0.996807
0.996846
0.997182
0.998045
0.998874
0.999106
0.999079
0.999064
0.999011
0.998962
0.99897
0.998984
0.998795
0.997713
0.997106
0.997111
0.997336
0.997303
0.997017
0.996836
0.996452
0.996339
0.996417
0.996335
0.996547
0.997164
0.997086
0.997302
0.998065
0.998728
0.999108
0.999098
0.9991
0.999066
0.999033
0.999043
0.999035
0.997584
0.996934
0.99654
0.9965
0.996562
0.996514
0.99632
0.996205
0.996069
0.996031
0.996043
0.996118
0.997157
0.998004
0.997661
0.997671
0.998202
0.998536
0.999085
0.999109
0.999111
0.999101
0.999085
0.999085
0.999049
0.997051
0.996776
0.996528
0.996383
0.99631
0.996255
0.996196
0.996157
0.99616
0.996154
0.996161
0.996583
0.998518
0.999003
0.99847
0.99833
0.998505
0.99833
0.998977
0.999095
0.999094
0.999096
0.999091
0.999085
0.999022
0.997072
0.997003
0.996952
0.996739
0.996547
0.996569
0.996727
0.996858
0.997206
0.997275
0.997446
0.998543
0.999435
0.999428
0.998831
0.998702
0.998722
0.99816
0.998655
0.998977
0.998949
0.998994
0.999024
0.999004
0.998834
0.998296
0.998545
0.998679
0.998442
0.9983
0.998491
0.998812
0.998935
0.999092
0.999195
0.999438
0.999637
0.999663
0.999561
0.999319
0.999266
0.999035
0.998067
0.998027
0.998329
0.998243
0.998327
0.998432
0.998353
0.998039
0.999644
0.99969
0.99969
0.999658
0.99967
0.999734
0.999758
0.999775
0.999826
0.999844
0.999816
0.999692
0.999564
0.999448
0.999309
0.999007
0.998282
0.997888
0.997823
0.997835
0.997823
0.997849
0.99788
0.99788
0.997927
)
;

boundaryField
{
    inlet
    {
        type            fixedValue;
        value           uniform 1;
    }
    outlet
    {
        type            inletOutlet;
        inletValue      uniform 0;
        value           nonuniform List<scalar> 
57
(
0.991424
0.991971
0.993794
0.99508
0.995642
0.995829
0.995891
0.995928
0.995963
0.996012
0.996085
0.996173
0.996283
0.996413
0.996555
0.996703
0.996846
0.996984
0.997123
0.997254
0.997388
0.997505
0.997612
0.997718
0.997818
0.997911
0.998
0.9981
0.9982
0.99829
0.998361
0.998419
0.998464
0.998495
0.998521
0.998547
0.998571
0.998595
0.998624
0.998656
0.998688
0.998715
0.998738
0.998758
0.998777
0.998797
0.998828
0.998863
0.998891
0.998927
0.998984
0.999035
0.999049
0.999022
0.998834
0.998039
0.997927
)
;
    }
    upperWall
    {
        type            zeroGradient;
    }
    lowerWall
    {
        type            zeroGradient;
    }
    frontAndBack
    {
        type            empty;
    }
}


// ************************************************************************* //
