/*--------------------------------*- C++ -*----------------------------------*\
  =========                 |
  \\      /  F ield         | OpenFOAM: The Open Source CFD Toolbox
   \\    /   O peration     | Website:  https://openfoam.org
    \\  /    A nd           | Version:  6
     \\/     M anipulation  |
\*---------------------------------------------------------------------------*/
FoamFile
{
    version     2.0;
    format      ascii;
    class       volScalarField;
    location    "0.25";
    object      p;
}
// * * * * * * * * * * * * * * * * * * * * * * * * * * * * * * * * * * * * * //

dimensions      [0 2 -2 0 0 0 0];

internalField   nonuniform List<scalar> 
12225
(
972.213
977.815
977.719
974.87
970.611
965.556
960.076
954.379
948.566
942.723
936.952
931.338
925.893
920.603
915.384
910.133
904.546
897.883
972.57
978.04
977.817
974.927
970.66
965.597
960.1
954.386
948.564
942.719
936.945
931.318
925.858
920.541
915.297
910.008
904.428
897.994
974.027
978.525
978.112
975.134
970.796
965.685
960.153
954.414
948.582
942.739
936.969
931.333
925.845
920.477
915.164
909.789
904.159
897.953
976.493
979.42
978.6
975.44
970.989
965.818
960.253
954.486
948.636
942.786
937.006
931.348
925.821
920.397
915.014
909.569
903.925
897.942
980.145
980.606
979.304
975.921
971.312
966.036
960.399
954.584
948.708
942.842
937.045
931.359
925.797
920.332
914.903
909.429
903.82
898.043
981.266
981.984
980.204
976.519
971.721
966.336
960.625
954.75
948.829
942.934
937.117
931.412
925.822
920.318
914.848
909.358
903.803
898.21
984.184
983.807
981.412
977.329
972.261
966.706
960.893
954.955
948.991
943.063
937.216
931.478
925.853
920.317
914.828
909.353
903.878
898.444
985.526
985.96
982.967
978.337
972.945
967.193
961.245
955.212
949.187
943.221
937.346
931.582
925.934
920.379
914.888
909.44
904.04
898.723
987.085
988.518
984.773
979.542
973.775
967.788
961.69
955.559
949.466
943.451
937.536
931.736
926.053
920.474
914.98
909.564
904.233
899.013
994.789
992.162
986.899
980.925
974.746
968.494
962.206
955.94
949.756
943.684
937.732
931.907
926.215
920.643
915.173
909.797
904.523
899.371
1005.31
996.484
989.415
982.565
975.863
969.299
962.822
956.44
950.18
944.053
938.055
932.187
926.457
920.86
915.387
910.036
904.814
899.735
1012.84
1000.39
991.856
984.224
977.053
970.176
963.476
956.935
950.563
944.36
938.315
932.43
926.707
921.138
915.705
910.4
905.227
900.193
1018.27
1004.05
994.206
985.871
978.239
971.047
964.149
957.491
951.045
944.788
938.699
932.775
927.021
921.433
916
910.717
905.587
900.614
1022.02
1007.65
996.813
987.73
979.646
972.162
965.053
958.225
951.646
945.297
939.157
933.212
927.461
921.891
916.486
911.239
906.151
901.227
1025.12
1010.88
999.555
989.971
981.382
973.459
966.056
959.05
952.359
945.939
939.748
933.77
927.999
922.428
917.047
911.849
906.829
901.984
1025.8
1013.42
1002.04
992.071
983.167
974.962
967.317
960.105
953.261
946.743
940.502
934.505
928.736
923.182
917.83
912.675
907.712
902.939
1028.81
1016.26
1004.46
994.083
984.767
976.318
968.543
961.246
954.333
947.753
941.461
935.432
929.655
924.12
918.809
913.71
908.817
904.122
1035.73
1018.68
1006.17
995.818
986.436
977.861
969.927
962.47
955.436
948.788
942.476
936.463
930.723
925.238
919.99
914.968
910.162
905.564
1028.47
1016.31
1005.7
996.054
987.089
978.734
970.915
963.562
956.611
950.003
943.705
937.704
931.984
926.526
921.317
916.347
911.611
907.097
1016.22
1011.95
1003.98
995.6
987.366
979.343
971.631
964.325
957.412
950.828
944.554
938.595
932.938
927.555
922.425
917.536
912.877
908.438
1019.73
1012.5
1004.2
995.722
987.488
979.544
971.915
964.691
957.868
951.375
945.174
939.261
933.631
928.266
923.152
918.282
913.649
909.242
1023.58
1014.16
1004.68
995.841
987.603
979.794
972.263
965.067
958.244
951.755
945.568
939.679
934.08
928.754
923.685
918.86
914.267
909.895
1030.85
1016.12
1005.35
996.114
987.699
979.826
972.321
965.184
958.425
951.993
945.849
939.99
934.415
929.112
924.064
919.258
914.682
910.326
1031.09
1015.77
1005.09
995.914
987.588
979.846
972.44
965.332
958.577
952.163
946.052
940.222
934.668
929.378
924.342
919.548
914.985
910.643
1027.09
1014.02
1004.4
995.666
987.479
979.812
972.489
965.441
958.706
952.294
946.185
940.365
934.825
929.552
924.531
919.75
915.198
910.865
1016.8
1011.63
1003.55
995.356
987.36
979.752
972.465
965.445
958.734
952.348
946.266
940.47
934.947
929.686
924.672
919.896
915.348
911.018
1014.88
1010.16
1002.92
995.061
987.237
979.728
972.495
965.5
958.793
952.406
946.326
940.529
935.001
929.735
924.723
919.954
915.415
911.094
1014.99
1009.47
1002.53
994.903
987.168
979.695
972.497
965.522
958.813
952.423
946.355
940.578
935.068
929.813
924.808
920.043
915.506
911.186
1013.94
1008.92
1002.25
994.784
987.143
979.69
972.482
965.507
958.809
952.432
946.373
940.599
935.087
929.828
924.818
920.053
915.521
911.21
1013.28
1008.83
1002.18
994.729
987.119
979.705
972.52
965.545
958.834
952.444
946.379
940.606
935.097
929.841
924.834
920.071
915.54
911.228
806.456
806.366
806.237
806.074
805.855
805.633
805.485
805.427
805.425
805.405
805.276
804.942
804.329
803.407
802.211
800.814
799.306
797.775
796.303
794.967
793.829
792.939
792.319
791.958
791.82
791.848
791.959
792.046
791.977
791.595
790.787
789.627
788.28
786.911
785.637
784.442
783.265
782.13
781.029
779.926
778.788
777.586
776.201
774.484
772.258
769.808
767.464
765.176
763.221
761.875
761.031
760.284
759.529
758.633
757.032
755.321
753.419
750.656
746.703
741.953
736.645
731.002
725.17
719.255
713.325
707.426
701.592
695.842
690.193
684.65
679.215
673.878
668.625
663.441
658.311
653.225
648.174
643.169
638.269
633.639
629.548
626.268
623.991
622.88
622.934
623.887
625.475
627.508
629.802
632.224
634.685
637.115
639.464
641.688
643.743
645.583
647.166
648.449
649.394
649.969
650.153
649.935
649.313
648.294
646.898
645.148
643.076
640.717
638.108
635.288
632.293
629.158
625.91
622.576
619.175
615.72
612.215
608.661
605.052
601.382
597.647
593.844
589.974
586.04
582.049
578.01
573.932
569.82
565.685
561.532
557.354
553.153
548.962
544.781
540.576
536.391
532.341
528.38
524.104
519.066
513.566
508.585
504.535
500.851
496.908
492.593
488.076
483.535
479.106
474.859
470.672
466.254
461.535
456.842
452.461
448.156
443.362
437.286
428.445
416.651
402.992
388.955
375.514
363.412
353.254
345.456
340.205
337.445
336.873
337.98
340.122
342.58
344.668
345.862
345.858
344.525
341.98
338.296
333.816
328.838
806.367
806.287
806.175
806.044
805.891
805.717
805.54
805.368
805.184
804.931
804.54
803.947
803.111
802.026
800.729
799.283
797.763
796.246
794.805
793.509
792.414
791.561
790.966
790.622
790.494
790.528
790.645
790.746
790.724
790.455
789.836
788.956
788.004
786.928
785.73
784.546
783.379
782.204
781.025
779.86
778.642
777.332
775.817
773.924
771.585
768.767
765.909
763.202
761.129
760.037
759.464
758.987
758.812
759.009
757.989
755.385
752.541
749.176
745.022
740.247
735.028
729.502
723.796
717.99
712.16
706.347
700.596
694.934
689.387
683.962
678.654
673.441
668.287
663.144
657.967
652.716
647.377
641.993
636.703
631.774
627.566
624.411
622.475
621.671
621.843
622.89
624.601
626.719
629.071
631.535
634.024
636.481
638.861
641.121
643.22
645.109
646.743
648.077
649.071
649.692
649.917
649.735
649.143
648.151
646.775
645.041
642.98
640.627
638.021
635.2
632.203
629.063
625.813
622.477
619.075
615.622
612.123
608.576
604.977
601.317
597.592
593.799
589.937
586.011
582.026
577.991
573.914
569.804
565.671
561.52
557.34
553.136
548.946
544.771
540.576
536.37
532.223
528.174
523.823
518.716
513.336
508.565
504.608
500.921
496.964
492.632
488.087
483.516
479.059
474.821
470.694
466.304
461.55
456.851
452.447
448.161
443.533
437.173
427.708
415.53
401.964
388.055
374.683
362.616
352.49
344.732
339.535
336.834
336.319
337.485
339.683
342.195
344.328
345.555
345.57
344.258
341.725
338.058
333.563
328.51
806.564
806.525
806.475
806.405
806.287
806.084
805.759
805.305
804.726
804.017
803.159
802.135
800.942
799.595
798.123
796.571
794.989
793.435
791.97
790.65
789.529
788.65
788.041
787.708
787.62
787.72
787.931
788.166
788.344
788.395
788.277
787.995
787.555
786.895
786.041
785.115
784.104
782.969
781.811
780.637
779.297
777.682
775.839
773.4
770.293
766.691
763.026
759.901
757.619
756.301
756.215
757.246
757.899
757.361
755.762
753.048
749.732
745.952
741.74
737.1
732.111
726.834
721.369
715.773
710.119
704.458
698.85
693.334
687.937
682.663
677.5
672.414
667.357
662.261
657.055
651.671
646.078
640.327
634.612
629.287
624.797
621.524
619.652
619.104
619.634
620.981
622.91
625.194
627.655
630.184
632.722
635.226
637.662
639.994
642.177
644.163
645.898
647.332
648.423
649.133
649.439
649.328
648.798
647.856
646.522
644.821
642.784
640.446
637.847
635.027
632.025
628.878
625.619
622.275
618.871
615.421
611.93
608.396
604.814
601.174
597.469
593.695
589.85
585.939
581.967
577.941
573.873
569.769
565.638
561.484
557.308
553.115
548.919
544.721
540.507
536.287
532.096
527.895
523.436
518.557
513.612
509.052
504.941
500.973
496.839
492.474
487.994
483.507
479.068
474.8
470.666
466.297
461.58
456.944
452.534
448.222
443.481
436.228
425.889
413.586
400.259
386.515
373.217
361.189
351.097
343.386
338.257
335.647
335.236
336.509
338.812
341.421
343.641
344.935
344.991
343.723
341.205
337.574
333.055
327.905
806.98
806.952
806.901
806.784
806.528
806.055
805.355
804.479
803.482
802.394
801.223
799.962
798.607
797.157
795.625
794.032
792.417
790.828
789.319
787.947
786.764
785.811
785.118
784.707
784.577
784.691
784.987
785.389
785.827
786.236
786.57
786.797
786.888
786.824
786.599
786.198
785.597
784.799
783.858
782.705
781.313
779.511
777.154
774.109
770.098
765.619
761.148
757.596
755.388
754.115
753.814
754.297
754.436
753.609
751.807
749.192
745.971
742.262
738.147
733.662
728.862
723.793
718.518
713.097
707.606
702.112
696.674
691.33
686.103
680.993
675.979
671.014
666.028
660.933
655.628
650.019
644.053
637.794
631.515
625.717
620.988
617.753
616.115
615.897
616.8
618.508
620.722
623.191
625.757
628.343
630.92
633.472
635.976
638.403
640.704
642.824
644.7
646.276
647.501
648.336
648.754
648.74
648.294
647.424
646.149
644.494
642.493
640.18
637.596
634.781
631.775
628.617
625.343
621.987
618.574
615.124
611.642
608.126
604.568
600.955
597.279
593.531
589.712
585.823
581.87
577.86
573.803
569.708
565.584
561.437
557.266
553.07
548.858
544.647
540.432
536.191
531.934
527.67
523.288
518.676
513.958
509.365
505.035
500.874
496.673
492.339
487.924
483.483
479.074
474.826
470.692
466.324
461.639
457.039
452.631
448.304
443.032
434.539
423.635
411.425
398.172
384.457
371.161
359.149
349.09
341.434
336.389
333.898
333.632
335.057
337.506
340.255
342.611
344.02
344.148
342.946
340.453
336.863
332.331
327.108
807.45
807.435
807.291
806.92
806.276
805.411
804.416
803.351
802.231
801.047
799.793
798.462
797.051
795.557
793.984
792.348
790.68
789.031
787.459
786.024
784.782
783.781
783.053
782.614
782.464
782.583
782.928
783.435
784.036
784.667
785.286
785.868
786.402
786.875
787.253
787.458
787.424
787.092
786.47
785.545
784.29
782.576
779.978
776.556
772.299
767.598
763.034
759.144
756.501
754.816
753.802
753.097
752.179
750.691
748.544
745.817
742.584
738.898
734.815
730.385
725.65
720.658
715.469
710.158
704.8
699.458
694.185
689.015
683.967
679.032
674.173
669.325
664.396
659.272
653.821
647.916
641.491
634.654
627.802
621.612
616.8
613.786
612.54
612.742
614.015
616.021
618.444
621.028
623.629
626.211
628.786
631.365
633.94
636.481
638.932
641.222
643.276
645.025
646.41
647.389
647.932
648.027
647.674
646.882
645.672
644.071
642.111
639.829
637.265
634.46
631.454
628.288
625
621.628
618.203
614.748
611.272
607.775
604.245
600.667
597.027
593.315
589.528
585.667
581.738
577.748
573.706
569.623
565.507
561.364
557.193
552.999
548.791
544.575
540.341
536.083
531.817
527.552
523.205
518.661
513.974
509.375
505.028
500.834
496.593
492.238
487.822
483.414
479.056
474.814
470.656
466.282
461.622
457.059
452.702
448.281
442.191
432.659
421.413
409.15
395.71
381.879
368.524
356.511
346.487
338.895
333.949
331.602
331.518
333.139
335.778
338.711
341.251
342.826
343.075
341.962
339.519
335.97
331.444
326.183
808.177
808.053
807.611
806.818
805.849
804.831
803.77
802.645
801.453
800.199
798.88
797.493
796.03
794.486
792.863
791.176
789.461
787.77
786.163
784.699
783.433
782.418
781.694
781.282
781.177
781.354
781.77
782.365
783.074
783.844
784.641
785.457
786.291
787.129
787.937
788.627
789.086
789.203
788.913
788.248
787.184
785.61
783.279
780.055
776.175
771.893
767.705
763.925
760.817
758.289
756.126
754.077
751.912
749.469
746.681
743.528
740.006
736.121
731.896
727.363
722.562
717.549
712.388
707.149
701.894
696.678
691.548
686.536
681.647
676.859
672.122
667.357
662.462
657.305
651.73
645.59
638.824
631.603
624.438
618.117
613.388
610.613
609.673
610.186
611.726
613.911
616.399
618.945
621.444
623.915
626.418
628.995
631.645
634.326
636.964
639.466
641.735
643.688
645.258
646.395
647.071
647.275
647.012
646.296
645.149
643.597
641.675
639.42
636.871
634.072
631.065
627.89
624.589
621.204
617.769
614.311
610.842
607.362
603.86
600.319
596.721
593.051
589.303
585.476
581.576
577.611
573.588
569.518
565.411
561.274
557.109
552.919
548.708
544.481
540.242
535.99
531.722
527.424
523.037
518.511
513.919
509.423
505.083
500.812
496.504
492.13
487.719
483.312
478.944
474.691
470.526
466.154
461.545
457.038
452.733
448.131
441.105
430.839
419.227
406.643
392.86
378.831
365.391
353.379
343.403
335.891
331.059
328.872
328.997
330.847
333.707
336.852
339.612
341.39
341.806
340.805
338.438
334.932
330.432
325.161
808.923
808.513
807.644
806.587
805.539
804.494
803.389
802.191
800.905
799.56
798.178
796.767
795.314
793.793
792.194
790.531
788.846
787.197
785.641
784.228
783.006
782.02
781.312
780.914
780.83
781.034
781.482
782.114
782.87
783.706
784.598
785.546
786.553
787.607
788.672
789.652
790.41
790.799
790.736
790.266
789.397
787.967
785.918
783.231
779.909
776.115
772.175
768.381
764.856
761.603
758.526
755.497
752.403
749.161
745.722
742.042
738.1
733.883
729.397
724.665
719.727
714.635
709.444
704.217
699.007
693.87
688.846
683.953
679.181
674.501
669.857
665.171
660.334
655.204
649.612
643.411
636.569
629.308
622.188
615.998
611.445
608.841
608.049
608.683
610.292
612.449
614.787
617.082
619.294
621.516
623.864
626.405
629.13
631.976
634.834
637.583
640.102
642.288
644.064
645.377
646.195
646.513
646.341
645.701
644.616
643.114
641.23
638.999
636.46
633.655
630.632
627.437
624.114
620.709
617.262
613.804
610.349
606.895
603.427
599.926
596.372
592.748
589.043
585.255
581.389
577.451
573.451
569.397
565.3
561.17
557.011
552.824
548.615
544.392
540.155
535.893
531.596
527.262
522.878
518.424
513.926
509.455
505.063
500.732
496.396
492.014
487.596
483.176
478.799
474.53
470.331
465.954
461.397
456.912
452.634
447.83
439.897
429.002
416.961
403.891
389.72
375.482
361.98
349.986
340.065
332.628
327.901
325.87
326.211
328.312
331.412
334.779
337.769
339.77
340.379
339.506
337.236
333.778
329.31
324.05
808.864
808.307
807.379
806.392
805.4
804.329
803.129
801.823
800.462
799.099
797.758
796.434
795.088
793.672
792.164
790.581
788.978
787.42
785.962
784.648
783.514
782.598
781.934
781.549
781.451
781.622
782.028
782.62
783.353
784.189
785.116
786.133
787.236
788.407
789.59
790.67
791.507
791.97
791.992
791.626
790.835
789.544
787.731
785.343
782.29
778.716
774.936
771.137
767.372
763.705
760.109
756.517
752.859
749.074
745.126
740.983
736.624
732.043
727.248
722.262
717.123
711.878
706.58
701.291
696.068
690.959
685.994
681.181
676.509
671.947
667.438
662.896
658.202
653.205
647.746
641.701
635.075
628.115
621.355
615.506
611.187
608.674
607.859
608.395
609.838
611.726
613.671
615.487
617.219
619.051
621.155
623.615
626.409
629.436
632.547
635.579
638.383
640.832
642.837
644.339
645.309
645.741
645.652
645.075
644.047
642.597
640.758
638.565
636.049
633.245
630.202
626.972
623.606
620.157
616.676
613.206
609.767
606.352
602.935
599.488
595.987
592.414
588.757
585.011
581.181
577.273
573.298
569.263
565.179
561.056
556.903
552.723
548.519
544.295
540.047
535.769
531.466
527.139
522.776
518.353
513.873
509.393
504.981
500.63
496.279
491.89
487.47
483.045
478.645
474.323
470.063
465.677
461.154
456.672
452.401
447.382
438.635
427.086
414.605
401.01
386.483
372.078
358.542
346.554
336.65
329.242
324.585
322.694
323.255
325.633
329
332.596
335.803
338.029
338.839
338.101
335.932
332.532
328.098
322.862
808.424
807.964
807.235
806.377
805.386
804.238
802.96
801.612
800.262
798.966
797.745
796.573
795.384
794.112
792.726
791.255
789.764
788.317
786.967
785.753
784.707
783.858
783.233
782.852
782.72
782.832
783.167
783.699
784.395
785.232
786.194
787.272
788.447
789.678
790.878
791.927
792.695
793.084
793.053
792.672
791.859
790.627
788.932
786.632
783.653
780.151
776.463
772.71
768.889
765.06
761.205
757.285
753.258
749.083
744.735
740.193
735.444
730.488
725.34
720.027
714.588
709.078
703.563
698.115
692.799
687.669
682.757
678.071
673.591
669.268
665.017
660.727
656.265
651.49
646.27
640.53
634.315
627.873
621.665
616.276
612.216
609.735
608.782
609.081
610.2
611.642
613
614.133
615.19
616.46
618.191
620.502
623.357
626.604
630.032
633.421
636.58
639.353
641.632
643.354
644.491
645.041
645.024
644.483
643.472
642.039
640.223
638.064
635.59
632.821
629.783
626.524
623.104
619.589
616.045
612.533
609.089
605.709
602.357
598.986
595.559
592.05
588.448
584.75
580.958
577.082
573.132
569.117
565.048
560.935
556.789
552.614
548.413
544.186
539.934
535.658
531.358
527.03
522.661
518.241
513.778
509.311
504.892
500.524
496.162
491.768
487.337
482.888
478.449
474.074
469.76
465.35
460.825
456.313
452.03
446.796
437.354
425.158
412.253
398.163
383.344
368.815
355.235
343.196
333.242
325.812
321.188
319.411
320.19
322.869
326.545
330.387
333.798
336.23
337.228
336.626
334.552
331.211
326.811
321.61
808.469
808.086
807.453
806.659
805.668
804.498
803.22
801.903
800.616
799.417
798.315
797.272
796.208
795.05
793.775
792.419
791.045
789.709
788.454
787.316
786.326
785.508
784.885
784.48
784.306
784.37
784.671
785.196
785.921
786.818
787.863
789.031
790.278
791.533
792.692
793.636
794.256
794.503
794.363
793.884
793.028
791.784
790.084
787.758
784.791
781.324
777.685
773.955
770.106
766.184
762.165
758.02
753.715
749.219
744.517
739.59
734.431
729.042
723.445
717.675
711.79
705.869
700.008
694.307
688.86
683.737
678.972
674.558
670.439
666.513
662.647
658.696
654.523
650.009
645.072
639.689
633.949
628.088
622.492
617.621
613.879
611.493
610.452
610.515
611.243
612.101
612.67
612.869
612.979
613.444
614.639
616.742
619.695
623.261
627.126
630.993
634.615
637.807
640.439
642.437
643.775
644.461
644.527
644.024
643.017
641.566
639.722
637.537
635.059
632.316
629.317
626.074
622.622
619.035
615.405
611.822
608.346
604.983
601.693
598.41
595.075
591.65
588.117
584.474
580.725
576.881
572.956
568.961
564.908
560.807
556.668
552.498
548.3
544.076
539.828
535.551
531.244
526.906
522.536
518.13
513.689
509.232
504.802
500.413
496.033
491.622
487.172
482.702
478.234
473.817
469.441
464.976
460.415
455.846
451.536
446.103
436.102
423.335
410.021
395.497
380.442
365.798
352.131
339.977
329.921
322.434
317.812
316.119
317.092
320.078
324.097
328.213
331.82
334.436
335.596
335.118
333.129
329.845
325.479
320.318
809.304
808.968
808.423
807.694
806.739
805.609
804.381
803.115
801.886
800.744
799.694
798.692
797.657
796.52
795.272
793.961
792.643
791.358
790.145
789.039
788.065
787.249
786.618
786.195
786.005
786.071
786.405
787.002
787.834
788.864
790.052
791.344
792.67
793.937
795.043
795.883
796.379
796.52
796.279
795.65
794.743
793.442
791.618
789.165
786.139
782.652
779.015
775.275
771.368
767.336
763.158
758.807
754.246
749.447
744.388
739.049
733.418
727.502
721.329
714.964
708.5
702.062
695.79
689.832
684.319
679.335
674.891
670.923
667.304
663.865
660.426
656.824
652.934
648.673
644.011
638.987
633.728
628.468
623.522
619.245
615.938
613.765
612.696
612.493
612.711
612.787
612.291
611.232
610.082
609.504
610.049
611.965
615.137
619.185
623.652
628.139
632.344
636.055
639.125
641.47
643.062
643.919
644.089
643.64
642.651
641.198
639.334
637.107
634.578
631.806
628.805
625.575
622.131
618.511
614.8
611.124
607.585
604.215
600.971
597.772
594.539
591.214
587.765
584.185
580.484
576.674
572.774
568.798
564.76
560.671
556.539
552.374
548.182
543.962
539.713
535.432
531.122
526.785
522.422
518.028
513.598
509.145
504.702
500.288
495.885
491.461
487.001
482.514
478.015
473.548
469.097
464.558
459.942
455.296
450.942
445.357
434.945
421.715
408.002
393.112
377.855
363.084
349.285
336.977
326.802
319.253
314.617
312.973
314.091
317.351
321.719
326.129
329.927
332.699
333.993
333.617
331.698
328.463
324.134
319.017
811.151
810.879
810.395
809.698
808.785
807.715
806.536
805.305
804.1
802.959
801.879
800.819
799.704
798.472
797.133
795.749
794.371
793.032
791.769
790.62
789.614
788.778
788.138
787.724
787.57
787.706
788.145
788.88
789.88
791.097
792.471
793.925
795.365
796.689
797.806
798.637
799.113
799.207
798.899
798.141
797.102
795.684
793.647
790.998
787.843
784.256
780.543
776.75
772.773
768.625
764.295
759.75
754.934
749.81
744.36
738.56
732.398
725.882
719.062
712.045
704.978
698.038
691.417
685.307
679.867
675.173
671.185
667.755
664.675
661.715
658.664
655.358
651.698
647.65
643.249
638.588
633.823
629.165
624.865
621.166
618.267
616.26
615.082
614.494
614.05
613.145
611.342
608.77
606.135
604.351
604.169
605.948
609.514
614.271
619.541
624.795
629.691
634.001
637.577
640.326
642.217
643.278
643.58
643.205
642.247
640.798
638.933
636.705
634.158
631.351
628.329
625.098
621.649
618.012
614.264
610.519
606.905
603.49
600.252
597.109
593.967
590.746
587.392
583.886
580.238
576.464
572.588
568.629
564.605
560.526
556.403
552.245
548.055
543.837
539.589
535.311
531.004
526.671
522.31
517.919
513.497
509.048
504.596
500.163
495.742
491.304
486.827
482.312
477.777
473.262
468.736
464.117
459.431
454.69
450.277
444.605
433.948
420.357
406.265
391.072
375.634
360.723
346.771
334.308
324.03
316.433
311.776
310.146
311.349
314.817
319.501
324.197
328.175
331.068
332.463
332.162
330.298
327.099
322.802
317.727
813.958
813.699
813.223
812.527
811.629
810.567
809.376
808.129
806.906
805.728
804.573
803.405
802.153
800.749
799.218
797.64
796.072
794.551
793.114
791.806
790.667
789.736
789.051
788.651
788.572
788.84
789.461
790.415
791.663
793.142
794.776
796.472
798.118
799.602
800.843
801.778
802.327
802.404
801.998
801.127
799.904
798.319
796.061
793.211
789.916
786.185
782.311
778.391
774.315
770.052
765.58
760.862
755.814
750.371
744.512
738.227
731.512
724.388
716.933
709.3
701.692
694.34
687.478
681.33
676.066
671.743
668.266
665.401
662.844
660.305
657.559
654.465
650.971
647.101
642.94
638.618
634.299
630.163
626.383
623.111
620.467
618.494
617.111
616.079
614.93
612.989
609.789
605.573
601.257
598.011
596.905
598.557
602.751
608.551
614.902
621.093
626.762
631.718
635.831
639.009
641.217
642.49
642.92
642.621
641.706
640.279
638.423
636.194
633.649
630.855
627.848
624.628
621.187
617.551
613.79
610.018
606.36
602.896
599.624
596.484
593.392
590.258
587.001
583.578
579.986
576.25
572.398
568.456
564.443
560.374
556.259
552.106
547.92
543.705
539.461
535.187
530.883
526.55
522.189
517.803
513.391
508.951
504.498
500.05
495.604
491.139
486.637
482.097
477.53
472.971
468.373
463.665
458.898
454.05
449.561
443.871
433.146
419.296
404.861
389.428
373.833
358.783
344.68
332.094
321.75
314.117
309.427
307.779
309.012
312.611
317.543
322.488
326.614
329.59
331.048
330.792
328.959
325.784
321.506
316.462
817.74
817.436
816.877
816.076
815.05
813.856
812.563
811.259
810.005
808.778
807.517
806.183
804.724
803.098
801.318
799.443
797.536
795.652
793.858
792.227
790.823
789.701
788.914
788.506
788.515
788.958
789.825
791.081
792.668
794.511
796.523
798.589
800.579
802.355
803.812
804.884
805.509
805.596
805.108
804.131
802.791
801.095
798.718
795.716
792.312
788.447
784.354
780.22
775.974
771.554
766.911
762.011
756.758
751.045
744.825
738.097
730.88
723.218
715.219
707.069
699.018
691.342
684.311
678.174
673.11
669.159
666.169
663.822
661.731
659.548
657.034
654.084
650.705
646.973
643.008
638.953
634.964
631.187
627.744
624.736
622.233
620.243
618.679
617.292
615.546
612.664
608.11
602.162
595.891
590.77
588.368
589.793
594.879
602.165
609.966
617.28
623.769
629.358
633.988
637.585
640.11
641.598
642.151
641.909
641.013
639.588
637.739
635.534
633.008
630.215
627.227
624.059
620.668
617.052
613.301
609.546
605.896
602.417
599.111
595.942
592.854
589.771
586.598
583.257
579.727
576.029
572.201
568.275
564.274
560.214
556.106
551.958
547.777
543.566
539.325
535.054
530.753
526.423
522.067
517.689
513.285
508.852
504.396
499.931
495.459
490.967
486.443
481.879
477.282
472.681
468.011
463.211
458.357
453.393
448.808
443.153
432.544
418.559
403.833
388.226
372.513
357.348
343.131
330.468
320.082
312.407
307.663
305.968
307.189
310.847
315.941
321.069
325.297
328.307
329.785
329.539
327.71
324.538
320.261
315.226
822.818
822.408
821.655
820.57
819.184
817.625
816.058
814.596
813.233
811.879
810.44
808.869
807.123
805.148
802.943
800.573
798.123
795.684
793.355
791.239
789.434
788.023
787.08
786.657
786.79
787.48
788.693
790.359
792.392
794.704
797.2
799.762
802.235
804.436
806.205
807.444
808.133
808.273
807.854
806.955
805.689
804.032
801.653
798.534
795.014
791.043
786.715
782.295
777.792
773.148
768.282
763.146
757.667
751.728
745.243
738.189
730.597
722.54
714.148
705.627
697.253
689.336
682.181
676.062
671.171
667.538
664.962
663.046
661.318
659.378
656.99
654.097
650.76
647.095
643.239
639.343
635.556
632.004
628.78
625.953
623.559
621.587
619.941
618.343
616.2
612.634
606.955
599.38
591.08
583.8
579.676
580.562
586.571
595.626
605.13
613.647
620.915
627.062
632.137
636.094
638.896
640.582
641.263
641.088
640.216
638.789
636.924
634.708
632.201
629.444
626.475
623.329
619.998
616.455
612.748
609.026
605.421
601.974
598.665
595.468
592.362
589.301
586.19
582.925
579.457
575.799
571.994
568.083
564.093
560.042
555.942
551.802
547.626
543.419
539.181
534.915
530.62
526.296
521.945
517.569
513.169
508.738
504.281
499.806
495.314
490.798
486.247
481.658
477.033
472.39
467.65
462.76
457.817
452.734
448.023
442.438
432.126
418.155
403.218
387.505
371.726
356.499
342.229
329.534
319.111
311.375
306.551
304.781
305.955
309.611
314.777
320.005
324.268
327.256
328.705
328.431
326.572
323.376
319.074
314.019
829.749
829.229
828.249
826.78
824.843
822.664
820.56
818.685
816.991
815.326
813.52
811.483
809.212
806.691
803.893
800.849
797.646
794.4
791.252
788.348
785.834
783.845
782.495
781.879
782.06
783.047
784.772
787.096
789.835
792.828
795.972
799.183
802.332
805.208
807.568
809.248
810.232
810.601
810.44
809.901
808.942
807.454
805.118
801.857
798.115
794
789.465
784.724
779.887
774.941
769.808
764.404
758.669
752.508
745.829
738.578
730.773
722.497
713.895
705.181
696.637
688.592
681.379
675.294
670.543
667.145
664.86
663.215
661.671
659.802
657.4
654.452
651.057
647.356
643.509
639.68
636.006
632.594
629.52
626.832
624.556
622.671
621.07
619.456
617.191
613.3
606.933
598.232
588.374
579.217
573.319
573.31
579.821
590.307
601.187
610.575
618.368
624.914
630.332
634.567
637.574
639.402
640.183
640.08
639.254
637.852
635.999
633.785
631.275
628.53
625.595
622.491
619.209
615.738
612.123
608.483
604.943
601.541
598.245
595.03
591.905
588.852
585.783
582.581
579.169
575.55
571.768
567.872
563.895
559.855
555.765
551.632
547.463
543.262
539.029
534.769
530.481
526.161
521.813
517.44
513.043
508.615
504.157
499.675
495.167
490.626
486.046
481.43
476.778
472.095
467.289
462.314
457.28
452.08
447.208
441.7
431.852
418.077
403.036
387.289
371.507
356.282
342.022
329.33
318.875
311.067
306.139
304.268
305.366
308.966
314.113
319.343
323.563
326.465
327.83
327.485
325.562
322.305
317.953
312.854
837.972
837.444
836.428
834.832
832.606
829.989
827.323
824.739
822.265
819.898
817.449
814.724
811.651
808.202
804.362
800.144
795.62
790.924
786.248
781.823
777.901
774.736
772.564
771.575
771.888
773.5
776.246
779.8
783.749
787.738
791.622
795.478
799.42
803.365
806.968
809.815
811.705
812.724
813.107
812.953
812.349
811.102
808.853
805.424
801.357
797.019
792.322
787.324
782.162
776.879
771.448
765.789
759.825
753.475
746.662
739.333
731.487
723.194
714.597
705.908
697.405
689.41
682.256
676.241
671.572
668.271
666.076
664.467
662.867
660.866
658.296
655.171
651.604
647.757
643.813
639.943
636.279
632.92
629.938
627.375
625.24
623.5
622.044
620.589
618.506
614.753
608.418
599.594
589.365
579.506
572.65
571.785
577.974
588.587
599.553
608.824
616.52
623.124
628.698
633.091
636.215
638.121
638.955
638.896
638.115
636.758
634.944
632.767
630.293
627.571
624.656
621.591
618.376
614.997
611.486
607.949
604.496
601.153
597.873
594.641
591.492
588.441
585.402
582.244
578.875
575.286
571.524
567.643
563.68
559.653
555.574
551.452
547.292
543.098
538.873
534.618
530.335
526.02
521.676
517.307
512.913
508.485
504.024
499.535
495.013
490.449
485.843
481.201
476.524
471.803
466.936
461.882
456.757
451.45
446.39
440.94
431.67
418.293
403.297
387.596
371.874
356.711
342.515
329.863
319.396
311.518
306.475
304.479
305.473
308.965
314.002
319.128
323.214
325.959
327.183
326.718
324.692
321.339
316.911
311.747
845.543
845.1
844.255
842.888
840.875
838.329
835.497
832.477
829.265
825.932
822.439
818.61
814.296
809.389
803.856
797.75
791.207
784.462
777.836
771.705
766.461
762.458
759.984
759.221
760.224
762.891
766.967
771.992
777.319
782.288
786.563
790.403
794.447
799.12
804.204
808.871
812.362
814.463
815.441
815.559
815.107
814.054
811.978
808.549
804.22
799.604
794.759
789.622
784.263
778.738
773.056
767.173
761.023
754.536
747.649
740.318
732.54
724.373
715.945
707.454
699.158
691.36
684.374
678.477
673.863
670.556
668.28
666.495
664.634
662.338
659.482
656.088
652.264
648.181
644.044
640.04
636.314
632.963
630.049
627.598
625.605
624.029
622.768
621.565
619.835
616.596
610.982
602.998
593.553
584.259
577.551
576.204
581.359
590.678
600.334
608.512
615.528
621.855
627.375
631.773
634.9
636.811
637.669
637.648
636.909
635.598
633.831
631.699
629.272
626.603
623.738
620.717
617.563
614.276
610.877
607.447
604.078
600.79
597.539
594.306
591.142
588.087
585.066
581.934
578.59
575.021
571.274
567.407
563.457
559.445
555.38
551.269
547.12
542.935
538.717
534.468
530.191
525.882
521.542
517.175
512.78
508.351
503.886
499.39
494.857
490.276
485.645
480.978
476.275
471.52
466.601
461.478
456.264
450.866
445.613
440.174
431.524
418.732
403.955
388.387
372.784
357.735
343.653
331.084
320.636
312.703
307.543
305.41
306.276
309.613
314.453
319.367
323.228
325.745
326.77
326.139
323.969
320.488
315.963
310.719
851.846
851.477
850.812
849.763
848.18
846.018
843.334
840.203
836.641
832.625
828.103
822.948
817.051
810.354
802.867
794.731
786.219
777.724
769.708
762.631
756.884
752.755
750.441
750.064
751.655
755.137
760.254
766.493
773.07
779.082
783.838
787.375
790.685
795.005
800.814
807.109
812.338
815.72
817.285
817.531
816.927
815.856
813.994
810.784
806.434
801.622
796.625
791.404
785.963
780.336
774.525
768.503
762.229
755.656
748.738
741.448
733.791
725.819
717.648
709.452
701.464
693.957
687.214
681.479
676.919
673.538
671.05
668.926
666.659
663.96
660.743
657.019
652.879
648.505
644.135
639.983
636.187
632.824
629.94
627.562
625.689
624.278
623.221
622.295
621.003
618.499
613.985
607.334
599.267
591.243
585.3
583.691
587.467
594.768
602.43
609.097
615.2
621.072
626.384
630.665
633.698
635.536
636.36
636.354
635.664
634.409
632.697
630.62
628.243
625.623
622.813
619.857
616.776
613.576
610.276
606.944
603.656
600.429
597.217
594.001
590.838
587.781
584.768
581.647
578.312
574.754
571.02
567.165
563.23
559.232
555.182
551.085
546.946
542.772
538.562
534.321
530.049
525.745
521.408
517.041
512.647
508.216
503.747
499.243
494.7
490.105
485.453
480.759
476.03
471.244
466.282
461.098
455.804
450.329
444.896
439.407
431.359
419.31
404.94
389.611
374.189
359.303
345.379
332.938
322.54
314.572
309.304
307.032
307.751
310.888
315.445
320.042
323.59
325.815
326.586
325.743
323.391
319.758
315.121
309.787
857.058
856.71
856.098
855.21
853.932
852.154
849.794
846.8
843.153
838.748
833.47
827.244
819.995
811.752
802.652
792.948
783.033
773.396
764.546
756.932
750.89
746.65
744.385
744.224
746.193
750.206
756.002
763.03
770.436
777.298
782.743
786.337
789.02
792.651
798.463
805.687
812.169
816.404
818.403
818.762
817.992
816.555
814.715
811.917
807.84
803.027
797.941
792.664
787.194
781.548
775.717
769.668
763.365
756.778
749.884
742.675
735.17
727.424
719.54
711.676
704.036
696.857
690.384
684.819
680.292
676.773
673.973
671.41
668.662
665.52
661.922
657.857
653.395
648.739
644.157
639.858
635.947
632.485
629.54
627.172
625.401
624.181
623.392
622.805
621.981
620.219
616.827
611.583
605.04
598.443
593.377
591.563
593.926
599.131
604.805
610.065
615.331
620.724
625.732
629.793
632.658
634.374
635.12
635.085
634.412
633.206
631.553
629.536
627.222
624.663
621.909
619.01
615.998
612.883
609.681
606.442
603.229
600.058
596.892
593.709
590.561
587.509
584.496
581.373
578.038
574.485
570.761
566.92
563
559.018
554.983
550.9
546.774
542.61
538.41
534.175
529.909
525.609
521.275
516.909
512.514
508.08
503.606
499.095
494.543
489.935
485.264
480.545
475.789
470.974
465.978
460.744
455.377
449.836
444.251
438.657
431.142
419.942
406.168
391.207
376.04
361.364
347.643
335.364
325.044
317.062
311.707
309.303
309.862
312.751
316.942
321.122
324.275
326.147
326.616
325.519
322.954
319.151
314.395
308.962
861.524
861.1
860.397
859.489
858.306
856.743
854.673
851.893
848.249
843.647
837.946
831.047
822.926
813.663
803.493
792.765
781.947
771.585
762.208
754.256
748.054
743.826
741.731
741.848
744.165
748.529
754.642
761.947
769.502
776.393
782.035
785.909
788.46
791.711
797.413
804.981
811.967
816.558
818.589
818.883
818.155
816.632
814.567
811.964
808.361
803.815
798.784
793.505
788.034
782.402
776.604
770.599
764.345
757.816
751.005
743.922
736.598
729.093
721.505
713.975
706.68
699.819
693.594
688.169
683.629
679.915
676.747
673.714
670.488
666.926
662.974
658.592
653.835
648.925
644.136
639.644
635.527
631.862
628.771
626.37
624.708
623.725
623.266
623.071
622.711
621.585
619.11
615.068
609.882
604.548
600.282
598.373
599.561
602.957
606.979
611.149
615.776
620.742
625.405
629.176
631.809
633.354
633.991
633.898
633.211
632.026
630.418
628.455
626.202
623.712
621.03
618.198
615.249
612.205
609.089
605.94
602.802
599.687
596.566
593.421
590.303
587.262
584.243
581.107
577.763
574.213
570.5
566.675
562.771
558.805
554.786
550.717
546.603
542.45
538.26
534.033
529.772
525.476
521.145
516.779
512.382
507.945
503.466
498.947
494.386
489.767
485.081
480.338
475.553
470.709
465.687
460.413
454.983
449.386
443.685
437.954
430.865
420.555
407.546
393.105
378.284
363.871
350.385
338.292
328.074
320.109
314.694
312.177
312.561
315.15
318.889
322.56
325.246
326.713
326.836
325.451
322.649
318.666
313.787
308.252
865.586
865.031
864.14
863.059
861.808
860.268
858.263
855.601
852.037
847.387
841.491
834.254
825.681
815.886
805.15
793.886
782.609
771.899
762.299
754.253
748.079
743.987
742.096
742.443
744.997
749.572
755.753
762.912
770.16
776.567
781.728
785.569
788.398
791.817
797.57
805.054
811.714
815.99
817.955
818.285
817.526
816.051
813.993
811.408
808.132
803.989
799.194
794.017
788.592
782.992
777.243
771.311
765.144
758.717
752.028
745.101
737.977
730.719
723.421
716.208
709.229
702.649
696.63
691.296
686.701
682.761
679.223
675.749
672.096
668.167
663.901
659.227
654.199
649.053
644.043
639.307
634.918
630.994
627.723
625.291
623.773
623.079
622.984
623.165
623.189
622.52
620.692
617.546
613.413
609.07
605.468
603.56
603.909
605.981
608.849
612.299
616.465
621.026
625.307
628.755
631.132
632.482
632.981
632.805
632.079
630.893
629.312
627.394
625.194
622.766
620.155
617.401
614.53
611.56
608.519
605.445
602.373
599.312
596.24
593.147
590.068
587.039
584.002
580.839
577.483
573.936
570.237
566.43
562.545
558.596
554.592
550.537
546.436
542.294
538.112
533.893
529.637
525.345
521.016
516.651
512.251
507.812
503.327
498.801
494.229
489.601
484.901
480.136
475.324
470.451
465.408
460.105
454.623
448.979
443.196
437.327
430.542
421.095
408.983
395.222
380.861
366.773
353.55
341.66
331.571
323.656
318.217
315.601
315.786
318.012
321.215
324.296
326.456
327.477
327.219
325.517
322.463
318.297
313.298
307.658
869.414
868.715
867.597
866.293
864.865
863.216
861.176
858.512
854.936
850.229
844.25
836.918
828.228
818.296
807.411
796.018
784.663
773.932
764.374
756.434
750.41
746.49
744.781
745.276
747.905
752.489
758.493
765.105
771.531
777.202
781.913
785.708
788.958
792.886
798.713
805.66
811.572
815.18
816.808
817.12
816.529
815.145
813.118
810.589
807.49
803.678
799.199
794.234
788.932
783.401
777.71
771.855
765.789
759.477
752.925
746.162
739.238
732.218
725.19
718.263
711.561
705.216
699.358
694.079
689.404
685.242
681.367
677.509
673.494
669.251
664.701
659.761
654.494
649.133
643.895
638.889
634.21
630.036
626.618
624.194
622.865
622.513
622.814
623.343
623.638
623.237
621.797
619.243
615.847
612.227
609.142
607.31
607.147
608.381
610.547
613.557
617.353
621.488
625.336
628.424
630.538
631.7
632.065
631.797
631.018
629.812
628.241
626.355
624.205
621.835
619.29
616.608
613.817
610.93
607.969
604.967
601.955
598.943
595.921
592.882
589.844
586.822
583.759
580.565
577.195
573.656
569.976
566.189
562.323
558.393
554.404
550.363
546.273
542.141
537.969
533.757
529.506
525.218
520.891
516.525
512.123
507.68
503.191
498.657
494.075
489.437
484.726
479.942
475.103
470.201
465.142
459.82
454.299
448.616
442.778
436.799
430.202
421.535
410.393
397.463
383.694
370.008
357.084
345.424
335.493
327.661
322.223
319.514
319.462
321.251
323.838
326.264
327.854
328.396
327.731
325.692
322.379
318.035
312.922
307.177
872.905
872.082
870.802
869.3
867.641
865.784
863.599
860.86
857.291
852.556
846.542
839.212
830.584
820.778
810.066
798.879
787.757
777.274
767.96
760.246
754.42
750.665
749.099
749.69
752.29
756.648
762.13
767.849
773.194
777.998
782.321
786.269
790.133
794.681
800.437
806.499
811.358
814.315
815.669
815.953
815.384
814.108
812.156
809.651
806.662
803.079
798.884
794.18
789.075
783.671
778.063
772.287
766.316
760.119
753.7
747.094
740.357
733.554
726.767
720.088
713.621
707.471
701.738
696.491
691.733
687.368
683.201
679.021
674.704
670.193
665.395
660.225
654.757
649.201
643.733
638.462
633.533
629.175
625.67
623.286
622.157
622.15
622.856
623.724
624.235
623.994
622.784
620.607
617.707
614.591
611.893
610.183
609.758
610.522
612.284
614.969
618.371
622.026
625.406
628.116
629.962
630.946
631.191
630.84
630.008
628.777
627.204
625.34
623.23
620.918
618.439
615.828
613.111
610.304
607.425
604.5
601.552
598.59
595.614
592.619
589.611
586.589
583.502
580.283
576.905
573.378
569.718
565.953
562.107
558.195
554.223
550.194
546.116
541.994
537.829
533.624
529.379
525.093
520.768
516.402
511.998
507.552
503.058
498.515
493.925
489.277
484.556
479.756
474.891
469.962
464.889
459.559
454.01
448.298
442.426
436.378
429.882
421.872
411.705
399.722
386.689
373.509
360.939
349.541
339.795
332.064
326.645
323.836
323.493
324.762
326.663
328.39
329.382
329.426
328.334
325.949
322.379
317.869
312.651
306.802
876.545
875.422
873.804
871.988
870.048
867.958
865.604
862.754
859.109
854.385
848.443
841.236
832.796
823.254
812.882
802.089
791.383
781.304
772.353
764.947
759.377
755.829
754.405
755.003
757.388
761.215
765.801
770.37
774.661
778.882
783.169
787.469
791.894
796.782
802.111
807.17
811.075
813.526
814.667
814.896
814.346
813.066
811.166
808.7
805.763
802.334
798.363
793.906
789.033
783.81
778.325
772.64
766.761
760.67
754.373
747.91
741.34
734.729
728.149
721.683
715.413
709.424
703.793
698.565
693.728
689.186
684.772
680.327
675.763
671.027
666.019
660.661
655.025
649.286
643.601
638.118
633.023
628.545
624.959
622.578
621.599
621.894
622.976
624.179
624.917
624.829
623.801
621.911
619.39
616.663
614.279
612.701
612.155
612.654
614.135
616.481
619.425
622.559
625.456
627.785
629.368
630.184
630.324
629.903
629.026
627.77
626.195
624.348
622.273
620.011
617.597
615.058
612.415
609.685
606.888
604.041
601.161
598.252
595.319
592.357
589.367
586.343
583.239
580.002
576.622
573.108
569.469
565.726
561.9
558.006
554.048
550.033
545.965
541.851
537.694
533.495
529.255
524.972
520.648
516.282
511.876
507.426
502.928
498.378
493.778
489.121
484.391
479.578
474.691
469.736
464.651
459.321
453.758
448.025
442.133
436.057
429.617
422.123
412.868
401.896
389.732
377.183
365.049
353.959
344.418
336.803
331.416
328.481
327.768
328.429
329.591
330.6
330.984
330.518
328.992
326.259
322.443
317.784
312.472
306.526
880.497
878.933
876.798
874.512
872.189
869.803
867.237
864.279
860.577
855.867
849.993
842.944
834.767
825.589
815.664
805.37
795.183
785.605
777.108
770.09
764.835
761.5
760.11
760.513
762.441
765.472
768.98
772.49
776.087
780.125
784.628
789.306
794.027
798.809
803.461
807.571
810.735
812.781
813.8
813.949
813.373
812.076
810.171
807.754
804.867
801.532
797.727
793.475
788.829
783.82
778.499
772.931
767.146
761.151
754.963
748.628
742.206
735.762
729.362
723.077
716.973
711.118
705.568
700.351
695.443
690.75
686.134
681.475
676.713
671.791
666.607
661.093
655.31
649.41
643.563
637.96
632.772
628.171
624.441
622.008
621.16
621.742
623.154
624.636
625.573
625.646
624.808
623.179
620.994
618.626
616.53
615.086
614.491
614.811
616.013
617.963
620.414
623.035
625.469
627.426
628.747
629.4
629.443
628.965
628.053
626.777
625.201
623.371
621.331
619.117
616.764
614.295
611.727
609.074
606.355
603.585
600.773
597.921
595.031
592.1
589.126
586.099
582.982
579.734
576.354
572.851
569.232
565.509
561.702
557.824
553.881
549.878
545.82
541.714
537.564
533.371
529.134
524.855
520.532
516.166
511.757
507.304
502.801
498.246
493.637
488.97
484.232
479.408
474.503
469.523
464.426
459.104
453.539
447.795
441.896
435.82
429.428
422.315
413.86
403.894
392.693
380.905
369.309
358.59
349.293
341.818
336.448
333.322
332.143
332.125
332.527
332.825
332.606
331.628
329.668
326.598
322.553
317.764
312.373
306.338
884.677
882.33
879.605
876.772
873.994
871.284
868.487
865.404
861.7
857.008
851.195
844.316
836.439
827.675
818.253
808.515
798.894
789.858
781.841
775.208
770.214
766.968
765.463
765.541
766.879
769.028
771.572
774.4
777.798
782.007
786.762
791.561
796.15
800.47
804.417
807.796
810.422
812.148
813.002
813.061
812.422
811.119
809.208
806.817
803.994
800.739
797.049
792.951
788.497
783.704
778.581
773.158
767.479
761.576
755.485
749.262
742.971
736.674
730.432
724.303
718.341
712.598
707.114
701.904
696.933
692.115
687.337
682.511
677.589
672.511
667.176
661.528
655.622
649.607
643.684
638.039
632.768
627.994
624.09
621.631
620.965
621.841
623.531
625.202
626.255
626.436
625.754
624.357
622.479
620.44
618.607
617.294
616.687
616.853
617.764
619.308
621.292
623.439
625.441
627.044
628.109
628.6
628.547
628.015
627.074
625.787
624.213
622.402
620.396
618.232
615.94
613.541
611.048
608.472
605.827
603.129
600.383
597.59
594.748
591.851
588.893
585.864
582.738
579.484
576.105
572.612
569.009
565.304
561.513
557.65
553.721
549.729
545.681
541.582
537.439
533.25
529.018
524.741
520.419
516.053
511.641
507.185
502.678
498.117
493.5
488.824
484.079
479.247
474.327
469.326
464.217
458.907
453.353
447.608
441.709
435.65
429.318
422.478
414.68
405.648
395.448
384.524
373.576
363.309
354.305
346.975
341.583
338.19
336.464
335.732
335.388
335.003
334.198
332.712
330.327
326.941
322.691
317.794
312.337
306.226
889.076
885.387
882.011
878.703
875.542
872.531
869.484
866.156
862.279
857.535
851.804
845.133
837.584
829.261
820.369
811.217
802.192
793.715
786.178
779.901
775.112
771.909
770.207
769.805
770.448
771.843
773.83
776.525
780.131
784.556
789.298
793.841
797.992
801.755
805.108
807.948
810.149
811.595
812.27
812.221
811.498
810.17
808.271
805.9
803.131
799.958
796.363
792.378
788.07
783.47
778.559
773.318
767.769
761.963
755.965
749.846
743.675
737.515
731.417
725.429
719.595
713.952
708.527
703.323
698.299
693.376
688.466
683.505
678.449
673.232
667.761
661.994
655.991
649.92
643.987
638.319
632.937
627.984
623.962
621.555
621.093
622.231
624.141
625.946
627.067
627.312
626.741
625.528
623.907
622.151
620.549
619.359
618.741
618.753
619.379
620.546
622.1
623.799
625.375
626.621
627.42
627.736
627.58
626.99
626.02
624.725
623.159
621.371
619.405
617.294
615.066
612.742
610.329
607.836
605.271
602.645
599.966
597.234
594.446
591.589
588.651
585.626
582.494
579.236
575.859
572.374
568.785
565.096
561.321
557.473
553.556
549.576
545.537
541.446
537.308
533.125
528.896
524.621
520.301
515.934
511.52
507.06
502.549
497.983
493.358
488.673
483.919
479.08
474.148
469.129
464.006
458.709
453.178
447.444
441.555
435.524
429.272
422.659
415.416
407.258
398.101
388.175
378.037
368.36
359.724
352.557
347.101
343.341
340.97
339.467
338.36
337.279
335.858
333.829
331
327.297
322.854
317.862
312.351
306.173
891.265
887.33
883.742
880.269
876.942
873.766
870.554
867.018
862.919
858.016
852.232
845.647
838.35
830.438
822.086
813.557
805.178
797.298
790.243
784.279
779.592
776.242
774.137
773.181
773.31
774.447
776.507
779.488
783.315
787.64
791.966
795.96
799.553
802.786
805.647
808.049
809.887
811.073
811.562
811.388
810.581
809.209
807.323
804.976
802.248
799.154
795.657
791.767
787.562
783.116
778.415
773.392
768.013
762.327
756.428
750.412
744.361
738.334
732.377
726.527
720.814
715.265
709.897
704.699
699.63
694.619
689.599
684.524
679.349
674.003
668.403
662.526
656.457
650.379
644.465
638.779
633.312
628.263
624.216
621.895
621.603
622.933
624.995
626.888
628.055
628.346
627.864
626.798
625.377
623.841
622.419
621.312
620.655
620.508
620.877
621.708
622.861
624.122
625.271
626.148
626.664
626.785
626.505
625.845
624.843
623.542
621.99
620.233
618.315
616.266
614.113
611.871
609.548
607.146
604.668
602.12
599.512
596.846
594.116
591.304
588.393
585.377
582.245
578.988
575.615
572.137
568.56
564.886
561.126
557.291
553.387
549.418
545.388
541.305
537.173
532.994
528.768
524.496
520.176
515.809
511.394
506.929
502.414
497.843
493.211
488.517
483.754
478.909
473.968
468.935
463.8
458.515
453.018
447.312
441.446
435.449
429.289
422.878
416.07
408.645
400.457
391.575
382.375
373.412
365.225
358.236
352.646
348.433
345.39
343.147
341.312
339.544
337.491
334.903
331.632
327.632
323.023
317.96
312.415
306.184
892.226
888.275
884.618
881.096
877.724
874.477
871.176
867.564
863.454
858.612
852.868
846.318
839.159
831.536
823.607
815.596
807.766
800.38
793.687
787.903
783.179
779.623
777.361
776.438
776.78
778.212
780.546
783.603
787.149
790.871
794.486
797.838
800.899
803.671
806.106
808.118
809.621
810.553
810.86
810.555
809.669
808.248
806.364
804.045
801.344
798.309
794.914
791.122
786.996
782.65
778.123
773.334
768.175
762.649
756.869
750.966
745.037
739.145
733.329
727.614
722.019
716.562
711.247
706.059
700.952
695.869
690.76
685.588
680.304
674.832
669.103
663.126
657.021
650.971
645.12
639.481
634.029
628.98
624.962
622.739
622.6
624.066
626.19
628.08
629.233
629.539
629.119
628.171
626.906
625.532
624.231
623.159
622.435
622.135
622.277
622.802
623.57
624.402
625.131
625.642
625.868
625.777
625.356
624.611
623.567
622.259
620.727
619.009
617.147
615.172
613.103
610.953
608.727
606.424
604.04
601.578
599.043
596.442
593.769
591.002
588.123
585.124
582
578.751
575.385
571.915
568.348
564.687
560.939
557.115
553.222
549.263
545.243
541.167
537.04
532.865
528.642
524.372
520.053
515.686
511.269
506.801
502.282
497.706
493.068
488.366
483.596
478.746
473.801
468.758
463.614
458.339
452.879
447.217
441.385
435.429
429.352
423.104
416.608
409.724
402.301
394.319
385.998
377.742
370.012
363.179
357.437
352.834
349.249
346.397
343.931
341.541
338.902
335.801
332.145
327.903
323.17
318.063
312.504
306.239
892.748
888.878
885.223
881.685
878.235
874.829
871.346
867.605
863.443
858.668
853.119
846.834
839.969
832.662
825.076
817.432
809.973
802.943
796.582
791.094
786.674
783.526
781.76
781.295
781.902
783.343
785.426
787.979
790.83
793.806
796.756
799.564
802.161
804.501
806.522
808.158
809.345
810.034
810.171
809.742
808.78
807.318
805.42
803.127
800.452
797.451
794.137
790.452
786.404
782.115
777.696
773.113
768.206
762.891
757.263
751.491
745.697
739.946
734.273
728.693
723.216
717.849
712.589
707.415
702.281
697.141
691.958
686.701
681.313
675.714
669.858
663.8
657.701
651.75
646.048
640.543
635.171
630.172
626.24
624.171
624.193
625.736
627.812
629.586
630.638
630.905
630.515
629.654
628.509
627.253
626.03
624.965
624.171
623.727
623.646
623.856
624.233
624.638
624.954
625.102
625.032
624.715
624.133
623.285
622.187
620.866
619.354
617.683
615.888
613.996
612.024
609.977
607.859
605.664
603.384
601.016
598.561
596.027
593.408
590.685
587.84
584.865
581.758
578.521
575.166
571.706
568.148
564.497
560.76
556.946
553.063
549.113
545.101
541.031
536.91
532.739
528.519
524.25
519.932
515.565
511.147
506.676
502.152
497.572
492.93
488.223
483.445
478.591
473.644
468.598
463.449
458.181
452.757
447.147
441.364
435.454
429.447
423.328
417.056
410.552
403.69
396.408
388.815
381.182
373.873
367.203
361.393
356.532
352.537
349.182
346.165
343.22
340.057
336.512
332.539
328.11
323.29
318.158
312.599
306.311
893.184
889.436
885.808
882.236
878.676
875.101
871.442
867.567
863.333
858.6
853.253
847.294
840.819
833.954
826.855
819.724
812.797
806.325
800.547
795.687
791.917
789.308
787.823
787.319
787.62
788.573
790.058
791.962
794.173
796.553
798.958
801.265
803.388
805.277
806.882
808.157
809.05
809.508
809.484
808.942
807.907
806.41
804.495
802.216
799.572
796.596
793.337
789.757
785.807
781.568
777.195
772.741
768.07
763.007
757.575
751.963
746.328
740.735
735.213
729.77
724.412
719.136
713.934
708.778
703.629
698.447
693.206
687.872
682.381
676.656
670.691
664.604
658.59
652.817
647.316
641.973
636.724
631.863
628.12
626.245
626.386
627.91
629.837
631.405
632.284
632.458
632.059
631.252
630.192
629.016
627.843
626.778
625.917
625.324
624.996
624.867
624.842
624.824
624.738
624.526
624.154
623.595
622.831
621.86
620.692
619.348
617.854
616.235
614.516
612.72
610.859
608.931
606.933
604.858
602.694
600.431
598.065
595.603
593.04
590.361
587.55
584.603
581.519
578.3
574.959
571.509
567.96
564.319
560.591
556.786
552.91
548.968
544.963
540.9
536.784
532.616
528.398
524.131
519.814
515.446
511.027
506.555
502.027
497.443
492.798
488.086
483.303
478.445
473.499
468.453
463.305
458.045
452.65
447.094
441.37
435.514
429.569
423.548
417.437
411.189
404.714
397.942
390.909
383.79
376.86
370.389
364.596
359.564
355.244
351.467
347.979
344.558
340.955
337.051
332.832
328.262
323.382
318.233
312.678
306.366
893.586
889.946
886.339
882.732
879.101
875.429
871.667
867.717
863.467
858.821
853.705
848.112
842.111
835.817
829.37
822.939
816.729
810.957
805.833
801.518
798.091
795.559
793.888
793.008
792.84
793.297
794.286
795.693
797.386
799.227
801.092
802.883
804.528
805.983
807.204
808.144
808.754
808.98
808.781
808.124
807.017
805.488
803.561
801.287
798.679
795.737
792.515
789.024
785.198
781.044
776.703
772.301
767.788
762.973
757.778
752.361
746.912
741.505
736.15
730.853
725.615
720.433
715.292
710.164
705.012
699.804
694.519
689.116
683.526
677.697
671.68
665.642
659.776
654.2
648.902
643.757
638.726
634.119
630.641
628.967
629.164
630.566
632.24
633.528
634.18
634.219
633.771
632.977
631.96
630.829
629.681
628.602
627.662
626.896
626.297
625.818
625.394
624.965
624.482
623.911
623.225
622.406
621.439
620.321
619.063
617.684
616.203
614.638
613.008
611.323
609.588
607.795
605.936
603.997
601.962
599.817
597.553
595.172
592.67
590.037
587.263
584.346
581.287
578.09
574.765
571.325
567.785
564.152
560.433
556.634
552.765
548.829
544.831
540.774
536.661
532.497
528.281
524.015
519.698
515.331
510.911
506.437
501.907
497.319
492.67
487.955
483.17
478.309
473.364
468.323
463.181
457.93
452.559
447.052
441.393
435.6
429.714
423.769
417.768
411.687
405.468
399.051
392.434
385.728
379.129
372.857
367.102
361.939
357.358
353.239
349.37
345.568
341.623
337.451
333.05
328.376
323.448
318.277
312.716
306.359
893.975
890.407
886.817
883.197
879.537
875.821
872.008
868.033
863.818
859.299
854.432
849.215
843.704
837.994
832.195
826.442
820.891
815.712
811.055
807.031
803.707
801.117
799.267
798.136
797.671
797.784
798.362
799.287
800.447
801.745
803.09
804.401
805.613
806.675
807.539
808.155
808.478
808.462
808.071
807.281
806.092
804.527
802.599
800.333
797.753
794.856
791.676
788.251
784.549
780.527
776.26
771.891
767.46
762.835
757.881
752.686
747.449
742.253
737.089
731.949
726.837
721.751
716.677
711.588
706.451
701.238
695.925
690.469
684.806
678.925
672.928
666.99
661.281
655.902
650.836
645.954
641.208
636.914
633.755
632.308
632.52
633.698
635.014
635.945
636.323
636.19
635.659
634.839
633.824
632.701
631.548
630.426
629.375
628.415
627.539
626.714
625.902
625.07
624.192
623.25
622.231
621.127
619.931
618.641
617.271
615.84
614.365
612.859
611.33
609.777
608.189
606.551
604.85
603.067
601.18
599.169
597.022
594.734
592.302
589.721
586.986
584.101
581.069
577.894
574.584
571.156
567.624
563.998
560.285
556.493
552.628
548.698
544.705
540.652
536.544
532.382
528.168
523.902
519.586
515.219
510.798
506.323
501.791
497.201
492.55
487.833
483.045
478.183
473.24
468.206
463.073
457.835
452.486
447.019
441.422
435.699
429.877
423.995
418.07
412.094
406.033
399.845
393.521
387.123
380.784
374.674
368.951
363.69
358.914
354.536
350.382
346.3
342.112
337.757
333.223
328.464
323.484
318.274
312.686
306.239
894.354
890.84
887.277
883.669
880.011
876.287
872.468
868.508
864.359
859.98
855.348
850.472
845.391
840.177
834.918
829.718
824.7
819.989
815.701
811.929
808.746
806.192
804.283
802.997
802.271
802.018
802.154
802.602
803.284
804.113
805.006
805.888
806.696
807.378
807.888
808.182
808.219
807.962
807.379
806.451
805.172
803.555
801.614
799.362
796.813
793.969
790.841
787.472
783.868
779.995
775.857
771.556
767.183
762.686
757.947
752.981
747.96
742.988
738.036
733.069
728.091
723.107
718.109
713.073
707.969
702.773
697.457
691.973
686.278
680.404
674.478
668.669
663.139
657.991
653.186
648.569
644.117
640.187
637.407
636.199
636.362
637.216
638.092
638.616
638.689
638.361
637.717
636.839
635.794
634.645
633.45
632.249
631.062
629.896
628.74
627.574
626.381
625.148
623.866
622.533
621.151
619.727
618.264
616.771
615.265
613.767
612.292
610.849
609.436
608.041
606.632
605.177
603.657
602.053
600.337
598.481
596.467
594.287
591.939
589.418
586.727
583.874
580.869
577.715
574.42
571.002
567.477
563.857
560.15
556.362
552.501
548.574
544.585
540.536
536.431
532.272
528.059
523.794
519.479
515.111
510.69
506.214
501.681
497.089
492.435
487.717
482.93
478.068
473.127
468.1
462.979
457.757
452.43
446.997
441.453
435.798
430.046
424.225
418.36
412.452
406.484
400.431
394.286
388.087
381.926
375.932
370.231
364.906
359.995
355.438
351.096
346.829
342.484
338.008
333.372
328.534
323.485
318.212
312.562
305.953
894.719
891.257
887.736
884.159
880.526
876.823
873.03
869.119
865.06
860.832
856.425
851.849
847.134
842.335
837.524
832.787
828.219
823.915
819.964
816.446
813.419
810.919
808.95
807.484
806.477
805.883
805.648
805.706
805.978
806.387
806.861
807.337
807.758
808.077
808.251
808.242
808.012
807.528
806.762
805.694
804.316
802.635
800.659
798.401
795.871
793.077
790.022
786.726
783.209
779.465
775.481
771.298
767.006
762.619
758.066
753.327
748.519
743.758
739.016
734.233
729.396
724.519
719.606
714.637
709.586
704.428
699.131
693.652
687.976
682.17
676.377
670.756
665.456
660.548
655.966
651.58
647.441
643.925
641.546
640.523
640.535
640.98
641.376
641.482
641.247
640.711
639.937
638.976
637.872
636.668
635.401
634.095
632.753
631.369
629.928
628.422
626.846
625.203
623.497
621.739
619.952
618.159
616.383
614.646
612.974
611.395
609.921
608.55
607.272
606.063
604.874
603.645
602.34
600.942
599.424
597.749
595.889
593.835
591.582
589.132
586.491
583.673
580.692
577.557
574.276
570.866
567.346
563.73
560.027
556.242
552.384
548.459
544.472
540.427
536.324
532.167
527.956
523.692
519.376
515.008
510.587
506.11
501.576
496.983
492.328
487.61
482.823
477.964
473.026
468.006
462.897
457.693
452.391
446.988
441.488
435.891
430.206
424.451
418.643
412.789
406.88
400.905
394.86
388.775
382.72
376.791
371.101
365.733
360.734
356.068
351.618
347.243
342.796
338.23
333.506
328.584
323.446
318.086
312.335
305.47
895.13
891.707
888.223
884.684
881.087
877.425
873.683
869.844
865.892
861.818
857.618
853.305
848.906
844.467
840.045
835.709
831.527
827.573
823.914
820.61
817.706
815.227
813.175
811.542
810.311
809.447
808.898
808.601
808.497
808.524
808.617
808.72
808.786
808.775
808.646
808.363
807.889
807.192
806.247
805.037
803.555
801.802
799.783
797.506
794.982
792.219
789.224
786.008
782.585
778.961
775.13
771.095
766.919
762.66
758.288
753.775
749.186
744.619
740.07
735.466
730.776
726.014
721.193
716.305
711.327
706.234
700.996
695.581
690.003
684.352
678.767
673.379
668.299
663.572
659.151
654.987
651.201
648.129
646.107
645.148
644.885
644.862
644.769
644.473
643.946
643.208
642.296
641.237
640.056
638.776
637.418
635.988
634.476
632.864
631.138
629.29
627.324
625.248
623.079
620.848
618.596
616.369
614.217
612.182
610.308
608.63
607.16
605.885
604.774
603.787
602.861
601.914
600.879
599.726
598.435
596.969
595.29
593.381
591.238
588.868
586.283
583.501
580.545
577.425
574.155
570.75
567.233
563.62
559.918
556.134
552.277
548.353
544.368
540.324
536.224
532.068
527.857
523.594
519.278
514.91
510.489
506.012
501.477
496.883
492.228
487.51
482.725
477.869
472.936
467.924
462.827
457.641
452.362
446.99
441.528
435.98
430.353
424.66
418.911
413.111
407.254
401.333
395.351
389.332
383.333
377.439
371.751
366.349
361.287
356.551
352.037
347.595
343.075
338.429
333.621
328.614
323.375
317.907
312.03
304.825
895.564
892.2
888.774
885.292
881.754
878.154
874.484
870.733
866.895
862.967
858.955
854.874
850.748
846.615
842.52
838.512
834.644
830.97
827.543
824.408
821.598
819.135
817.029
815.28
813.869
812.764
811.925
811.308
810.862
810.531
810.265
810.024
809.766
809.451
809.042
808.504
807.805
806.914
805.808
804.471
802.892
801.072
799.013
796.718
794.196
791.457
788.51
785.364
782.025
778.505
774.81
770.939
766.915
762.8
758.616
754.337
749.979
745.601
741.222
736.785
732.243
727.601
722.882
718.091
713.212
708.225
703.102
697.829
692.432
686.999
681.638
676.454
671.537
666.947
662.694
658.81
655.434
652.785
650.986
649.909
649.254
648.737
648.188
647.529
646.737
645.813
644.769
643.61
642.343
640.977
639.515
637.949
636.258
634.419
632.41
630.221
627.849
625.307
622.625
619.852
617.053
614.306
611.689
609.28
607.148
605.346
603.887
602.743
601.853
601.147
600.54
599.937
599.24
598.394
597.372
596.144
594.672
592.932
590.916
588.636
586.11
583.366
580.431
577.324
574.06
570.658
567.141
563.526
559.823
556.039
552.181
548.257
544.272
540.228
536.129
531.975
527.765
523.501
519.185
514.818
510.396
505.919
501.384
496.79
492.135
487.418
482.635
477.783
472.857
467.853
462.767
457.598
452.342
447
441.573
436.067
430.49
424.85
419.156
413.408
407.601
401.731
395.798
389.823
383.858
377.981
372.282
366.841
361.72
356.929
352.373
347.889
343.316
338.602
333.72
328.634
323.289
317.714
311.721
304.166
896.058
892.719
889.324
885.881
882.39
878.848
875.249
871.589
867.865
864.079
860.239
856.357
852.455
848.563
844.716
840.956
837.324
833.862
830.611
827.606
824.875
822.436
820.298
818.458
816.9
815.6
814.529
813.647
812.912
812.284
811.726
811.197
810.656
810.07
809.407
808.639
807.736
806.673
805.427
803.981
802.323
800.45
798.36
796.057
793.548
790.838
787.936
784.847
781.581
778.146
774.556
770.821
766.948
762.978
758.96
754.899
750.777
746.597
742.378
738.099
733.711
729.2
724.588
719.895
715.12
710.251
705.267
700.161
694.96
689.735
684.574
679.578
674.844
670.452
666.451
662.899
659.883
657.48
655.674
654.329
653.264
652.324
651.409
650.461
649.455
648.377
647.219
645.972
644.625
643.174
641.609
639.912
638.054
636.003
633.727
631.203
628.422
625.396
622.163
618.786
615.357
611.991
608.809
605.937
603.485
601.528
600.085
599.108
598.504
598.158
597.945
597.745
597.448
596.972
596.27
595.313
594.069
592.511
590.633
588.448
585.984
583.276
580.359
577.26
573.998
570.594
567.073
563.453
559.746
555.959
552.099
548.173
544.186
540.143
536.043
531.889
527.679
523.415
519.1
514.732
510.311
505.833
501.298
496.704
492.05
487.334
482.554
477.706
472.786
467.792
462.718
457.565
452.33
447.014
441.62
436.152
430.617
425.024
419.377
413.676
407.916
402.09
396.197
390.257
384.311
378.427
372.695
367.2
362.018
357.188
352.62
348.125
343.524
338.757
333.813
328.66
323.218
317.557
311.505
303.712
896.542
893.264
889.933
886.553
883.131
879.663
876.147
872.582
868.968
865.313
861.623
857.912
854.2
850.511
846.871
843.313
839.872
836.581
833.472
830.57
827.899
825.471
823.293
821.362
819.668
818.193
816.914
815.802
814.825
813.946
813.127
812.329
811.524
810.682
809.778
808.786
807.683
806.448
805.062
803.509
801.776
799.854
797.738
795.431
792.934
790.255
787.401
784.376
781.186
777.841
774.352
770.736
767.008
763.19
759.319
755.419
751.493
747.526
743.498
739.39
735.173
730.825
726.354
721.782
717.124
712.377
707.533
702.59
697.581
692.568
687.639
682.889
678.415
674.302
670.599
667.325
664.495
662.104
660.116
658.456
657.031
655.751
654.543
653.364
652.181
650.974
649.719
648.393
646.974
645.444
643.783
641.966
639.952
637.698
635.156
632.289
629.078
625.53
621.681
617.605
613.419
609.285
605.39
601.929
599.073
596.932
595.524
594.772
594.542
594.667
594.968
595.274
595.455
595.418
595.102
594.467
593.483
592.126
590.394
588.308
585.906
583.231
580.329
577.233
573.968
570.558
567.029
563.401
559.686
555.893
552.028
548.099
544.11
540.065
535.965
531.81
527.6
523.336
519.02
514.653
510.231
505.754
501.22
496.626
491.973
487.259
482.481
477.637
472.724
467.738
462.678
457.54
452.325
447.034
441.669
436.235
430.738
425.187
419.583
413.923
408.203
402.415
396.553
390.635
384.694
378.788
373.001
367.427
362.18
357.337
352.798
348.327
343.721
338.91
333.908
328.701
323.193
317.484
311.434
303.614
897.194
893.949
890.663
887.34
883.986
880.6
877.18
873.725
870.239
866.727
863.198
859.664
856.141
852.651
849.217
845.864
842.616
839.497
836.526
833.724
831.105
828.68
826.452
824.424
822.591
820.941
819.457
818.114
816.883
815.734
814.636
813.564
812.49
811.388
810.234
809.008
807.692
806.27
804.726
803.045
801.217
799.231
797.08
794.764
792.281
789.636
786.835
783.881
780.782
777.543
774.177
770.698
767.121
763.462
759.746
756
752.236
748.45
744.618
740.703
736.678
732.53
728.26
723.878
719.397
714.826
710.17
705.443
700.684
695.954
691.328
686.888
682.719
678.871
675.353
672.163
669.299
666.762
664.538
662.589
660.859
659.29
657.835
656.457
655.126
653.809
652.471
651.076
649.594
647.996
646.253
644.326
642.164
639.704
636.883
633.643
629.944
625.777
621.163
616.18
610.975
605.776
600.876
596.588
593.185
590.827
589.52
589.129
589.443
590.231
591.252
592.269
593.092
593.617
593.786
593.559
592.898
591.781
590.216
588.237
585.895
583.247
580.352
577.251
573.975
570.553
567.01
563.368
559.641
555.839
551.968
548.033
544.041
539.992
535.89
531.734
527.524
523.259
518.943
514.576
510.155
505.678
501.145
496.553
491.901
487.188
482.413
477.574
472.667
467.691
462.642
457.521
452.326
447.059
441.721
436.318
430.856
425.343
419.779
414.158
408.475
402.718
396.877
390.964
385.009
379.065
373.213
367.547
362.224
357.382
352.909
348.5
343.909
339.063
334.011
328.767
323.226
317.509
311.485
303.855
898.03
894.858
891.646
888.403
885.134
881.84
878.52
875.177
871.816
868.444
865.072
861.71
858.372
855.072
851.826
848.65
845.561
842.574
839.706
836.969
834.374
831.93
829.643
827.514
825.54
823.714
822.021
820.446
818.967
817.563
816.208
814.878
813.545
812.189
810.793
809.342
807.82
806.212
804.507
802.692
800.759
798.697
796.499
794.161
791.68
789.057
786.298
783.407
780.391
777.257
774.012
770.668
767.24
763.746
760.201
756.618
753.007
749.371
745.697
741.964
738.145
734.222
730.188
726.048
721.813
717.492
713.1
708.661
704.21
699.798
695.485
691.326
687.361
683.618
680.126
676.902
673.955
671.281
668.865
666.683
664.708
662.909
661.261
659.734
658.293
656.897
655.501
654.062
652.54
650.9
649.104
647.097
644.81
642.159
639.056
635.411
631.147
626.208
620.581
614.336
607.674
600.937
594.59
589.138
585.006
582.42
581.359
581.585
582.745
584.49
586.51
588.515
590.244
591.531
592.32
592.594
592.325
591.493
590.116
588.251
585.967
583.34
580.441
577.324
574.028
570.585
567.02
563.358
559.615
555.799
551.918
547.976
543.978
539.926
535.821
531.663
527.451
523.186
518.87
514.503
510.083
505.607
501.074
496.484
491.835
487.125
482.353
477.517
472.616
467.648
462.612
457.506
452.331
447.087
441.776
436.401
430.972
425.495
419.969
414.385
408.736
403.007
397.181
391.264
385.273
379.259
373.315
367.544
362.139
357.31
352.945
348.64
344.091
339.221
334.129
328.865
323.321
317.614
311.604
304.319
899.047
895.928
892.784
889.619
886.437
883.239
880.026
876.801
873.57
870.34
867.117
863.912
860.733
857.592
854.499
851.466
848.506
845.629
842.845
840.166
837.597
835.145
832.813
830.6
828.504
826.519
824.638
822.849
821.136
819.481
817.866
816.27
814.677
813.073
811.442
809.772
808.049
806.262
804.4
802.452
800.409
798.264
796.012
793.647
791.169
788.574
785.863
783.038
780.104
777.066
773.934
770.718
767.432
764.089
760.7
757.273
753.816
750.327
746.801
743.226
739.584
735.861
732.05
728.15
724.167
720.111
715.997
711.846
707.685
703.55
699.48
695.513
691.691
688.05
684.615
681.391
678.38
675.582
673.002
670.64
668.489
666.536
664.762
663.14
661.634
660.201
658.787
657.343
655.826
654.193
652.395
650.36
647.996
645.193
641.821
637.733
632.776
626.797
619.719
611.623
602.824
593.875
585.516
578.534
573.544
570.823
570.285
571.535
574.008
577.15
580.54
583.856
586.804
589.144
590.771
591.678
591.868
591.35
590.17
588.41
586.167
583.54
580.62
577.471
574.139
570.662
567.066
563.376
559.608
555.775
551.881
547.929
543.924
539.867
535.759
531.598
527.385
523.119
518.803
514.436
510.017
505.541
501.01
496.422
491.776
487.069
482.301
477.469
472.573
467.614
462.589
457.498
452.341
447.12
441.832
436.483
431.084
425.641
420.15
414.6
408.983
403.276
397.458
391.534
385.506
379.402
373.304
367.358
361.857
357.098
352.913
348.757
344.267
339.387
334.262
328.987
323.465
317.765
311.765
304.924
900.307
897.261
894.197
891.118
888.028
884.929
881.825
878.718
875.611
872.511
869.424
866.354
863.311
860.299
857.328
854.405
851.536
848.73
845.994
843.334
840.756
838.265
835.863
833.551
831.328
829.19
827.13
825.141
823.21
821.326
819.476
817.649
815.831
814.012
812.179
810.322
808.429
806.487
804.484
802.409
800.256
798.019
795.697
793.285
790.784
788.192
785.51
782.741
779.887
776.953
773.943
770.861
767.715
764.513
761.264
757.977
754.656
751.303
747.913
744.476
740.983
737.423
733.792
730.09
726.319
722.491
718.617
714.717
710.814
706.936
703.111
699.367
695.726
692.206
688.822
685.589
682.521
679.637
676.951
674.471
672.204
670.145
668.284
666.601
665.069
663.643
662.27
660.893
659.459
657.915
656.196
654.218
651.871
649.01
645.433
640.887
635.077
627.721
618.678
608.097
596.473
584.649
573.722
564.806
558.734
555.871
556.063
558.71
562.981
568.063
573.315
578.316
582.761
586.399
589.092
590.821
591.592
591.436
590.451
588.772
586.539
583.883
580.911
577.703
574.315
570.788
567.15
563.424
559.627
555.77
551.86
547.897
543.883
539.819
535.706
531.542
527.327
523.06
518.744
514.378
509.958
505.483
500.953
496.367
491.724
487.021
482.258
477.431
472.542
467.589
462.573
457.495
452.356
447.156
441.889
436.562
431.19
425.781
420.323
414.804
409.215
403.526
397.708
391.763
385.691
379.496
373.227
367.033
361.375
356.723
352.808
348.859
344.439
339.557
334.403
329.118
323.633
317.933
311.987
305.615
901.832
898.849
895.851
892.844
889.831
886.817
883.801
880.788
877.78
874.781
871.797
868.831
865.887
862.972
860.09
857.245
854.443
851.688
848.986
846.341
843.757
841.237
838.782
836.392
834.066
831.8
829.59
827.428
825.309
823.225
821.167
819.129
817.102
815.078
813.05
811.006
808.937
806.833
804.685
802.485
800.228
797.911
795.53
793.084
790.571
787.989
785.335
782.611
779.818
776.96
774.04
771.063
768.035
764.961
761.847
758.695
755.508
752.285
749.023
745.717
742.359
738.944
735.468
731.931
728.338
724.699
721.029
717.346
713.667
710.013
706.401
702.845
699.359
695.956
692.65
689.454
686.382
683.451
680.676
678.078
675.685
673.52
671.599
669.915
668.437
667.115
665.885
664.683
663.445
662.111
660.611
658.856
656.727
654.037
650.477
645.617
638.996
630.24
619.192
606.073
591.551
576.702
562.919
551.615
543.865
540.196
540.517
544.161
550.118
557.334
564.884
572.065
578.395
583.571
587.487
590.152
591.576
591.81
591.007
589.372
587.105
584.377
581.319
578.025
574.56
570.966
567.271
563.497
559.664
555.78
551.849
547.872
543.849
539.779
535.661
531.494
527.277
523.01
518.693
514.327
509.908
505.433
500.903
496.319
491.679
486.979
482.219
477.399
472.518
467.574
462.567
457.5
452.378
447.197
441.947
436.638
431.292
425.917
420.492
415.004
409.443
403.771
397.947
391.972
385.828
379.505
373.044
366.586
360.728
356.187
352.619
348.942
344.617
339.735
334.55
329.261
323.808
318.117
312.287
306.284
903.443
900.53
897.612
894.692
891.77
888.848
885.928
883.011
880.099
877.195
874.302
871.421
868.557
865.713
862.891
860.097
857.333
854.603
851.91
849.256
846.644
844.074
841.548
839.065
836.624
834.225
831.866
829.542
827.251
824.988
822.747
820.525
818.317
816.116
813.916
811.709
809.49
807.25
804.982
802.679
800.336
797.95
795.517
793.038
790.509
787.932
785.303
782.624
779.894
777.114
774.286
771.411
768.492
765.533
762.534
759.499
756.426
753.315
750.163
746.966
743.721
740.424
737.076
733.678
730.239
726.768
723.281
719.792
716.318
712.871
709.459
706.086
702.751
699.456
696.203
693.004
689.88
686.858
683.965
681.229
678.681
676.378
674.396
672.78
671.496
670.434
669.479
668.558
667.628
666.643
665.56
664.322
662.775
660.679
657.611
652.91
645.892
636.113
623.474
608.323
591.473
574.127
557.818
544.082
534.153
528.836
528.277
531.835
538.455
547.01
556.431
565.742
574.124
581.052
586.364
590.073
592.185
592.774
592.067
590.369
587.967
585.083
581.874
578.445
574.867
571.181
567.415
563.589
559.717
555.804
551.851
547.86
543.827
539.748
535.624
531.455
527.238
522.97
518.652
514.285
509.866
505.391
500.861
496.278
491.639
486.943
482.186
477.37
472.496
467.564
462.569
457.513
452.406
447.242
442.007
436.712
431.393
426.053
420.663
415.208
409.68
404.024
398.192
392.19
385.97
379.452
372.661
365.838
359.803
355.478
352.368
349.024
344.813
339.924
334.703
329.413
323.984
318.324
312.617
306.816
904.848
901.98
899.1
896.216
893.331
890.448
887.569
884.693
881.824
878.964
876.114
873.276
870.452
867.645
864.856
862.087
859.342
856.621
853.929
851.266
848.635
846.035
843.468
840.932
838.428
835.954
833.508
831.09
828.695
826.32
823.964
821.621
819.289
816.965
814.643
812.319
809.988
807.644
805.283
802.901
800.493
798.058
795.592
793.094
790.562
787.994
785.389
782.746
780.064
777.345
774.588
771.792
768.96
766.09
763.183
760.237
757.252
754.225
751.151
748.029
744.855
741.628
738.351
735.029
731.673
728.297
724.919
721.56
718.24
714.969
711.743
708.546
705.358
702.163
698.951
695.722
692.489
689.288
686.168
683.191
680.429
677.973
675.944
674.437
673.432
672.757
672.176
671.566
670.935
670.277
669.65
669.06
668.319
667.232
665.137
660.871
653.511
642.753
628.925
612.664
594.581
575.737
557.851
542.637
531.267
524.452
522.524
525.22
531.665
540.692
551.114
561.763
571.575
579.834
586.269
590.816
593.435
594.22
593.472
591.6
588.981
585.884
582.487
578.903
575.197
571.41
567.566
563.684
559.772
555.831
551.86
547.857
543.816
539.731
535.602
531.43
527.21
522.942
518.624
514.256
509.836
505.36
500.83
496.246
491.608
486.913
482.161
477.351
472.483
467.556
462.57
457.529
452.439
447.288
442.057
436.77
431.476
426.172
420.816
415.396
409.906
404.271
398.434
392.418
386.137
379.411
372.174
364.768
358.489
354.535
352.05
349.116
345.038
340.122
334.851
329.561
324.154
318.527
312.903
307.192
905.673
902.825
899.978
897.133
894.288
891.443
888.599
885.758
882.921
880.092
877.271
874.46
871.661
868.877
866.108
863.356
860.621
857.906
855.212
852.54
849.892
847.268
844.67
842.096
839.547
837.022
834.521
832.042
829.583
827.141
824.715
822.301
819.896
817.498
815.104
812.71
810.312
807.908
805.494
803.066
800.622
798.159
795.674
793.167
790.634
788.074
785.486
782.868
780.22
777.54
774.829
772.084
769.308
766.499
763.657
760.781
757.867
754.91
751.905
748.846
745.727
742.545
739.301
736.005
732.671
729.322
725.989
722.705
719.5
716.381
713.326
710.296
707.244
704.138
700.964
697.714
694.388
690.995
687.559
684.142
680.901
678.119
676.074
674.852
674.298
674.105
673.942
673.606
673.083
672.512
672.144
671.983
672
672.064
670.799
666.595
659.009
648.115
634.187
617.618
599.076
579.588
560.865
544.756
532.532
524.809
521.789
523.385
529.153
538.096
548.926
560.271
570.887
579.942
587.064
592.085
594.928
595.715
594.82
592.737
589.894
586.593
583.023
579.297
575.479
571.603
567.691
563.759
559.812
555.848
551.863
547.851
543.804
539.717
535.588
531.415
527.196
522.928
518.609
514.24
509.818
505.342
500.812
496.228
491.588
486.894
482.145
477.34
472.479
467.557
462.573
457.539
452.469
447.333
442.101
436.813
431.539
426.269
420.946
415.56
410.108
404.497
398.663
392.654
386.335
379.426
371.782
363.779
357.165
353.528
351.689
349.208
345.286
340.331
334.995
329.704
324.319
318.708
313.134
307.487
906.361
903.538
900.708
897.876
895.045
892.215
889.386
886.559
883.737
880.92
878.11
875.31
872.522
869.746
866.985
864.238
861.507
858.793
856.097
853.419
850.761
848.123
845.504
842.906
840.327
837.769
835.234
832.719
830.222
827.741
825.272
822.811
820.359
817.913
815.472
813.035
810.598
808.158
805.711
803.254
800.784
798.299
795.798
793.278
790.739
788.179
785.596
782.991
780.362
777.71
775.034
772.335
769.612
766.863
764.086
761.277
758.431
755.54
752.597
749.591
746.513
743.354
740.111
736.793
733.426
730.049
726.716
723.487
720.403
717.462
714.616
711.784
708.881
705.852
702.683
699.392
695.988
692.45
688.719
684.755
680.745
677.242
674.921
674.066
674.287
674.83
675.18
675.147
674.564
673.749
673.367
673.458
674.292
675.22
674.07
669.794
662.431
652.015
638.47
622.512
604.829
586.021
567.362
550.645
537.431
528.64
524.591
525.239
530.259
538.799
549.548
561.026
571.907
581.283
588.668
593.8
596.581
597.186
596.059
593.741
590.685
587.201
583.479
579.627
575.707
571.751
567.781
563.812
559.844
555.868
551.875
547.856
543.805
539.714
535.582
531.406
527.186
522.917
518.598
514.229
509.808
505.333
500.803
496.218
491.578
486.884
482.137
477.335
472.479
467.562
462.58
457.551
452.493
447.369
442.134
436.845
431.59
426.353
421.06
415.706
410.291
404.7
398.877
392.906
386.583
379.503
371.54
363.151
356.273
352.786
351.409
349.32
345.541
340.536
335.129
329.832
324.464
318.859
313.326
307.731
906.8
903.986
901.171
898.355
895.541
892.729
889.917
887.108
884.302
881.502
878.707
875.92
873.142
870.374
867.617
864.872
862.14
859.422
856.719
854.032
851.363
848.712
846.079
843.464
840.867
838.287
835.724
833.178
830.647
828.129
825.623
823.129
820.643
818.166
815.696
813.23
810.766
808.302
805.834
803.359
800.875
798.381
795.874
793.354
790.821
788.272
785.705
783.12
780.516
777.893
775.251
772.589
769.908
767.204
764.476
761.719
758.927
756.09
753.197
750.234
747.188
744.041
740.781
737.407
733.948
730.473
727.09
723.906
720.972
718.261
715.678
713.099
710.406
707.499
704.342
700.979
697.462
693.744
689.614
684.904
679.932
675.587
672.893
672.401
673.606
675.14
676.017
676.212
675.6
674.248
673.403
673.772
675.107
676.008
674.366
669.644
662.18
652.373
640.65
626.819
610.905
593.364
575.291
558.409
544.436
534.637
529.622
529.469
533.824
541.835
552.197
563.416
574.148
583.435
590.707
595.638
598.144
598.458
597.073
594.54
591.306
587.676
583.831
579.879
575.879
571.866
567.853
563.851
559.858
555.869
551.872
547.853
543.801
539.712
535.581
531.406
527.186
522.917
518.598
514.227
509.805
505.33
500.8
496.213
491.571
486.877
482.132
477.334
472.482
467.567
462.586
457.568
452.525
447.403
442.154
436.861
431.63
426.427
421.161
415.837
410.458
404.887
399.076
393.146
386.834
379.617
371.414
362.848
355.89
352.461
351.306
349.464
345.773
340.711
335.244
329.941
324.579
318.983
313.492
307.932
907.128
904.321
901.514
898.706
895.897
893.088
890.281
887.477
884.678
881.884
879.097
876.319
873.549
870.79
868.04
865.3
862.572
859.854
857.149
854.459
851.784
849.125
846.483
843.856
841.245
838.649
836.068
833.503
830.951
828.413
825.887
823.372
820.866
818.367
815.875
813.388
810.904
808.422
805.939
803.453
800.961
798.459
795.947
793.424
790.89
788.345
785.788
783.217
780.631
778.033
775.421
772.795
770.154
767.497
764.821
762.122
759.393
756.62
753.785
750.863
747.832
744.67
741.36
737.89
734.274
730.616
727.116
723.966
721.228
718.818
716.548
714.235
711.76
709.012
705.944
702.591
699.034
695.13
690.321
684.247
677.644
672.176
669.394
669.871
672.637
675.608
677.232
677.29
676.082
674.083
672.512
672.826
674.3
674.698
672.508
666.917
659.017
650.798
641.975
630.811
616.895
600.713
583.321
566.46
551.987
541.38
535.503
534.601
538.329
545.792
555.666
566.462
576.84
585.806
592.731
597.281
599.422
599.434
597.821
595.12
591.759
588.023
584.088
580.056
575.992
571.93
567.889
563.87
559.869
555.875
551.874
547.853
543.801
539.712
535.581
531.406
527.185
522.917
518.599
514.229
509.807
505.331
500.801
496.213
491.568
486.874
482.13
477.334
472.488
467.574
462.589
457.578
452.561
447.445
442.171
436.864
431.657
426.49
421.251
415.956
410.617
405.065
399.25
393.332
387.029
379.735
371.385
362.746
355.81
352.424
351.346
349.614
345.945
340.835
335.337
330.029
324.664
319.085
313.634
308.095
907.362
904.567
901.766
898.965
896.164
893.365
890.568
887.775
884.985
882.199
879.418
876.642
873.873
871.11
868.355
865.609
862.874
860.151
857.441
854.745
852.065
849.401
846.751
844.115
841.493
838.883
836.285
833.7
831.127
828.568
826.023
823.491
820.971
818.462
815.961
813.467
810.977
808.488
805.999
803.506
801.006
798.499
795.983
793.462
790.934
788.398
785.851
783.292
780.721
778.141
775.554
772.961
770.36
767.75
765.129
762.493
759.835
757.14
754.384
751.528
748.526
745.328
741.916
738.282
734.426
730.506
726.852
723.747
721.262
719.262
717.403
715.373
713.037
710.341
707.404
704.329
701.122
697.35
691.788
683.724
674.427
666.71
663.43
665.505
670.875
676.025
679.21
679.412
676.323
673.09
671.428
670.912
671.86
672.479
669.943
663.454
655.379
648.914
643.17
634.905
622.847
607.765
590.895
573.966
559.017
547.719
541.106
539.526
542.667
549.608
559.004
569.366
579.344
587.914
594.422
598.558
600.349
600.109
598.328
595.513
592.064
588.254
584.252
580.164
576.058
571.967
567.904
563.869
559.86
555.865
551.867
547.85
543.802
539.715
535.585
531.411
527.19
522.922
518.604
514.234
509.811
505.334
500.804
496.215
491.568
486.872
482.129
477.337
472.495
467.582
462.593
457.587
452.588
447.482
442.189
436.863
431.672
426.54
421.325
416.062
410.757
405.21
399.382
393.45
387.151
379.85
371.447
362.798
355.916
352.552
351.464
349.736
346.047
340.914
335.411
330.098
324.725
319.166
313.747
308.226
907.511
904.709
901.906
899.102
896.3
893.499
890.703
887.911
885.125
882.346
879.574
876.809
874.05
871.299
868.553
865.813
863.081
860.356
857.641
854.939
852.25
849.577
846.919
844.277
841.649
839.035
836.433
833.844
831.266
828.699
826.144
823.6
821.066
818.542
816.027
813.52
811.018
808.519
806.021
803.523
801.021
798.516
796.004
793.487
790.962
788.429
785.889
783.34
780.785
778.225
775.66
773.091
770.52
767.946
765.371
762.795
760.211
757.609
754.96
752.215
749.299
746.086
742.519
738.566
734.281
730.001
726.198
723.208
721.074
719.606
718.296
716.667
714.39
711.456
708.446
705.867
703.609
700.523
694.495
684.59
672.605
662.006
657.318
660.476
668.202
675.569
680.78
682.028
677.586
671.964
669.772
669.581
670.181
670.664
667.857
660.895
653.271
648.332
645.101
639.199
628.49
614.024
597.377
580.286
564.866
552.968
545.75
543.619
546.265
552.757
561.739
571.716
581.325
589.523
595.656
599.444
600.961
600.537
598.641
595.75
592.245
588.389
584.343
580.214
576.075
571.969
567.903
563.868
559.859
555.863
551.865
547.85
543.804
539.719
535.59
531.416
527.196
522.928
518.61
514.24
509.815
505.338
500.807
496.216
491.569
486.873
482.131
477.341
472.502
467.588
462.595
457.6
452.619
447.508
442.192
436.857
431.685
426.579
421.385
416.142
410.849
405.294
399.45
393.515
387.226
379.947
371.552
362.948
356.137
352.769
351.607
349.819
346.096
340.961
335.468
330.152
324.769
319.232
313.832
308.323
907.601
904.815
902.025
899.232
896.439
893.646
890.854
888.066
885.282
882.503
879.73
876.962
874.201
871.446
868.696
865.953
863.217
860.489
857.772
855.069
852.379
849.705
847.045
844.398
841.764
839.14
836.526
833.923
831.33
828.75
826.183
823.629
821.088
818.559
816.039
813.528
811.024
808.525
806.027
803.529
801.028
798.522
796.012
793.498
790.979
788.455
785.924
783.385
780.841
778.293
775.742
773.193
770.646
768.104
765.57
763.048
760.533
758.026
755.494
752.901
750.145
747.035
743.378
738.911
733.872
729.029
725.028
722.193
720.54
719.711
719.038
718.064
715.874
712.387
708.889
706.567
705.624
703.361
696.911
686.235
673.34
661.256
654.992
657.921
666.434
674.601
680.726
682.731
678.737
672.834
669.688
669.428
670.352
670.555
667.098
660.03
653.134
649.241
647.214
642.853
633.411
619.455
602.718
585.252
569.314
556.881
549.185
546.637
548.91
555.058
563.721
573.396
582.711
590.616
596.465
600.002
601.325
600.774
598.802
595.864
592.327
588.445
584.383
580.241
576.09
571.973
567.901
563.866
559.858
555.865
551.87
547.856
543.81
539.725
535.597
531.423
527.202
522.934
518.616
514.244
509.818
505.34
500.809
496.218
491.57
486.875
482.134
477.346
472.508
467.591
462.594
457.609
452.652
447.542
442.187
436.831
431.688
426.615
421.429
416.184
410.88
405.316
399.478
393.544
387.257
380.009
371.661
363.128
356.388
353.001
351.739
349.87
346.114
340.987
335.51
330.191
324.802
319.286
313.892
308.391
907.684
904.884
902.083
899.28
896.479
893.68
890.888
888.103
885.326
882.558
879.797
877.042
874.291
871.543
868.795
866.049
863.305
860.567
857.84
855.128
852.432
849.756
847.097
844.453
841.822
839.202
836.588
833.982
831.383
828.792
826.213
823.648
821.096
818.559
816.035
813.522
811.016
808.516
806.02
803.524
801.027
798.525
796.017
793.505
790.987
788.464
785.936
783.405
780.871
778.336
775.801
773.269
770.743
768.226
765.728
763.25
760.799
758.382
755.965
753.554
750.995
748.152
744.66
739.625
733.547
727.909
723.576
720.833
719.704
719.538
719.361
719.18
717.172
712.992
708.936
706.309
706.065
704.124
697.255
687.071
674.958
663.181
656.509
658.409
666.17
674.337
680.034
681.582
678.432
673.82
671.057
670.709
671.461
671.174
667.188
660.259
653.887
650.168
648.197
644.761
636.713
623.7
606.983
588.966
572.447
559.535
551.469
548.626
550.643
556.559
565.005
574.471
583.58
591.283
596.939
600.31
601.506
600.872
598.856
595.9
592.356
588.465
584.391
580.243
576.092
571.977
567.907
563.873
559.865
555.871
551.875
547.86
543.814
539.729
535.601
531.426
527.205
522.937
518.618
514.246
509.819
505.342
500.811
496.22
491.571
486.876
482.136
477.35
472.513
467.591
462.59
457.614
452.672
447.568
442.198
436.817
431.674
426.626
421.452
416.191
410.874
405.314
399.487
393.549
387.258
380.035
371.742
363.283
356.606
353.198
351.84
349.897
346.117
341.002
335.537
330.217
324.829
319.328
313.928
308.436
907.719
904.928
902.131
899.329
896.526
893.724
890.928
888.138
885.359
882.591
879.833
877.083
874.341
871.601
868.861
866.119
863.376
860.635
857.902
855.181
852.478
849.794
847.13
844.483
841.85
839.228
836.613
834.004
831.4
828.803
826.216
823.641
821.082
818.538
816.01
813.495
810.99
808.493
805.999
803.506
801.011
798.514
796.011
793.501
790.985
788.465
785.94
783.413
780.885
778.359
775.835
773.316
770.807
768.31
765.841
763.394
760.995
758.646
756.319
754.077
751.664
749.157
746.009
740.608
733.669
727.271
722.561
719.859
719.114
719.422
719.522
719.63
717.754
713.157
708.971
706.361
705.255
703.092
696.858
687.499
676.207
665.401
658.967
659.995
666.667
674.204
679.436
680.744
678.159
674.359
672.008
671.662
672.24
671.74
667.642
660.852
654.705
650.552
648.16
645.075
637.935
626.124
609.993
591.535
574.454
561.137
552.801
549.763
551.62
557.395
565.711
575.052
584.037
591.618
597.163
600.439
601.565
600.887
598.851
595.888
592.344
588.459
584.391
580.248
576.098
571.983
567.912
563.878
559.87
555.875
551.879
547.863
543.817
539.732
535.603
531.428
527.207
522.938
518.62
514.247
509.82
505.343
500.812
496.221
491.572
486.876
482.136
477.351
472.515
467.592
462.59
457.616
452.679
447.573
442.199
436.82
431.679
426.623
421.445
416.188
410.87
405.309
399.487
393.544
387.245
380.037
371.787
363.386
356.754
353.328
351.9
349.905
346.115
341.008
335.549
330.233
324.851
319.356
313.939
308.458
907.736
904.944
902.145
899.342
896.539
893.739
890.946
888.163
885.391
882.629
879.876
877.129
874.383
871.637
868.889
866.139
863.389
860.645
857.91
855.191
852.491
849.811
847.15
844.505
841.872
839.249
836.631
834.019
831.411
828.811
826.22
823.641
821.077
818.53
815.997
813.479
810.973
808.476
805.984
803.494
801.004
798.51
796.01
793.502
790.988
788.469
785.946
783.421
780.895
778.371
775.85
773.337
770.833
768.345
765.888
763.453
761.085
758.753
756.49
754.303
751.954
749.631
746.48
741.173
734.237
727.471
722.401
719.611
718.935
719.302
719.569
719.535
717.458
713.035
709.133
706.695
705.164
702.586
696.548
687.566
676.668
666.346
660.262
661.022
667.14
674.345
679.33
680.457
678.041
674.547
672.352
672.003
672.522
672.004
667.996
661.363
655.3
650.73
647.963
644.846
637.911
626.798
611.307
592.801
575.419
561.875
553.389
550.236
552.008
557.723
565.981
575.267
584.198
591.729
597.227
600.465
601.564
600.871
598.83
595.871
592.333
588.453
584.39
580.249
576.101
571.987
567.915
563.881
559.872
555.878
551.88
547.864
543.818
539.733
535.604
531.429
527.208
522.939
518.62
514.248
509.821
505.343
500.812
496.221
491.572
486.876
482.137
477.352
472.514
467.591
462.592
457.619
452.679
447.57
442.198
436.821
431.677
426.622
421.447
416.19
410.867
405.304
399.484
393.539
387.233
380.03
371.802
363.432
356.822
353.386
351.924
349.904
346.11
341.009
335.554
330.239
324.86
319.368
313.941
308.461
323.924
317.799
310.343
301.944
292.887
282.998
271.808
259.649
247.156
234.369
223.91
215.389
202.291
185.829
171.36
159.181
147.464
134.325
119.31
102.666
85.2178
67.7581
50.5014
33.0187
12.9973
323.24
317.053
309.682
301.367
292.34
282.44
271.219
259.002
246.582
233.755
222.626
213.587
200.95
185.262
170.985
158.884
147.239
134.096
119.046
102.371
84.9221
67.4828
50.2323
32.7741
12.7622
322.399
316.163
308.887
300.685
291.696
281.779
270.581
258.364
245.845
232.956
221.247
211.498
199.411
184.526
170.485
158.584
147.051
133.91
118.81
102.076
84.6071
67.1774
49.9216
32.5124
12.5644
321.458
315.174
307.955
299.835
290.876
280.948
269.784
257.556
244.913
231.866
219.6
209.326
197.715
183.533
169.963
158.337
146.92
133.775
118.593
101.773
84.2775
66.856
49.578
32.233
12.3967
320.449
314.125
306.95
298.891
289.941
279.988
268.862
256.675
243.885
230.591
217.902
207.183
195.852
182.371
169.451
158.182
146.866
133.69
118.389
101.46
83.942
66.5313
49.2179
31.9386
12.2576
319.385
313.047
305.919
297.931
288.978
278.953
267.834
255.717
242.766
229.18
216.143
205.04
193.891
181.134
168.917
158.065
146.863
133.639
118.188
101.138
83.6028
66.208
48.854
31.6356
12.1436
318.268
311.94
304.859
296.949
288.021
277.901
266.72
254.665
241.592
227.698
214.31
202.879
191.882
179.827
168.307
157.899
146.849
133.586
117.975
100.8
83.2597
65.8888
48.4921
31.3266
12.0529
317.1
310.81
303.774
295.919
287.043
276.834
265.514
253.468
240.322
226.131
212.416
200.749
189.865
178.437
167.601
157.634
146.755
133.483
117.731
100.444
82.9122
65.5759
48.1366
31.0132
11.9834
315.887
309.657
302.668
294.832
285.991
275.708
264.187
252.052
238.842
224.393
210.447
198.674
187.876
176.984
166.815
157.255
146.544
133.294
117.44
100.065
82.5592
65.2724
47.7921
30.6991
11.9324
314.648
308.488
301.54
293.675
284.819
274.469
262.715
250.373
237.065
222.389
208.347
196.582
185.923
175.485
165.955
156.769
146.209
133.002
117.092
99.6644
82.2029
64.9836
47.4643
30.3896
11.8964
313.404
307.307
300.38
292.438
283.496
273.071
261.092
248.454
234.948
220.061
206.047
194.388
183.968
173.938
165.017
156.193
145.77
132.611
116.691
99.2499
81.8492
64.7158
47.1607
30.0904
11.8706
312.163
306.099
299.165
291.117
282.029
271.49
259.322
246.363
232.502
217.403
203.487
192.05
181.953
172.328
164.004
155.552
145.256
132.149
116.255
98.8381
81.5091
64.4771
46.8908
29.8079
11.8497
310.924
304.848
297.864
289.714
280.467
269.769
257.445
244.176
229.811
214.451
200.642
189.564
179.837
170.654
162.927
154.869
144.703
131.651
115.818
98.454
81.2001
64.2767
46.6658
29.5492
11.828
309.69
303.56
296.478
288.237
278.865
267.996
255.518
241.943
226.99
211.277
197.539
186.929
177.609
168.92
161.8
154.16
144.138
131.161
115.421
98.129
80.9444
64.125
46.4968
29.3224
11.8008
308.462
302.256
295.052
286.724
277.26
266.235
253.579
239.668
224.093
207.932
194.236
184.156
175.289
167.134
160.63
153.434
143.59
130.72
115.102
97.8973
80.7666
64.033
46.3932
29.1352
11.7645
307.249
300.96
293.635
285.223
275.682
264.506
251.634
237.334
221.103
204.422
190.781
181.27
172.91
165.306
159.426
152.706
143.081
130.362
114.897
97.7897
80.6906
64.0119
46.3619
28.9942
11.7168
306.074
299.696
292.263
283.768
274.149
262.817
249.681
234.93
217.998
200.747
187.206
178.307
170.511
163.46
158.204
151.989
142.632
130.112
114.83
97.8283
80.7351
64.0718
46.4067
28.9043
11.6572
304.961
298.492
290.965
282.385
272.672
261.168
247.72
232.45
214.773
196.937
183.541
175.309
168.132
161.625
156.986
151.302
142.262
129.983
114.911
98.0224
80.9114
64.2202
46.5281
28.8685
11.5863
303.931
297.371
289.761
281.089
271.258
259.558
245.751
229.892
211.433
193.033
179.833
172.323
165.812
159.838
155.798
150.66
141.985
129.979
115.137
98.3674
81.2213
64.461
46.7236
28.8877
11.5063
303.001
296.348
288.661
279.89
269.912
257.99
243.779
227.264
207.998
189.083
176.14
169.399
163.592
158.135
154.664
150.08
141.807
130.095
115.492
98.8466
81.6576
64.7938
46.9884
28.9611
11.4201
302.181
295.434
287.67
278.79
268.643
256.476
241.822
224.59
204.512
185.154
172.531
166.591
161.507
156.549
153.61
149.576
141.733
130.32
115.952
99.4359
82.2057
65.2135
47.3159
29.0858
11.3316
301.475
294.634
286.791
277.792
267.458
255.031
239.908
221.912
201.035
181.325
169.08
163.955
159.597
155.114
152.661
149.161
141.759
130.639
116.494
100.108
82.8465
65.7117
47.6985
29.2575
11.2445
300.884
293.948
286.021
276.898
266.368
253.675
238.07
219.276
197.639
177.684
165.867
161.549
157.903
153.865
151.845
148.847
141.883
131.039
117.096
100.84
83.5595
66.2772
48.1279
29.4706
11.1627
300.403
293.372
285.358
276.108
265.382
252.427
236.345
216.742
194.398
174.318
162.97
159.429
156.462
152.835
151.183
148.647
142.102
131.511
117.743
101.609
84.3245
66.8971
48.5961
29.719
11.0893
300.026
292.903
284.8
275.422
264.508
251.304
234.767
214.375
191.387
171.315
160.461
157.644
155.302
152.048
150.69
148.566
142.415
132.05
118.426
102.401
85.1234
67.5587
49.0954
29.9963
11.0272
299.745
292.532
284.34
274.84
263.747
250.319
233.361
212.24
188.697
168.75
158.405
156.235
154.445
151.523
150.381
148.607
142.817
132.651
119.138
103.204
85.9401
68.2491
49.6188
30.2961
10.9781
299.549
292.252
283.973
274.361
263.105
249.481
232.156
210.397
186.427
166.7
156.853
155.226
153.906
151.268
150.265
148.769
143.304
133.308
119.873
104.008
86.7616
68.9577
50.1598
30.6135
10.9433
299.415
292.03
283.66
273.945
262.537
248.737
231.098
208.758
184.473
165.082
155.756
154.575
153.666
151.284
150.346
149.07
143.923
134.089
120.705
104.889
87.6588
69.7463
50.7683
30.9776
10.9225
299.348
291.876
283.419
273.62
262.1
248.182
230.344
207.554
183.092
164.172
155.385
154.483
153.854
151.657
150.696
149.553
144.694
135.001
121.635
105.836
88.619
70.6068
51.4423
31.3884
10.9241
299.335
291.779
283.249
273.404
261.834
247.885
230
206.976
182.511
164.122
155.807
154.989
154.461
152.349
151.279
150.175
145.544
135.959
122.583
106.769
89.5581
71.4623
52.1214
31.8066
10.9486
299.336
291.698
283.117
273.272
261.726
247.85
230.077
207.039
182.743
164.912
156.968
156.039
155.439
153.309
152.053
150.906
146.45
136.951
123.543
107.686
90.4767
72.3111
52.8012
32.2275
10.9944
299.305
291.582
282.98
273.196
261.763
248.072
230.581
207.742
183.786
166.483
158.781
157.562
156.726
154.475
152.97
151.72
147.399
137.971
124.514
108.589
91.3767
73.1532
53.4787
32.6486
11.0599
299.179
291.368
282.8
273.159
261.944
248.543
231.495
209.085
185.609
168.744
161.136
159.47
158.246
155.776
153.979
152.598
148.388
139.014
125.49
109.478
92.26
73.9888
54.1521
33.0683
11.1433
298.88
290.987
282.545
273.161
262.28
249.267
232.791
211.033
188.122
171.589
163.921
161.666
159.929
157.158
155.053
153.532
149.408
140.069
126.46
110.35
93.1287
74.8182
54.8204
33.485
11.242
298.327
290.372
282.203
273.227
262.796
250.26
234.439
213.509
191.196
174.904
167.017
164.052
161.708
158.591
156.191
154.527
150.451
141.119
127.414
111.203
93.9843
75.6423
55.4826
33.8974
11.3533
297.458
289.469
281.776
273.399
263.523
251.54
236.412
216.434
194.714
178.568
170.29
166.536
163.531
160.054
157.385
155.582
151.509
142.151
128.336
112.033
94.8288
76.4626
56.138
34.3045
11.4745
296.3
288.298
281.312
273.742
264.49
253.103
238.679
219.723
198.553
182.431
173.597
169.035
165.362
161.538
158.629
156.687
152.565
143.137
129.208
112.841
95.6653
77.2799
56.7851
34.7062
11.6038
295.079
287.076
280.964
274.348
265.724
254.912
241.178
223.253
202.604
186.362
176.814
171.481
167.187
163.07
159.982
157.863
153.589
144.039
130.023
113.63
96.4973
78.0932
57.4218
35.1027
11.7398
294.228
286.306
281.057
275.322
267.23
256.909
243.815
226.883
206.842
190.301
179.909
173.843
169.011
164.69
161.488
159.106
154.533
144.836
130.793
114.409
97.3314
78.8988
58.0449
35.4939
11.8822
294.165
286.568
281.961
276.729
268.957
259.002
246.476
230.472
211.238
194.261
182.954
176.124
170.823
166.343
163.022
160.298
155.344
145.53
131.525
115.19
98.176
79.6902
58.6499
35.88
12.0317
294.979
288.043
283.751
278.504
270.786
261.076
249.048
233.893
215.632
198.274
186.032
178.331
172.582
167.907
164.391
161.303
156
146.132
132.231
115.993
99.0392
80.4563
59.2313
36.2618
12.1898
296.406
290.288
286.002
280.427
272.587
263.026
251.444
237.051
219.788
202.343
189.19
180.487
174.251
169.313
165.528
162.097
156.53
146.663
132.929
116.837
99.9203
81.1831
59.7869
36.6407
12.3581
298.015
292.48
287.992
282.149
274.211
264.727
253.505
239.759
223.37
206.219
192.314
182.588
175.767
170.522
166.455
162.73
156.961
147.122
133.598
117.68
100.759
81.8321
60.2952
37.0013
12.5303
299.405
294.097
289.405
283.508
275.586
266.141
255.159
241.926
226.236
209.564
195.202
184.62
177.146
171.576
167.255
163.273
157.322
147.522
134.2
118.443
101.486
82.3816
60.7393
37.3277
12.6981
300.422
295.179
290.392
284.552
276.721
267.32
256.484
243.631
228.485
212.273
197.728
186.544
178.463
172.557
168.002
163.777
157.644
147.88
134.719
119.093
102.091
82.847
61.1269
37.6221
12.8609
301.095
295.923
291.098
285.31
277.616
268.303
257.568
244.973
230.235
214.389
199.812
188.235
179.687
173.463
168.693
164.239
157.932
148.194
135.153
119.629
102.591
83.2448
61.4669
37.8884
13.0187
301.576
296.478
291.586
285.81
278.288
269.12
258.481
246.048
231.598
216.022
201.459
189.614
180.733
174.244
169.29
164.636
158.184
148.465
135.515
120.071
103.006
83.5873
61.7666
38.1297
13.171
301.967
296.907
291.914
286.114
278.768
269.79
259.266
246.935
232.67
217.287
202.738
190.7
181.569
174.876
169.772
164.96
158.399
148.699
135.82
120.438
103.355
83.8839
62.0318
38.3488
13.3175
302.293
297.246
292.142
286.289
279.095
270.328
259.942
247.685
233.531
218.275
203.731
191.549
182.224
175.373
170.151
165.218
158.58
148.899
136.078
120.743
103.648
84.1419
62.2673
38.5479
13.458
302.571
297.529
292.316
286.391
279.307
270.749
260.516
248.327
234.236
219.055
204.507
192.212
182.738
175.762
170.446
165.423
158.732
149.071
136.295
120.999
103.898
84.3674
62.4771
38.7292
13.5923
302.818
297.775
292.459
286.463
279.448
271.074
260.995
248.873
234.821
219.681
205.117
192.731
183.14
176.066
170.676
165.585
158.861
149.218
136.48
121.215
104.11
84.5649
62.6642
38.8941
13.72
303.049
297.994
292.583
286.528
279.552
271.327
261.391
249.331
235.304
220.186
205.602
193.139
183.454
176.303
170.854
165.712
158.971
149.345
136.638
121.397
104.293
84.7383
62.8311
39.0439
13.8412
303.265
298.189
292.696
286.598
279.642
271.52
261.708
249.713
235.705
220.595
205.987
193.459
183.698
176.485
170.99
165.813
159.065
149.454
136.773
121.552
104.45
84.8908
62.9802
39.18
13.9558
303.458
298.359
292.802
286.681
279.731
271.664
261.94
250.016
236.036
220.93
206.297
193.712
183.888
176.626
171.094
165.893
159.147
149.549
136.89
121.684
104.584
85.0249
63.1133
39.3037
14.0638
303.622
298.503
292.906
286.775
279.825
271.776
262.1
250.237
236.297
221.201
206.545
193.911
184.034
176.732
171.173
165.956
159.217
149.632
136.991
121.797
104.7
85.1433
63.2323
39.4163
14.1658
303.748
298.621
293.007
286.872
279.918
271.874
262.222
250.397
236.492
221.406
206.736
194.062
184.143
176.81
171.23
166.004
159.276
149.704
137.078
121.893
104.801
85.2484
63.3396
39.5204
14.2639
303.835
298.71
293.091
286.957
280.005
271.966
262.327
250.526
236.635
221.557
206.873
194.17
184.219
176.864
171.27
166.042
159.328
149.767
137.153
121.976
104.889
85.3416
63.4361
39.6162
14.3576
)
;

boundaryField
{
    inlet
    {
        type            zeroGradient;
    }
    outlet
    {
        type            fixedValue;
        value           uniform 0;
    }
    upperWall
    {
        type            zeroGradient;
    }
    lowerWall
    {
        type            zeroGradient;
    }
    frontAndBack
    {
        type            empty;
    }
}


// ************************************************************************* //
