/*--------------------------------*- C++ -*----------------------------------*\
  =========                 |
  \\      /  F ield         | OpenFOAM: The Open Source CFD Toolbox
   \\    /   O peration     | Website:  https://openfoam.org
    \\  /    A nd           | Version:  6
     \\/     M anipulation  |
\*---------------------------------------------------------------------------*/
FoamFile
{
    version     2.0;
    format      ascii;
    class       volScalarField;
    location    "0.3";
    object      nut;
}
// * * * * * * * * * * * * * * * * * * * * * * * * * * * * * * * * * * * * * //

dimensions      [0 2 -1 0 0 0 0];

internalField   nonuniform List<scalar> 
12225
(
1.43477e-09
0
0
0
0
0
0
0
0
0
0
0
0
0
0
0
0
3.09094e-09
5.92518e-10
0
0
0
0
0
0
0
0
0
0
0
0
0
0
0
0
0
8.53427e-10
0
0
1.62071e-11
2.82322e-11
0
0
0
0
0
0
6.53628e-11
3.05059e-10
1.41368e-10
1.72309e-10
0
0
0
0
0
3.27034e-10
4.24612e-09
2.45044e-09
0
0
0
0
0
0
5.16944e-11
7.82537e-10
0
3.00619e-10
0
5.24963e-10
0
0
0
0
0
0
0
0
0
0
0
1.75567e-08
3.93468e-08
2.5773e-08
1.3594e-10
0
0
0
0
2.68263e-09
0
0
0
0
0
0
0
0
2.763e-09
1.94876e-07
2.58484e-07
2.17322e-07
9.21815e-08
0
0
0
0
5.11364e-07
0
2.47379e-07
0
0
0
0
0
0
6.2417e-08
2.04922e-07
3.02467e-07
3.06473e-07
1.49453e-07
7.57023e-08
8.4432e-09
0
0
8.23682e-07
0
0
0
0
0
0
0
0
0
0
0
0
2.14434e-08
1.2549e-07
1.32145e-07
8.41295e-08
1.81812e-08
1.75337e-06
0
0
0
2.6296e-07
5.04852e-08
0
0
0
0
0
0
0
0
5.29313e-08
9.08009e-08
9.19895e-08
5.20268e-08
1.80275e-06
1.25257e-06
0
6.45888e-07
6.58581e-07
0
0
0
0
0
0
0
0
0
0
0
0
0
1.35916e-06
5.1093e-08
0
4.18839e-07
2.07373e-07
0
0
0
0
0
0
0
0
0
0
0
0
0
9.49222e-07
1.30986e-07
0
0
0
1.19259e-07
5.06293e-08
0
0
0
0
0
0
0
0
0
0
0
8.51639e-07
0
0
0
0
0
5.51248e-08
0
0
0
0
0
0
0
0
5.80781e-08
1.21477e-07
2.37257e-07
0
0
0
0
0
0
0
0
0
0
0
0
0
4.97029e-08
4.63926e-07
5.48921e-07
5.43857e-07
5.47262e-07
0
0
0
0
0
0
0
0
0
0
0
0
1.33989e-08
3.97673e-07
6.87125e-07
7.80238e-07
6.89025e-07
4.82799e-07
0
0
0
0
0
0
0
0
0
1.25441e-07
7.74246e-07
3.07757e-07
0
0
1.88452e-07
3.45514e-07
1.93084e-07
0
0
0
0
0
0
0
0
0
4.94097e-07
1.11984e-06
1.09352e-06
1.84343e-07
0
0
0
0
0
0
4.53359e-07
7.36535e-07
0
0
0
0
3.63424e-08
0
0
0
0
0
0
0
0
0
0
0
1.43268e-06
1.52463e-06
6.457e-07
1.3782e-07
0
0
0
5.16306e-07
0
0
0
0
0
0
5.70714e-08
2.83487e-07
2.34948e-07
1.28444e-07
7.87943e-07
3.17842e-07
0
7.45324e-07
5.83738e-07
4.55037e-07
1.79859e-07
2.00022e-07
0
0
0
0
9.67149e-07
2.12994e-06
1.23814e-06
6.33601e-07
3.28681e-07
2.02577e-07
3.13416e-07
8.1584e-08
0
4.92128e-07
3.03376e-07
2.05118e-07
0
0
0
0
0
2.43219e-08
1.27862e-06
0
0
0
0
0
2.42232e-07
2.28197e-07
1.62602e-07
3.59954e-07
1.25198e-07
0
0
7.0058e-08
7.04548e-07
7.69022e-07
6.60447e-07
8.72747e-07
5.64038e-07
0
0
0
0
0
2.29683e-07
4.84656e-07
7.80857e-07
5.66965e-07
0
3.84828e-08
1.25385e-07
6.58722e-08
4.39224e-07
6.90838e-07
7.96392e-07
8.0692e-07
3.27374e-07
0
0
0
0
0
2.52364e-07
5.24494e-07
9.01453e-07
8.15659e-07
0
0
1.5737e-07
0
0
0
0
9.06927e-08
0
0
0
0
0
0
2.33259e-07
6.04812e-07
1.05567e-06
4.70633e-07
2.7528e-09
0
1.40348e-07
5.31932e-07
9.05621e-07
9.74168e-07
1.42673e-06
1.1981e-06
4.88165e-08
0
0
0
0
0
0
0
1.15861e-07
1.91446e-07
2.91407e-08
1.91866e-07
5.30267e-07
1.54899e-06
2.40981e-06
2.61178e-06
1.9828e-06
9.13031e-07
3.0325e-07
0
0
0
0
5.65079e-08
0
0
0
0
0
0
0
0
0
0
0
0
0
0
0
0
0
0
0
0
0
0
0
0
0
0
0
0
0
0
4.46211e-11
1.91672e-10
2.19721e-11
0
0
0
0
0
0
0
4.16948e-11
4.20606e-10
1.27378e-10
0
0
0
0
0
0
0
0
0
0
0
0
0
0
0
1.07435e-09
2.46086e-09
1.31741e-09
0
0
0
0
0
0
0
0
0
0
0
0
9.71953e-06
2.6545e-05
3.31212e-05
3.00548e-05
1.98003e-05
7.24536e-06
1.39627e-06
9.21668e-06
2.28772e-05
2.81043e-05
2.55553e-05
2.1792e-05
1.98192e-05
1.86832e-05
1.65357e-05
1.28457e-05
8.55293e-06
4.78482e-06
2.22008e-06
8.09523e-07
1.51935e-07
0
0
0
0
0
0
0
0
0
0
0
0
0
0
0
0
9.13608e-07
1.66911e-06
3.14847e-07
0
0
0
0
0
0
0
0
0
0
0
0
0
0
0
1.47382e-06
3.1921e-06
0
0
0
0
1.20253e-05
9.82802e-06
2.80354e-06
0
0
0
1.81875e-06
4.57562e-06
5.31505e-06
0
0
6.40596e-05
0.000122173
0.000126107
5.50617e-05
9.02249e-06
2.02469e-06
1.03716e-06
9.14696e-07
8.0964e-07
6.80253e-07
5.50775e-07
4.54894e-07
3.82927e-07
3.32193e-07
2.9663e-07
2.73265e-07
2.58844e-07
2.49098e-07
2.43988e-07
2.42777e-07
2.43443e-07
2.4182e-07
2.3557e-07
2.20024e-07
1.88595e-07
1.39343e-07
7.33084e-08
0
0
0
0
0
0
0
0
0
0
0
0
0
0
0
0
0
0
0
0
0
0
0
0
0
0
0
0
0
0
1.365e-07
4.81631e-07
6.9189e-07
5.92954e-07
0
0
0
0
2.55331e-06
9.05247e-06
3.20556e-06
3.05845e-07
5.18156e-06
1.32245e-05
1.9008e-05
2.48144e-05
1.55811e-05
3.99369e-06
1.61984e-06
9.76697e-07
6.36818e-07
3.80311e-07
1.66075e-07
0
0
0
0
0
0
0
0
0
0
0
0
0
0
0
0
0
0
0
0
0
0
0
0
0
0
3.19759e-07
0
0
0
1.0825e-05
1.39765e-05
0
0
0
9.75667e-06
2.1663e-05
2.23266e-05
1.68106e-05
1.12778e-05
6.78382e-06
4.24777e-06
3.05629e-06
2.25408e-06
1.29571e-06
2.10294e-07
0
0
0
0
0
0
0
0
0
0
0
0
0
0
0
3.34902e-07
9.27763e-07
1.6946e-06
2.65115e-06
3.60469e-06
4.00933e-06
3.32451e-06
1.29586e-06
0
0
0
0
0
0
0
0
0
0
0
0
0
0
0
0
0
0
0
0
0
7.6244e-06
5.9152e-06
0
0
0
0
3.49319e-06
6.08313e-06
0
5.95512e-06
2.85337e-05
3.21366e-05
2.92589e-05
1.54267e-05
4.8631e-06
1.45043e-06
1.03346e-06
1.09359e-06
1.00137e-06
8.40196e-07
6.84319e-07
5.63989e-07
4.72016e-07
4.07246e-07
3.62404e-07
3.31661e-07
3.10916e-07
2.97742e-07
2.9053e-07
2.88039e-07
2.88725e-07
2.90258e-07
2.88103e-07
2.75804e-07
2.45428e-07
1.90299e-07
1.0578e-07
0
0
0
0
0
0
0
0
0
0
0
0
0
0
0
0
0
0
0
0
0
0
0
0
0
0
0
0
0
0
2.71002e-08
2.28148e-07
3.49614e-07
2.06563e-07
0
0
0
0
0
4.17662e-07
2.82405e-06
3.67356e-06
1.41779e-05
2.90784e-05
3.13695e-05
2.50323e-05
1.51439e-05
7.63088e-06
3.80447e-06
2.17535e-06
1.31994e-06
7.62869e-07
3.51225e-07
2.17876e-08
0
0
0
0
0
0
0
0
0
0
0
0
0
0
0
0
0
0
0
0
0
0
0
0
0
1.42819e-07
0
0
0
0
0
0
0
5.11576e-06
3.59777e-06
9.9052e-07
0
1.20204e-06
1.75962e-06
3.94869e-07
0
0
0
0
0
0
0
0
0
0
0
0
2.64119e-07
5.97185e-07
9.37792e-07
1.29972e-06
1.68054e-06
2.07307e-06
2.48302e-06
2.92872e-06
3.38061e-06
3.81154e-06
4.19702e-06
4.51529e-06
4.71581e-06
4.76248e-06
4.69779e-06
4.52619e-06
4.09167e-06
3.17445e-06
1.75133e-06
4.35157e-08
0
0
0
0
0
0
0
0
0
0
0
0
0
0
0
0
0
0
7.51704e-06
2.91219e-06
0
0
0
0
0
0
0
4.71638e-06
4.42837e-06
3.36409e-06
2.65856e-06
8.77017e-07
2.0622e-09
1.26457e-06
2.8665e-06
3.39931e-06
3.13236e-06
2.60465e-06
2.14805e-06
1.79162e-06
1.52977e-06
1.34051e-06
1.21275e-06
1.12745e-06
1.05977e-06
1.01653e-06
9.87428e-07
9.58426e-07
9.25976e-07
8.76566e-07
7.93752e-07
6.67483e-07
4.88727e-07
2.66043e-07
1.93623e-08
0
0
0
0
0
0
0
0
0
0
0
0
0
0
0
0
0
0
0
0
0
0
0
0
0
0
0
0
0
0
0
2.13302e-08
0
0
0
0
0
0
0
1.39155e-06
1.71649e-05
3.41468e-05
3.13553e-05
1.94997e-05
1.32996e-05
1.03482e-05
9.27199e-06
8.5344e-06
6.73487e-06
4.3224e-06
2.415e-06
1.13778e-06
2.63843e-07
0
0
0
0
0
0
0
0
0
0
0
0
0
0
0
0
0
0
0
0
0
0
0
0
0
0
0
0
0
0
0
0
0
0
0
0
0
0
0
0
0
0
0
0
0
0
0
0
0
0
0
0
0
0
1.25077e-08
4.34894e-07
8.21189e-07
1.15538e-06
1.42987e-06
1.64455e-06
1.82487e-06
1.99239e-06
2.16499e-06
2.35708e-06
2.57458e-06
2.82338e-06
3.11078e-06
3.47232e-06
3.8872e-06
4.29907e-06
4.64495e-06
4.93542e-06
5.16657e-06
5.16278e-06
4.45143e-06
3.30967e-06
2.83523e-06
2.45875e-06
1.0449e-06
0
0
0
0
0
0
0
0
0
0
0
0
0
0
0
0
0
0
0
0
0
0
0
0
0
0
0
1.26658e-06
1.50308e-06
1.15308e-06
8.49026e-07
7.1454e-07
6.69092e-07
6.67354e-07
6.72367e-07
6.83846e-07
7.0858e-07
7.3969e-07
7.83785e-07
8.53128e-07
9.52642e-07
1.10419e-06
1.32388e-06
1.54887e-06
1.59238e-06
1.24086e-06
4.81076e-07
0
0
0
0
0
0
0
0
0
0
0
0
0
0
0
0
0
0
0
0
0
0
0
0
0
0
0
0
0
0
0
0
0
0
0
0
0
0
0
0
1.08162e-05
1.3035e-05
1.19003e-05
1.00773e-05
8.32614e-06
7.7849e-06
7.5761e-06
7.26827e-06
6.71248e-06
5.72994e-06
4.21844e-06
1.64734e-06
0
0
1.12715e-06
0
0
0
0
0
0
0
0
0
0
0
0
0
0
0
0
0
0
0
0
0
0
0
0
0
4.41454e-07
1.06121e-06
0
0
0
0
0
0
4.66099e-07
0
0
0
0
0
0
0
0
0
0
0
0
0
0
0
0
0
0
0
2.19548e-07
5.70629e-07
8.56362e-07
1.05284e-06
1.1598e-06
1.22616e-06
1.23308e-06
1.20108e-06
1.18124e-06
1.16481e-06
1.16557e-06
1.21605e-06
1.30427e-06
1.4324e-06
1.60666e-06
1.83682e-06
2.17372e-06
2.75859e-06
3.72466e-06
4.68112e-06
4.95823e-06
4.33556e-06
3.64715e-06
3.03557e-06
2.12464e-06
1.10468e-06
0
0
0
0
0
0
0
0
2.32941e-07
0
0
0
0
0
0
8.74603e-08
0
0
0
0
0
0
0
0
0
3.75249e-07
7.98634e-07
2.65095e-07
0
0
3.527e-08
1.3711e-07
2.27308e-07
2.91608e-07
3.39265e-07
3.85533e-07
4.34023e-07
4.93395e-07
5.79695e-07
6.99525e-07
8.48848e-07
9.72091e-07
9.45469e-07
8.60305e-07
6.38575e-07
5.90722e-08
0
0
0
0
0
0
0
0
0
0
0
0
0
0
0
0
0
0
0
0
0
0
0
0
0
0
0
0
0
0
0
0
1.04944e-06
0
0
0
0
0
0
7.91205e-06
1.33604e-05
1.34599e-05
1.04063e-05
7.72335e-06
7.43872e-06
7.65671e-06
7.28472e-06
6.33504e-06
4.95326e-06
3.22382e-06
1.09138e-06
0
0
0
0
3.1116e-06
0
0
0
0
0
0
0
0
0
0
0
0
0
0
0
0
0
0
0
0
0
0
0
0
2.08873e-06
4.19155e-06
0
0
0
0
0
0
0
0
0
0
0
0
0
0
0
0
0
0
0
0
0
0
0
0
2.92978e-07
7.27552e-07
1.11127e-06
1.42985e-06
1.66457e-06
1.79025e-06
1.80547e-06
1.78276e-06
1.65706e-06
1.48345e-06
1.32966e-06
1.18738e-06
1.03591e-06
9.34845e-07
8.50623e-07
7.99875e-07
8.03944e-07
8.58005e-07
9.62075e-07
1.12549e-06
1.45735e-06
2.23697e-06
3.49366e-06
4.58433e-06
4.83921e-06
4.48515e-06
3.70747e-06
2.82243e-06
1.9709e-06
1.24099e-06
7.62407e-07
1.33097e-08
0
0
0
2.05128e-05
1.03848e-05
5.02758e-06
0
0
0
0
0
0
0
0
0
0
0
0
0
0
0
1.97947e-06
2.52578e-06
1.24662e-06
6.39258e-07
4.4848e-07
4.16013e-07
4.39635e-07
4.7537e-07
5.00931e-07
5.20305e-07
5.48203e-07
5.82247e-07
6.18573e-07
6.59824e-07
6.79668e-07
6.52671e-07
6.87651e-07
8.01103e-07
9.3459e-07
9.02663e-07
0
0
0
0
0
0
0
0
0
0
0
0
0
0
0
0
0
0
0
0
0
0
0
0
0
0
0
0
0
0
0
0
0
1.29791e-06
2.60408e-07
1.59479e-06
3.28159e-06
4.42597e-06
5.26092e-06
1.17976e-05
1.0597e-05
1.46935e-05
1.47443e-05
1.13129e-05
8.09286e-06
7.87148e-06
7.60704e-06
6.46519e-06
4.83016e-06
3.06128e-06
1.50228e-06
0
0
0
0
0
5.42018e-06
0
0
0
0
0
0
0
0
0
0
0
0
0
0
0
0
0
0
0
0
0
0
0
0
2.13656e-06
2.15059e-06
0
0
0
0
0
0
0
0
0
0
0
0
0
0
0
0
0
0
0
0
0
9.20324e-08
5.51834e-07
8.77386e-07
1.03309e-06
1.06815e-06
1.10419e-06
1.24071e-06
1.47686e-06
1.77436e-06
2.06022e-06
2.25047e-06
2.24616e-06
2.10458e-06
1.85588e-06
1.55375e-06
1.26244e-06
1.05371e-06
8.83085e-07
7.60115e-07
6.62258e-07
5.97269e-07
5.64747e-07
5.81849e-07
6.61774e-07
8.15316e-07
1.2374e-06
2.38177e-06
3.99731e-06
4.66444e-06
3.71368e-06
2.34316e-06
1.50746e-06
1.21239e-06
8.49307e-07
6.25516e-07
1.17396e-06
2.68253e-06
5.40137e-06
1.82562e-05
1.40288e-05
7.87681e-06
0
0
0
0
0
0
0
0
0
0
0
0
0
0
0
1.5104e-06
3.85322e-06
3.52426e-06
2.39758e-06
1.7645e-06
1.39716e-06
1.14273e-06
9.54126e-07
8.13662e-07
7.08555e-07
6.42834e-07
5.99375e-07
5.52551e-07
4.95548e-07
4.57388e-07
4.9897e-07
6.70842e-07
1.03054e-06
1.46928e-06
1.59916e-06
0
0
1.3667e-07
5.67188e-07
6.41907e-07
6.00364e-07
4.23195e-07
1.23117e-07
0
0
0
0
0
0
0
0
0
0
0
0
0
0
0
0
0
0
0
0
0
0
0
0
0
1.38136e-06
7.40728e-07
2.40671e-06
7.23206e-06
4.15429e-06
0
1.82237e-06
1.15621e-05
1.49668e-05
1.44304e-05
1.08802e-05
7.71614e-06
7.45821e-06
6.78389e-06
5.21027e-06
3.36623e-06
2.00815e-06
1.16121e-06
0
0
0
0
0
5.71774e-06
1.02277e-06
0
0
0
0
0
0
0
0
0
0
0
0
0
0
0
0
0
0
0
0
0
0
0
0
0
0
0
0
0
0
0
0
0
0
0
0
0
0
0
0
0
0
0
3.27893e-07
1.21673e-06
1.97915e-06
2.28739e-06
1.8428e-06
5.37429e-07
0
0
0
0
0
0
0
0
1.79308e-07
1.25625e-06
1.8201e-06
1.89277e-06
1.67111e-06
1.33943e-06
1.02161e-06
7.87963e-07
6.37159e-07
5.37385e-07
4.65746e-07
4.20354e-07
3.97385e-07
4.18688e-07
5.18921e-07
8.2716e-07
1.9179e-06
3.04024e-06
2.76498e-06
1.43535e-06
5.8345e-07
2.4238e-08
0
0
0
0
1.02786e-06
1.2726e-05
1.34103e-05
7.7702e-06
0
0
0
0
0
0
1.52553e-07
0
0
0
0
0
0
0
2.49001e-07
7.70318e-07
1.11581e-06
1.66525e-06
2.37027e-06
2.63368e-06
2.40794e-06
2.02208e-06
1.56667e-06
1.11877e-06
7.40539e-07
4.60054e-07
2.81902e-07
1.88501e-07
1.69514e-07
2.28269e-07
4.11881e-07
7.88661e-07
1.46859e-06
2.4122e-06
2.78466e-06
8.32502e-07
7.71528e-07
9.67745e-07
1.14316e-06
1.29364e-06
1.3208e-06
1.14432e-06
8.49819e-07
4.81003e-07
0
0
0
0
0
0
0
0
0
0
0
0
0
0
0
0
0
0
0
0
0
0
0
0
1.08272e-06
3.91353e-07
6.28817e-07
3.07338e-07
0
0
0
1.04408e-05
1.35776e-05
1.24386e-05
9.09333e-06
6.90433e-06
6.86485e-06
5.97396e-06
4.2123e-06
2.64749e-06
2.01091e-06
1.62036e-06
3.51383e-07
0
0
0
0
4.87643e-06
4.13695e-06
0
0
0
0
0
0
0
0
0
0
0
0
0
0
0
0
0
0
0
0
0
0
0
4.66296e-07
6.46437e-07
0
0
0
0
0
0
0
0
0
0
0
0
0
0
0
0
1.3642e-06
3.20264e-06
5.29722e-06
6.84415e-06
7.20166e-06
5.57657e-06
2.1202e-06
0
0
0
0
0
0
0
0
0
0
0
0
1.83086e-07
1.42635e-06
1.62872e-06
1.36179e-06
9.81163e-07
6.88764e-07
5.03964e-07
3.99623e-07
3.31499e-07
2.85333e-07
2.61701e-07
2.70237e-07
3.46347e-07
5.21981e-07
1.06637e-06
1.21781e-06
5.48695e-07
0
0
0
0
0
0
0
9.82329e-06
1.1057e-05
4.84449e-06
0
0
0
0
2.30076e-06
3.63398e-06
2.38706e-06
0
0
0
0
0
0
2.63666e-07
4.75832e-07
2.6581e-07
2.04198e-08
0
3.17784e-08
3.78713e-07
6.91415e-07
8.5255e-07
9.39342e-07
8.06451e-07
3.99388e-07
3.21268e-08
0
0
0
8.14088e-08
3.69052e-07
9.66747e-07
2.07518e-06
3.53524e-06
5.4675e-06
4.1722e-06
7.49546e-07
5.38175e-07
9.59817e-07
1.4047e-06
1.52615e-06
1.27877e-06
8.88321e-07
4.42908e-07
0
0
0
0
0
0
0
0
0
0
0
0
0
0
0
0
0
0
0
0
0
0
0
0
5.54686e-07
0
0
0
0
0
0
8.25432e-06
1.11194e-05
9.87901e-06
7.32612e-06
6.4569e-06
6.49185e-06
5.36053e-06
3.58982e-06
2.5776e-06
2.51953e-06
2.24577e-06
6.85466e-07
0
0
0
0
3.63234e-06
8.04386e-06
7.92739e-07
0
0
0
0
0
0
0
0
0
0
0
0
0
0
0
0
0
0
0
0
0
0
9.68542e-07
1.49415e-06
2.56541e-08
0
0
0
0
0
0
0
0
0
0
0
0
0
8.91883e-07
3.06681e-06
6.06392e-06
9.69287e-06
1.32448e-05
1.59959e-05
1.5675e-05
1.16853e-05
6.12804e-06
1.5101e-06
0
0
0
0
0
0
0
0
0
0
0
0
0
5.41021e-07
1.43324e-06
1.273e-06
8.84121e-07
5.71701e-07
3.87967e-07
2.89114e-07
2.22755e-07
1.69053e-07
1.39127e-07
1.34376e-07
8.39002e-08
0
0
0
0
0
0
0
0
0
0
4.66469e-07
5.79473e-06
0
0
0
1.1169e-06
3.22451e-06
4.94978e-06
5.85148e-06
4.02569e-06
0
0
0
0
0
3.6352e-07
8.05907e-07
5.25472e-07
2.06295e-07
4.29524e-08
0
0
0
1.0984e-07
2.59959e-07
3.24328e-07
3.23452e-07
2.67978e-07
1.04795e-07
0
0
0
8.4467e-08
4.01229e-07
1.16913e-06
2.56642e-06
4.44227e-06
7.42774e-06
2.67706e-06
0
0
0
4.12185e-07
9.60697e-07
8.96258e-07
3.74052e-07
0
0
0
0
0
0
0
0
0
0
0
0
0
0
0
0
0
0
0
0
0
0
0
0
0
2.31768e-07
0
0
0
0
0
0
6.19722e-06
8.72287e-06
7.66663e-06
6.14403e-06
6.26672e-06
6.15222e-06
4.76211e-06
3.181e-06
2.75655e-06
3.03827e-06
2.58501e-06
6.88828e-07
0
0
0
0
2.61728e-06
1.40715e-05
5.93101e-06
0
0
0
0
0
0
0
0
0
0
0
0
0
0
0
0
0
0
0
0
0
0
5.3185e-07
1.06408e-06
2.93558e-07
0
0
0
0
0
0
0
0
0
0
0
0
1.51431e-06
4.35375e-06
8.32933e-06
1.38489e-05
2.11927e-05
2.97246e-05
3.66085e-05
3.67456e-05
2.77513e-05
1.30564e-05
0
0
0
0
0
0
0
0
2.42825e-06
3.44628e-06
2.38879e-06
0
0
0
0
4.14445e-08
1.22781e-06
1.06647e-06
6.81425e-07
4.08415e-07
2.67759e-07
1.96865e-07
1.40858e-07
7.68158e-08
2.98031e-08
0
0
0
0
0
0
0
0
0
0
0
0
0
0
0
0
1.94244e-06
3.42287e-06
4.56165e-06
5.22237e-06
6.42109e-06
8.5743e-06
0
0
0
3.96902e-07
1.47247e-06
1.32068e-06
7.95989e-07
5.53298e-07
5.45397e-07
6.5898e-07
8.14513e-07
9.92333e-07
1.40014e-06
1.91033e-06
1.95152e-06
1.30625e-06
8.67718e-07
6.26221e-07
3.22604e-07
1.39637e-07
6.33632e-08
1.05418e-07
4.09909e-07
1.24538e-06
2.71993e-06
4.801e-06
5.99241e-06
5.32335e-07
0
0
0
0
6.3434e-08
6.82477e-07
3.67305e-07
0
0
0
0
0
0
0
0
0
0
0
0
0
0
0
0
0
0
0
0
0
0
0
0
0
1.32522e-07
0
0
0
0
0
0
4.48173e-06
6.67567e-06
5.84054e-06
5.12723e-06
5.936e-06
5.63265e-06
4.09331e-06
2.86637e-06
2.92087e-06
3.26804e-06
2.46877e-06
2.90681e-07
0
0
0
0
1.19416e-06
2.5867e-05
1.46073e-05
1.9596e-06
0
0
0
0
0
0
0
0
0
0
0
0
0
0
0
0
0
0
0
0
0
0
3.0604e-07
7.26455e-08
0
0
0
0
0
0
0
0
0
0
0
1.53466e-06
4.11825e-06
7.60927e-06
1.23683e-05
1.88728e-05
2.75333e-05
3.8056e-05
4.84673e-05
5.09114e-05
1.2339e-05
0
0
0
0
0
0
0
0
0
0
3.20929e-07
3.53645e-06
3.54084e-06
0
0
0
0
4.33442e-07
1.06521e-06
7.6869e-07
4.38484e-07
2.49011e-07
1.61016e-07
1.17796e-07
7.03421e-08
3.26564e-09
0
0
0
0
0
0
0
0
0
0
0
0
0
0
0
0
1.18228e-06
2.18534e-06
2.94475e-06
3.92838e-06
6.39418e-06
7.44304e-06
0
0
6.62952e-07
2.26722e-06
2.57265e-06
1.78541e-06
1.14232e-06
9.22994e-07
9.22959e-07
1.06962e-06
1.37259e-06
1.81764e-06
2.77102e-06
3.53444e-06
2.20659e-06
4.69031e-07
3.42441e-08
2.82956e-07
2.69061e-07
9.62382e-08
7.51415e-09
4.68244e-08
3.43182e-07
1.17233e-06
2.73359e-06
4.64024e-06
4.8203e-06
0
0
0
0
0
0
7.23314e-07
7.03803e-07
2.4747e-07
0
0
0
0
0
0
0
0
0
0
0
0
0
0
0
0
0
0
0
0
0
0
0
0
8.23308e-08
0
0
0
0
0
0
3.07657e-06
4.88767e-06
4.1386e-06
3.89792e-06
5.24782e-06
4.93006e-06
3.46458e-06
2.6642e-06
2.98829e-06
3.13925e-06
1.91834e-06
0
0
0
0
0
0
5.11696e-05
2.88132e-05
9.36841e-06
0
0
0
0
0
0
0
0
0
0
0
0
0
0
0
0
0
0
0
0
0
0
0
0
0
0
0
0
0
0
0
0
0
0
5.79522e-07
1.93251e-06
3.67905e-06
5.46356e-06
7.25688e-06
8.65167e-06
8.65138e-06
5.38695e-06
0
0
0
0
0
0
0
0
0
0
0
0
0
0
0
2.68098e-06
2.14134e-06
0
0
0
0
7.47502e-07
6.95643e-07
4.11395e-07
2.19023e-07
1.21151e-07
7.66091e-08
4.81448e-08
0
0
0
0
0
0
0
0
0
0
0
0
0
0
0
0
0
6.64883e-07
1.50299e-06
2.08803e-06
2.63882e-06
2.73826e-06
4.14162e-07
0
2.55067e-06
2.88171e-06
3.43359e-06
2.90096e-06
1.94955e-06
1.30618e-06
1.07256e-06
9.59303e-07
9.05884e-07
1.04127e-06
1.17902e-06
1.30239e-06
2.0905e-06
1.99036e-06
6.10581e-07
0
0
1.22899e-07
7.63913e-08
0
3.4111e-08
3.87295e-07
1.28902e-06
2.83743e-06
4.54193e-06
4.5497e-06
0
0
0
0
0
0
1.18231e-06
1.30836e-06
8.82068e-07
5.04219e-07
2.67375e-07
0
0
0
0
0
0
0
0
0
0
0
0
0
0
0
0
0
0
0
0
0
0
4.0925e-08
0
0
0
0
0
0
1.8273e-06
3.28785e-06
2.52065e-06
2.41957e-06
4.27292e-06
4.20957e-06
3.00149e-06
2.58658e-06
2.98743e-06
2.70644e-06
8.23105e-07
0
0
0
0
0
0
9.31366e-05
4.72518e-05
1.91986e-05
2.55604e-06
0
0
0
0
0
0
0
0
0
0
0
0
0
0
0
0
0
0
0
0
0
0
0
0
0
0
0
0
0
0
0
0
0
0
1.25461e-07
2.19705e-07
0
0
0
0
0
0
0
0
0
0
0
0
0
0
0
0
0
0
0
0
1.64235e-06
2.20244e-06
0
0
0
0
4.22711e-07
4.45201e-07
2.50813e-07
1.24976e-07
6.14395e-08
2.94637e-08
1.18217e-08
0
0
0
0
0
0
0
0
0
0
0
0
0
0
0
0
0
6.97336e-07
1.4997e-06
1.84934e-06
1.63614e-06
4.73611e-07
0
0
1.21426e-06
1.88457e-06
2.56653e-06
2.42313e-06
1.76063e-06
1.20146e-06
9.68765e-07
8.0236e-07
5.83418e-07
5.71282e-07
7.10958e-07
5.34515e-07
1.00168e-06
2.19066e-06
1.9667e-06
7.68764e-07
1.55598e-07
2.00781e-07
1.61068e-07
4.89468e-08
2.06064e-07
7.37286e-07
1.76113e-06
3.27006e-06
4.78768e-06
4.97848e-06
1.9144e-06
0
0
0
0
6.38145e-07
2.04166e-06
2.04815e-06
1.32526e-06
7.83195e-07
6.53333e-07
2.80069e-07
0
0
0
0
0
0
0
0
0
0
0
0
0
0
0
0
0
0
0
0
0
2.83179e-08
0
0
0
0
0
0
7.025e-07
1.9166e-06
1.12531e-06
8.96781e-07
3.0944e-06
3.52687e-06
2.71079e-06
2.55743e-06
2.80755e-06
1.8797e-06
0
0
0
0
0
0
0
5.39961e-05
5.43754e-05
2.80928e-05
8.65989e-06
0
0
0
0
0
0
0
0
0
0
0
0
0
0
0
0
0
0
0
0
0
0
0
2.04078e-07
4.22947e-07
6.26503e-07
7.47621e-07
7.47448e-07
6.88402e-07
5.67368e-07
3.60707e-07
0
0
0
0
0
0
0
0
0
0
0
0
0
0
0
0
0
0
0
0
0
0
0
0
0
2.12528e-06
2.339e-06
2.91379e-07
0
0
0
4.14671e-07
1.74878e-07
3.67143e-08
0
0
0
0
0
0
0
0
0
0
0
0
0
0
0
3.24707e-07
0
0
0
0
0
9.27119e-07
1.6921e-06
1.81913e-06
1.14215e-06
0
0
0
9.76479e-08
5.99947e-07
1.5093e-06
1.84511e-06
1.53492e-06
1.0552e-06
7.87313e-07
6.10148e-07
3.00238e-07
4.58071e-08
3.23411e-08
0
0
6.38064e-07
2.68329e-06
2.62496e-06
1.27388e-06
7.22111e-07
9.20552e-07
8.82219e-07
7.75683e-07
1.12265e-06
2.02662e-06
3.33753e-06
4.49181e-06
4.68161e-06
2.95418e-06
0
0
0
0
1.80845e-06
2.85244e-06
2.22322e-06
7.69909e-07
0
3.3685e-07
5.54833e-07
8.00502e-09
0
0
0
0
0
0
0
0
0
0
0
0
0
0
0
0
0
0
0
0
4.91214e-08
0
0
0
0
0
0
0
8.0127e-07
4.43055e-08
0
1.71731e-06
2.81636e-06
2.46974e-06
2.427e-06
2.3448e-06
7.02799e-07
0
0
0
0
0
0
0
0
3.0501e-05
2.89107e-05
1.35699e-05
3.96277e-07
0
0
0
0
0
0
0
0
0
0
0
0
0
0
0
0
0
0
0
0
0
1.74464e-07
1.68151e-06
2.3654e-06
2.44083e-06
2.28739e-06
2.04944e-06
1.80841e-06
1.51132e-06
1.08026e-06
4.05918e-07
0
0
0
0
0
0
0
0
0
0
0
0
0
0
0
0
0
0
0
0
0
1.20029e-06
1.01904e-06
1.69781e-06
2.30462e-06
1.90042e-06
5.27647e-07
0
0
1.21794e-06
6.3121e-07
2.22945e-08
0
0
0
0
0
0
0
0
0
0
0
0
0
0
0
0
4.99211e-07
0
0
0
0
9.71721e-08
1.06579e-06
1.7724e-06
1.80932e-06
9.91842e-07
0
0
0
0
0
3.43428e-07
1.14659e-06
1.22993e-06
8.83176e-07
5.35764e-07
3.13602e-07
0
0
0
0
0
0
0
1.85426e-06
2.6015e-06
1.79794e-06
1.22742e-06
1.18485e-06
1.2609e-06
1.59189e-06
2.43238e-06
3.51242e-06
4.26708e-06
4.34796e-06
3.48255e-06
1.82165e-06
0
0
4.27755e-07
2.53887e-06
2.78987e-06
1.25182e-06
0
0
0
0
0
0
0
0
0
0
0
0
0
0
0
0
0
0
0
0
0
0
0
4.26916e-08
3.10764e-08
1.03807e-07
4.35959e-08
0
0
0
0
0
0
0
0
0
1.0086e-07
1.96979e-06
2.15783e-06
2.12402e-06
1.64083e-06
0
0
0
0
0
0
0
0
0
2.66484e-06
1.80782e-05
1.46967e-05
3.66378e-06
0
0
0
0
0
0
0
0
0
0
0
0
0
0
0
0
0
0
0
2.87667e-06
3.57623e-06
3.18599e-06
2.96471e-06
3.62335e-06
3.7586e-06
3.41671e-06
3.05002e-06
2.69691e-06
2.29779e-06
1.78391e-06
1.07662e-06
1.49671e-07
0
0
0
0
0
0
0
0
0
0
0
0
0
0
0
0
0
3.04601e-06
9.8688e-06
9.99357e-06
7.64032e-06
4.77026e-06
2.74594e-06
1.54772e-06
9.32705e-07
7.93965e-07
1.20481e-06
2.50513e-06
2.43616e-06
6.82001e-07
0
0
0
0
0
0
0
0
0
0
0
0
0
0
0
0
0
2.63975e-07
1.24228e-07
0
0
0
1.97437e-07
1.00295e-06
1.53794e-06
1.5492e-06
8.52787e-07
0
0
0
0
0
0
0
3.64217e-07
3.91188e-07
7.64916e-08
0
0
0
0
0
0
0
0
0
5.48121e-08
1.05822e-06
9.91165e-07
1.0391e-06
1.42198e-06
1.79071e-06
2.36889e-06
3.1953e-06
3.97734e-06
4.43081e-06
4.91282e-06
6.19128e-06
4.43158e-06
0
2.52233e-07
1.59531e-06
1.24995e-06
0
0
0
0
0
0
0
0
0
0
0
0
0
0
2.09228e-07
3.00059e-07
8.08728e-08
0
7.36406e-08
2.42381e-07
1.68034e-07
2.3992e-08
0
7.20813e-08
1.15674e-07
1.01519e-07
1.73759e-07
1.50829e-07
0
0
0
0
0
0
0
0
0
0
8.64054e-07
1.6708e-06
1.66941e-06
9.07712e-07
0
0
0
0
0
0
0
0
0
0
2.80978e-06
1.04821e-05
5.21363e-06
0
0
0
0
0
0
0
0
0
0
0
0
0
0
0
0
0
0
0
2.141e-05
1.15011e-05
5.36385e-06
2.98649e-06
3.20606e-06
4.04924e-06
4.04553e-06
3.67841e-06
3.29233e-06
2.84744e-06
2.33506e-06
1.73268e-06
9.95482e-07
1.76469e-07
0
0
0
0
0
0
0
0
0
0
0
0
0
0
0
1.55171e-05
2.37958e-05
1.74664e-05
1.1267e-05
6.63827e-06
3.7523e-06
1.81335e-06
7.00304e-07
6.71415e-07
2.39595e-06
4.73946e-06
4.89233e-06
2.07695e-06
4.04522e-07
0
0
0
0
0
0
0
0
0
0
0
0
0
0
0
0
0
0
4.66517e-08
0
0
0
2.3174e-07
8.77517e-07
1.22253e-06
1.19331e-06
6.83171e-07
0
0
0
0
0
0
0
0
0
0
0
0
0
0
0
0
0
0
0
0
0
0
1.73053e-07
5.11115e-07
8.67028e-07
1.31671e-06
1.87297e-06
2.44793e-06
2.98045e-06
3.72041e-06
5.17694e-06
3.12257e-06
0
0
0
0
0
0
0
0
0
0
0
0
0
0
0
0
0
0
0
1.9264e-07
3.69854e-07
3.61291e-07
4.96454e-07
8.118e-07
8.90012e-07
6.79353e-07
4.09026e-07
2.84182e-07
2.28732e-07
1.78461e-07
2.37626e-07
2.67172e-07
1.28045e-07
0
0
0
0
0
0
0
0
0
0
1.03011e-06
1.21699e-06
3.85393e-07
0
0
0
0
0
0
0
0
0
0
0
3.06732e-06
4.49262e-06
0
0
0
0
0
0
0
0
0
0
0
0
0
0
0
0
0
0
0
2.83348e-05
1.32639e-05
6.1497e-06
2.72654e-06
1.71189e-06
3.12212e-06
4.07996e-06
3.80805e-06
3.32947e-06
2.89478e-06
2.46413e-06
2.01069e-06
1.48825e-06
8.91813e-07
2.65772e-07
0
0
0
0
0
0
0
0
0
0
0
0
0
1.19869e-05
3.72625e-05
2.23151e-05
1.26501e-05
6.63077e-06
3.75468e-06
2.21292e-06
1.02397e-06
4.89866e-07
1.7242e-06
6.04058e-06
7.58573e-06
4.06401e-06
1.0426e-06
1.55324e-07
0
0
0
0
0
0
0
0
0
0
0
0
0
0
0
0
0
0
0
0
0
0
0
6.4545e-07
8.32797e-07
7.79286e-07
4.10657e-07
0
0
0
0
0
0
0
0
0
0
0
0
0
0
0
0
0
0
0
0
0
0
0
0
1.74081e-07
5.78113e-07
7.68676e-07
8.7442e-07
1.048e-06
1.47024e-06
2.39781e-06
6.52033e-07
0
0
0
0
4.54084e-07
1.32821e-07
0
0
0
0
0
0
0
0
0
0
0
0
0
0
2.79727e-07
6.06998e-07
8.7617e-07
1.24598e-06
1.52787e-06
1.39969e-06
1.01932e-06
6.6272e-07
4.32311e-07
2.91831e-07
3.01206e-07
3.68055e-07
2.72045e-07
4.4279e-08
0
0
0
0
0
0
0
0
0
9.1407e-08
7.41444e-07
1.32652e-07
0
0
0
0
0
0
0
0
0
0
0
0
1.88245e-06
6.75606e-07
0
0
0
0
0
0
0
0
0
0
0
0
0
0
0
0
0
1.12204e-07
3.07754e-05
1.7206e-05
1.02784e-05
4.46181e-06
1.5044e-06
1.38334e-06
3.1557e-06
3.40229e-06
2.94597e-06
2.55017e-06
2.2241e-06
1.88306e-06
1.51306e-06
1.11868e-06
6.81054e-07
2.14828e-07
0
0
0
0
0
0
0
0
0
0
0
0
8.29311e-06
1.20336e-05
8.79643e-06
4.9274e-06
2.75019e-06
1.99341e-06
1.48604e-06
8.86761e-07
1.05958e-06
5.2229e-06
1.13623e-05
6.65273e-06
1.81865e-06
3.70679e-07
5.18755e-08
0
0
0
0
0
0
0
4.21155e-09
7.3445e-09
8.35398e-09
2.21175e-09
0
0
0
0
0
0
0
0
0
0
0
0
2.44349e-07
3.58413e-07
2.81801e-07
2.31517e-08
0
0
0
0
0
0
0
0
0
0
0
0
0
0
0
0
0
0
0
0
0
0
0
0
0
1.00074e-07
6.66572e-07
1.04217e-06
1.44245e-06
2.21218e-06
3.62845e-06
4.45445e-06
1.8744e-06
0
7.30399e-08
1.49209e-06
1.78286e-06
9.35646e-07
0
0
0
0
0
0
0
0
0
0
0
0
1.82648e-10
2.11614e-07
5.1665e-07
9.04439e-07
1.25323e-06
1.61381e-06
1.98176e-06
2.03753e-06
1.67196e-06
1.16579e-06
7.42505e-07
4.62101e-07
3.81177e-07
4.43602e-07
4.04888e-07
1.77914e-07
0
0
0
0
0
0
0
0
0
0
1.082e-07
5.55385e-08
0
0
0
0
0
0
0
0
0
0
0
0
0
1.06981e-06
1.63604e-07
0
0
0
0
0
0
0
0
0
0
0
0
0
0
0
0
3.92514e-07
1.48123e-05
1.40493e-05
7.04057e-06
2.20261e-06
5.43673e-07
7.16412e-07
1.72965e-06
1.99836e-06
1.85294e-06
1.68851e-06
1.5512e-06
1.40534e-06
1.20565e-06
9.59453e-07
6.96939e-07
4.11727e-07
1.01163e-07
0
0
0
0
0
0
0
0
0
0
5.09712e-07
2.07647e-06
2.88684e-06
2.4754e-06
1.49183e-06
1.27921e-06
1.59532e-06
1.51857e-06
1.16119e-06
3.42576e-06
1.50049e-05
1.03092e-05
2.51998e-06
5.76909e-07
1.44387e-07
4.44748e-08
2.37922e-08
2.2786e-08
2.39958e-08
2.50789e-08
2.55217e-08
2.60375e-08
2.66292e-08
2.88006e-08
3.02755e-08
3.03996e-08
3.07168e-08
2.39755e-08
1.89532e-08
1.32645e-08
1.06809e-08
0
0
0
0
0
0
0
0
0
0
0
0
0
0
0
0
0
0
0
0
0
0
0
0
0
0
0
0
0
0
0
0
0
0
0
0
0
0
3.21207e-07
1.02964e-06
1.81407e-06
2.75326e-06
3.65432e-06
3.76687e-06
2.41428e-06
5.63922e-07
2.25528e-07
2.28194e-06
3.31068e-06
2.03717e-06
5.27908e-07
0
0
0
0
0
0
0
0
0
0
0
2.61712e-07
6.93497e-07
1.07307e-06
1.48698e-06
1.7755e-06
2.00525e-06
2.3051e-06
2.48639e-06
2.25037e-06
1.71156e-06
1.1402e-06
6.97798e-07
4.92983e-07
5.04314e-07
5.15171e-07
3.04451e-07
0
0
0
0
0
0
0
0
0
0
0
0
5.78751e-08
0
0
0
0
0
0
0
0
0
0
0
0
1.1565e-06
2.352e-06
1.76362e-06
8.53253e-07
2.67166e-07
7.79425e-08
7.31121e-08
5.97389e-08
0
0
0
0
0
0
0
0
0
0
3.91867e-07
8.58104e-06
8.19496e-06
0
0
0
1.28965e-07
1.34336e-06
6.29295e-07
3.92872e-07
5.7733e-07
7.00067e-07
7.09319e-07
6.37176e-07
5.15447e-07
3.78125e-07
2.44621e-07
1.05819e-07
0
0
0
0
0
0
0
0
0
2.28026e-08
2.41155e-07
4.62381e-07
8.33446e-07
6.87525e-07
5.24e-07
1.18758e-06
1.79912e-06
1.64498e-06
2.85975e-06
1.30041e-05
1.43193e-05
3.19786e-06
7.79999e-07
2.55591e-07
1.13571e-07
7.77536e-08
7.52922e-08
7.47014e-08
6.68229e-08
5.88253e-08
5.49948e-08
5.32263e-08
5.27406e-08
5.26948e-08
5.10215e-08
4.85062e-08
4.92654e-08
4.907e-08
4.4289e-08
3.58312e-08
3.06168e-08
4.79594e-08
0
0
0
0
0
0
0
0
0
0
0
0
0
0
0
0
1.01962e-08
0
0
0
0
0
0
0
0
0
0
0
0
0
0
0
1.78099e-07
4.70105e-07
2.74109e-07
0
0
4.341e-08
5.06893e-07
1.20672e-06
2.13382e-06
2.98626e-06
3.09748e-06
2.16557e-06
5.99219e-07
0
1.21554e-06
4.46893e-06
3.43321e-06
1.31142e-06
0
0
0
0
0
0
0
0
0
0
0
2.97273e-07
1.10996e-06
1.6959e-06
2.15573e-06
2.37957e-06
2.4173e-06
2.56209e-06
2.7705e-06
2.69579e-06
2.22062e-06
1.58092e-06
9.96194e-07
6.49017e-07
5.72678e-07
6.02153e-07
4.33643e-07
3.2751e-08
0
0
0
0
0
0
0
0
0
0
0
1.07933e-06
2.67879e-06
4.65428e-06
5.88601e-06
2.44509e-06
0
0
0
0
0
0
0
0
1.38958e-06
4.68745e-06
4.63142e-06
3.11912e-06
1.61011e-06
7.68305e-07
4.1828e-07
2.55634e-07
1.12779e-07
0
0
0
0
0
0
0
0
0
2.94898e-07
9.47654e-07
0
0
0
0
3.8937e-07
1.27208e-06
0
0
0
0
0
0
0
0
0
0
0
0
0
0
0
0
0
0
0
0
0
2.37186e-07
5.52573e-07
5.30264e-07
9.04972e-07
1.89647e-06
2.57659e-06
4.69172e-06
9.53068e-06
1.13457e-05
4.3664e-06
1.01521e-06
3.72121e-07
1.85302e-07
1.3564e-07
1.3291e-07
1.33885e-07
1.20426e-07
9.94599e-08
8.5535e-08
7.96266e-08
7.66092e-08
7.49381e-08
7.42471e-08
7.08626e-08
6.46826e-08
6.19359e-08
6.36093e-08
6.26305e-08
5.57725e-08
4.14197e-08
4.33768e-08
7.03926e-08
0
0
0
0
0
0
0
0
0
0
0
0
0
0
0
2.49023e-07
3.46129e-07
0
0
0
0
0
0
0
0
0
0
0
0
0
0
0
3.58567e-07
8.75956e-07
1.00492e-06
8.01652e-07
4.73448e-07
2.28252e-07
2.57949e-07
8.1459e-07
1.87405e-06
2.45334e-06
1.84735e-06
4.71066e-07
0
0
2.69471e-06
3.39532e-06
1.3188e-06
0
0
0
0
0
0
0
0
0
0
0
4.04339e-07
1.48792e-06
2.2678e-06
2.75497e-06
2.93498e-06
2.76387e-06
2.72676e-06
2.88975e-06
3.00181e-06
2.6509e-06
2.0138e-06
1.33715e-06
8.48359e-07
6.60496e-07
6.72155e-07
5.63113e-07
1.4409e-07
0
0
0
0
0
0
0
0
0
0
0
1.70139e-06
5.07915e-06
9.31462e-06
1.29497e-05
1.08529e-05
0
0
0
0
0
0
0
0
2.19387e-06
7.27957e-06
7.66345e-06
5.59934e-06
3.09819e-06
1.5217e-06
7.71631e-07
4.43803e-07
2.37849e-07
6.13267e-08
0
0
0
0
0
0
0
0
2.2226e-07
0
0
0
0
0
0
1.96078e-07
0
0
0
0
0
0
0
0
0
0
0
0
0
0
0
0
0
0
0
4.33452e-08
2.7574e-07
7.7764e-07
1.1166e-06
1.41796e-06
2.21217e-06
3.91187e-06
6.53181e-06
7.31437e-06
7.29145e-06
5.38557e-06
1.35722e-06
4.93192e-07
2.51282e-07
1.85337e-07
1.80111e-07
1.81721e-07
1.66085e-07
1.36407e-07
1.10756e-07
9.81759e-08
9.45586e-08
9.29483e-08
9.11328e-08
9.00019e-08
8.69548e-08
7.87844e-08
7.12813e-08
7.10483e-08
7.08753e-08
6.92629e-08
5.37422e-08
3.75456e-08
5.06124e-08
0
0
0
0
0
0
0
0
0
0
0
0
0
0
0
3.67701e-10
7.08826e-07
8.76929e-07
1.27721e-07
0
0
0
0
0
0
0
0
0
0
0
0
0
0
2.94985e-07
1.16361e-06
1.68037e-06
1.41912e-06
6.89781e-07
0
0
8.609e-07
2.0524e-06
1.77103e-06
5.24456e-07
0
0
6.10985e-07
2.88896e-06
1.3132e-06
0
0
0
0
0
0
0
0
0
0
0
7.22588e-07
1.97875e-06
2.79704e-06
3.22415e-06
3.35359e-06
3.05127e-06
2.80744e-06
2.86304e-06
3.07302e-06
3.01267e-06
2.41458e-06
1.69676e-06
1.0875e-06
7.75136e-07
7.34524e-07
6.8094e-07
2.59495e-07
0
0
0
0
0
0
0
0
0
0
0
1.4764e-06
6.41897e-06
1.28915e-05
1.94944e-05
2.05631e-05
5.70533e-06
0
0
0
0
0
0
0
3.88306e-06
1.01988e-05
1.07714e-05
8.1285e-06
4.64242e-06
2.31036e-06
1.12917e-06
6.14233e-07
3.46253e-07
1.31143e-07
0
0
0
0
0
0
0
5.83324e-08
2.03818e-07
1.36816e-05
3.14097e-06
0
0
0
0
0
0
0
0
0
0
0
0
0
0
0
0
0
0
0
0
0
0
1.36626e-07
2.45158e-07
2.93017e-07
6.32974e-07
1.19479e-06
1.79019e-06
2.44789e-06
4.691e-06
5.47338e-06
5.23529e-06
4.8013e-06
4.47243e-06
1.75295e-06
6.07552e-07
3.04885e-07
2.17103e-07
2.05111e-07
2.07617e-07
1.91277e-07
1.5707e-07
1.29485e-07
1.15527e-07
1.11428e-07
1.1084e-07
1.09368e-07
1.06279e-07
1.01481e-07
9.81817e-08
9.1348e-08
8.06454e-08
7.58123e-08
7.34981e-08
7.37573e-08
6.62086e-08
3.87368e-08
2.60135e-08
2.52363e-08
0
0
0
0
0
0
0
0
0
0
0
0
0
0
0
4.76214e-07
1.35378e-06
1.6742e-06
8.87451e-07
0
0
0
0
0
0
0
0
0
0
0
0
0
0
3.14732e-07
1.76479e-06
2.20283e-06
1.37008e-06
8.11468e-08
0
0
2.09394e-06
2.39959e-06
1.13358e-06
0
0
0
2.657e-06
1.47816e-06
0
0
0
0
0
0
0
0
0
0
0
1.11029e-06
2.46356e-06
3.1936e-06
3.46523e-06
3.51532e-06
3.25381e-06
2.87066e-06
2.7733e-06
2.94511e-06
3.13046e-06
2.79603e-06
2.05343e-06
1.35734e-06
9.21101e-07
8.0065e-07
7.79337e-07
3.94416e-07
0
0
0
0
0
0
0
0
0
0
0
0
6.32291e-06
1.4286e-05
2.41558e-05
3.03676e-05
1.87474e-05
0
0
0
0
0
0
0
6.59206e-06
1.33787e-05
1.38254e-05
1.04925e-05
6.11308e-06
3.09718e-06
1.48163e-06
7.65343e-07
4.27745e-07
1.81328e-07
0
0
0
0
0
0
3.8386e-08
1.38921e-07
2.19571e-07
8.11374e-06
0
0
0
0
0
0
0
0
0
0
0
0
0
0
0
0
0
0
0
0
0
0
0
0
7.01036e-07
1.04619e-06
6.34423e-07
3.28829e-07
5.29229e-07
1.94957e-06
3.1153e-06
3.36378e-06
2.9337e-06
3.08373e-06
1.88629e-06
6.73662e-07
3.33183e-07
2.29218e-07
2.12777e-07
2.15274e-07
2.0007e-07
1.6726e-07
1.45407e-07
1.32645e-07
1.279e-07
1.27804e-07
1.27937e-07
1.25166e-07
1.20476e-07
1.11266e-07
1.05069e-07
9.86397e-08
8.67871e-08
7.71178e-08
7.2706e-08
7.04244e-08
7.20326e-08
4.7495e-08
1.46809e-08
0
0
0
0
0
0
0
0
0
0
0
0
0
0
0
0
0
1.09897e-06
2.21294e-06
2.78859e-06
1.98858e-06
1.85718e-07
0
0
0
0
0
0
0
0
0
0
0
0
0
1.08631e-06
2.55087e-06
1.92918e-06
2.1301e-07
0
0
1.90484e-06
3.18338e-06
1.92004e-06
1.59256e-07
0
0
2.96416e-06
1.72151e-06
0
0
0
0
0
3.95911e-07
1.6969e-07
0
0
0
7.31336e-08
1.38887e-06
2.67793e-06
3.27771e-06
3.3627e-06
3.39822e-06
3.26521e-06
2.90227e-06
2.68553e-06
2.76601e-06
2.98289e-06
2.9905e-06
2.36249e-06
1.62609e-06
1.08633e-06
8.72085e-07
8.49856e-07
5.38023e-07
0
0
0
0
0
0
0
0
0
0
0
0
4.43499e-06
1.3282e-05
2.50647e-05
3.72966e-05
3.44723e-05
0
0
0
0
0
0
0
1.0148e-05
1.64241e-05
1.64328e-05
1.23788e-05
7.3355e-06
3.78132e-06
1.8096e-06
9.09113e-07
4.94985e-07
2.13306e-07
0
0
0
0
0
0
9.87026e-08
1.97467e-07
2.48494e-07
7.82063e-06
6.16255e-07
0
0
0
0
0
0
0
0
0
0
0
0
0
0
0
0
0
0
0
0
0
0
4.83673e-07
1.07784e-06
0
0
0
0
1.09965e-06
1.48588e-06
1.61642e-06
2.05408e-06
1.59489e-06
6.45023e-07
3.26004e-07
2.18375e-07
2.00679e-07
2.04292e-07
1.9026e-07
1.68213e-07
1.53781e-07
1.45045e-07
1.40915e-07
1.38682e-07
1.38161e-07
1.35997e-07
1.31566e-07
1.24133e-07
1.12168e-07
1.03761e-07
9.8556e-08
8.81774e-08
7.47841e-08
6.76311e-08
6.05873e-08
6.58001e-08
5.54778e-08
1.1975e-08
0
0
0
0
0
0
0
0
0
0
0
0
0
0
0
0
0
4.8457e-07
1.83026e-06
3.28646e-06
4.27239e-06
3.55428e-06
1.29912e-06
0
0
0
0
0
0
0
0
0
0
0
0
0
2.54947e-06
2.29865e-06
3.46834e-07
0
0
1.23449e-06
3.666e-06
2.42359e-06
9.36322e-07
0
1.42602e-06
4.26669e-06
1.98525e-06
1.26003e-07
0
0
2.74702e-07
1.21664e-06
1.31189e-06
5.33422e-07
0
0
0
3.96269e-07
1.43352e-06
2.4239e-06
2.94227e-06
2.98712e-06
2.99022e-06
2.99375e-06
2.78403e-06
2.5471e-06
2.54171e-06
2.71571e-06
2.85159e-06
2.53018e-06
1.81894e-06
1.2248e-06
9.25803e-07
8.72071e-07
6.46686e-07
0
0
0
0
0
0
0
0
0
0
0
0
5.79997e-07
9.627e-06
2.15634e-05
3.73148e-05
4.75103e-05
1.41985e-05
0
0
0
0
0
0
1.39541e-05
1.86549e-05
1.79827e-05
1.3263e-05
7.90912e-06
4.14633e-06
2.00867e-06
1.00526e-06
5.42958e-07
2.26225e-07
0
0
0
0
0
0
1.17745e-07
2.19348e-07
2.9433e-07
7.26627e-07
5.15229e-07
0
0
0
0
0
0
0
0
0
0
0
0
0
0
0
0
0
0
0
0
0
0
0
0
0
0
0
0
2.25816e-07
7.53605e-07
1.37573e-06
1.14943e-06
5.41733e-07
2.88662e-07
1.9258e-07
1.74386e-07
1.80004e-07
1.74316e-07
1.60978e-07
1.52843e-07
1.49624e-07
1.4642e-07
1.41744e-07
1.38588e-07
1.36313e-07
1.32521e-07
1.27573e-07
1.18474e-07
1.05921e-07
9.61135e-08
9.20521e-08
8.58322e-08
7.29684e-08
6.21825e-08
5.1032e-08
5.08319e-08
5.31463e-08
1.53604e-08
0
0
0
0
0
0
0
0
0
0
0
0
0
0
0
0
0
0
1.06137e-06
2.64599e-06
4.63437e-06
6.29552e-06
5.85172e-06
2.88195e-06
0
0
0
0
0
0
0
0
0
0
0
0
2.48353e-06
2.61934e-06
4.96839e-07
0
0
9.09471e-07
4.0593e-06
2.59926e-06
1.57772e-06
2.81348e-06
8.71618e-06
7.15493e-06
2.32837e-06
3.06881e-07
0
0
1.25854e-06
2.65313e-06
2.36221e-06
9.57905e-07
0
0
5.94017e-08
6.86108e-07
1.36785e-06
1.97968e-06
2.45894e-06
2.60962e-06
2.62683e-06
2.69996e-06
2.67249e-06
2.52585e-06
2.47617e-06
2.59719e-06
2.7568e-06
2.67818e-06
2.07097e-06
1.4421e-06
1.04859e-06
9.29225e-07
7.56001e-07
4.85008e-08
0
0
0
0
0
0
0
0
0
0
0
0
3.87435e-06
1.5864e-05
3.24846e-05
5.41146e-05
4.59409e-05
0
0
0
0
0
5.47195e-06
1.90189e-05
2.18738e-05
2.02623e-05
1.43853e-05
8.58814e-06
4.56279e-06
2.24112e-06
1.1252e-06
6.08727e-07
2.43456e-07
0
0
0
0
0
0
8.48256e-08
2.48495e-07
4.56841e-07
1.0133e-07
4.88064e-08
0
0
0
0
0
6.28155e-08
6.92382e-08
0
0
0
0
0
0
0
0
0
0
0
0
0
0
0
0
0
0
0
0
0
2.61772e-07
9.46439e-07
7.21517e-07
3.95135e-07
2.29095e-07
1.54827e-07
1.42837e-07
1.51005e-07
1.5351e-07
1.48834e-07
1.44632e-07
1.44385e-07
1.419e-07
1.35924e-07
1.31005e-07
1.28971e-07
1.2724e-07
1.23266e-07
1.18552e-07
1.10247e-07
9.79187e-08
8.66412e-08
8.17113e-08
7.77713e-08
6.78865e-08
5.59534e-08
4.35623e-08
3.56764e-08
4.09504e-08
2.07788e-08
0
0
0
0
0
0
0
0
0
0
0
0
0
0
0
0
0
0
1.38039e-07
1.53949e-06
3.36755e-06
5.98857e-06
8.62928e-06
8.97844e-06
4.83794e-06
0
0
0
0
0
0
0
0
0
0
0
2.33974e-06
2.71048e-06
5.34993e-07
0
0
2.96862e-06
4.64463e-06
2.39483e-06
1.99226e-06
8.63821e-06
2.0851e-05
1.12574e-05
2.54299e-06
4.53623e-07
0
4.35976e-07
2.24994e-06
3.67534e-06
3.13826e-06
1.30472e-06
2.24528e-07
8.66354e-08
3.66599e-07
7.74297e-07
1.10168e-06
1.41112e-06
1.782e-06
2.08397e-06
2.2569e-06
2.39899e-06
2.4858e-06
2.44243e-06
2.38359e-06
2.44126e-06
2.57047e-06
2.59152e-06
2.19083e-06
1.60013e-06
1.14478e-06
9.5424e-07
8.20274e-07
1.75656e-07
0
0
0
0
0
0
0
0
0
0
0
0
0
6.08678e-06
2.05085e-05
4.36775e-05
7.50725e-05
0
0
0
0
0
1.35327e-05
2.29901e-05
2.35783e-05
2.0826e-05
1.40489e-05
8.40354e-06
4.51598e-06
2.25471e-06
1.1521e-06
6.50213e-07
2.3929e-07
0
0
0
0
0
0
0
3.2197e-07
7.79387e-07
2.19808e-08
2.65159e-09
0
0
0
0
1.94177e-09
1.58746e-08
5.45069e-09
0
0
0
0
0
0
0
0
0
0
0
0
0
0
0
0
0
0
0
0
7.36979e-08
4.13977e-07
3.17487e-07
2.09005e-07
1.43311e-07
1.10478e-07
1.08811e-07
1.21353e-07
1.30187e-07
1.29859e-07
1.29329e-07
1.30434e-07
1.28754e-07
1.22763e-07
1.16813e-07
1.15213e-07
1.1568e-07
1.14791e-07
1.10854e-07
1.06684e-07
1.00197e-07
8.85495e-08
7.58287e-08
6.85321e-08
6.52169e-08
5.83811e-08
4.77744e-08
3.66176e-08
2.36023e-08
2.38727e-08
2.12502e-08
0
0
0
0
0
0
0
0
0
0
0
0
0
0
0
0
0
0
0
4.05516e-07
1.89976e-06
4.03777e-06
7.43907e-06
1.17788e-05
1.39756e-05
6.97197e-06
0
0
0
0
0
0
0
0
0
0
1.76418e-06
2.3183e-06
2.48442e-07
0
7.51214e-07
1.0954e-05
5.85519e-06
1.9839e-06
2.53656e-06
1.63087e-05
2.84077e-05
1.56864e-05
2.53864e-06
5.59676e-07
3.5576e-07
1.24389e-06
3.06208e-06
4.25277e-06
3.54949e-06
1.5165e-06
4.04183e-07
2.63816e-07
4.20928e-07
6.22413e-07
8.48852e-07
1.09292e-06
1.42482e-06
1.8034e-06
2.09058e-06
2.2874e-06
2.4239e-06
2.44853e-06
2.4054e-06
2.41925e-06
2.51702e-06
2.56937e-06
2.32235e-06
1.80375e-06
1.31162e-06
1.03509e-06
9.05831e-07
3.69271e-07
0
0
0
0
0
0
0
0
0
0
0
0
0
0
5.28484e-06
2.11109e-05
4.01694e-05
0
0
0
0
6.53571e-06
2.1273e-05
2.58819e-05
2.48248e-05
2.07181e-05
1.35522e-05
8.06981e-06
4.42664e-06
2.31329e-06
1.24788e-06
7.63089e-07
2.72868e-07
0
0
0
0
0
0
0
5.66872e-07
1.39989e-06
4.96233e-10
0
0
0
0
8.43265e-09
6.27097e-09
0
0
0
0
0
0
0
0
0
0
0
0
0
0
0
0
0
0
0
0
0
4.57991e-09
7.18755e-08
7.55165e-08
7.30201e-08
7.2105e-08
7.84001e-08
8.88939e-08
1.02516e-07
1.09114e-07
1.09378e-07
1.10743e-07
1.14026e-07
1.13538e-07
1.08729e-07
1.02681e-07
1.01714e-07
1.03258e-07
1.04541e-07
1.01149e-07
9.64626e-08
9.22782e-08
8.60849e-08
7.71888e-08
6.60415e-08
5.74151e-08
5.38887e-08
4.92279e-08
3.95012e-08
3.02456e-08
1.65648e-08
8.73023e-09
1.26264e-08
0
0
0
0
0
0
0
0
0
0
0
0
0
0
0
0
0
0
0
0
5.42569e-07
2.13901e-06
4.62649e-06
9.03039e-06
1.60684e-05
2.30108e-05
3.29697e-06
0
0
0
0
0
0
0
0
0
0
3.43625e-07
0
3.59842e-06
2.62938e-05
2.28028e-05
7.33523e-06
1.31211e-06
3.95332e-06
2.17054e-05
2.65598e-05
1.85876e-05
2.04763e-06
6.31316e-07
8.53293e-07
2.1867e-06
3.60095e-06
4.47299e-06
3.66612e-06
1.578e-06
4.4711e-07
2.07552e-07
2.13921e-07
3.57294e-07
5.98617e-07
8.74124e-07
1.21076e-06
1.62733e-06
2.00131e-06
2.25187e-06
2.41304e-06
2.48347e-06
2.46771e-06
2.46037e-06
2.52876e-06
2.59068e-06
2.44541e-06
2.00986e-06
1.5235e-06
1.16991e-06
1.01716e-06
6.18157e-07
0
0
0
0
0
0
0
0
0
0
0
0
0
0
0
0
4.26061e-06
0
0
0
4.86005e-06
1.7442e-05
2.58678e-05
2.68175e-05
2.50456e-05
1.96075e-05
1.2521e-05
7.37061e-06
4.06722e-06
2.2123e-06
1.33109e-06
9.63899e-07
4.09299e-07
0
0
0
0
0
0
0
1.10132e-06
2.42606e-06
0
0
0
2.92143e-09
2.72181e-08
4.36093e-08
2.98157e-08
0
0
0
0
0
0
0
0
0
0
0
0
0
0
0
0
0
0
0
0
0
1.09493e-08
2.53841e-08
3.19106e-08
4.2041e-08
5.72952e-08
7.01048e-08
8.27141e-08
8.62999e-08
8.70231e-08
8.91622e-08
9.48883e-08
9.58556e-08
9.33258e-08
8.92501e-08
8.9034e-08
9.11803e-08
9.36374e-08
9.17301e-08
8.65664e-08
8.12145e-08
7.73624e-08
7.32002e-08
6.66624e-08
5.67747e-08
4.75408e-08
4.31557e-08
3.99584e-08
3.14689e-08
2.39119e-08
1.35615e-08
0
0
0
0
0
0
0
0
0
0
0
0
0
0
0
0
0
0
0
0
0
0
0
6.09597e-07
2.29663e-06
5.09378e-06
1.04656e-05
2.15659e-05
2.98936e-05
0
0
0
0
0
0
0
0
0
0
0
0
2.0212e-05
2.67924e-05
2.71534e-05
7.91256e-06
3.35524e-07
7.86956e-06
1.99008e-05
2.14443e-05
1.83295e-05
1.05472e-06
7.40771e-07
1.5711e-06
3.04877e-06
4.03764e-06
4.54069e-06
3.67891e-06
1.534e-06
2.81802e-07
0
0
0
2.78365e-07
6.44419e-07
1.04089e-06
1.49708e-06
1.94624e-06
2.26935e-06
2.45302e-06
2.54339e-06
2.5499e-06
2.53179e-06
2.56734e-06
2.62656e-06
2.55463e-06
2.19762e-06
1.75042e-06
1.35355e-06
1.15565e-06
8.84102e-07
0
0
0
0
0
0
0
0
0
0
0
0
0
0
0
0
0
1.64973e-06
8.73627e-06
1.2226e-05
1.62005e-05
2.26629e-05
2.57474e-05
2.5682e-05
2.37474e-05
1.72869e-05
1.09712e-05
6.43059e-06
3.61074e-06
2.09635e-06
1.43857e-06
1.26193e-06
8.34635e-07
0
0
0
0
0
0
0
1.96523e-06
3.88865e-06
0
0
0
0
0
3.31958e-08
2.6667e-07
1.41728e-07
4.13582e-08
0
0
0
0
0
0
0
0
0
0
0
0
0
0
0
0
0
0
9.18925e-09
2.14299e-08
3.20458e-08
3.9976e-08
4.38822e-08
4.87543e-08
5.76965e-08
6.44273e-08
6.82853e-08
6.9801e-08
7.29931e-08
7.58478e-08
7.62687e-08
7.58305e-08
7.68475e-08
7.92428e-08
8.17065e-08
8.10819e-08
7.70268e-08
7.06015e-08
6.56491e-08
6.29097e-08
6.06665e-08
5.60137e-08
4.77101e-08
3.88689e-08
3.33658e-08
3.04379e-08
2.35685e-08
1.65513e-08
1.12251e-08
0
0
0
0
0
0
0
0
0
0
0
0
0
0
0
0
0
0
0
0
0
0
0
0
6.47635e-07
2.34767e-06
5.24402e-06
1.08423e-05
1.67532e-05
0
0
0
0
0
0
0
0
0
0
0
5.1312e-06
1.76097e-05
1.94448e-05
2.51681e-05
6.09804e-06
0
1.35003e-05
1.4046e-05
1.70791e-05
1.33969e-05
7.61042e-08
1.00908e-06
2.52255e-06
3.83002e-06
4.46078e-06
4.73164e-06
3.78097e-06
1.32081e-06
0
0
0
0
0
4.08042e-07
9.28397e-07
1.45499e-06
1.97074e-06
2.37193e-06
2.58984e-06
2.65982e-06
2.66043e-06
2.62899e-06
2.63219e-06
2.67689e-06
2.64565e-06
2.36618e-06
1.9573e-06
1.55382e-06
1.29306e-06
1.15268e-06
1.73788e-07
0
0
0
0
0
0
0
0
0
0
0
0
0
0
0
0
2.77703e-06
1.03364e-05
1.46973e-05
1.71736e-05
2.03283e-05
2.23874e-05
2.30931e-05
2.07535e-05
1.4529e-05
9.09021e-06
5.27118e-06
3.04384e-06
1.98077e-06
1.57071e-06
1.55616e-06
1.05767e-06
0
0
0
0
0
0
0
2.83511e-06
5.43339e-06
0
0
0
0
0
0
2.2055e-08
3.46773e-08
2.47561e-08
1.71989e-09
0
0
0
0
0
0
0
0
0
0
0
0
0
0
3.22718e-10
9.36738e-09
1.79667e-08
2.52982e-08
3.01953e-08
3.16725e-08
3.28365e-08
3.81078e-08
4.63292e-08
5.35262e-08
5.70107e-08
5.62651e-08
5.47261e-08
5.73795e-08
6.1343e-08
6.37697e-08
6.53746e-08
6.69049e-08
6.79982e-08
6.79751e-08
6.57076e-08
6.00647e-08
5.38222e-08
5.02248e-08
4.88669e-08
4.84903e-08
4.58575e-08
3.93208e-08
3.16575e-08
2.56105e-08
2.20488e-08
1.63612e-08
8.47773e-09
6.59962e-09
0
0
0
0
0
0
0
0
0
0
0
0
0
0
0
0
0
0
0
0
0
0
0
0
0
5.88965e-07
2.16165e-06
4.70981e-06
6.82008e-06
9.74378e-07
0
0
0
0
0
0
0
0
0
0
1.0801e-05
1.29204e-05
1.50716e-05
2.06265e-05
1.83485e-06
8.85168e-07
1.04685e-05
9.42427e-06
1.36673e-05
4.38274e-06
0
1.57566e-06
3.63698e-06
4.7073e-06
5.05364e-06
5.24534e-06
4.1074e-06
6.908e-07
0
0
0
0
0
2.18083e-07
9.43898e-07
1.60568e-06
2.18186e-06
2.63481e-06
2.86639e-06
2.89008e-06
2.83539e-06
2.76722e-06
2.72849e-06
2.73982e-06
2.71873e-06
2.50883e-06
2.15243e-06
1.77544e-06
1.45601e-06
1.37161e-06
9.58631e-07
0
0
0
0
0
0
0
0
0
0
0
0
0
0
0
0
2.13118e-06
7.03951e-06
1.00585e-05
1.21916e-05
1.50927e-05
1.79637e-05
1.94844e-05
1.65405e-05
1.15051e-05
7.07658e-06
4.11944e-06
2.58178e-06
1.92699e-06
1.73139e-06
1.68806e-06
6.24845e-07
0
0
0
0
0
0
2.70724e-07
2.13621e-06
5.47519e-06
0
0
0
0
0
0
0
0
0
0
0
0
0
0
0
0
0
0
0
0
0
0
0
6.2982e-09
1.25882e-08
1.64114e-08
1.77708e-08
1.78567e-08
1.90948e-08
2.39054e-08
3.18242e-08
4.00134e-08
4.43393e-08
4.39645e-08
4.00607e-08
3.83006e-08
4.14615e-08
4.76236e-08
5.19994e-08
5.34784e-08
5.32097e-08
5.23748e-08
5.21496e-08
5.10428e-08
4.80554e-08
4.27554e-08
3.79343e-08
3.61903e-08
3.56313e-08
3.55972e-08
3.42468e-08
2.9733e-08
2.37811e-08
1.81439e-08
1.38748e-08
9.38012e-09
1.79407e-09
0
0
0
0
0
0
0
0
0
0
0
0
0
0
0
0
0
0
0
0
0
0
0
0
0
0
0
5.41604e-07
1.90444e-06
3.05451e-06
1.64388e-06
0
0
0
0
0
0
0
0
0
0
1.02053e-05
9.72308e-06
1.09127e-05
7.68377e-06
0
2.79328e-06
5.57197e-06
6.46035e-06
9.84598e-06
0
0
2.64747e-06
5.10263e-06
5.82243e-06
6.13433e-06
6.51093e-06
4.69522e-06
0
0
0
0
0
0
1.44163e-07
1.17238e-06
2.07563e-06
2.73261e-06
3.19062e-06
3.35568e-06
3.27766e-06
3.12095e-06
2.97011e-06
2.87546e-06
2.85052e-06
2.82019e-06
2.63855e-06
2.2534e-06
1.87565e-06
1.55313e-06
1.37256e-06
1.50264e-06
0
0
0
0
0
0
0
0
0
0
0
0
0
0
0
0
1.67367e-06
4.32228e-06
5.62279e-06
7.03268e-06
9.88968e-06
1.33455e-05
1.47898e-05
1.24191e-05
8.54436e-06
5.16958e-06
3.18658e-06
2.3138e-06
1.99781e-06
1.88462e-06
1.63506e-06
4.27424e-07
0
0
0
0
0
3.66544e-06
0
0
6.16266e-07
1.47306e-08
0
0
0
0
0
0
0
0
0
0
0
0
0
0
0
0
0
0
0
0
0
0
0
0
0
2.7297e-09
8.91652e-09
1.61161e-08
2.255e-08
2.61364e-08
2.65218e-08
2.42587e-08
2.28009e-08
2.51977e-08
3.06768e-08
3.70997e-08
4.08808e-08
4.11081e-08
3.9623e-08
3.74069e-08
3.62636e-08
3.59852e-08
3.51834e-08
3.2333e-08
2.73431e-08
2.45676e-08
2.44919e-08
2.43252e-08
2.42541e-08
2.34907e-08
2.06101e-08
1.61817e-08
1.13608e-08
6.71389e-09
2.72586e-09
0
0
0
0
0
0
0
0
0
0
0
0
0
0
0
0
0
0
0
0
0
0
0
0
0
0
0
0
0
7.4044e-07
1.55175e-06
1.16993e-06
0
0
0
0
0
0
0
0
0
3.68609e-06
5.77067e-06
3.71132e-06
1.94173e-07
8.27148e-07
0
1.02181e-06
3.05035e-06
4.41293e-06
5.09551e-06
0
4.45297e-07
4.63065e-06
6.97455e-06
7.63224e-06
8.1378e-06
8.53232e-06
4.89605e-06
0
0
0
0
0
0
3.09524e-07
1.71267e-06
2.95324e-06
3.73122e-06
4.14701e-06
4.17059e-06
3.89424e-06
3.55107e-06
3.28078e-06
3.08602e-06
2.96216e-06
2.87654e-06
2.70999e-06
2.40932e-06
2.04555e-06
1.70323e-06
1.40733e-06
1.22048e-06
5.47406e-07
0
0
0
0
0
0
0
0
0
0
0
0
0
0
0
1.43994e-06
1.94081e-06
1.5729e-06
2.22638e-06
4.82806e-06
8.29281e-06
9.97559e-06
8.91849e-06
5.91005e-06
3.71883e-06
2.64691e-06
2.25559e-06
2.16347e-06
1.97145e-06
1.53866e-06
5.0626e-07
0
0
0
0
1.4149e-05
1.44377e-05
0
0
0
0
0
0
0
0
0
0
0
0
0
0
0
0
0
0
0
0
0
0
0
0
0
0
0
0
0
4.34198e-09
1.28898e-08
1.60185e-08
1.50246e-08
1.25593e-08
1.12455e-08
1.31737e-08
1.71991e-08
2.08138e-08
2.37851e-08
2.54521e-08
2.56176e-08
2.52922e-08
2.4058e-08
2.31002e-08
2.34169e-08
2.37919e-08
2.26146e-08
1.89318e-08
1.49439e-08
1.43214e-08
1.51744e-08
1.52416e-08
1.51858e-08
1.48085e-08
1.29696e-08
9.78822e-09
5.97964e-09
1.7111e-09
0
0
0
0
0
0
0
0
0
0
0
0
0
0
0
0
0
0
0
0
0
0
0
0
0
0
0
0
0
0
2.6438e-08
6.99081e-07
6.44176e-07
1.08272e-07
0
0
0
0
0
0
0
0
0
0
0
0
0
0
2.55784e-07
1.72392e-06
2.83883e-06
7.3535e-07
0
2.38398e-06
7.59747e-06
9.62529e-06
9.36962e-06
3.68766e-06
2.74202e-06
0
0
0
0
0
0
0
8.56064e-07
2.14507e-06
3.82012e-06
5.01304e-06
5.50439e-06
5.35931e-06
4.78318e-06
4.19011e-06
3.77299e-06
3.44688e-06
3.19778e-06
3.05644e-06
2.85168e-06
2.48539e-06
2.05849e-06
1.67436e-06
1.33732e-06
9.32223e-07
1.0978e-07
0
0
0
0
0
0
0
0
0
0
0
0
0
0
0
0
0
0
0
0
3.16109e-06
7.47676e-06
6.06076e-06
4.01631e-06
2.90081e-06
2.46981e-06
2.40951e-06
2.34241e-06
2.04323e-06
1.56402e-06
8.34882e-07
0
0
0
7.29157e-06
3.01606e-05
0
0
0
0
0
0
0
0
1.14947e-06
2.0633e-06
1.52543e-06
0
0
0
0
0
0
0
0
0
0
0
0
0
0
0
0
0
1.58246e-09
3.16715e-09
3.8555e-09
3.9003e-09
3.9753e-09
4.75182e-09
6.38774e-09
8.45766e-09
1.05545e-08
1.264e-08
1.46966e-08
1.63035e-08
1.73318e-08
1.81007e-08
1.74542e-08
1.57726e-08
1.48511e-08
1.47974e-08
1.43994e-08
1.24668e-08
9.13479e-09
7.1165e-09
7.8826e-09
9.01716e-09
9.1472e-09
9.10379e-09
8.94471e-09
7.83856e-09
5.69776e-09
3.01645e-09
0
0
0
0
0
0
0
0
0
0
0
0
0
0
0
0
0
0
0
0
0
0
0
0
0
0
0
0
0
0
0
0
1.99045e-07
3.49365e-07
0
0
0
0
0
0
0
0
0
0
0
0
0
0
0
0
9.52531e-07
1.83353e-06
0
0
7.15161e-06
1.11064e-05
6.99785e-06
2.08987e-06
2.76235e-06
2.00757e-06
0
0
0
0
0
4.13673e-06
5.45457e-06
1.50694e-06
0
2.12046e-06
5.25716e-06
6.8061e-06
6.81839e-06
6.06064e-06
5.10152e-06
4.36287e-06
3.82412e-06
3.42759e-06
3.1583e-06
2.87745e-06
2.50385e-06
2.07029e-06
1.63808e-06
1.23358e-06
7.53258e-07
0
0
0
0
0
0
0
0
0
0
0
0
0
0
0
0
0
0
0
0
0
0
5.14413e-06
3.65185e-06
2.96819e-06
2.66146e-06
2.60502e-06
2.77886e-06
2.64386e-06
2.1812e-06
1.76973e-06
1.46657e-06
1.0304e-06
3.98924e-07
9.07759e-07
5.26291e-06
5.69805e-06
0
0
0
0
0
0
0
0
0
0
0
0
0
0
0
0
0
0
0
0
0
0
0
0
1.68345e-09
1.29459e-08
1.8274e-08
1.95097e-08
1.85478e-08
1.70982e-08
1.62975e-08
1.64943e-08
1.71237e-08
1.69479e-08
1.55159e-08
1.40961e-08
1.37035e-08
1.44161e-08
1.51985e-08
1.55523e-08
1.49155e-08
1.24703e-08
8.97397e-09
6.92689e-09
6.9456e-09
7.58577e-09
7.31057e-09
5.17844e-09
2.07068e-09
6.73957e-10
1.40274e-09
2.24289e-09
2.25211e-09
2.14746e-09
2.15649e-09
1.63184e-09
2.52762e-10
0
0
0
0
0
0
0
0
0
0
0
0
0
0
0
0
0
0
0
0
0
0
0
0
0
0
0
0
0
0
0
0
0
5.67117e-07
8.92563e-07
3.14697e-07
0
1.06208e-07
2.40716e-07
4.77306e-08
0
0
0
0
0
0
0
0
0
0
0
7.15504e-07
1.74898e-06
0
0
1.25279e-05
3.80202e-06
2.24945e-06
2.89632e-06
2.66333e-06
1.03602e-06
0
0
0
0
0
1.48062e-05
1.54015e-05
0
0
0
4.96026e-07
6.21296e-06
7.65759e-06
7.06279e-06
6.04536e-06
5.15208e-06
4.39235e-06
3.75575e-06
3.30853e-06
2.9837e-06
2.57694e-06
2.06466e-06
1.55296e-06
1.08624e-06
5.91007e-07
0
0
0
0
0
0
0
0
0
0
0
0
0
0
0
0
0
0
0
0
0
0
1.97642e-06
2.43056e-06
2.73979e-06
2.89132e-06
3.25721e-06
3.31545e-06
2.92399e-06
2.3884e-06
2.18922e-06
2.49725e-06
3.19101e-06
2.63288e-06
8.83577e-07
0
0
0
0
0
0
3.97892e-07
4.76267e-07
2.52627e-07
0
0
0
0
0
0
0
0
0
0
0
0
0
0
0
0
0
4.53801e-09
1.25089e-08
1.79953e-08
2.1917e-08
2.5013e-08
2.70743e-08
2.63769e-08
2.05967e-08
1.05581e-08
1.43553e-09
0
0
0
0
7.58182e-10
0
0
0
0
0
0
0
0
0
0
0
0
0
0
0
0
0
0
0
0
0
0
0
0
0
0
0
0
0
0
0
0
0
0
0
0
0
0
0
0
0
0
0
0
0
0
0
0
0
0
0
9.68445e-07
1.98845e-06
1.38365e-06
1.04167e-06
9.92908e-07
7.19169e-07
2.99055e-07
0
0
0
4.33852e-08
5.8256e-08
0
0
0
0
0
0
1.39521e-06
1.76473e-06
0
0
0
1.80759e-06
2.67857e-06
2.65003e-06
1.97535e-06
7.19629e-07
0
0
0
0
0
0
0
0
0
0
0
1.59528e-06
7.12742e-06
7.52171e-06
6.50511e-06
5.47827e-06
4.56171e-06
3.77316e-06
3.22351e-06
2.84051e-06
2.42014e-06
1.91369e-06
1.3961e-06
9.11307e-07
4.33134e-07
0
0
0
0
0
0
0
0
0
0
0
0
0
0
0
0
0
0
0
0
0
0
1.05409e-06
2.45592e-06
3.65024e-06
4.2624e-06
4.2722e-06
3.91698e-06
3.27833e-06
2.771e-06
2.90189e-06
4.08967e-06
5.53803e-06
4.23723e-06
0
0
0
0
0
0
0
4.99306e-07
5.24915e-07
4.15823e-07
2.06453e-07
3.23796e-09
0
0
0
0
0
3.06685e-08
4.29905e-08
4.11181e-08
3.21968e-08
2.21844e-08
1.51417e-08
1.35371e-08
1.83317e-08
2.83764e-08
4.01157e-08
4.88512e-08
5.12749e-08
4.70712e-08
3.79476e-08
2.61812e-08
1.27271e-08
0
0
0
0
0
0
0
0
0
0
0
0
0
0
0
0
0
0
0
0
0
0
0
0
0
0
0
0
0
0
0
0
0
0
0
0
0
0
0
0
0
0
0
0
0
0
0
0
0
0
5.81567e-07
1.01286e-06
1.19121e-06
1.15168e-06
9.44245e-07
5.72261e-07
0
0
0
0
0
3.1034e-06
3.06249e-06
1.80075e-06
8.15437e-07
1.71817e-07
0
1.15204e-07
3.72195e-07
4.41908e-07
0
0
0
0
0
0
0
7.51862e-07
1.58876e-06
7.12896e-07
0
0
0
1.56759e-06
1.88784e-06
1.56076e-06
1.08307e-06
6.15202e-07
0
0
0
0
0
0
0
0
0
0
0
0
4.34065e-06
7.1656e-06
6.90552e-06
5.93899e-06
4.86039e-06
3.90409e-06
3.22008e-06
2.64334e-06
2.06685e-06
1.5327e-06
1.05118e-06
6.2633e-07
2.40366e-07
0
0
0
0
0
0
0
0
0
0
0
0
0
0
0
0
0
0
0
0
0
0
1.83431e-06
4.67577e-06
6.06398e-06
6.11478e-06
5.53625e-06
4.61072e-06
3.76004e-06
3.39178e-06
3.99251e-06
6.22469e-06
7.49254e-06
5.4222e-06
0
0
0
0
0
0
0
2.55421e-07
1.94239e-07
1.57994e-07
1.18443e-07
7.64485e-08
4.29048e-08
2.79074e-08
3.41917e-08
5.47179e-08
7.60863e-08
8.61365e-08
8.05303e-08
6.43929e-08
4.75607e-08
3.75654e-08
3.67809e-08
4.35444e-08
5.41197e-08
6.43332e-08
6.96669e-08
6.64486e-08
5.40621e-08
3.45402e-08
1.24608e-08
0
0
0
0
0
0
0
0
0
0
0
0
0
0
0
0
0
0
0
0
0
0
0
0
0
0
0
0
0
0
0
0
0
0
0
0
0
0
0
0
0
0
0
0
0
0
0
0
0
0
0
0
8.27153e-07
1.82568e-06
2.48856e-06
2.75729e-06
2.60617e-06
2.05642e-06
1.13276e-06
0
0
0
0
9.20303e-07
4.05381e-06
3.2835e-06
1.32717e-06
2.32948e-07
7.34451e-08
2.58192e-07
5.20899e-08
0
0
0
0
0
0
0
6.23225e-08
7.87364e-07
3.40656e-07
0
0
0
0
0
0
0
0
0
0
0
0
0
0
0
0
0
0
0
0
0
1.49697e-06
5.31022e-06
5.82524e-06
5.2113e-06
4.24334e-06
3.33807e-06
2.65682e-06
2.10189e-06
1.60958e-06
1.16004e-06
7.54217e-07
3.93764e-07
7.72071e-08
0
0
0
0
0
0
0
0
0
0
0
0
0
0
0
0
0
0
0
0
0
1.07878e-06
3.65711e-06
7.35256e-06
9.31891e-06
9.05071e-06
7.28141e-06
5.44637e-06
4.45984e-06
4.35734e-06
5.58551e-06
8.41999e-06
9.2032e-06
6.64975e-06
0
0
0
0
0
0
4.05863e-07
0
0
0
0
0
0
0
0
0
0
1.71616e-08
3.5728e-08
4.57688e-08
5.06005e-08
5.43361e-08
5.92725e-08
6.41331e-08
6.52741e-08
5.94904e-08
4.62018e-08
2.67604e-08
3.3518e-09
0
0
0
0
0
0
0
0
0
0
0
0
0
0
0
0
0
0
0
0
0
0
0
0
0
0
0
0
0
0
0
0
0
0
0
0
0
0
0
0
0
6.6038e-09
5.52957e-09
6.15368e-09
1.15232e-08
1.76553e-08
2.2215e-08
3.00146e-08
5.11382e-08
1.0209e-07
2.20425e-07
4.01481e-07
5.12111e-07
4.31831e-07
6.59313e-07
1.5008e-06
2.55133e-06
3.12844e-06
2.94127e-06
2.09417e-06
8.16291e-07
0
0
0
0
6.38298e-08
3.4611e-06
4.91819e-06
4.27299e-06
3.07593e-06
2.20864e-06
1.44544e-06
2.68398e-07
0
0
0
0
0
0
6.21444e-07
1.19784e-06
1.11775e-06
6.91098e-07
8.39277e-08
0
0
0
0
0
0
0
0
2.55502e-07
3.54129e-06
7.21703e-06
5.89666e-06
0
0
0
0
0
0
0
0
8.56632e-07
3.80036e-06
4.64311e-06
4.41473e-06
3.57664e-06
2.70432e-06
2.08548e-06
1.61877e-06
1.18332e-06
7.95128e-07
4.59028e-07
1.6522e-07
0
0
0
0
0
0
0
0
0
0
0
0
0
0
0
0
0
0
0
0
0
0
0
0
1.81927e-06
9.23838e-06
1.03108e-05
8.14508e-06
5.91573e-06
5.03216e-06
5.32384e-06
7.33546e-06
9.92673e-06
1.0405e-05
7.84662e-06
1.16593e-06
0
0
0
0
0
7.17014e-06
0
0
0
0
0
0
0
0
0
0
0
0
0
0
0
0
0
0
0
0
0
0
0
0
0
0
0
0
0
0
0
0
0
0
0
0
0
0
0
0
0
0
0
0
0
0
0
0
0
0
0
0
0
0
0
0
0
0
0
0
0
0
0
4.0437e-09
1.75052e-08
2.24518e-08
2.96547e-08
4.19096e-08
5.58087e-08
6.96292e-08
8.99609e-08
1.37757e-07
2.4849e-07
4.76366e-07
8.47724e-07
1.30891e-06
1.62263e-06
1.59125e-06
1.69716e-06
2.27518e-06
2.60229e-06
1.71566e-06
1.09112e-08
0
0
0
0
2.29853e-07
2.91924e-06
4.84479e-06
5.51051e-06
5.20824e-06
4.41803e-06
3.30954e-06
1.86559e-06
3.44279e-07
0
0
0
3.09181e-07
1.26336e-06
1.95044e-06
2.41938e-06
2.73095e-06
3.23101e-06
4.47544e-06
5.59659e-06
5.08325e-07
0
0
0
0
0
0
6.29354e-07
5.26776e-06
5.25492e-06
0
0
0
0
0
0
0
0
0
1.7634e-06
2.98712e-06
3.19908e-06
2.89965e-06
2.28759e-06
1.69914e-06
1.23577e-06
8.49719e-07
5.29508e-07
2.86797e-07
8.43606e-08
0
0
0
0
0
0
0
0
0
0
0
0
0
0
0
0
0
0
0
0
0
0
0
0
0
0
3.52713e-06
7.99056e-06
7.18158e-06
5.45625e-06
5.04494e-06
6.01723e-06
8.65842e-06
1.09016e-05
1.13015e-05
8.97737e-06
3.04573e-06
0
0
0
0
8.77439e-06
1.00061e-05
0
0
0
0
0
0
0
0
0
0
0
0
0
0
0
0
0
0
0
0
0
0
0
0
0
0
0
0
0
0
0
0
0
0
0
0
0
0
0
0
0
0
0
0
0
0
0
0
0
0
0
0
0
0
0
0
0
0
0
0
0
0
0
0
0
0
2.2373e-08
5.63666e-08
9.02861e-08
1.21924e-07
1.53412e-07
1.91616e-07
2.49724e-07
3.53367e-07
5.34939e-07
8.403e-07
1.24278e-06
1.5655e-06
1.79325e-06
1.85822e-06
1.78849e-06
1.21665e-06
0
0
0
0
0
7.01582e-08
2.86422e-06
5.08174e-06
6.25543e-06
6.46948e-06
5.89163e-06
4.74386e-06
3.32159e-06
2.02155e-06
1.08131e-06
6.16326e-07
5.08602e-07
5.85049e-07
8.95482e-07
1.29206e-06
1.60283e-06
2.62729e-06
4.19919e-06
6.0225e-06
7.40714e-06
9.80718e-06
8.56975e-06
5.21571e-06
3.44416e-06
1.45933e-06
0
0
1.44754e-06
3.44872e-06
0
0
0
0
0
0
0
0
0
0
1.2917e-06
2.19887e-06
2.05378e-06
1.55325e-06
9.17528e-07
4.05424e-07
7.23918e-08
0
0
0
0
0
0
0
0
0
0
0
0
0
0
0
0
0
0
0
0
0
0
0
0
0
0
0
0
0
0
0
4.14081e-06
4.45157e-06
3.77582e-06
4.24258e-06
6.18804e-06
9.27139e-06
1.1397e-05
1.1966e-05
1.03147e-05
5.58202e-06
0
0
0
0
1.97924e-05
7.72011e-06
9.07552e-08
0
0
0
0
0
0
0
0
0
0
0
0
0
0
0
0
0
0
0
0
0
0
0
0
0
0
0
0
0
0
0
0
0
0
0
0
0
0
0
0
0
0
0
0
0
0
0
0
0
0
0
0
0
0
0
1.1637e-10
2.15154e-08
4.69273e-08
5.26968e-08
1.72803e-08
0
0
0
0
0
8.46949e-09
9.98334e-08
1.80393e-07
2.26301e-07
2.4743e-07
2.68289e-07
3.13335e-07
3.68149e-07
4.27858e-07
5.16478e-07
6.35596e-07
7.80431e-07
9.7217e-07
1.22957e-06
1.50537e-06
1.38958e-06
3.23033e-08
0
0
0
0
2.46593e-06
5.18063e-06
7.03789e-06
7.81308e-06
7.45105e-06
6.3575e-06
4.91108e-06
3.51323e-06
2.17846e-06
9.48018e-07
1.99973e-08
0
0
0
2.74216e-08
5.50693e-07
1.72704e-06
3.4079e-06
2.11072e-06
0
0
1.41729e-07
8.97275e-06
9.30045e-06
4.60791e-06
0
1.4186e-07
3.69441e-06
3.20182e-06
0
0
0
0
0
0
0
0
0
0
0
0
0
0
0
0
0
0
0
0
0
0
0
0
0
0
0
0
0
0
0
0
0
0
0
0
0
0
6.60704e-08
3.66803e-07
0
0
0
0
0
0
0
0
1.64515e-06
1.54831e-06
1.41782e-06
2.75915e-06
5.78958e-06
9.15083e-06
1.1672e-05
1.25459e-05
1.16956e-05
8.47357e-06
2.55765e-07
0
0
1.53536e-06
2.31881e-05
1.54e-06
7.22984e-08
0
0
0
0
0
4.40331e-08
1.58873e-07
2.64653e-07
3.44406e-07
3.83193e-07
3.6494e-07
2.75305e-07
1.16526e-07
0
0
0
0
0
0
1.87392e-08
1.73359e-08
0
0
0
0
0
0
0
0
0
0
0
0
0
0
0
0
0
0
0
0
0
0
0
0
0
0
0
0
0
0
0
0
7.15853e-09
4.60527e-08
8.30148e-08
1.14303e-07
1.26457e-07
9.28356e-08
2.92069e-09
0
0
0
0
0
2.08529e-08
1.35548e-07
2.05599e-07
2.23029e-07
2.15446e-07
2.09607e-07
2.14019e-07
2.26862e-07
2.43292e-07
2.60713e-07
2.79048e-07
2.99431e-07
3.24961e-07
3.61367e-07
4.15679e-07
4.80194e-07
4.87621e-07
3.0738e-07
1.16995e-07
3.45352e-07
1.15991e-06
2.32046e-06
3.36394e-06
3.89369e-06
3.82096e-06
3.37204e-06
2.68019e-06
1.90625e-06
1.16302e-06
4.59239e-07
7.98918e-09
0
0
0
0
0
7.92533e-08
3.91934e-07
0
0
0
0
0
0
2.73083e-06
0
0
1.98959e-06
5.9947e-06
4.88656e-06
1.19111e-06
0
0
0
0
0
0
0
0
0
0
0
0
0
0
0
0
0
0
0
0
0
0
0
0
0
0
0
0
0
0
0
0
0
0
0
1.53324e-06
3.52745e-06
5.58712e-06
5.96685e-06
2.57458e-06
0
0
0
0
0
0
2.37402e-08
1.63185e-07
0
0
8.60302e-07
4.57275e-06
8.04511e-06
1.10931e-05
1.25295e-05
1.26012e-05
1.10172e-05
5.87743e-06
0
0
2.52322e-05
1.49583e-05
0
0
0
0
0
1.29879e-08
7.36633e-08
7.56027e-08
5.92038e-08
6.67342e-08
1.05474e-07
1.56696e-07
1.97192e-07
2.11852e-07
1.99233e-07
1.69459e-07
1.38724e-07
1.21966e-07
1.27238e-07
1.58394e-07
1.98294e-07
2.2469e-07
2.18139e-07
1.62903e-07
4.64873e-08
0
0
0
0
0
0
0
0
0
5.09848e-08
3.38463e-09
0
0
0
0
0
0
0
0
0
0
0
0
0
0
0
0
0
2.34475e-08
3.43008e-08
2.33224e-08
2.12928e-10
0
6.78609e-09
7.61408e-08
1.09926e-07
0
0
0
0
0
0
1.25336e-07
1.81688e-07
1.6809e-07
1.32011e-07
1.03606e-07
9.61384e-08
1.06663e-07
1.24884e-07
1.37693e-07
1.38075e-07
1.29826e-07
1.19853e-07
1.10324e-07
1.01987e-07
9.965e-08
1.11362e-07
1.46204e-07
1.83748e-07
1.77229e-07
1.67923e-07
3.66932e-07
8.13563e-07
1.2206e-06
1.2919e-06
1.09664e-06
8.2727e-07
5.85229e-07
4.31477e-07
2.80927e-07
1.13419e-08
0
0
0
0
0
2.42994e-08
8.39034e-07
9.05149e-07
0
0
0
0
0
0
0
0
0
4.40888e-06
6.13535e-06
5.71544e-06
3.94214e-06
1.20356e-07
0
0
0
0
0
0
1.61077e-06
3.10198e-06
1.48229e-06
0
0
0
0
0
0
0
0
0
0
0
0
0
0
0
0
0
0
0
0
0
0
0
2.30682e-06
4.62162e-06
5.07685e-06
7.26753e-06
1.10336e-05
8.8031e-06
4.01504e-06
0
0
0
0
0
0
8.53784e-07
0
0
0
0
3.19089e-06
7.00232e-06
1.07581e-05
1.29145e-05
1.33402e-05
1.27591e-05
1.01348e-05
1.90458e-06
0
2.37797e-05
2.69526e-06
0
0
1.12464e-07
5.26854e-07
1.18634e-06
2.05858e-06
3.17954e-06
4.28699e-06
4.75368e-06
2.96811e-06
1.01829e-06
6.98949e-07
9.49017e-07
1.17243e-06
1.23865e-06
1.22041e-06
1.17259e-06
1.10422e-06
1.05249e-06
1.04093e-06
1.08186e-06
1.16844e-06
1.23995e-06
1.2451e-06
1.16818e-06
9.3841e-07
5.63704e-07
1.85111e-07
0
0
0
3.12913e-08
1.46055e-07
1.73529e-07
1.21155e-07
3.5132e-08
0
0
0
0
0
0
0
0
0
0
0
0
0
0
0
0
6.19889e-10
2.43886e-08
2.25987e-08
0
0
0
8.43831e-08
1.72955e-07
1.81216e-07
1.28993e-07
7.66175e-08
5.10886e-08
5.00483e-08
6.58646e-08
8.91336e-08
1.03269e-07
9.39907e-08
5.14656e-08
0
0
0
0
0
5.0842e-08
6.61654e-08
5.77517e-08
4.50883e-08
3.5156e-08
2.9719e-08
2.36156e-08
2.1366e-08
3.55774e-08
4.65395e-08
1.16201e-08
0
0
8.51727e-08
2.73709e-07
2.91124e-07
1.8624e-07
9.44483e-08
5.42313e-08
5.26074e-08
2.83341e-08
0
0
0
0
0
2.37296e-07
1.7089e-06
6.19393e-06
7.36826e-06
7.99972e-07
0
0
0
0
0
0
0
1.37872e-06
3.50004e-06
6.72377e-06
8.74448e-06
8.2974e-06
5.51884e-06
0
0
0
0
0
7.79111e-06
9.3204e-06
5.6131e-06
6.67795e-07
0
0
0
0
0
0
0
0
0
0
0
0
0
0
0
0
0
0
0
0
0
0
7.05109e-07
1.20923e-06
1.60306e-09
2.41634e-06
9.34247e-06
1.28347e-05
9.44055e-06
4.31206e-06
0
0
0
0
0
1.30095e-06
7.06856e-07
0
0
0
0
1.51491e-06
5.70504e-06
1.04497e-05
1.31881e-05
1.36063e-05
1.30973e-05
1.16925e-05
7.67172e-06
0
3.37205e-06
0
0
0
0
0
0
0
0
0
0
4.57209e-07
2.63541e-06
2.5055e-06
2.04615e-06
1.6591e-06
1.38641e-06
1.21893e-06
1.1439e-06
1.15072e-06
1.22735e-06
1.35905e-06
1.51514e-06
1.6539e-06
1.74077e-06
1.75134e-06
1.71559e-06
1.62959e-06
1.44319e-06
1.17078e-06
8.75059e-07
5.94361e-07
3.45824e-07
1.50927e-07
2.93673e-08
0
0
0
0
0
0
0
0
0
0
0
0
0
0
0
0
0
0
0
0
2.79886e-08
4.13979e-08
3.6863e-08
4.15285e-08
8.5669e-08
1.27161e-07
1.36722e-07
1.13004e-07
8.39016e-08
9.97674e-08
1.60494e-07
1.20293e-07
0
0
0
0
0
0
0
0
0
0
0
0
0
0
0
0
0
0
0
0
0
0
0
0
9.75468e-08
8.74966e-08
3.74455e-08
2.69272e-08
3.86394e-08
2.13672e-08
0
0
0
0
0
2.32527e-07
1.7533e-06
5.91235e-06
1.47757e-05
1.41007e-05
8.13834e-06
0
0
0
0
0
0
2.49969e-06
1.35136e-06
4.15078e-06
8.95154e-06
1.16508e-05
1.21112e-05
1.08754e-05
7.24381e-06
0
0
0
7.90912e-06
1.54577e-05
9.57905e-06
1.84893e-06
0
0
0
0
0
0
0
0
0
0
0
0
0
0
0
0
0
0
0
0
0
0
4.41948e-07
1.2793e-06
0
0
0
7.81218e-06
1.17184e-05
7.92003e-06
4.60243e-06
2.66046e-07
0
0
0
0
2.57417e-06
0
0
0
0
0
0
4.06399e-06
1.00991e-05
1.31913e-05
1.36646e-05
1.30387e-05
1.1724e-05
9.22809e-06
5.11827e-06
0
0
0
0
0
0
1.17683e-07
3.70191e-07
4.12294e-07
3.60062e-07
3.05845e-07
2.80093e-07
2.72326e-07
2.48369e-07
1.99606e-07
1.43902e-07
9.56691e-08
6.40117e-08
6.34817e-08
1.25414e-07
2.76737e-07
4.56983e-07
5.43035e-07
5.06102e-07
4.04161e-07
2.96564e-07
2.3626e-07
2.31584e-07
2.60144e-07
2.76446e-07
2.45749e-07
1.66194e-07
6.99004e-08
1.22142e-09
0
0
0
0
0
0
0
0
7.22288e-09
3.64804e-08
7.37156e-08
1.0607e-07
1.11691e-07
9.00836e-08
5.79874e-08
2.69538e-08
1.21358e-09
0
0
5.52078e-09
1.39077e-08
1.0298e-08
1.73236e-09
6.72047e-09
5.61701e-08
1.24598e-07
7.66188e-08
1.85211e-08
0
0
0
8.69758e-08
0
0
0
0
0
0
0
0
0
0
0
0
0
0
0
0
0
0
3.70463e-09
2.47748e-09
0
0
0
0
0
9.89199e-08
3.70153e-08
0
1.04511e-08
4.18183e-08
0
0
0
0
1.71083e-07
5.55567e-07
2.30808e-06
5.02573e-06
1.17729e-05
2.00486e-05
1.74828e-05
1.2309e-05
8.67724e-06
4.92428e-06
8.88554e-07
3.69178e-06
1.24153e-05
1.10039e-05
2.52243e-06
3.09554e-06
5.8101e-06
9.48937e-06
1.27742e-05
1.44901e-05
1.43596e-05
1.25689e-05
8.0817e-06
0
0
1.78767e-05
1.45906e-05
2.45948e-06
0
0
0
0
0
0
0
0
0
0
0
0
0
0
0
0
0
0
0
0
0
6.56421e-07
5.72914e-07
1.23865e-06
1.51382e-06
0
0
0
3.88486e-06
8.35754e-06
6.83947e-06
5.48972e-06
2.62224e-06
0
0
0
1.70887e-06
2.95699e-06
0
0
0
0
0
0
2.22837e-06
9.54073e-06
1.24944e-05
1.31465e-05
1.27608e-05
1.14803e-05
9.48555e-06
6.37058e-06
0
0
0
0
1.03725e-07
5.42078e-07
6.72017e-07
6.43718e-07
5.51664e-07
4.45155e-07
3.4221e-07
2.38918e-07
1.50121e-07
8.1723e-08
3.04538e-08
0
3.46912e-10
4.46034e-08
1.30798e-07
2.42643e-07
3.97603e-07
6.32067e-07
9.36811e-07
1.23009e-06
1.35041e-06
1.07449e-06
4.27893e-07
0
0
1.85749e-07
1.02957e-06
6.62362e-07
3.30217e-07
2.87324e-07
3.64997e-07
4.80244e-07
5.35455e-07
5.36903e-07
5.11677e-07
4.77707e-07
4.36921e-07
3.63399e-07
2.50572e-07
1.51627e-07
8.83906e-08
6.67944e-08
7.68284e-08
1.02546e-07
1.32893e-07
1.59443e-07
1.69392e-07
1.52487e-07
1.15153e-07
7.50033e-08
4.21461e-08
2.2502e-08
3.27954e-08
1.00608e-07
2.43455e-07
3.90511e-07
4.47046e-07
3.27906e-07
0
0
0
0
0
0
0
0
0
0
0
0
0
0
0
0
0
0
0
0
0
0
4.18007e-08
7.33075e-08
0
0
0
0
6.93911e-08
1.65589e-07
7.38824e-08
0
0
0
0
0
0
0
0
0
1.86538e-06
6.32196e-06
1.58997e-05
2.09101e-05
1.726e-05
1.36345e-05
1.35487e-05
1.17894e-05
9.67732e-06
8.59578e-06
1.092e-05
1.22414e-05
4.92224e-06
5.63411e-06
6.76184e-06
8.68407e-06
1.16e-05
1.42358e-05
1.51821e-05
1.47545e-05
1.27885e-05
8.0532e-06
0
1.77854e-05
3.13887e-06
0
0
0
0
0
0
0
0
0
0
0
0
0
0
0
0
0
0
8.38786e-08
1.87031e-07
7.94021e-08
6.05168e-07
7.09648e-07
1.6627e-08
9.74659e-07
1.62323e-06
0
0
0
9.02393e-07
6.08852e-06
8.11046e-06
7.92888e-06
5.46618e-06
4.36857e-07
0
0
4.75529e-06
1.5165e-06
0
0
0
0
0
0
4.03837e-07
8.98291e-06
1.13687e-05
1.21132e-05
1.21288e-05
1.11861e-05
9.50467e-06
6.78244e-06
0
0
0
4.93621e-07
7.65301e-07
9.34289e-07
1.03206e-06
1.08959e-06
1.13258e-06
1.15644e-06
1.08334e-06
8.98498e-07
5.36339e-07
0
0
0
2.21261e-08
1.09791e-07
1.18913e-07
1.11299e-07
1.13859e-07
1.23714e-07
1.2107e-07
8.98488e-08
3.43255e-08
0
0
0
2.53291e-08
4.38707e-08
4.61803e-08
3.9851e-08
3.28795e-08
2.89845e-08
3.05721e-08
3.54996e-08
4.05115e-08
4.6121e-08
5.22568e-08
5.74941e-08
5.7145e-08
4.98173e-08
3.80504e-08
2.4087e-08
1.1436e-08
2.7608e-09
0
0
2.06962e-09
5.95348e-09
9.23453e-09
1.05942e-08
9.55311e-09
6.38022e-09
2.0417e-09
0
0
6.52284e-11
4.98185e-09
1.01526e-08
1.26613e-08
1.03097e-08
5.29821e-09
6.05666e-10
0
0
0
0
0
0
0
0
0
0
0
0
0
0
0
0
0
0
0
0
0
0
0
0
0
0
0
3.39693e-08
0
0
2.9239e-07
3.28076e-07
2.32053e-09
0
0
0
0
0
0
2.16955e-06
1.15031e-05
1.65161e-05
1.40485e-05
1.11351e-05
1.06872e-05
8.29388e-06
5.23522e-06
2.7009e-06
9.53792e-07
0
0
3.42724e-06
6.22375e-06
7.94154e-06
9.00754e-06
1.04302e-05
1.25392e-05
1.3465e-05
1.30004e-05
1.0906e-05
5.69355e-06
0
0
0
0
0
0
0
0
0
0
0
0
0
0
0
0
0
0
0
0
3.42077e-07
4.04063e-07
0
0
0
0
2.81925e-07
1.64114e-06
0
0
0
0
3.4686e-06
1.04687e-05
1.2141e-05
7.98825e-06
3.72685e-06
0
0
6.14743e-06
0
0
0
0
0
0
0
0
7.92879e-06
9.58965e-06
1.03397e-05
1.08974e-05
1.05658e-05
9.4645e-06
7.10301e-06
0
0
0
0
0
0
0
0
0
0
0
0
0
0
0
0
0
0
0
0
0
0
9.68395e-10
2.656e-09
3.70152e-09
2.69542e-09
0
0
0
0
0
9.90438e-10
2.14829e-09
1.74476e-09
2.35914e-10
0
0
0
0
3.30634e-10
3.0775e-09
5.64594e-09
7.4129e-09
7.90192e-09
7.1039e-09
5.04642e-09
2.29593e-09
0
0
0
0
0
0
7.15959e-10
1.67161e-09
2.38524e-09
2.86249e-09
3.07393e-09
3.0226e-09
2.75795e-09
2.33328e-09
1.81895e-09
1.34842e-09
9.51991e-10
5.0975e-10
1.70912e-10
1.82516e-10
1.97974e-10
4.33774e-10
1.43461e-09
1.73304e-09
2.0681e-09
3.84442e-09
3.05061e-09
2.4956e-09
5.47414e-09
1.5318e-09
1.2009e-10
7.82649e-09
0
0
1.65333e-08
0
0
5.18946e-08
0
0
0
0
0
0
1.49247e-08
0
0
9.76682e-07
1.29087e-06
2.39283e-07
0
0
0
0
0
0
0
0
0
5.47459e-06
9.20485e-06
1.02084e-05
9.22158e-06
6.50031e-06
3.35598e-06
3.92911e-07
0
0
0
2.05994e-06
4.47787e-06
5.99093e-06
6.80717e-06
7.09667e-06
7.62562e-06
8.38332e-06
7.66745e-06
4.6732e-06
0
0
0
0
0
0
0
0
0
0
0
0
0
0
0
0
0
3.49709e-08
0
0
0
1.05513e-07
0
0
0
0
0
1.33528e-06
6.22345e-07
0
0
0
0
1.49503e-05
1.49225e-05
9.76e-06
7.47313e-06
2.73551e-06
0
1.84944e-06
0
0
0
0
0
0
0
0
5.26312e-07
3.32312e-06
6.77413e-06
8.17795e-06
8.61383e-06
8.69437e-06
8.10645e-06
0
0
0
0
0
0
0
0
0
0
0
0
0
0
0
0
0
0
0
0
0
0
0
3.53951e-09
7.6291e-09
8.81811e-09
4.74702e-09
0
0
0
0
0
0
3.33743e-10
0
0
0
0
0
0
0
0
0
0
0
0
0
0
0
0
0
0
0
0
3.71275e-10
6.40493e-10
6.92431e-10
5.96226e-10
4.71949e-10
4.58057e-10
6.3125e-10
9.92683e-10
1.58497e-09
2.32917e-09
2.97624e-09
3.52069e-09
4.04064e-09
4.27259e-09
4.44943e-09
4.84509e-09
4.6566e-09
4.36259e-09
4.62784e-09
3.76501e-09
3.27518e-09
4.23458e-09
2.35338e-09
2.17873e-09
5.35244e-09
0
2.13436e-09
1.11059e-08
0
7.32868e-09
1.97708e-07
1.2878e-07
0
0
0
0
0
2.85379e-07
0
0
1.19506e-06
2.46292e-06
4.41125e-07
0
0
0
0
0
0
0
0
0
0
4.89603e-06
1.15941e-05
1.58646e-05
1.43612e-05
9.19984e-06
2.51753e-06
0
0
2.40128e-06
1.04765e-05
1.09248e-05
8.02109e-06
4.29204e-06
1.47952e-06
3.44379e-07
6.11936e-08
0
0
0
0
0
0
0
0
0
0
0
0
0
0
0
0
0
0
0
0
0
0
0
0
0
0
0
0
0
4.27066e-07
4.92976e-07
3.76513e-07
0
0
2.26407e-07
6.14978e-06
1.84036e-05
1.07558e-05
3.23591e-06
3.98613e-07
1.67698e-08
0
0
0
0
0
0
0
0
1.86781e-08
1.30211e-08
4.09989e-08
2.3895e-07
1.19092e-06
4.48577e-06
5.91379e-06
1.48684e-06
0
0
0
0
0
0
0
0
0
0
0
0
0
0
0
0
0
0
0
0
0
0
0
1.13121e-09
4.36479e-09
6.05158e-09
3.68977e-09
0
0
0
0
0
0
0
0
0
0
0
0
0
0
0
0
0
0
0
0
0
0
0
0
0
0
1.74699e-10
2.63728e-10
1.95035e-10
3.80227e-11
0
0
3.11715e-10
1.0037e-09
1.97398e-09
3.21065e-09
4.51695e-09
5.8386e-09
6.91021e-09
7.78027e-09
8.3965e-09
8.69504e-09
9.06257e-09
8.92208e-09
8.618e-09
8.84453e-09
7.72387e-09
7.04031e-09
7.94841e-09
5.35074e-09
5.52024e-09
9.04529e-09
1.52224e-09
6.78348e-09
1.52836e-08
0
4.35598e-08
5.27037e-07
5.91063e-07
0
0
0
0
0
7.72362e-07
0
0
0
1.55838e-06
0
0
0
0
0
0
0
0
0
0
0
3.9588e-07
1.49886e-06
3.87032e-06
8.54047e-06
1.19492e-05
5.57943e-06
0
0
3.49236e-06
1.86983e-05
3.22736e-05
1.7616e-05
4.11681e-06
4.07348e-07
0
0
0
0
0
0
0
0
0
0
0
0
0
0
0
0
0
0
0
0
0
0
0
0
0
0
0
0
0
3.14761e-08
1.95462e-07
1.83549e-07
4.34952e-08
0
0
0
1.98011e-07
9.11698e-07
5.24368e-06
1.23633e-05
7.14826e-07
0
0
0
0
0
0
0
0
1.53183e-09
3.0077e-08
1.73277e-08
1.21886e-09
0
0
8.34583e-08
8.97624e-07
3.64724e-06
2.75828e-07
0
0
0
0
0
0
0
0
0
0
0
0
0
0
0
0
0
0
0
0
0
0
0
0
4.19662e-10
1.27314e-09
9.25946e-10
0
0
0
0
0
0
0
0
0
0
0
0
0
0
0
0
0
0
0
0
0
0
0
0
2.94229e-10
1.34624e-09
1.40447e-09
1.05616e-09
6.46409e-10
3.23387e-10
1.742e-10
3.24873e-10
9.89857e-10
2.82882e-09
5.88074e-09
1.02631e-08
1.51888e-08
1.88274e-08
2.17293e-08
2.43403e-08
2.50686e-08
2.53405e-08
2.59846e-08
2.47796e-08
2.36994e-08
2.37736e-08
2.05887e-08
1.88817e-08
2.01394e-08
1.41218e-08
1.46088e-08
1.97328e-08
5.23627e-09
1.69508e-08
2.4699e-08
0
1.19748e-07
1.19366e-06
1.51471e-06
0
0
0
0
0
4.26047e-07
0
0
0
0
1.98882e-08
0
0
2.24332e-06
1.9393e-06
0
0
0
0
0
0
0
0
4.44196e-07
1.67665e-06
3.11822e-06
1.91957e-06
0
0
1.01251e-06
5.65632e-06
2.00081e-05
2.50825e-05
2.9197e-06
8.34564e-08
0
0
0
0
0
0
0
0
0
0
0
0
0
0
0
0
0
0
0
0
0
0
0
0
0
1.17671e-07
9.84195e-08
1.40686e-07
1.84341e-07
1.53746e-07
1.92553e-07
1.61584e-07
0
0
5.66565e-08
1.81939e-07
1.91074e-07
3.14659e-07
1.44615e-06
3.99748e-06
1.12171e-07
0
0
0
0
0
0
0
0
3.54773e-08
2.96715e-08
1.33789e-08
0
0
0
0
2.1215e-07
1.38133e-06
9.95804e-08
0
0
0
1.35661e-06
5.18247e-07
0
0
0
0
0
0
0
0
0
0
0
2.66328e-07
7.9183e-07
1.11954e-06
1.04346e-06
4.29041e-07
0
0
0
0
2.18223e-07
0
0
1.15284e-06
3.2929e-07
0
0
0
0
0
0
0
0
0
0
0
1.65359e-07
5.7058e-07
5.83045e-07
4.02998e-07
8.49743e-08
0
0
0
0
1.81244e-08
0
0
5.88814e-07
0
0
0
0
0
0
0
0
0
0
0
0
1.20824e-07
1.16729e-06
5.07007e-07
2.12637e-09
0
0
0
0
0
0
0
0
0
0
0
0
0
0
0
0
0
0
0
2.14351e-06
0
2.12066e-06
4.44995e-06
0
0
0
0
0
0
0
0
5.07723e-07
0
0
0
0
0
0
1.09587e-07
0
0
0
0
0
7.00169e-06
0
4.70716e-06
6.16901e-06
0
0
0
0
0
1.24836e-06
9.72228e-07
8.31632e-07
3.24977e-06
2.70954e-06
0
0
0
0
0
1.25839e-06
3.60602e-06
0
0
0
0
7.19546e-06
0
5.01609e-06
7.38127e-06
0
0
0
0
0
2.29279e-06
2.73811e-06
3.06089e-06
6.95006e-06
6.13519e-06
0
0
0
0
0
5.27477e-06
1.03823e-05
3.56791e-07
0
0
0
4.58277e-06
0
0
2.41209e-06
0
0
0
0
0
4.12082e-06
5.58531e-06
6.557e-06
1.09326e-05
9.82404e-06
0
0
0
0
1.90082e-06
3.184e-06
7.00824e-06
4.53453e-06
0
0
0
0
0
0
0
0
0
0
0
0
7.10166e-06
9.50845e-06
1.13399e-05
1.49996e-05
1.3365e-05
0
0
0
0
1.73149e-06
0
2.06585e-06
7.78539e-06
2.77501e-06
2.54736e-06
0
0
0
0
0
0
0
0
0
0
1.05609e-05
1.40432e-05
1.64374e-05
1.90285e-05
1.62732e-05
0
0
0
1.2539e-06
4.4046e-07
0
0
9.38712e-06
1.72622e-05
6.96228e-06
0
0
0
0
0
0
0
0
0
0
1.38258e-05
1.84537e-05
2.10144e-05
2.2691e-05
1.82911e-05
0
0
0
2.01204e-06
0
0
0
9.70768e-06
3.99551e-05
0
0
0
1.35004e-06
0
0
0
0
0
0
7.70875e-07
1.71675e-05
2.24697e-05
2.46395e-05
2.58349e-05
1.93938e-05
0
0
0
1.70035e-06
0
0
0
8.35109e-06
5.434e-05
0
0
0
1.77399e-06
0
0
0
0
0
0
6.3179e-07
2.06096e-05
2.58939e-05
2.72068e-05
2.8395e-05
1.94881e-05
0
0
9.51593e-07
8.53771e-07
0
0
0
2.20779e-06
0
0
0
0
1.70029e-06
0
0
0
0
0
0
0
2.40154e-05
2.90186e-05
2.90808e-05
3.03098e-05
1.87818e-05
8.08473e-07
2.93989e-07
1.49181e-06
0
0
0
0
0
0
0
0
0
1.55647e-06
1.0623e-06
0
0
0
0
0
0
2.69244e-05
3.20477e-05
3.08427e-05
3.15717e-05
1.73703e-05
2.2332e-06
1.02714e-06
1.68102e-06
0
0
0
0
0
0
0
0
0
2.13869e-06
2.91203e-06
0
0
0
0
0
0
2.87633e-05
3.4938e-05
3.2643e-05
3.22203e-05
1.5355e-05
2.5396e-06
1.19434e-06
1.81213e-06
0
0
0
0
0
0
0
0
0
4.52421e-06
4.21628e-06
0
0
0
0
0
0
2.8239e-05
3.76916e-05
3.44991e-05
3.23818e-05
1.28265e-05
2.322e-06
1.42719e-06
1.98698e-06
0
0
0
0
0
0
0
0
0
8.40453e-06
3.76354e-06
0
0
0
0
5.31275e-06
0
2.32755e-05
3.98368e-05
3.65078e-05
3.2042e-05
9.67532e-06
2.15533e-06
1.94386e-06
2.31465e-06
0
0
1.02579e-06
1.722e-07
0
0
0
0
0
1.18289e-05
4.73457e-07
0
0
0
5.54199e-07
2.47841e-05
0
1.12851e-05
4.06247e-05
3.82794e-05
3.15816e-05
5.85631e-06
2.0849e-06
2.35174e-06
2.70634e-06
0
9.48179e-07
3.70686e-06
2.82281e-06
0
0
0
0
8.7477e-06
1.33889e-05
0
0
0
0
1.14289e-05
4.47802e-05
9.86315e-06
0
3.93636e-05
3.96417e-05
3.09401e-05
1.25231e-06
1.85079e-06
2.18764e-06
1.73393e-06
8.59808e-07
2.50134e-06
6.4268e-06
5.013e-06
0
0
0
0
1.56571e-05
1.11331e-05
0
0
0
0
2.38285e-05
6.52829e-05
6.66566e-05
0
3.49285e-05
4.01633e-05
3.06933e-05
0
1.30791e-06
1.47425e-06
1.0894e-06
1.86056e-06
3.60016e-06
8.71433e-06
8.56622e-06
0
0
0
0
1.08572e-05
2.68483e-06
0
0
0
0
3.79022e-05
8.64025e-05
0.000145049
0
2.70477e-05
3.94492e-05
3.07217e-05
0
8.19588e-07
9.351e-07
1.29686e-06
2.09804e-06
4.26376e-06
1.09779e-05
1.42057e-05
2.76655e-06
0
0
4.48047e-06
2.55777e-06
0
0
1.31119e-05
4.90025e-06
1.56564e-05
5.38118e-05
0.000107996
0.000234006
0
1.65959e-05
3.7153e-05
3.12992e-05
0
5.0746e-07
7.21058e-07
1.27553e-06
1.96754e-06
4.64145e-06
1.29973e-05
1.92883e-05
1.118e-05
0
0
1.45354e-06
0
0
5.51315e-07
2.77523e-05
2.4006e-05
3.56544e-05
7.20635e-05
0.000130151
0.000321198
0
6.26483e-06
3.33098e-05
3.28581e-05
0
3.69525e-07
6.89234e-07
1.11863e-06
1.68508e-06
4.39347e-06
1.30625e-05
2.12892e-05
1.71586e-05
1.03857e-05
8.69771e-06
1.76958e-06
0
0
2.74642e-05
4.04687e-05
4.49691e-05
6.0947e-05
9.29698e-05
0.000153218
0.000398204
0
0
2.88599e-05
3.63948e-05
0
3.69517e-07
7.16132e-07
9.76618e-07
1.37892e-06
3.73894e-06
1.14424e-05
2.02234e-05
1.96374e-05
1.81433e-05
1.38919e-05
1.04391e-05
0
0
4.59998e-05
4.86836e-05
6.64478e-05
9.21984e-05
0.000116197
0.000176905
0.000461407
3.46151e-05
0
2.54634e-05
4.36472e-05
0
4.52053e-07
7.40415e-07
8.80475e-07
1.19186e-06
3.28853e-06
9.71969e-06
1.83738e-05
2.07774e-05
2.16245e-05
1.24123e-05
2.63293e-05
0
0
5.55104e-05
5.1046e-05
8.60976e-05
0.000130696
0.000140804
0.000199879
0.000512189
8.44337e-05
7.18934e-07
2.29285e-05
5.56685e-05
0
5.66646e-07
7.53854e-07
8.1153e-07
1.15261e-06
3.16712e-06
8.50298e-06
1.67774e-05
2.30296e-05
2.26242e-05
1.0117e-05
4.406e-05
3.46272e-05
5.09546e-05
5.7796e-05
4.74956e-05
9.89589e-05
0.00017934
0.000165105
0.000220204
0.000546908
0.000123291
5.95829e-06
2.03561e-05
6.68552e-05
0
7.82106e-07
8.98929e-07
8.96537e-07
1.39435e-06
3.60495e-06
8.77088e-06
1.81417e-05
2.96322e-05
2.62461e-05
1.33889e-05
6.30941e-05
0.000101244
0.000105033
5.89241e-05
4.42787e-05
0.000106791
0.00025616
0.000207891
0.00026249
0.000611359
0.000173607
1.36588e-05
1.83864e-05
6.75424e-05
0
1.08032e-06
1.08558e-06
1.08309e-06
1.63635e-06
3.75597e-06
8.39281e-06
1.82978e-05
3.4308e-05
3.28156e-05
1.96678e-05
6.90198e-05
0.000145556
9.68473e-05
5.02732e-05
3.48771e-05
9.11545e-05
0.000313655
0.000231434
0.000282907
0.000641106
0.000189989
1.75087e-05
1.40233e-05
4.69109e-05
0
1.62933e-06
1.45595e-06
1.45465e-06
1.93072e-06
3.7603e-06
7.39686e-06
1.56985e-05
3.41917e-05
4.1624e-05
3.19325e-05
6.60026e-05
0.000158923
7.09186e-05
3.92506e-05
2.77503e-05
6.94475e-05
0.00031236
0.000244093
0.000302357
0.000672077
0.00019906
1.94877e-05
9.19609e-06
2.29824e-05
3.25984e-05
2.54975e-06
2.12966e-06
1.99806e-06
2.313e-06
3.65683e-06
5.60656e-06
9.61297e-06
2.72243e-05
4.40809e-05
4.46955e-05
6.11307e-05
0.000155986
4.64254e-05
2.77869e-05
2.49618e-05
5.29439e-05
0.00018363
0.000220091
0.000314543
0.000698765
0.000202843
1.9515e-05
3.99414e-06
3.08233e-06
3.64344e-05
3.94859e-06
3.2086e-06
2.72325e-06
2.81072e-06
3.53835e-06
3.24267e-06
2.29721e-06
1.72366e-05
3.96217e-05
5.2539e-05
5.94684e-05
0.000147143
2.88079e-05
1.76626e-05
2.58415e-05
4.4969e-05
2.44024e-05
0.000106782
0.000309819
0.000720227
0.000201821
1.78286e-05
0
0
0
5.84332e-06
4.79599e-06
3.61964e-06
3.27433e-06
3.27792e-06
4.67398e-07
0
1.01609e-05
3.41065e-05
5.54447e-05
6.21554e-05
0.000137323
1.85766e-05
9.68264e-06
2.91565e-05
4.39281e-05
0
0
0.000276141
0.000735987
0.000196822
1.46994e-05
0
0
0
7.59416e-06
6.53237e-06
4.54326e-06
3.55644e-06
2.76007e-06
0
0
7.80432e-06
3.1409e-05
5.50686e-05
6.68894e-05
0.00012794
1.50476e-05
4.18965e-06
3.39286e-05
4.75532e-05
0
0
0.000193268
0.000744758
0.00018832
1.04396e-05
0
0
0
7.48179e-06
8.07468e-06
5.69489e-06
4.00189e-06
2.09573e-06
0
0
8.15424e-06
3.00117e-05
5.25057e-05
6.72842e-05
0.000117068
1.63758e-05
1.05376e-06
3.91279e-05
5.38156e-05
0
0
3.78407e-05
0.000745595
0.000176926
5.14116e-06
0
0
0
4.0674e-06
7.94167e-06
5.73562e-06
3.6859e-06
1.16754e-06
0
0
9.6498e-06
2.53958e-05
4.73701e-05
6.03848e-05
0.000101767
1.94396e-05
0
4.3907e-05
6.15263e-05
0
0
0
0.000736813
0.000163284
0
0
0
0
0
5.90811e-06
4.76521e-06
2.82979e-06
1.53531e-07
0
0
7.60976e-06
1.63865e-05
3.94827e-05
4.81478e-05
8.4893e-05
2.19725e-05
0
4.76382e-05
7.00693e-05
0
0
0
0.000716306
0.000147606
0
0
0
0
0
3.01141e-06
2.72293e-06
1.13706e-06
0
0
0
0
5.17819e-06
3.01535e-05
3.41211e-05
6.93993e-05
2.41649e-05
0
5.02766e-05
7.91949e-05
2.18925e-05
0
0
0.000681839
0.000130064
0
0
0
0
0
7.24501e-07
5.49308e-09
0
0
0
7.17075e-06
0
0
2.08694e-05
2.1704e-05
5.70049e-05
2.76584e-05
8.80112e-07
5.20182e-05
8.86029e-05
4.34328e-05
0
0
0.000631355
0.000111045
0
0
0
0
0
0
0
0
0
0
8.42159e-06
0
0
1.2046e-05
1.1739e-05
4.72768e-05
3.31048e-05
4.50884e-06
5.30795e-05
9.7935e-05
6.2354e-05
0
0
0.000565085
9.1456e-05
0
0
0
0
2.27843e-06
0
0
0
0
0
5.70898e-06
0
0
3.59238e-06
3.25388e-06
3.73435e-05
3.7889e-05
1.04247e-05
5.37894e-05
0.000106134
7.85572e-05
0
0
0.000485177
7.21745e-05
0
0
0
0
3.75868e-06
0
0
0
0
0
1.55796e-06
0
0
0
0
2.45587e-05
3.63724e-05
1.62882e-05
5.4201e-05
0.00011237
9.1988e-05
0
0
0.00040038
5.4397e-05
0
0
0
0
2.69468e-06
0
0
0
0
0
0
0
0
0
0
8.8532e-06
2.42843e-05
1.52696e-05
5.17526e-05
0.000111196
9.76023e-05
0
0
0.000322599
3.76382e-05
0
0
0
0
0
0
0
0
0
0
0
0
0
0
0
0
6.47645e-06
9.10773e-06
4.92057e-05
0.000107376
9.82478e-05
1.7027e-05
0
0.000253933
2.38214e-05
0
0
0
0
0
0
0
0
0
0
0
0
0
0
0
0
0
0
4.6596e-05
0.000101601
9.52474e-05
3.72318e-05
0
0.000192483
1.23531e-05
0
0
0
0
0
0
0
0
0
0
0
0
0
0
0
0
0
0
4.36829e-05
9.45245e-05
9.04392e-05
5.32971e-05
0
0.000140049
2.85906e-06
0
0
0
0
0
0
0
0
0
0
0
0
0
0
0
0
0
0
3.96513e-05
8.67942e-05
8.52715e-05
6.47033e-05
0
9.54056e-05
0
0
0
0
0
0
0
0
0
0
0
0
0
0
0
0
0
0
0
3.22106e-05
7.90705e-05
8.04376e-05
7.03737e-05
0
5.75683e-05
0
0
0
0
0
0
0
0
0
0
0
0
0
0
0
0
0
0
0
1.56414e-05
7.15641e-05
7.61436e-05
6.92801e-05
1.76348e-05
2.86651e-05
0
0
0
0
0
0
0
0
0
0
0
0
0
0
0
0
0
0
0
0
6.37297e-05
7.24393e-05
6.18381e-05
3.1018e-05
1.29582e-05
0
0
0
0
0
0
0
0
0
0
0
0
0
0
0
0
0
0
0
0
5.28714e-05
6.94399e-05
5.05036e-05
3.68192e-05
1.36606e-05
0
0
0
0
0
0
0
0
0
0
0
0
0
0
0
0
0
0
0
0
3.18183e-05
6.71576e-05
3.82319e-05
3.88705e-05
2.90129e-05
0
0
0
0
0
0
0
0
0
0
0
0
0
0
0
0
0
0
0
0
7.79606e-06
6.83722e-05
2.98375e-05
3.40526e-05
4.82636e-05
0
0
0
0
0
0
0
0
0
0
0
0
0
0
0
0
0
0
0
0
8.07585e-07
2.54956e-05
2.91178e-05
1.29358e-05
5.9128e-06
0
0
0
0
0
0
0
0
1.20982e-07
0
0
0
0
0
0
0
0
0
0
2.38309e-07
4.68231e-07
9.14453e-07
2.12927e-05
4.49081e-06
1.58243e-07
1.04698e-07
0
0
0
0
0
0
1.32178e-07
1.47887e-07
7.50988e-08
8.14268e-09
0
1.40969e-08
7.1163e-09
0
0
0
0
0
6.36053e-07
4.36847e-07
2.6311e-07
2.57022e-06
2.38596e-06
2.44764e-08
5.78093e-08
0
0
0
0
0
2.32985e-07
1.90219e-07
1.68753e-07
9.28817e-08
1.77639e-08
4.28738e-09
2.31933e-08
1.27129e-08
0
0
0
0
1.54187e-07
8.45063e-07
5.66444e-07
2.14276e-07
6.09464e-07
9.42281e-07
0
3.11266e-08
0
0
0
1.15612e-08
)
;

boundaryField
{
    inlet
    {
        type            zeroGradient;
    }
    outlet
    {
        type            zeroGradient;
    }
    upperWall
    {
        type            zeroGradient;
    }
    lowerWall
    {
        type            zeroGradient;
    }
    frontAndBack
    {
        type            empty;
    }
}


// ************************************************************************* //
