/*--------------------------------*- C++ -*----------------------------------*\
  =========                 |
  \\      /  F ield         | OpenFOAM: The Open Source CFD Toolbox
   \\    /   O peration     | Website:  https://openfoam.org
    \\  /    A nd           | Version:  6
     \\/     M anipulation  |
\*---------------------------------------------------------------------------*/
FoamFile
{
    version     2.0;
    format      ascii;
    class       volScalarField;
    location    "0.3";
    object      p;
}
// * * * * * * * * * * * * * * * * * * * * * * * * * * * * * * * * * * * * * //

dimensions      [0 2 -2 0 0 0 0];

internalField   nonuniform List<scalar> 
12225
(
114.238
111.927
109.135
106.788
104.666
102.705
100.822
99.0271
97.3909
95.942
94.6407
93.445
92.3199
91.2723
90.2451
89.3118
88.3432
87.2545
115.176
111.903
109.138
106.772
104.638
102.674
100.796
99.0112
97.3825
95.9346
94.6321
93.4326
92.3083
91.2511
90.2379
89.2762
88.3139
87.2016
115.222
111.901
109.131
106.76
104.619
102.646
100.774
99.006
97.3884
95.9405
94.6312
93.4236
92.2919
91.2293
90.2179
89.2371
88.2757
87.2028
114.738
111.811
109.118
106.767
104.622
102.625
100.742
98.9792
97.3704
95.9252
94.613
93.4
92.265
91.2005
90.1886
89.2099
88.252
87.2429
114.392
111.799
109.111
106.733
104.587
102.585
100.702
98.9437
97.3368
95.8896
94.5757
93.3632
92.2303
91.1652
90.1535
89.1767
88.2239
87.2853
115.247
111.766
109.077
106.709
104.532
102.506
100.631
98.9008
97.3157
95.874
94.5549
93.335
92.1979
91.1322
90.1245
89.1585
88.2334
87.3636
114.848
111.618
109.006
106.697
104.526
102.475
100.576
98.8323
97.2418
95.8006
94.4871
93.2762
92.148
91.0883
90.0862
89.1338
88.2367
87.4061
112.888
111.347
108.95
106.667
104.463
102.387
100.486
98.7554
97.1787
95.7412
94.4243
93.2099
92.0827
91.0291
90.04
89.1087
88.2372
87.4272
114.009
111.174
108.892
106.636
104.366
102.255
100.361
98.6499
97.0897
95.6615
94.3507
93.1442
92.0269
90.9829
90.0025
89.0813
88.2203
87.4198
112.584
111.087
108.863
106.598
104.319
102.178
100.251
98.5223
96.9599
95.5358
94.2303
93.0319
91.9266
90.8981
89.935
89.032
88.1866
87.3962
109.835
110.928
108.92
106.544
104.185
102.013
100.08
98.3567
96.8071
95.3971
94.1057
92.9228
91.8331
90.8171
89.8644
88.9722
88.138
87.357
110.952
111.399
109.106
106.509
104.034
101.807
99.8673
98.1687
96.647
95.2524
93.9671
92.7909
91.7132
90.7134
89.7774
88.9007
88.0768
87.3012
112.684
112.471
109.342
106.423
103.883
101.639
99.6593
97.9252
96.3971
95.0232
93.7719
92.6297
91.5781
90.5969
89.6763
88.8155
88.0077
87.2453
121.358
114.091
109.654
106.282
103.542
101.249
99.303
97.6268
96.1422
94.792
93.5541
92.4249
91.3914
90.4327
89.5353
88.6947
87.904
87.1571
126.797
115.495
109.673
105.848
103.029
100.736
98.7844
97.1163
95.6672
94.3759
93.2036
92.1303
91.1395
90.2164
89.3532
88.5462
87.7868
87.0676
125.672
114.573
108.644
104.783
102.082
99.9172
98.0878
96.5016
95.0906
93.8313
92.7091
91.6979
90.768
89.9002
89.0858
88.3209
87.5983
86.9128
112.104
108.892
105.862
103.014
100.595
98.5377
96.8416
95.4299
94.1994
93.0927
92.0829
91.1529
90.2912
89.491
88.7465
88.0491
87.3895
86.7599
101.231
103.219
101.747
99.7822
98.0506
96.5519
95.236
94.0558
92.9819
92.0178
91.1552
90.3655
89.6259
88.9281
88.2703
87.6496
87.0625
86.5052
104.161
100.52
98.15
96.4138
94.9579
93.7387
92.7717
91.943
91.1878
90.5039
89.8758
89.2816
88.7157
88.1783
87.6661
87.1752
86.7037
86.2519
106.821
96.8928
93.3029
92.0145
91.3397
90.7599
90.2962
89.8961
89.4913
89.0767
88.6608
88.2467
87.8399
87.4447
87.0604
86.6847
86.3166
85.9587
84.1199
86.599
87.412
87.8566
88.1373
88.2775
88.3188
88.2637
88.128
87.9502
87.7447
87.5045
87.2316
86.9402
86.6407
86.3372
86.0334
85.7325
70.88
78.8599
82.4568
84.4573
85.5486
86.178
86.6368
86.934
87.0386
87.017
86.9359
86.8096
86.6419
86.4482
86.2419
86.0272
85.8059
85.581
70.4139
75.2553
79.2028
81.8553
83.5714
84.6752
85.4204
85.9057
86.1873
86.3438
86.4179
86.4096
86.3259
86.1909
86.0256
85.8399
85.6399
85.4322
62.0792
72.4619
77.2493
80.2396
82.235
83.5683
84.5233
85.1945
85.6134
85.8523
85.9764
86.0124
85.9783
85.8983
85.7907
85.6618
85.5144
85.3544
65.89
71.9687
76.1463
79.1393
81.3155
82.8401
83.915
84.6697
85.1712
85.4906
85.6858
85.7838
85.8037
85.7675
85.6916
85.5832
85.4484
85.2962
69.1064
71.8548
75.562
78.453
80.6697
82.2888
83.4473
84.2823
84.8678
85.2582
85.4995
85.6232
85.658
85.6347
85.5757
85.4907
85.3844
85.2601
66.9117
71.5736
75.2037
78.034
80.2828
81.9834
83.2155
84.0956
84.7027
85.0996
85.346
85.4856
85.5486
85.5576
85.5262
85.4598
85.363
85.2439
67.6965
71.427
74.9634
77.8018
80.0752
81.807
83.0544
83.9462
84.5803
85.014
85.2899
85.444
85.5106
85.5217
85.4963
85.4407
85.3562
85.2476
66.4704
71.3489
74.8615
77.6501
79.9109
81.661
82.9405
83.8643
84.5225
84.971
85.2534
85.4088
85.475
85.4866
85.4642
85.4142
85.3367
85.236
67.418
71.3514
74.8262
77.6101
79.8772
81.6391
82.9236
83.8473
84.5064
84.9581
85.2439
85.4023
85.473
85.4911
85.4753
85.4302
85.3546
85.2523
70.4365
70.3541
70.2176
70.0525
69.8888
69.7719
69.7267
69.7278
69.7362
69.7434
69.7448
69.7325
69.7016
69.6486
69.5739
69.4766
69.3497
69.1882
68.9953
68.7834
68.5721
68.3843
68.2449
68.1805
68.2201
68.3943
68.7314
69.2544
69.9819
70.9284
72.0955
73.4701
75.0351
76.7675
78.6306
80.5796
82.5739
84.5726
86.5235
88.3733
90.0816
91.6122
92.918
93.9538
94.6982
95.1315
95.2209
95.014
94.6595
94.2101
93.7231
93.3886
93.024
92.1939
90.8295
89.6686
88.9929
88.1729
86.9544
85.5061
84.1324
83.1258
82.8801
83.7525
85.4427
86.8313
87.0315
86.469
86.5491
87.7606
88.9901
88.8229
87.464
87.2491
87.0391
86.015
85.1357
82.8901
78.1818
72.114
65.6205
59.2668
53.3079
47.8293
42.821
38.2366
34.0195
30.114
26.471
23.0488
19.8124
16.7342
13.7947
10.9851
8.31236
5.80743
3.53995
1.63694
0.294974
-0.233814
0.31274
2.1368
5.25472
9.4683
14.4526
19.8351
25.2844
30.5625
35.5329
40.142
44.3896
48.3031
51.9184
55.2692
58.3819
61.2745
63.9568
66.4318
68.6983
70.7524
72.5883
74.1995
75.5788
76.7173
77.6063
78.2473
78.6558
78.8462
78.8414
78.6882
78.4264
78.1508
77.9456
77.799
77.4637
76.6419
75.4482
74.3278
73.6955
73.9129
74.2898
73.9412
73.116
71.9499
70.0472
67.1474
63.2574
58.5315
53.234
47.7195
42.3695
37.5571
33.621
30.8319
29.3589
29.245
30.3867
32.5485
35.4164
38.6518
41.9412
45.0304
47.7434
49.9837
51.7224
52.9817
53.8145
54.287
54.4668
54.4181
54.1996
53.8613
53.448
52.9908
52.5204
52.0627
51.6232
51.1882
50.791
50.6569
70.0949
70.0017
69.8471
69.6691
69.5362
69.5085
69.5647
69.643
69.6933
69.7117
69.6983
69.6575
69.596
69.5237
69.4546
69.3964
69.3216
69.1845
68.9593
68.6577
68.3223
68.0043
67.7476
67.5887
67.5586
67.6856
67.994
68.5053
69.2359
70.1901
71.364
72.7491
74.3277
76.0697
77.938
79.8952
81.9002
83.9033
85.8554
87.7177
89.4516
91.0098
92.3454
93.4267
94.2335
94.7354
94.9029
94.793
94.5136
94.0137
93.2941
92.7221
92.1661
91.1024
90.2052
89.8169
89.1321
88.0049
86.5879
84.9694
83.3164
81.8487
81.0208
81.3981
82.9541
84.5926
85.2203
84.9652
84.6522
85.4421
87.2159
87.6529
87.3698
87.6263
87.6654
86.2308
83.9146
80.4498
75.3917
69.5415
63.4618
57.5405
51.9574
46.7765
41.9979
37.5874
33.5019
29.6958
26.1267
22.7561
19.5506
16.4814
13.5267
10.6745
7.92802
5.31556
2.90735
0.84012
-0.662938
-1.30498
-0.789996
1.05824
4.24382
8.5786
13.7066
19.223
24.7782
30.1302
35.1492
39.7908
44.0628
47.9975
51.6335
55.0056
58.1402
61.055
63.7594
66.2553
68.5404
70.6096
72.457
74.0768
75.4633
76.6092
77.5132
78.1859
78.628
78.8282
78.8313
78.7003
78.4405
78.1398
77.9105
77.689
77.2223
76.3289
75.3604
74.3858
73.5595
73.6565
74.1129
73.8473
73.0991
71.9774
69.99
66.9323
62.9089
58.1046
52.7758
47.2547
41.9054
37.0936
33.1569
30.3699
28.9074
28.8117
29.9812
32.1859
35.1083
38.4032
41.7505
44.8911
47.6468
49.9204
51.6833
52.9591
53.8023
54.2803
54.4625
54.4137
54.1939
53.8533
53.4376
52.9771
52.5047
52.0473
51.6014
51.1553
50.749
50.5136
69.7848
69.7146
69.6018
69.4676
69.3702
69.3639
69.4107
69.4506
69.4533
69.453
69.481
69.516
69.4847
69.3494
69.1559
68.9412
68.6952
68.3958
68.0268
67.5939
67.1301
66.6817
66.2971
66.021
65.8926
65.9447
66.2035
66.6894
67.4155
68.386
69.5939
71.0224
72.6474
74.438
76.3574
78.3634
80.4089
82.4465
84.4346
86.3349
88.1082
89.715
91.1202
92.2954
93.2132
93.8486
94.1937
94.272
94.1015
93.6603
93.016
92.3264
91.6207
90.9486
90.3678
89.4935
88.5478
87.6081
86.0671
84.1703
82.3633
80.6744
79.2963
78.9087
80.035
81.8499
82.8711
82.9029
82.6187
82.9586
84.5679
86.5397
88.2028
88.509
87.2235
84.4747
80.5524
75.9204
70.8018
65.4308
60.0267
54.7545
49.7282
44.9911
40.5557
36.4055
32.5159
28.8566
25.3969
22.1056
18.9527
15.9094
12.9503
10.0575
7.2265
4.47671
1.87004
-0.456664
-2.25664
-3.17489
-2.83574
-1.00238
2.32326
6.89384
12.2878
18.0459
23.7898
29.2751
34.3844
39.0901
43.4135
47.3947
51.0759
54.4931
57.6726
60.6314
63.3783
65.9147
68.2366
70.337
72.2086
73.8464
75.249
76.4143
77.3378
78.0279
78.5029
78.763
78.8137
78.6829
78.4181
78.1141
77.8455
77.4998
76.9639
76.2942
75.5453
74.4543
73.5885
73.7791
74.2538
73.9626
73.1098
71.7903
69.5435
66.2706
62.1288
57.2817
51.9473
46.4289
41.0772
36.2537
32.2984
29.4941
28.0259
27.9488
29.1692
31.4562
34.4849
37.8972
41.3598
44.6039
47.4457
49.7863
51.5984
52.9083
53.7733
54.2634
54.4506
54.4016
54.1788
53.8326
53.4107
52.9471
52.4691
51.9985
51.5379
51.0875
50.6749
50.3266
69.7701
69.7196
69.6464
69.5516
69.4614
69.4171
69.3804
69.3095
69.2031
69.08
69.0266
69.0382
68.9584
68.6962
68.2938
67.7955
67.226
66.6063
65.9525
65.2831
64.6259
64.0168
63.4966
63.1083
62.8935
62.8891
63.1244
63.6191
64.3826
65.4142
66.7035
68.2296
69.9615
71.8616
73.8878
75.9949
78.1356
80.2632
82.3334
84.3054
86.143
87.816
89.3
90.5747
91.623
92.4321
92.993
93.2975
93.3333
93.086
92.6201
92.0819
91.5085
90.8308
90.0053
89.0638
88.0888
86.9052
85.4996
83.9504
82.2555
80.4724
78.805
77.9071
78.5122
80.1043
81.1264
81.0768
80.692
80.9671
82.6831
85.7136
87.4273
86.9838
84.4957
80.5097
75.8289
70.9607
66.04
61.1253
56.3001
51.6124
47.112
42.8171
38.7361
34.8632
31.1867
27.69
24.3529
21.1512
18.0581
15.0448
12.0815
9.14209
6.20986
3.28682
0.4149
-2.27942
-4.52283
-5.87301
-5.82711
-4.05828
-0.574792
4.30812
10.0829
16.2044
22.2403
27.9359
33.1911
38.0049
42.4191
46.4846
50.2476
53.7446
57.0012
60.0334
62.849
65.449
67.8283
69.9785
71.8903
73.5566
74.978
76.1629
77.1117
77.8213
78.3153
78.622
78.7319
78.6342
78.3787
78.0592
77.7343
77.3459
76.8412
76.2333
75.4734
74.5625
74.0633
74.2538
74.5641
74.2359
73.1511
71.3947
68.8022
65.3631
61.1527
56.26
50.8834
45.3254
39.9346
35.0679
31.0666
28.2221
26.7338
26.6739
27.9612
30.3641
33.5463
37.1309
40.7641
44.1621
47.1328
49.5747
51.4619
52.8248
53.7249
54.2357
54.4327
54.3852
54.1586
53.8053
53.3743
52.9022
52.4148
51.9358
51.4666
51.0011
50.5496
50.103
69.9867
69.9653
69.927
69.8693
69.787
69.6909
69.5651
69.3847
69.1742
68.8747
68.5423
68.2216
67.8084
67.256
66.5616
65.7397
64.8278
63.8627
62.8812
61.9168
61.0052
60.1843
59.4952
58.9797
58.6784
58.6268
58.8537
59.3774
60.2047
61.333
62.7491
64.4281
66.3339
68.4215
70.6397
72.9345
75.2523
77.5428
79.7597
81.8619
83.8143
85.5891
87.1654
88.531
89.6834
90.6255
91.3612
91.8848
92.1804
92.2312
92.0493
91.6847
91.1479
90.4394
89.6175
88.7063
87.709
86.6667
85.4747
84.0177
82.4973
81.0513
79.7077
78.8684
79.0628
79.9366
80.354
79.9825
79.5539
79.9561
81.6373
83.8152
84.5046
83.1329
79.8259
75.4979
70.8834
66.2157
61.5981
57.0895
52.7227
48.4991
44.4213
40.4892
36.7064
33.0743
29.5894
26.2443
23.0266
19.9171
16.8894
13.9119
10.9473
7.95591
4.89924
1.74682
-1.5012
-4.74907
-7.69675
-9.77551
-10.2839
-8.72892
-5.07224
0.300494
6.718
13.4546
19.9766
26.0141
31.5008
36.4833
41.0389
45.2352
49.1237
52.7412
56.1126
59.2534
62.1711
64.8656
67.3306
69.556
71.5304
73.2448
74.6975
75.9016
76.8692
77.5965
78.0988
78.4293
78.602
78.5696
78.3256
77.9802
77.6319
77.2261
76.6723
76.0399
75.3717
74.7347
74.4007
74.491
74.6747
74.2975
72.9993
70.8724
68.0087
64.4245
60.0942
55.0767
49.5939
43.9595
38.5063
33.5718
29.4939
26.5776
25.0449
24.9924
26.3562
28.9045
32.2859
36.0974
39.9571
43.559
46.6993
49.2746
51.2626
52.6987
53.6486
54.1905
54.404
54.3619
54.132
53.7708
53.3293
52.8484
52.352
51.8578
51.371
50.8846
50.408
49.9306
70.2793
70.2715
70.2607
70.2319
70.1804
70.0435
69.7987
69.4851
69.0985
68.5619
67.8815
67.0921
66.1775
65.1626
64.0477
62.8414
61.5653
60.2458
58.9188
57.623
56.4024
55.3023
54.3691
53.6481
53.1818
53.0083
53.1606
53.6653
54.5377
55.7772
57.3668
59.2728
61.4485
63.837
66.3742
68.9932
71.6283
74.2181
76.7087
79.0549
81.221
83.1795
84.9126
86.4129
87.6827
88.7325
89.5787
90.2389
90.7249
91.0318
91.1266
90.976
90.5715
89.9419
89.1585
88.2955
87.404
86.4663
85.4089
84.3059
83.2816
82.3213
81.5838
81.2656
81.1667
80.8357
80.0376
79.0143
78.3902
78.526
79.5437
80.444
80.1476
77.9881
74.4934
70.4093
66.141
61.8313
57.6029
53.4892
49.4935
45.6069
41.8228
38.1421
34.5705
31.1153
27.7778
24.5543
21.4363
18.4071
15.4389
12.4937
9.52176
6.46064
3.2352
-0.243204
-4.05605
-8.18229
-12.2986
-15.6083
-17.0133
-15.699
-11.5993
-5.32731
2.12933
9.7908
17.0071
23.5176
29.3194
34.5285
39.2728
43.6424
47.6949
51.4678
54.9856
58.2647
61.3134
64.1321
66.7137
69.0454
71.1121
72.9028
74.4131
75.6529
76.6415
77.3852
77.8965
78.2356
78.442
78.4547
78.2273
77.8743
77.5057
77.0686
76.5096
75.9213
75.32
74.7596
74.4196
74.457
74.5827
74.1339
72.6612
70.2861
67.212
63.4416
58.9107
53.7137
48.109
42.3936
36.8568
31.8114
27.6039
24.5676
22.9563
22.8959
24.3429
27.065
30.6929
34.7899
38.9366
42.7968
46.1491
48.8867
50.9952
52.5198
53.5335
54.1181
54.3571
54.3268
54.0973
53.7287
53.275
52.783
52.277
51.769
51.2659
50.7593
50.2613
49.7637
70.5895
70.5838
70.5787
70.5413
70.4443
70.2341
69.8536
69.3191
68.641
67.7783
66.7305
65.5084
64.127
62.6315
61.0375
59.3645
57.6275
55.8476
54.0567
52.2952
50.6129
49.0644
47.7081
46.604
45.812
45.3889
45.3836
45.8335
46.7592
48.154
49.9887
52.2182
54.7829
57.6124
60.6284
63.7478
66.8869
69.9652
72.912
75.6708
78.201
80.4773
82.486
84.2221
85.6887
86.898
87.8705
88.6362
89.2259
89.6678
89.9497
90.0053
89.7764
89.2753
88.5901
87.8235
87.0234
86.1601
85.2839
84.5841
84.0261
83.5363
83.4762
83.6842
83.2045
81.5795
79.3523
77.2926
75.9663
75.612
76.0265
76.1999
75.1703
72.7173
69.4001
65.6931
61.8267
57.9488
54.1242
50.35
46.6217
42.9453
39.3319
35.7947
32.3466
28.9996
25.7586
22.6211
19.5797
16.617
13.699
10.7762
7.77952
4.61282
1.14332
-2.81295
-7.47443
-12.9309
-18.759
-23.6947
-26.0033
-24.5766
-19.5728
-12.0167
-3.2563
5.48807
13.4861
20.5328
26.7094
32.2004
37.181
41.7621
46.0075
49.957
53.6383
57.0702
60.2643
63.2235
65.9416
68.4057
70.5972
72.4982
74.0981
75.4
76.4258
77.1943
77.7197
78.0586
78.2693
78.3016
78.0897
77.7368
77.3667
76.9321
76.3879
75.8088
75.2221
74.6814
74.3316
74.2913
74.3153
73.7674
72.153
69.599
66.3377
62.352
57.5961
52.2271
46.5135
40.7
35.0267
29.8012
25.3988
22.19
20.4631
20.3763
21.9096
24.8334
28.7563
33.2006
37.6994
41.8774
45.4901
48.4233
50.6699
52.2913
53.374
54.0084
54.2815
54.2716
54.0493
53.6768
53.211
52.705
52.1891
51.6721
51.1544
50.6265
50.098
49.5685
70.853
70.8486
70.8155
70.7296
70.5397
70.1816
69.601
68.7927
67.7722
66.5395
65.112
63.4899
61.6807
59.7054
57.5729
55.3058
52.9267
50.4708
47.9839
45.5231
43.1571
40.964
39.0311
37.4485
36.3024
35.6657
35.588
36.0904
37.1686
38.8012
40.9475
43.5527
46.5498
49.863
53.4126
57.1159
60.8841
64.6181
68.2142
71.579
74.6458
77.383
79.7852
81.8605
83.6214
85.0828
86.2634
87.1891
87.893
88.4146
88.7877
88.9879
88.9435
88.6248
88.0944
87.4422
86.7206
85.9585
85.2801
84.8164
84.4248
84.1913
84.6054
85.0923
84.2403
81.7268
78.4747
75.5223
73.5659
72.7872
72.6536
72.1793
70.6079
68.0627
64.9246
61.528
58.0282
54.5189
50.9944
47.4446
43.8794
40.3254
36.8118
33.3619
29.992
26.7152
23.5379
20.4579
17.4684
14.5522
11.6694
8.75454
5.71168
2.39683
-1.40394
-6.005
-11.7931
-18.9341
-26.736
-33.2451
-36.0697
-34.083
-27.9015
-18.9713
-8.91404
0.866649
9.60019
17.171
23.7536
29.5826
34.8564
39.6926
44.1555
48.2906
52.1347
55.7169
59.0562
62.16
65.0234
67.6313
69.9642
71.9983
73.7159
75.1113
76.2002
77.0089
77.5588
77.9003
78.1005
78.1309
77.9264
77.5822
77.2294
76.8083
76.2556
75.6613
75.0989
74.5912
74.2137
74.0558
73.9456
73.2608
71.5011
68.7978
65.3702
61.1769
56.2169
50.7008
44.8728
38.9117
33.0283
27.5496
22.887
19.4484
17.5613
17.4234
19.0442
22.1984
26.4683
31.3266
36.2467
40.8042
44.7275
47.8935
50.3014
52.0283
53.1804
53.863
54.1708
54.1861
53.9793
53.6112
53.1382
52.6177
52.0888
51.5616
51.0316
50.4855
49.9266
49.3664
71.1937
71.1542
71.0635
70.8752
70.5201
69.9534
69.1294
68.0346
66.6803
65.0796
63.2487
61.176
58.8533
56.2785
53.4571
50.4214
47.2177
43.9125
40.5856
37.3306
34.2535
31.4679
29.0876
27.2135
25.923
25.2648
25.2619
25.9141
27.2077
29.1181
31.6001
34.5852
37.9872
41.7129
45.6761
49.8127
54.0778
58.4145
62.7156
66.8301
70.6114
73.9701
76.8866
79.3843
81.4993
83.2653
84.7125
85.8673
86.7559
87.404
87.8598
88.1624
88.2826
88.1669
87.8199
87.3013
86.6769
86.0502
85.5507
85.1671
84.7665
84.6993
85.3854
85.8662
84.7314
81.9536
78.4531
75.2537
73.0307
71.7706
70.8204
69.361
67.0993
64.2564
61.1252
57.8855
54.6108
51.3063
47.9398
44.5111
41.042
37.568
34.1268
30.7478
27.448
24.2389
21.1268
18.1067
15.1681
12.2934
9.43683
6.51624
3.40638
-0.0895708
-4.27802
-9.61393
-16.6312
-25.4738
-35.042
-42.685
-45.5849
-42.8609
-35.5757
-25.4543
-14.2887
-3.63543
5.70365
13.7137
20.6706
26.8467
32.4387
37.5564
42.2531
46.5726
50.5632
54.2722
57.7358
60.9721
63.9805
66.7412
69.2276
71.4103
73.2624
74.7704
75.9432
76.81
77.3968
77.7487
77.9372
77.9584
77.759
77.4265
77.0887
76.6759
76.1124
75.5085
74.9634
74.4697
74.0502
73.7811
73.5248
72.6752
70.7674
67.9365
64.3594
59.9764
54.8401
49.1874
43.2129
37.0383
30.8706
25.0665
20.072
16.3376
14.2402
14.0249
15.7345
19.1486
23.8217
29.1673
34.5843
39.5865
43.8691
47.3032
49.8969
51.7428
52.9667
53.6934
54.0314
54.0696
53.88
53.5224
53.0506
52.5209
51.9787
51.4393
50.8965
50.3347
49.7526
49.1642
71.7447
71.6534
71.4628
71.1068
70.5331
69.7175
68.626
67.242
65.5609
63.5774
61.2816
58.647
55.6644
52.3422
48.7138
44.8438
40.8145
36.7277
32.6951
28.8362
25.27
22.107
19.4398
17.3369
15.8496
15.0271
14.9216
15.582
17.0313
19.251
22.1798
25.7165
29.7254
34.0491
38.5288
43.0442
47.5701
52.1808
56.92
61.6831
66.2381
70.3541
73.9174
76.9325
79.4589
81.5614
83.2938
84.6973
85.8073
86.6489
87.2477
87.6599
87.9195
87.9921
87.8366
87.4775
87.0022
86.5467
86.1937
85.8514
85.5126
85.6369
86.3546
86.6234
85.4713
83.0446
80.0186
77.1266
74.7697
72.7534
70.5297
67.7458
64.5553
61.2144
57.9007
54.6376
51.4072
48.1482
44.8284
41.4529
38.0411
34.6242
31.242
27.9286
24.7007
21.5672
18.5366
15.6028
12.7456
9.94067
7.13648
4.23157
1.06973
-2.59374
-7.14799
-13.1601
-21.2367
-31.4023
-42.1547
-50.3633
-53.0869
-49.7552
-41.6759
-30.6871
-18.7227
-7.47525
2.24284
10.5228
17.7484
24.2156
30.0938
35.4745
40.3966
44.8905
49.0066
52.8097
56.3597
59.6958
62.8285
65.7398
68.3898
70.7372
72.7435
74.3828
75.6559
76.5925
77.2244
77.5942
77.7782
77.7942
77.5981
77.2711
76.9374
76.5291
75.9609
75.3467
74.7994
74.2989
73.839
73.4782
73.0786
72.0642
70.0211
67.0747
63.3516
58.794
53.5025
47.7065
41.5373
35.0807
28.5583
22.3563
16.9557
12.858
10.5003
10.1814
11.9802
15.6829
20.8152
26.7237
32.7202
38.2381
42.9292
46.6613
49.4609
51.4397
52.7417
53.511
53.8733
53.9292
53.7547
53.4094
52.944
52.4115
51.8589
51.3069
50.7515
50.1769
49.5763
48.9613
72.354
72.2241
71.9345
71.4206
70.6452
69.5938
68.2411
66.5654
64.5419
62.1381
59.3191
56.0585
52.3711
48.3046
43.9355
39.3581
34.6702
29.9743
25.3739
20.9732
16.8713
13.1552
9.90111
7.18912
5.12489
3.83226
3.43033
4.01599
5.61888
8.20988
11.7153
16.0137
20.9386
26.2762
31.7606
37.1051
42.1316
46.9193
51.7434
56.7739
61.8828
66.7242
71.0009
74.6141
77.6092
80.0784
82.1056
83.758
85.0863
86.1338
86.9271
87.492
87.8827
88.1195
88.1648
88.0014
87.7106
87.437
87.2274
86.9949
86.8252
87.0808
87.6709
87.7984
86.9387
85.1902
82.8911
80.3659
77.6736
74.5796
70.8892
66.785
62.6639
58.7668
55.1367
51.7033
48.3656
45.0277
41.6639
38.2776
34.8813
31.4979
28.1629
24.9135
21.7646
18.7169
15.7823
12.9642
10.232
7.54483
4.84651
2.02243
-1.11605
-4.85706
-9.64426
-16.0939
-24.7967
-35.6124
-46.7774
-55.0093
-57.4928
-53.8529
-45.406
-34.0031
-21.7198
-10.3242
-0.574764
7.73527
15.0872
21.7757
27.9011
33.5086
38.6267
43.275
47.4978
51.3699
54.9734
58.3733
61.598
64.6393
67.4514
69.9734
72.1515
73.9438
75.3369
76.3583
77.0442
77.4362
77.6199
77.6356
77.4436
77.1152
76.7744
76.364
75.7927
75.1663
74.6042
74.0838
73.5852
73.1468
72.6189
71.4613
69.3004
66.2398
62.3703
57.6529
52.2163
46.2546
39.8383
33.0392
26.1006
19.4334
13.5537
9.02421
6.35459
5.90567
7.795
11.8151
17.4592
24.0036
30.6613
36.7715
41.9251
45.9824
48.9993
51.1196
52.5074
53.322
53.7057
53.7737
53.61
53.2752
52.8183
52.2883
51.7294
51.1655
50.597
50.0105
49.3964
48.7628
72.9039
72.7539
72.4019
71.7858
70.8714
69.6411
68.0686
66.1212
63.7575
60.9301
57.6003
53.7612
49.4619
44.7835
39.8202
34.6603
29.3801
24.057
18.7746
13.6282
8.71998
4.1621
0.0894613
-3.32897
-5.90449
-7.47614
-7.94623
-7.28278
-5.48967
-2.59611
1.33855
6.21328
11.8783
18.1539
24.8139
31.4573
37.5551
42.8869
47.7975
52.8004
58.0977
63.4278
68.3357
72.5457
76.0278
78.8761
81.2024
83.0989
84.637
85.8727
86.8551
87.6059
88.1483
88.5347
88.7782
88.8507
88.7711
88.6663
88.6
88.5381
88.5711
88.8941
89.3582
89.4837
89.0014
87.8828
86.1418
83.7235
80.4667
76.2556
71.3032
66.15
61.257
56.8059
52.7838
49.0784
45.5199
42.0011
38.5056
35.0358
31.5992
28.2117
24.901
21.7068
18.6467
15.7039
12.8798
10.1953
7.62658
5.11127
2.57943
-0.0897363
-3.10275
-6.76473
-11.5443
-18.0547
-26.7877
-37.4506
-48.2296
-56.0095
-58.2552
-54.635
-46.3331
-35.1402
-23.1733
-12.181
-2.80514
5.27487
12.6016
19.4489
25.8192
31.6552
36.9489
41.7221
46.0253
49.9447
53.5812
57.022
60.3161
63.4654
66.4271
69.1238
71.4823
73.4448
74.977
76.0993
76.8532
77.2761
77.4617
77.4791
77.293
76.9565
76.5974
76.1772
75.6034
74.9652
74.3808
73.8311
73.2921
72.786
72.1505
70.8768
68.6142
65.4417
61.4325
56.57
50.9878
44.8311
38.1227
30.9338
23.5262
16.3279
9.89721
4.87311
1.84979
1.25079
3.2304
7.58979
13.7889
21.035
28.4273
35.1991
40.8705
45.2839
48.5255
50.7859
52.2617
53.1263
53.5326
53.6101
53.4536
53.1273
52.6785
52.1523
51.5901
51.0161
50.435
49.8383
49.2162
48.5711
73.5321
73.3729
72.983
72.3049
71.3029
69.9511
68.2152
66.0487
63.3981
60.2129
56.4636
52.1669
47.3965
42.2447
36.7959
31.1131
25.2487
19.2712
13.2786
7.39818
1.77815
-3.41254
-7.97859
-11.7118
-14.4333
-16.0336
-16.472
-15.7463
-13.855
-10.8055
-6.63725
-1.4353
4.63847
11.3731
18.645
26.2771
33.618
39.8936
45.1234
50.0496
55.2852
60.8237
66.1761
70.8862
74.8039
77.9973
80.6015
82.73
84.4687
85.8806
87.0233
87.9473
88.664
89.1986
89.6096
89.9069
90.0709
90.1479
90.2292
90.3435
90.5626
90.934
91.3148
91.4731
91.2623
90.526
89.0336
86.4862
82.6431
77.5566
71.7251
65.8313
60.3091
55.3099
50.8477
46.7936
42.9299
39.1475
35.4404
31.812
28.2695
24.8294
21.507
18.3364
15.3514
12.5297
9.83798
7.29984
4.91752
2.61109
0.292273
-2.13976
-4.90638
-8.34135
-12.8715
-19.0288
-27.1824
-36.9397
-46.6339
-53.5689
-55.5811
-52.2838
-44.6623
-34.3514
-23.3465
-13.2666
-4.60463
3.04262
10.2173
17.1504
23.7585
29.8588
35.3519
40.2418
44.5977
48.5331
52.1782
55.644
58.9972
62.245
65.3441
68.2093
70.7462
72.8842
74.5694
75.8051
76.6404
77.108
77.3002
77.3175
77.1391
76.7916
76.4059
75.9696
75.3934
74.7434
74.1315
73.5458
72.9641
72.3976
71.6743
70.3117
67.9669
64.695
60.5616
55.5683
49.8361
43.459
36.423
28.8032
20.8755
13.0854
6.04812
0.493761
-2.89761
-3.6534
-1.59017
3.10411
9.87465
17.8687
26.0593
33.5488
39.78
44.578
48.0544
50.4496
52.0066
52.9217
53.3544
53.4417
53.2901
52.9707
52.5299
52.0085
51.4444
50.8622
50.2698
49.6638
49.0365
48.385
74.4912
74.3108
73.8805
73.1518
72.0883
70.6556
68.8139
66.5044
63.6616
60.2345
56.2026
51.5973
46.5039
41.0153
35.2041
29.1171
22.8001
16.3347
9.8511
3.51548
-2.49354
-7.99328
-12.7952
-16.7118
-19.5793
-21.292
-21.8056
-21.1042
-19.1743
-16.0157
-11.6713
-6.22115
0.190564
7.23936
14.6765
22.599
30.708
37.9008
43.5745
48.4677
53.5707
59.1457
64.7416
69.7925
74.0412
77.51
80.3315
82.6452
84.5524
86.1265
87.4157
88.4791
89.3614
90.0603
90.6147
91.0781
91.4574
91.7293
91.9688
92.2503
92.6258
93.039
93.3518
93.4939
93.3829
92.774
91.2999
88.5512
84.2777
78.6477
72.2899
65.8965
59.8466
54.3046
49.3594
44.8942
40.6638
36.5508
32.5598
28.6995
24.9793
21.4248
18.0453
14.8582
11.9152
9.21151
6.67027
4.27572
2.07663
0.0298613
-2.02277
-4.21409
-6.68032
-9.72761
-13.7813
-19.254
-26.3609
-34.676
-42.8228
-48.6755
-50.4643
-47.7192
-41.1774
-32.256
-22.7104
-13.8945
-6.1362
0.978315
7.91749
14.8471
21.6399
28.0232
33.7719
38.8226
43.2453
47.1831
50.8087
54.2735
57.6693
61.0091
64.2385
67.2624
69.9679
72.2723
74.1126
75.4682
76.3916
76.9189
77.1263
77.1405
76.9698
76.615
76.1989
75.7413
75.1616
74.4997
73.8575
73.2325
72.6062
71.985
71.1927
69.7692
67.3699
64.0214
59.7857
54.677
48.793
42.1761
34.7835
26.697
18.2068
9.78908
2.12938
-3.947
-7.68521
-8.58502
-6.45621
-1.47041
5.84206
14.5888
23.6165
31.8643
38.6816
43.8784
47.5962
50.1229
51.7505
52.7092
53.1692
53.2694
53.1228
52.8083
52.375
51.8596
51.2955
50.7074
50.1058
49.4911
48.859
48.2041
75.9379
75.7177
75.2304
74.4396
73.3243
71.8469
69.9599
67.5973
64.6834
61.1606
57.0112
52.2674
47.0168
41.3568
35.3594
29.0696
22.5336
15.8419
9.14121
2.61659
-3.54295
-9.1598
-14.0696
-18.1111
-21.1184
-22.9459
-23.5077
-22.797
-20.8417
-17.6414
-13.2484
-7.77876
-1.2925
5.95228
13.4812
21.2682
29.4116
37.0211
43.0563
47.9507
52.922
58.4693
64.1652
69.3802
73.8066
77.4457
80.4116
82.8442
84.8624
86.5512
87.9674
89.149
90.156
91.0143
91.7178
92.3173
92.8456
93.2882
93.663
94.0808
94.5847
95.0377
95.2805
95.3338
95.1718
94.5179
92.9546
90.0502
85.5612
79.6878
73.0704
66.3617
59.8897
53.8336
48.3662
43.4358
38.8004
34.3141
29.9777
25.8163
21.8412
18.0914
14.5926
11.3342
8.36738
5.74696
3.38953
1.1803
-0.873209
-2.72332
-4.4655
-6.32133
-8.46835
-11.1018
-14.5582
-19.1652
-24.9946
-31.6576
-38.1147
-42.7798
-44.2829
-42.1552
-36.892
-29.6437
-21.8015
-14.3433
-7.46886
-0.873599
5.7719
12.5801
19.4371
26.0535
32.1035
37.4039
41.9675
45.9443
49.5467
52.9809
56.3849
59.7945
63.1446
66.3169
69.1779
71.6283
73.6103
75.0852
76.0946
76.6898
76.9255
76.9367
76.7705
76.4154
75.9719
75.4893
74.9046
74.2327
73.5603
72.895
72.2233
71.5523
70.7101
69.2565
66.8371
63.4421
59.1303
53.9242
47.8908
41.0234
33.2601
24.6898
15.6188
6.57343
-1.67442
-8.21186
-12.2362
-13.2505
-11.0819
-5.88077
1.88227
11.3269
21.1852
30.204
37.6137
43.2077
47.1623
49.8146
51.5034
52.495
52.9773
53.0916
52.9514
52.641
52.2136
51.7046
51.1431
50.5523
49.9442
49.3221
48.6852
48.0283
77.8557
77.5627
76.9957
76.1554
75.0181
73.549
71.6965
69.3897
66.5472
63.1002
59.0238
54.3413
49.1316
43.4953
37.5154
31.2479
24.7443
18.0926
11.4364
4.96052
-1.14413
-6.7032
-11.5686
-15.604
-18.6476
-20.5188
-21.099
-20.3942
-18.4845
-15.3755
-11.0892
-5.8106
0.371547
7.37436
14.7846
22.3683
30.1563
37.5077
43.4954
48.354
53.238
58.7439
64.4516
69.6817
74.1221
77.7927
80.8101
83.2954
85.3708
87.1248
88.6217
89.9027
91.001
91.9711
92.8167
93.5443
94.1934
94.7748
95.2582
95.7481
96.3296
96.8241
97.0026
96.9091
96.5881
95.7959
94.117
91.1398
86.6323
80.7614
74.0942
67.2233
60.4499
53.9499
47.9432
42.4836
37.3962
32.5105
27.7918
23.2744
18.9796
14.94
11.2201
7.82465
4.75225
2.08874
-0.162965
-2.14524
-3.9693
-5.63683
-7.14556
-8.65527
-10.4219
-12.622
-15.4423
-19.1095
-23.6409
-28.7041
-33.542
-37.0481
-38.2315
-36.6946
-32.7468
-27.2014
-20.9825
-14.7067
-8.55188
-2.4154
3.87275
10.4248
17.2037
23.9523
30.2831
35.8925
40.6918
44.7883
48.4049
51.7978
55.1701
58.6066
62.0512
65.358
68.3663
70.9502
73.0543
74.6426
75.7352
76.3976
76.6747
76.6877
76.523
76.1744
75.7123
75.2041
74.6131
73.9353
73.236
72.5322
71.8163
71.0993
70.2249
68.773
66.3713
62.9657
58.6088
53.3267
47.1527
40.0395
31.9149
22.8723
13.2366
3.60126
-5.15997
-12.0552
-16.2691
-17.3524
-15.1749
-9.86228
-1.79071
8.23427
18.8637
28.6332
36.618
42.5901
46.7653
49.5316
51.2718
52.2859
52.7826
52.9081
52.7745
52.4676
52.0442
51.5406
50.9832
50.3933
49.7826
49.1554
48.5142
47.8564
79.63
79.3732
78.8152
77.9909
76.9033
75.5265
73.8191
71.7122
69.1184
65.9522
62.1683
57.7737
52.8305
47.4364
41.6881
35.6619
29.4226
23.053
16.6778
10.4627
4.58681
-0.77784
-5.47724
-9.37877
-12.3402
-14.2098
-14.8815
-14.3319
-12.6263
-9.78196
-5.78642
-0.802489
5.00926
11.5364
18.4569
25.5428
32.6869
39.301
44.7874
49.5161
54.4299
59.9243
65.5261
70.5957
74.8861
78.456
81.4223
83.89
85.9663
87.7475
89.2853
90.6252
91.7914
92.8218
93.7547
94.5796
95.3212
95.9981
96.5795
97.0926
97.6728
98.196
98.3441
98.0982
97.5639
96.5925
94.8184
91.8606
87.4917
81.8134
75.2796
68.4091
61.4927
54.6905
48.2206
42.229
36.6565
31.3614
26.2672
21.383
16.7478
12.3857
8.35481
4.72074
1.47515
-1.35324
-3.68747
-5.58176
-7.18877
-8.62206
-9.9263
-11.1678
-12.5437
-14.277
-16.5101
-19.3375
-22.7497
-26.4862
-29.9963
-32.5399
-33.4499
-32.408
-29.5483
-25.3268
-20.2807
-14.8209
-9.18182
-3.4497
2.43159
8.61656
15.1775
21.9226
28.4417
34.3383
39.4154
43.7038
47.3956
50.7656
54.0802
57.4953
60.9897
64.3984
67.5285
70.231
72.4382
74.1272
75.3015
76.0271
76.3557
76.3818
76.2175
75.8792
75.4111
74.8832
74.2861
73.6083
72.8902
72.1541
71.3993
70.6409
69.7507
68.3301
65.9856
62.6119
58.2485
52.9208
46.6323
39.3076
30.8719
21.4208
11.3027
1.18187
-7.96907
-15.0968
-19.4033
-20.5153
-18.37
-13.0731
-4.87638
5.5469
16.8162
27.26
35.7647
42.0666
46.4272
49.2857
51.0637
52.0896
52.5914
52.7225
52.5932
52.2883
51.867
51.3669
50.8133
50.2261
49.6162
48.9873
48.3441
47.6872
80.5933
80.537
80.1818
79.4781
78.5057
77.3009
75.843
74.0612
71.8539
69.1162
65.7781
61.824
57.2959
52.281
46.8838
41.2017
35.3194
29.3238
23.3233
17.4582
11.8876
6.7754
2.28164
-1.45336
-4.29753
-6.13435
-6.87944
-6.48741
-4.98296
-2.38802
1.25812
5.77804
11.0277
16.9279
23.25
29.7189
36.0069
41.6346
46.4859
51.1244
56.1837
61.6738
67.038
71.7883
75.8065
79.1906
82.0461
84.4569
86.5052
88.2807
89.8409
91.2099
92.4207
93.4875
94.4538
95.3371
96.1302
96.8542
97.5012
98.0394
98.5723
99.0911
99.2532
98.915
98.1894
97.039
95.19
92.3025
88.1465
82.7546
76.4657
69.7223
62.8098
55.8745
49.0991
42.6704
36.6403
30.943
25.5017
20.2897
15.3361
10.6797
6.35285
2.43189
-1.02902
-4.03795
-6.56341
-8.57677
-10.1539
-11.4302
-12.5345
-13.5716
-14.6657
-15.9936
-17.7035
-19.8476
-22.384
-25.1244
-27.6811
-29.5433
-30.2267
-29.4519
-27.2273
-23.7867
-19.4575
-14.5477
-9.31036
-3.91826
1.61317
7.43324
13.6703
20.2183
26.7315
32.7987
38.1317
42.6541
46.485
49.8798
53.1451
56.5107
60.0123
63.4865
66.7035
69.4913
71.7717
73.5383
74.7914
75.5785
75.9631
76.0191
75.8609
75.5347
75.0713
74.533
73.9325
73.2606
72.5349
71.776
70.9913
70.197
69.3022
67.9356
65.6838
62.386
58.0592
52.726
46.3683
38.8956
30.2361
20.4914
10.033
-0.416535
-9.81279
-17.0697
-21.4192
-22.5542
-20.4784
-15.3015
-7.15862
3.45689
15.1895
26.1803
35.1139
41.6727
46.1672
49.0862
50.8843
51.9108
52.4088
52.5391
52.4106
52.1052
51.6836
51.1849
50.6339
50.0495
49.4423
48.8149
48.1728
47.5193
81.1568
81.2434
81.071
80.4842
79.6481
78.685
77.575
76.2145
74.4757
72.2396
69.4203
65.9812
61.9411
57.3695
52.3689
47.0518
41.5261
35.8948
30.265
24.7624
19.5287
14.7152
10.4744
6.94435
4.246
2.47431
1.70286
1.97469
3.27039
5.5554
8.76823
12.769
17.449
22.7177
28.3504
34.003
39.2827
43.99
48.4322
53.1633
58.3799
63.7253
68.6944
73.0319
76.7372
79.9054
82.6219
84.9494
86.9566
88.7079
90.2667
91.6497
92.8774
93.9714
94.9483
95.8474
96.6696
97.4135
98.0787
98.6413
99.1302
99.6076
99.8044
99.4517
98.6012
97.2983
95.3808
92.5712
88.6439
83.5711
77.5852
71.052
64.2507
57.3263
50.4177
43.6995
37.2926
31.2178
25.4425
19.9346
14.6967
9.77034
5.19085
1.00736
-2.70001
-5.89676
-8.58828
-10.7716
-12.4718
-13.7698
-14.792
-15.6848
-16.5895
-17.6363
-18.9251
-20.5057
-22.3516
-24.3247
-26.1477
-27.4437
-27.841
-27.1021
-25.1894
-22.2316
-18.4314
-13.9903
-9.09676
-3.9326
1.39792
6.94297
12.8071
18.9734
25.2408
31.2841
36.7813
41.5404
45.5659
49.0529
52.3152
55.6388
59.1198
62.6195
65.8896
68.7351
71.0634
72.8759
74.1936
75.0446
75.4877
75.5881
75.4485
75.139
74.6895
74.1514
73.5517
72.8905
72.1689
71.3978
70.5935
69.7696
68.8751
67.5781
65.4507
62.2738
58.0313
52.7407
46.3714
38.8284
30.048
20.1417
9.50009
-1.11944
-10.639
-17.9642
-22.3487
-23.5223
-21.537
-16.5344
-8.57306
2.04806
14.0608
25.4507
34.7007
41.4296
45.9958
48.9376
50.7343
51.7492
52.2348
52.3582
52.227
51.9191
51.4951
50.9957
50.4455
49.863
49.2593
48.6359
47.9981
47.3509
81.5577
81.5012
81.4078
80.9415
80.2985
79.6766
79.0151
78.1352
76.8786
75.1315
72.8144
69.8822
66.3333
62.2152
57.6186
52.6612
47.4695
42.1663
36.8698
31.7037
26.8011
22.2998
18.3353
15.0321
12.4948
10.803
10.0199
10.1734
11.2461
13.2138
16.0085
19.5014
23.6073
28.2426
33.1468
37.8991
42.2286
46.3292
50.7054
55.6256
60.8243
65.8109
70.2896
74.2093
77.6176
80.5754
83.146
85.3788
87.3282
89.0466
90.5808
91.9606
93.1856
94.2848
95.2691
96.161
96.9864
97.7363
98.3982
98.9609
99.4227
99.8386
100.065
99.758
98.8635
97.457
95.4799
92.7346
89.0173
84.257
78.5949
72.3198
65.6974
58.8834
51.988
45.1472
38.4966
32.1186
26.0384
20.2533
14.7604
9.58732
4.77817
0.37293
-3.56504
-6.97386
-9.83392
-12.1565
-13.9733
-15.3519
-16.401
-17.2539
-18.0589
-18.9408
-19.9635
-21.1427
-22.4544
-23.8107
-25.0257
-25.8218
-25.913
-25.1096
-23.3675
-20.7569
-17.3843
-13.3348
-8.69775
-3.64458
1.60922
6.96154
12.4581
18.1646
24.0389
29.8853
35.4108
40.3481
44.5798
48.2076
51.518
54.8265
58.2787
61.7716
65.0606
67.939
70.3045
72.1481
73.5104
74.4216
74.927
75.0833
74.9764
74.6907
74.2644
73.7376
73.1447
72.4977
71.7903
71.0187
70.2054
69.3605
68.4662
67.2474
65.2701
62.2582
58.1508
52.9561
46.6392
39.1075
30.309
20.3663
9.68247
-0.974068
-10.5232
-17.8771
-22.3024
-23.5345
-21.6465
-16.8314
-9.12144
1.36141
13.4793
25.1102
34.5488
41.3515
45.9202
48.8423
50.614
51.6039
52.0689
52.1791
52.0417
51.7298
51.3021
50.8003
50.2489
49.6666
49.0661
48.4491
47.8185
47.1805
81.6726
81.4021
81.1395
80.8209
80.5263
80.4103
80.2931
79.9032
79.0777
77.7381
75.8337
73.3286
70.2131
66.516
62.3109
57.7106
52.8487
47.86
42.8723
38.0131
33.4132
29.2004
25.4938
22.402
20.0136
18.3972
17.6032
17.6481
18.5223
20.2009
22.6049
25.6284
29.2141
33.235
37.3437
41.1923
44.8519
48.7862
53.3372
58.3155
63.2224
67.7161
71.7267
75.2907
78.4362
81.1938
83.6154
85.749
87.6301
89.3048
90.8049
92.1613
93.3753
94.4596
95.4404
96.3231
97.1314
97.8742
98.5271
99.0701
99.5059
99.8622
100.094
99.8644
98.9975
97.5478
95.5305
92.8337
89.2931
84.817
79.4751
73.482
67.0786
60.432
53.6468
46.8235
40.0782
33.5153
27.202
21.1749
15.4522
10.0581
5.03651
0.43293
-3.70132
-7.30937
-10.353
-12.8273
-14.7594
-16.2125
-17.2895
-18.1306
-18.8886
-19.6766
-20.5404
-21.4709
-22.4302
-23.3528
-24.1117
-24.506
-24.3201
-23.4097
-21.7426
-19.3667
-16.3264
-12.6048
-8.18552
-3.20829
2.01825
7.23756
12.4171
17.678
23.1114
28.6532
34.0817
39.1061
43.5115
47.2955
50.6882
54.0067
57.4315
60.8972
64.1789
67.0704
69.4681
71.3472
72.748
73.7133
74.2823
74.5035
74.4443
74.1911
73.796
73.2918
72.7133
72.0837
71.398
70.6379
69.8253
68.9707
68.0746
66.9348
65.1253
62.3181
58.3974
53.3543
47.1542
39.7125
30.99
21.1199
10.5107
-0.0746135
-9.57376
-16.9212
-21.3943
-22.7063
-20.9171
-16.2793
-8.84844
1.3975
13.4672
25.1791
34.6704
41.4436
45.9433
48.8005
50.5224
51.4739
51.9101
52.0014
51.8539
51.5365
51.1046
50.5993
50.0449
49.4605
48.8623
48.2529
47.6324
47.0064
81.7643
81.3149
80.8067
80.5556
80.6369
81.1118
81.5647
81.6164
81.1262
80.0712
78.4456
76.2404
73.4537
70.1042
66.2496
61.994
57.4673
52.8003
48.1193
43.5539
39.2354
35.2846
31.81
28.9056
26.6492
25.1022
24.3024
24.2595
24.9603
26.3637
28.3956
30.9891
34.0718
37.4282
40.7365
43.9356
47.3901
51.4926
56.1593
60.9079
65.3447
69.3614
72.9931
76.2635
79.1706
81.7391
84.0201
86.056
87.8685
89.4907
90.9533
92.2747
93.4677
94.5304
95.4933
96.3649
97.1511
97.8724
98.5118
99.0315
99.4314
99.7365
99.9412
99.7937
99.0083
97.5758
95.5489
92.8924
89.4946
85.2646
80.2233
74.52
68.3593
61.9117
55.2887
48.5747
41.8588
35.2379
28.7958
22.5962
16.6856
11.1027
5.89442
1.11222
-3.19242
-6.97001
-10.1824
-12.8141
-14.8801
-16.4309
-17.5589
-18.3974
-19.104
-19.8102
-20.5627
-21.3294
-22.0582
-22.6982
-23.157
-23.2757
-22.8769
-21.8487
-20.1921
-17.9773
-15.228
-11.8403
-7.67109
-2.78252
2.45359
7.61814
12.5694
17.4445
22.4329
27.5994
32.8262
37.8431
42.3668
46.2953
49.7862
53.132
56.5337
59.962
63.2203
66.1109
68.5347
70.4585
71.9057
72.9259
73.5595
73.8508
73.8529
73.6431
73.2863
72.8152
72.2602
71.6517
70.9921
70.2546
69.4517
68.5997
67.701
66.6336
65
62.4303
58.7461
53.9102
47.8896
40.6117
32.0512
22.3499
11.9158
1.49503
-7.88203
-15.1874
-19.7121
-21.1246
-19.4389
-14.9635
-7.81664
2.12733
14.0198
25.657
35.0629
41.7025
46.0628
48.8112
50.4584
51.3584
51.7584
51.8255
51.6637
51.3384
50.9011
50.3915
49.8327
49.2444
48.6472
48.0457
47.4374
46.8263
82.4056
81.7765
81.1222
80.793
81.108
82.0263
82.9145
83.3043
83.0469
82.1495
80.656
78.608
76.0287
72.9303
69.3564
65.4053
61.1978
56.8479
52.4707
48.1955
44.1517
40.453
37.1969
34.4669
32.3337
30.8452
30.0306
29.9038
30.446
31.6016
33.3043
35.495
38.0537
40.7557
43.4807
46.4629
50.0785
54.3505
58.8544
63.1679
67.135
70.7688
74.0946
77.1055
79.7971
82.1996
84.3602
86.3081
88.0547
89.6211
91.0407
92.3246
93.4862
94.5246
95.4595
96.3136
97.08
97.7702
98.388
98.887
99.2469
99.5001
99.6583
99.5688
98.8964
97.534
95.5352
92.9221
89.6405
85.618
80.8487
75.4297
69.5248
63.2954
56.861
50.305
43.6996
37.1242
30.6596
24.379
18.3476
12.6235
7.26565
2.33316
-2.11806
-6.04002
-9.39811
-12.175
-14.3762
-16.0407
-17.2487
-18.1233
-18.817
-19.461
-20.1055
-20.7249
-21.2775
-21.7318
-22.018
-21.9896
-21.4696
-20.3538
-18.6828
-16.5862
-14.1064
-11.0688
-7.18538
-2.40354
2.86562
8.03458
12.8316
17.3847
21.9566
26.725
31.6827
36.6066
41.1769
45.2108
48.7927
52.1735
55.5552
58.9421
62.1714
65.0573
67.5034
69.4768
70.9821
72.0638
72.7655
73.1309
73.2048
73.0504
72.739
72.3094
71.7874
71.2053
70.5742
69.8678
69.0835
68.245
67.3476
66.3399
64.8801
62.5703
59.168
54.5947
48.8149
41.7709
33.452
24.0069
13.8372
3.6628
-5.52785
-12.7523
-17.3207
-18.8473
-17.276
-12.958
-6.09524
3.5025
15.1091
26.5244
35.7082
42.1143
46.2706
48.8708
50.4204
51.2568
51.6142
51.6525
51.4723
51.1354
50.6901
50.1741
49.6093
49.0158
48.4185
47.8248
47.2305
46.6368
83.6351
82.7971
81.9625
81.5935
82.0825
83.1952
84.2877
84.898
84.7971
83.9551
82.4668
80.4552
77.9816
75.0478
71.6878
68
64.0874
60.0335
55.9395
51.936
48.151
44.6885
41.6344
39.0655
37.0449
35.6154
34.804
34.6078
34.9962
35.9234
37.3285
39.1212
41.1718
43.3936
45.9283
49.0767
52.9152
57.1028
61.2207
65.0789
68.662
71.9827
75.0364
77.8144
80.3224
82.5891
84.6495
86.5185
88.2002
89.7098
91.0813
92.3268
93.4513
94.4617
95.3659
96.194
96.9408
97.6001
98.1859
98.6643
98.989
99.1859
99.2895
99.2192
98.6646
97.4125
95.4805
92.9245
89.7433
85.8951
81.3658
76.216
70.5705
64.5717
58.3407
51.966
45.5146
39.0524
32.6497
26.3767
20.3037
14.5015
9.04262
3.99764
-0.570368
-4.61153
-8.09385
-11.0015
-13.3329
-15.1129
-16.41
-17.3453
-18.0706
-18.7079
-19.2906
-19.7821
-20.1628
-20.4548
-20.6311
-20.5467
-19.9939
-18.8404
-17.1505
-15.1298
-12.8733
-10.1674
-6.59528
-1.97493
3.28423
8.45617
13.133
17.4134
21.6138
26.0034
30.6693
35.4407
39.9848
44.0639
47.7028
51.1101
54.4736
57.819
61.0186
63.9048
66.3781
68.4059
69.9795
71.1318
71.9073
72.3506
72.5039
72.4167
72.1587
71.7776
71.2972
70.748
70.1477
69.4773
68.7204
67.9033
67.0164
66.0522
64.7544
62.7153
59.6333
55.3759
49.8964
43.1525
35.1484
26.0371
16.2093
6.35177
-2.59487
-9.69414
-14.2816
-15.9236
-14.4824
-10.3319
-3.7587
5.45946
16.6869
27.7431
36.5742
42.6552
46.5528
48.9731
50.4067
51.1692
51.4782
51.4838
51.2813
50.9288
50.4713
49.9445
49.3704
48.7696
48.1706
47.5851
47.0072
46.4348
84.7871
83.8123
82.8713
82.6371
83.3006
84.4134
85.4988
86.2546
86.2925
85.4497
83.866
81.7935
79.3477
76.5064
73.2958
69.8251
66.1768
62.398
58.5767
54.8439
51.3184
48.0907
45.2385
42.8316
40.9214
39.541
38.7067
38.4131
38.6347
39.3347
40.4502
41.8962
43.6242
45.7387
48.4649
51.8708
55.6885
59.5397
63.2246
66.7063
69.9776
73.023
75.8364
78.4188
80.7765
82.9288
84.899
86.6926
88.3089
89.7621
91.0837
92.2904
93.3778
94.3566
95.2309
96.0273
96.7521
97.3839
97.9311
98.3841
98.6809
98.8241
98.8659
98.781
98.323
97.2041
95.3737
92.8953
89.8095
86.1106
81.7908
76.8891
71.4978
65.7363
59.7186
53.5368
47.2599
40.9475
34.6608
28.4629
22.4209
16.608
11.1045
5.99168
1.34238
-2.78854
-6.3703
-9.39131
-11.8474
-13.7461
-15.1363
-16.1361
-16.9128
-17.5906
-18.1722
-18.584
-18.8145
-18.9533
-19.0422
-18.9488
-18.4221
-17.2742
-15.5689
-13.5864
-11.4952
-9.07724
-5.82376
-1.42727
3.74628
8.88125
13.4444
17.4888
21.3645
25.4084
29.7809
34.3601
38.8165
42.8792
46.5282
49.9376
53.278
56.5845
59.7576
62.6505
65.1604
67.2506
68.9026
70.1351
70.9913
71.5171
71.7554
71.7459
71.55
71.2235
70.7919
70.2825
69.7164
69.084
68.3622
67.5717
66.7071
65.7734
64.6153
62.8438
60.1104
56.2187
51.0972
44.7145
37.09
28.3789
18.9573
9.47528
0.824917
-6.10139
-10.6704
-12.4151
-11.1186
-7.15816
-0.888072
7.92191
18.6883
29.2592
37.617
43.2935
46.8904
49.1088
50.4141
51.0955
51.3516
51.3211
51.0925
50.7202
50.2453
49.702
49.1128
48.5
47.8967
47.32
46.7619
46.2169
85.2097
84.0552
83.2364
83.4263
84.4388
85.4207
86.3142
87.1879
87.3881
86.5303
84.8099
82.658
80.2352
77.4767
74.4062
71.1363
67.7102
64.1461
60.5409
57.0357
53.7401
50.7227
48.0469
45.7737
43.9435
42.5886
41.7292
41.3587
41.4481
41.9537
42.8474
44.1313
45.876
48.2232
51.2094
54.6209
58.1397
61.5823
64.9058
68.0873
71.0914
73.9022
76.5212
78.9464
81.1769
83.2261
85.1102
86.8305
88.383
89.7818
91.0551
92.2223
93.275
94.2204
95.0665
95.8301
96.5289
97.1358
97.6449
98.0637
98.337
98.4356
98.4123
98.2881
97.8917
96.9087
95.206
92.8276
89.8409
86.2753
82.1395
77.4626
72.3138
66.7896
60.9913
55.0096
48.9165
42.7709
36.6292
30.5484
24.5902
18.8243
13.3314
8.19799
3.50555
-0.68343
-4.33634
-7.44703
-10.0152
-12.0354
-13.5277
-14.5953
-15.4242
-16.1614
-16.7887
-17.1769
-17.295
-17.2946
-17.3056
-17.2272
-16.7671
-15.6642
-13.9584
-11.9944
-10.0215
-7.83972
-4.88146
-0.736737
4.28727
9.32841
13.76
17.5895
21.1827
24.9185
29.0067
33.3661
37.6822
41.6718
45.2847
48.6659
51.9716
55.2403
58.3919
61.2983
63.8543
66.0149
67.7551
69.0779
70.0229
70.6367
70.9648
71.0417
70.9174
70.6514
70.2748
69.8116
69.2837
68.6901
68.0093
67.2494
66.4158
65.5074
64.4604
62.9402
60.5685
57.0837
52.3734
46.4077
39.2193
30.9642
22.0012
12.9431
4.63529
-2.07338
-6.58137
-8.40452
-7.26276
-3.51943
2.43022
10.8051
21.0344
31.0049
38.784
43.9935
47.2623
49.2677
50.4389
51.0354
51.2356
51.166
50.9077
50.5108
50.0131
49.4465
48.8349
48.2035
47.592
47.0234
46.4883
45.9785
85.3049
83.9818
83.5667
84.1256
85.206
85.8841
86.54
87.5816
88.1201
87.3278
85.3898
83.0332
80.5617
77.8606
74.9379
71.9073
68.7471
65.4222
62.0365
58.7461
55.647
52.8002
50.2694
48.1096
46.3643
45.0602
44.2048
43.7595
43.6845
44.0258
44.883
46.3126
48.3347
50.9187
53.8979
57.0303
60.1665
63.2704
66.3138
69.2433
72.0236
74.6474
77.1112
79.4049
81.5243
83.4801
85.2845
86.9357
88.4283
89.7758
91.0036
92.1312
93.1509
94.0626
94.881
95.6139
96.2832
96.8666
97.3414
97.7192
97.9685
98.0326
97.9489
97.7681
97.3961
96.5338
94.9735
92.7155
89.8371
86.3973
82.4255
77.9515
73.0296
67.7369
62.16
56.3829
50.4781
44.5063
38.5227
32.5811
26.7384
21.0597
15.6219
10.5111
5.81273
1.59622
-2.10048
-5.27415
-7.93322
-10.0686
-11.6718
-12.816
-13.695
-14.4915
-15.1867
-15.5947
-15.6425
-15.5263
-15.4676
-15.4126
-15.0392
-14.0096
-12.3235
-10.3754
-8.49254
-6.5001
-3.79635
0.097329
4.92554
9.81264
14.0799
17.7016
21.0463
24.5115
28.3317
32.4533
36.5841
40.4486
43.9822
47.3053
50.5619
53.7918
56.9265
59.8519
62.4632
64.7031
66.5401
67.9632
69.0059
69.7149
70.1375
70.3079
70.2647
70.0655
69.749
69.338
68.8529
68.2984
67.6616
66.9376
66.1392
65.2586
64.2898
62.9909
60.9782
57.9297
53.6779
48.1798
41.4758
33.7231
25.2609
16.6655
8.73853
2.28407
-2.12394
-3.99431
-3.00796
0.494562
6.10705
14.0184
23.6354
32.9008
40.0159
44.7172
47.6473
49.4397
50.4777
50.9888
51.1319
51.0209
50.7294
50.3026
49.7755
49.1781
48.5357
47.8784
47.2541
46.6916
46.1808
45.715
85.6629
84.4947
84.2641
84.7009
85.2216
85.6688
86.4333
87.6164
88.3945
87.6461
85.4807
82.9518
80.5079
77.9164
75.1312
72.2799
69.3206
66.2
63.0335
59.9751
57.1032
54.4555
52.0787
50.0464
48.3892
47.0538
46.0334
45.4199
45.3395
45.8891
47.0753
48.8206
51.0229
53.5481
56.2454
59.022
61.854
64.7099
67.5244
70.2418
72.8391
75.3076
77.6362
79.812
81.831
83.701
85.4304
87.0159
88.4517
89.7495
90.9334
92.0208
93.0073
93.8857
94.6744
95.3788
96.0153
96.5742
97.0179
97.3522
97.57
97.607
97.471
97.2239
96.8414
96.0766
94.6648
92.5473
89.7932
86.4837
82.6702
78.389
73.6863
68.6248
63.2769
57.7166
52.0129
46.2271
40.4148
34.6297
28.926
23.3644
18.0169
12.9662
8.29712
4.08254
0.3666
-2.84588
-5.57241
-7.8098
-9.5286
-10.7625
-11.696
-12.5472
-13.3152
-13.7682
-13.7797
-13.5722
-13.4516
-13.42
-13.1391
-12.201
-10.5569
-8.63697
-6.83771
-5.00889
-2.52989
1.11579
5.7082
10.3793
14.4355
17.8349
20.9399
24.1473
27.6961
31.5486
35.4407
39.1209
42.5265
45.7578
48.9442
52.128
55.2479
58.1985
60.8766
63.2113
65.1622
66.7044
67.8616
68.6816
69.2121
69.489
69.5427
69.423
69.1755
68.8261
68.3925
67.8819
67.2919
66.6115
65.8521
65.0096
64.0989
62.9918
61.3389
58.7749
55.0621
50.1224
43.9931
36.8289
28.9506
20.8945
13.4154
7.26955
3.00596
1.12269
1.94914
5.16863
10.3962
17.7697
26.6412
35.0375
41.3621
45.4904
48.0581
49.6307
50.5319
50.9536
51.0345
50.8764
50.5447
50.079
49.5113
48.8706
48.1838
47.488
46.8428
46.2832
45.801
45.3945
85.9337
85.0731
84.7687
84.9144
85.1806
85.6106
86.36
87.2607
87.6717
86.8605
84.9051
82.5526
80.1757
77.6984
75.1458
72.5693
69.8365
66.8756
63.8455
60.9405
58.2329
55.7407
53.4878
51.483
49.7489
48.368
47.4482
47.1126
47.4467
48.4079
49.8482
51.6323
53.6674
55.885
58.2561
60.7731
63.3947
66.0442
68.652
71.1812
73.6145
75.9374
78.1358
80.1979
82.1192
83.904
85.5576
87.0765
88.4548
89.7021
90.8413
91.8866
92.8371
93.6819
94.4373
95.1137
95.7151
96.2444
96.6587
96.9497
97.1261
97.1378
96.9579
96.6433
96.2177
95.5194
94.2564
92.3007
89.6953
86.5327
82.8849
78.7986
74.3171
69.4929
64.3864
59.0612
53.5793
47.9994
42.3771
36.7665
31.2219
25.8017
20.5734
15.6145
11.0068
6.82309
3.11186
-0.11701
-2.88667
-5.20674
-7.0385
-8.37454
-9.37256
-10.2765
-11.1145
-11.6242
-11.6288
-11.3627
-11.1993
-11.1916
-10.9959
-10.1534
-8.57421
-6.71079
-5.00798
-3.32849
-1.04427
2.3631
6.68062
11.0651
14.8505
18.0018
20.8659
23.8179
27.08
30.6195
34.206
37.6285
40.8435
43.9404
47.0314
50.158
53.2649
56.2514
59.0139
61.4671
63.5575
65.2482
66.5471
67.5019
68.161
68.5627
68.7332
68.7115
68.5457
68.2684
67.8978
67.4398
66.8988
66.2691
65.5531
64.7575
63.8963
62.9328
61.6066
59.5498
56.4569
52.1833
46.7372
40.2599
33.0559
25.6255
18.6668
12.8889
8.82163
6.95671
7.60382
10.4871
15.2711
22.0074
29.9648
37.3087
42.7292
46.2487
48.4584
49.8248
50.5989
50.9345
50.9521
50.7423
50.3626
49.8466
49.2231
48.5214
47.7701
47.0149
46.3332
45.7688
45.3221
44.999
86.1762
85.5082
85.1559
85.134
85.3051
85.6403
86.1037
86.488
86.4311
85.5789
83.9376
81.8902
79.7402
77.5223
75.2115
72.781
70.1593
67.3641
64.5526
61.8611
59.331
56.9673
54.7887
52.8735
51.3476
50.3101
49.8123
49.8726
50.4471
51.4303
52.7151
54.2368
55.9765
57.9448
60.1314
62.4795
64.9081
67.3477
69.7558
72.1075
74.3813
76.559
78.6277
80.5765
82.3983
84.0944
85.6688
87.1182
88.4371
89.6324
90.7244
91.7256
92.636
93.446
94.1652
94.8115
95.3788
95.8714
96.2569
96.5067
96.6353
96.6179
96.4035
96.0291
95.5392
94.863
93.7361
91.9582
89.5268
86.5323
83.0628
79.1776
74.9207
70.338
65.4809
60.4034
55.1598
49.8032
44.3869
38.965
33.5926
28.328
23.2361
18.3897
13.8651
9.73347
6.04556
2.81788
0.0262122
-2.35341
-4.28385
-5.72404
-6.79634
-7.75419
-8.65265
-9.21552
-9.2349
-8.95233
-8.78002
-8.80022
-8.66978
-7.90933
-6.4116
-4.64198
-3.05931
-1.5174
0.607877
3.79581
7.81108
11.852
15.3203
18.2071
20.8344
23.5352
26.4978
29.6855
32.9062
36.0027
38.9641
41.8815
44.8524
47.9132
51.0116
54.0473
56.9155
59.5152
61.774
63.6431
65.1135
66.2276
67.0362
67.5783
67.8805
67.9727
67.8993
67.7008
67.3997
67.0016
66.5119
65.9344
65.2663
64.5158
63.6981
62.8236
61.7465
60.1455
57.6784
54.1226
49.4219
43.6814
37.1891
30.4196
24.0096
18.6233
14.7842
12.9515
13.4048
15.9282
20.2317
26.2461
33.1701
39.3872
43.9114
46.8758
48.7866
49.9924
50.6685
50.9344
50.8965
50.6364
50.205
49.6306
48.9387
48.1591
47.321
46.4805
45.74
45.1598
44.7561
44.5398
86.39
85.8316
85.489
85.3922
85.422
85.4822
85.5609
85.5825
85.3301
84.5377
83.1235
81.3246
79.423
77.4461
75.3039
72.9993
70.5807
68.0854
65.5736
63.1248
60.7973
58.6363
56.718
55.1358
53.9513
53.1928
52.8648
52.9419
53.3836
54.1523
55.2134
56.5481
58.1514
59.9963
62.0242
64.1695
66.3777
68.6087
70.8309
73.0139
75.1314
77.167
79.1096
80.9459
82.6658
84.2698
85.7622
87.1403
88.3984
89.5403
90.583
91.5381
92.4047
93.1776
93.8595
94.4709
95.0063
95.4574
95.8105
96.023
96.1022
96.0487
95.8078
95.3836
94.8281
94.1284
93.1026
91.5068
89.2731
86.4702
83.1954
79.5217
75.4964
71.1605
66.5582
61.737
56.7444
51.627
46.4332
41.2145
36.026
30.9269
25.9815
21.2601
16.8342
12.77
9.11963
5.907
3.11062
0.694235
-1.31303
-2.8471
-3.99548
-5.00632
-5.95079
-6.55299
-6.6016
-6.34617
-6.20551
-6.26049
-6.1708
-5.46603
-4.05868
-2.42324
-0.989531
0.423777
2.41957
5.39821
9.08443
12.7371
15.8562
18.4682
20.8586
23.302
25.9396
28.7274
31.5181
34.2163
36.8526
39.5312
42.3427
45.3193
48.4115
51.5157
54.52
57.3064
59.776
61.8644
63.5454
64.8516
65.8362
66.5397
66.9894
67.2111
67.2431
67.1303
66.9034
66.5714
66.1378
65.6129
64.9952
64.2872
63.5084
62.6867
61.7696
60.5256
58.629
55.8017
51.8947
46.9386
41.1954
35.1157
29.2724
24.2956
20.7077
18.9185
19.1738
21.3159
25.0741
30.2523
36.0436
41.129
44.8325
47.3364
49.0263
50.1257
50.7384
50.9555
50.8727
50.5651
50.0784
49.4367
48.6624
47.7825
46.8254
45.8579
45.0194
44.4048
44.0566
43.9824
86.5571
86.0756
85.733
85.5147
85.3383
85.1738
85.0578
84.925
84.5587
83.7478
82.4706
80.9129
79.2404
77.4325
75.4392
73.3282
71.1747
68.9809
66.7608
64.5856
62.5368
60.6797
59.0639
57.7236
56.689
55.9881
55.6315
55.6224
55.9639
56.6398
57.6177
58.863
60.3381
62.0044
63.8247
65.7607
67.7724
69.8217
71.8725
73.8925
75.8592
77.7593
79.5796
81.3028
82.9178
84.427
85.8363
87.1429
88.3391
89.4264
90.4181
91.325
92.1457
92.8775
93.5219
94.0942
94.5965
95.0073
95.3196
95.499
95.5311
95.4334
95.1718
94.7105
94.0972
93.3503
92.3732
90.9406
88.9186
86.3338
83.2746
79.8248
76.0407
71.9604
67.6201
63.0607
58.3257
53.4579
48.5006
43.5006
38.51
33.5867
28.7956
24.2064
19.8881
15.902
12.3001
9.11288
6.32484
3.89253
1.83543
0.229076
-0.987929
-2.04811
-3.02294
-3.64847
-3.73949
-3.55353
-3.4834
-3.58016
-3.50096
-2.81993
-1.51274
-0.0538967
1.20543
2.5012
4.38628
7.15237
10.4802
13.7132
16.4681
18.8032
20.9536
23.1231
25.3987
27.731
30.0233
32.2468
34.4757
36.8356
39.424
42.2776
45.3564
48.5534
51.7397
54.771
57.5129
59.8774
61.822
63.3641
64.559
65.4503
66.0659
66.4322
66.5835
66.5651
66.4162
66.1535
65.7804
65.3092
64.7436
64.0803
63.3354
62.544
61.7083
60.6965
59.248
57.0789
53.96
49.8243
44.8787
39.523
34.2659
29.7171
26.3971
24.6604
24.7114
26.4325
29.5484
33.7749
38.3963
42.4306
45.4497
47.6158
49.1729
50.223
50.809
51.0008
50.8863
50.5354
49.9902
49.272
48.3977
47.3872
46.265
45.1123
44.1177
43.438
43.159
43.2728
86.7108
86.2456
85.8443
85.5068
85.2157
84.9561
84.7109
84.4052
83.9044
83.0996
81.9792
80.6178
79.0912
77.4192
75.6177
73.7417
71.8308
69.8852
67.9257
66.0209
64.2421
62.6278
61.2025
60.0025
59.0706
58.4382
58.1255
58.1413
58.4724
59.0912
59.9663
61.0684
62.3762
63.8709
65.5213
67.2849
69.1214
70.9973
72.8811
74.7449
76.5686
78.338
80.0355
81.642
83.1494
84.5636
85.8911
87.127
88.261
89.2922
90.2313
91.0882
91.8617
92.5492
93.1544
93.6861
94.1503
94.5243
94.79
94.9342
94.927
94.7807
94.4941
94.0145
93.3552
92.5577
91.5846
90.2741
88.456
86.1069
83.2902
80.0832
76.5494
72.7322
68.6633
64.3749
59.9038
55.29
50.5747
45.8025
41.0217
36.2872
31.6616
27.2144
23.0131
19.116
15.5736
12.422
9.65401
7.22604
5.14762
3.49334
2.21699
1.11087
0.118938
-0.519046
-0.668081
-0.589267
-0.618614
-0.75037
-0.643747
0.0364207
1.21981
2.45997
3.5317
4.72247
6.49986
9.03466
11.9752
14.7747
17.1703
19.2346
21.1385
23.007
24.8724
26.6872
28.4091
30.0747
31.7988
33.7325
35.9979
38.6569
41.6974
45.0156
48.4512
51.8139
54.9178
57.6387
59.916
61.7524
63.2018
64.3137
65.1177
65.6433
65.9272
66.0131
65.9463
65.7537
65.4435
65.0269
64.5147
63.9014
63.1914
62.4163
61.6052
60.7064
59.5502
57.8924
55.4641
52.1165
47.9809
43.375
38.736
34.6488
31.612
29.9198
29.7425
30.9861
33.3679
36.5918
40.1095
43.2565
45.7651
47.7267
49.2372
50.291
50.8849
51.0756
50.9433
50.5539
49.9482
49.1442
48.15
46.969
45.6193
44.207
42.9874
42.2049
42.0046
42.3585
86.7717
86.2952
85.8617
85.4801
85.1325
84.7828
84.4069
83.9747
83.4143
82.6373
81.603
80.3465
78.9419
77.4371
75.8438
74.1785
72.4706
70.7451
69.0317
67.3758
65.8228
64.4075
63.1655
62.1339
61.343
60.8153
60.5629
60.5827
60.863
61.3904
62.1509
63.1322
64.3169
65.674
67.1636
68.7526
70.4167
72.1294
73.8589
75.5764
77.262
78.8994
80.4699
81.9569
83.3573
84.6795
85.9285
87.0951
88.1661
89.1395
90.0247
90.8302
91.5555
92.1975
92.7605
93.2512
93.6726
94.0091
94.2312
94.3312
94.2912
94.1029
93.7798
93.2933
92.6108
91.7706
90.7768
89.54
87.9002
85.7839
83.2256
80.2855
77.0194
73.4731
69.6809
65.6713
61.4735
57.1212
52.6525
48.1105
43.5425
39.0016
34.5494
30.2541
26.1821
22.3894
18.9239
15.8246
13.0927
10.6881
8.61293
6.93302
5.60736
4.45889
3.45856
2.80979
2.58409
2.52949
2.39728
2.26391
2.43307
3.1081
4.12015
5.10759
5.99651
7.091
8.74691
11.0176
13.5487
15.9225
17.982
19.7885
21.4363
22.9684
24.3685
25.5989
26.671
27.6779
28.77
30.128
31.9225
34.2738
37.2288
40.7036
44.4882
48.3103
51.9052
55.0946
57.7964
60.0023
61.7617
63.133
64.1528
64.8549
65.2822
65.4816
65.5017
65.3795
65.1317
64.77
64.3091
63.7487
63.0824
62.3256
61.5115
60.6386
59.622
58.2798
56.361
53.6926
50.3161
46.428
42.4016
38.794
36.0485
34.3985
33.9833
34.7097
36.3209
38.5962
41.1794
43.6499
45.8224
47.6995
49.2381
50.3405
50.9734
51.1856
51.049
50.6272
49.9603
49.0626
47.9269
46.5286
44.8749
43.1159
41.6001
40.6793
40.5685
41.2167
86.7986
86.3179
85.8663
85.4415
85.0247
84.5949
84.139
83.6332
83.0215
82.239
81.2618
80.1225
78.8727
77.538
76.1198
74.6335
73.1155
71.5984
70.106
68.6679
67.3222
66.1054
65.0452
64.1652
63.4884
63.032
62.8042
62.8082
63.0466
63.5177
64.2115
65.106
66.17
67.3746
68.701
70.1345
71.6523
73.2201
74.8031
76.376
77.9226
79.4271
80.8709
82.2415
83.5403
84.7764
85.9506
87.0487
88.0555
88.9691
89.7989
90.5526
91.2294
91.8257
92.3448
92.7933
93.1706
93.4645
93.6472
93.7015
93.6252
93.4053
93.0459
92.545
91.8633
91.002
89.9857
88.7802
87.2786
85.3801
83.0797
80.4177
77.4366
74.1758
70.6688
66.9427
63.023
58.9383
54.7226
50.4162
46.0645
41.7196
37.4427
33.3028
29.367
25.691
22.3206
19.2944
16.6177
14.2555
12.2079
10.5248
9.16093
7.97833
6.98095
6.31894
5.99934
5.80672
5.6054
5.51987
5.76216
6.38012
7.15837
7.88149
8.60654
9.60254
11.1054
13.0712
15.1864
17.1674
18.929
20.4946
21.8734
23.0297
23.9083
24.4863
24.8179
25.0322
25.3051
25.8638
26.9697
28.8553
31.6639
35.3499
39.6333
44.1045
48.3732
52.1831
55.4293
58.0991
60.2385
61.9151
63.1804
64.0774
64.6583
64.9785
65.0905
65.0392
64.8514
64.5427
64.1292
63.6181
63.0016
62.2779
61.4648
60.5767
59.5843
58.3798
56.7763
54.6041
51.8286
48.5743
45.1529
42.0089
39.5131
37.9017
37.2741
37.5043
38.3963
39.853
41.7075
43.7039
45.6883
47.5746
49.198
50.3848
51.0836
51.337
51.2088
50.7617
50.0358
49.0387
47.7392
46.0715
44.0304
41.8346
39.96
38.8774
38.873
39.8706
86.7964
86.3132
85.8427
85.3817
84.9203
84.4439
83.9347
83.3701
82.7181
81.9458
81.0398
80.0134
78.8908
77.6891
76.4205
75.1055
73.7735
72.4496
71.153
69.9077
68.7442
67.6907
66.7714
66.0087
65.4229
65.0293
64.8404
64.8653
65.1046
65.5465
66.17
66.9537
67.8847
68.9566
70.1592
71.4684
72.8493
74.2673
75.6974
77.1242
78.5343
79.9104
81.2337
82.495
83.6994
84.8547
85.9565
86.9859
87.9269
88.7792
89.5529
90.2549
90.8836
91.4349
91.9105
92.3158
92.6494
92.8977
93.0391
93.0531
92.9375
92.6901
92.3048
91.7832
91.1067
90.2499
89.23
88.0416
86.6313
84.917
82.8619
80.4783
77.7892
74.8246
71.615
68.1833
64.5488
60.7347
56.772
52.6999
48.5636
44.4157
40.3184
36.3406
32.5496
29.0019
25.7429
22.8084
20.2048
17.9054
15.9101
14.2434
12.8574
11.6633
10.6818
9.99573
9.57264
9.27511
9.07284
9.06824
9.33392
9.7983
10.298
10.7783
11.3602
12.243
13.5472
15.1729
16.8886
18.5295
20.0401
21.3833
22.4796
23.2235
23.5319
23.3926
22.8778
22.1172
21.2985
20.7263
20.8247
22.0254
24.6247
28.6193
33.6226
39.0148
44.2066
48.8385
52.7832
56.0313
58.6328
60.6694
62.2139
63.3252
64.0682
64.5122
64.7185
64.7383
64.6078
64.349
63.9789
63.5096
62.9386
62.2569
61.4644
60.5674
59.5581
58.3814
56.919
55.0463
52.7099
49.961
47.0229
44.2808
42.0603
40.5145
39.6713
39.4429
39.7321
40.5386
41.8456
43.5226
45.4258
47.3857
49.134
50.4349
51.2232
51.5346
51.427
50.9642
50.1849
49.0866
47.6019
45.6104
43.1021
40.392
38.1161
36.8686
36.998
38.3947
86.7709
86.2783
85.7908
85.3051
84.812
84.2983
83.7502
83.1543
82.4943
81.7506
80.9097
79.9744
78.9594
77.8821
76.7578
75.6032
74.4382
73.2826
72.1547
71.0751
70.068
69.1585
68.3698
67.722
67.2331
66.9182
66.7859
66.8348
67.0555
67.4372
67.9744
68.6656
69.5069
70.4844
71.5742
72.7465
73.9738
75.2356
76.5178
77.8078
79.0899
80.3443
81.554
82.7143
83.8317
84.9105
85.9405
86.9002
87.7746
88.5652
89.2831
89.9344
90.5163
91.0241
91.4578
91.821
92.1111
92.3144
92.4125
92.3885
92.2367
91.9615
91.5589
91.0242
90.3496
89.5116
88.505
87.342
85.9994
84.4286
82.5882
80.4675
78.0666
75.3997
72.4932
69.3684
66.0367
62.5102
58.8109
54.9729
51.0422
47.0768
43.1458
39.3235
35.6814
32.2764
29.1508
26.3339
23.8295
21.6194
19.6978
18.0647
16.6827
15.5049
14.5414
13.8269
13.3355
13.0126
12.8591
12.8861
13.0517
13.2742
13.5065
13.7939
14.2473
14.9839
16.0358
17.307
18.666
20.0302
21.3388
22.4812
23.2894
23.5968
23.2984
22.3774
20.883
18.9056
16.6463
14.5357
13.234
13.4609
15.7522
20.1774
26.1925
32.8585
39.2949
45.0033
49.8357
53.7979
56.9546
59.4093
61.2668
62.6114
63.5254
64.0949
64.3946
64.4835
64.4065
64.1929
63.8621
63.4274
62.8919
62.2483
61.4874
60.6034
59.587
58.4088
57.0041
55.2901
53.2198
50.836
48.3067
45.8987
43.8672
42.3534
41.3582
40.7744
40.564
40.8543
41.7445
43.189
45.0665
47.1446
49.0542
50.4985
51.398
51.7816
51.7073
51.241
50.4187
49.2225
47.5338
45.17
42.1341
38.8664
36.1752
34.7814
35.0807
36.9114
86.734
86.2384
85.7417
85.2402
84.726
84.1904
83.6254
83.0211
82.3659
81.6475
80.8591
80.0033
79.0907
78.1338
77.1433
76.1307
75.1108
74.1018
73.1224
72.1924
71.3329
70.5646
69.9054
69.3697
68.9689
68.7107
68.599
68.6359
68.8244
69.1666
69.6601
70.2957
71.0577
71.928
72.8874
73.9177
75.0027
76.1274
77.2781
78.4401
79.5971
80.7321
81.8336
82.9003
83.9367
84.9413
85.8985
86.7867
87.5934
88.3225
88.9854
89.5873
90.1241
90.5904
90.9847
91.308
91.5564
91.7166
91.7722
91.7112
91.5285
91.2277
90.8111
90.2714
89.6002
88.7853
87.8108
86.6814
85.3989
83.9395
82.2753
80.3879
78.2623
75.8886
73.2784
70.4532
67.4279
64.209
60.804
57.2298
53.5215
49.7387
45.9607
42.2743
38.7627
35.4913
32.503
29.8202
27.4405
25.3456
23.5187
21.9483
20.6107
19.476
18.541
17.8276
17.3352
17.0378
16.8871
16.8167
16.7739
16.7501
16.7879
16.9437
17.2663
17.7962
18.5391
19.4612
20.5201
21.6742
22.8332
23.8076
24.3423
24.213
23.2859
21.506
18.8499
15.3542
11.2877
7.2864
4.27461
3.2572
5.06477
9.93949
17.2085
25.5152
33.5645
40.6482
46.5852
51.4118
55.2236
58.1585
60.3626
61.9557
63.0445
63.7366
64.1243
64.2779
64.2498
64.0762
63.7798
63.3746
62.8661
62.2505
61.5182
60.6578
59.6551
58.4876
57.117
55.5008
53.6192
51.4976
49.254
47.114
45.2714
43.7754
42.6034
41.7133
41.1137
40.972
41.4827
42.7127
44.593
46.8374
48.9572
50.5804
51.6114
52.0791
52.0511
51.5954
50.7457
49.4616
47.5572
44.7902
41.2062
37.3904
34.3093
32.8006
33.3007
35.573
86.6762
86.1772
85.6763
85.1698
84.6516
84.1153
83.5539
82.9596
82.3244
81.6411
80.9049
80.1177
79.2862
78.4198
77.5285
76.6239
75.7209
74.8358
73.9852
73.1846
72.4491
71.7932
71.2299
70.7713
70.4281
70.2095
70.1232
70.1747
70.366
70.6933
71.1487
71.7217
72.3999
73.1695
74.0165
74.9278
75.8912
76.8948
77.9268
78.9744
80.0223
81.0557
82.0659
83.052
84.0151
84.9486
85.8348
86.6539
87.3966
88.0685
88.6803
89.2363
89.7315
90.1597
90.5188
90.807
91.0183
91.1402
91.1583
91.0643
90.8564
90.5367
90.1088
89.5693
88.908
88.114
87.1757
86.0889
84.8615
83.4905
81.9556
80.2371
78.3338
76.2362
73.9209
71.3807
68.6303
65.6876
62.5616
59.2566
55.7903
52.2123
48.6025
45.0573
41.6752
38.5339
35.6784
33.1271
30.8757
28.9033
27.1865
25.7087
24.4446
23.3678
22.4838
21.8132
21.346
21.0252
20.7707
20.5265
20.2975
20.135
20.0819
20.1415
20.3012
20.5655
20.9697
21.5622
22.3711
23.3772
24.4534
25.3225
25.6379
25.1195
23.5834
20.8822
16.8914
11.6404
5.56237
-0.422641
-5.1641
-7.49783
-6.36086
-1.24536
7.215
17.3114
27.2296
35.9341
43.1589
48.9715
53.5156
56.9755
59.5464
61.3909
62.6489
63.4546
63.9209
64.1307
64.1437
64.0025
63.7335
63.3519
62.8638
62.2677
61.556
60.7176
59.7375
58.5968
57.2697
55.7336
53.9884
52.0701
50.0719
48.1469
46.4267
44.9532
43.678
42.5007
41.4543
40.837
40.9815
42.0357
43.9671
46.4425
48.8375
50.6831
51.8635
52.4244
52.4538
52.0232
51.1659
49.8107
47.6936
44.5266
40.427
36.1288
32.732
31.1568
31.8674
34.541
86.6291
86.1337
85.6327
85.125
84.6057
84.0696
83.5124
82.929
82.3146
81.6651
80.9787
80.2572
79.5052
78.7295
77.9383
77.1419
76.3518
75.5799
74.8383
74.1396
73.4968
72.924
72.4349
72.0418
71.7545
71.5805
71.5252
71.591
71.7771
72.08
72.4933
73.0069
73.6085
74.2869
75.0333
75.8394
76.6962
77.5944
78.5229
79.468
80.415
81.3524
82.2747
83.1813
84.0701
84.9309
85.7455
86.4965
87.1773
87.7941
88.3566
88.8678
89.3221
89.713
90.0376
90.2925
90.4693
90.5559
90.5403
90.4168
90.1866
89.853
89.4188
88.8822
88.2332
87.4618
86.562
85.5268
84.3538
83.0505
81.6214
80.0525
78.3227
76.4354
74.387
72.15
69.7048
67.0509
64.195
61.1421
57.9067
54.5312
51.0926
47.6961
44.4564
41.4642
38.7666
36.376
34.2815
32.4545
30.865
29.4878
28.2989
27.2945
26.4838
25.8526
25.3552
24.9212
24.5027
24.1172
23.8154
23.6235
23.5206
23.4594
23.405
23.3674
23.4228
23.6851
24.2498
25.1436
26.2108
27.0625
27.2418
26.4054
24.2831
20.5985
15.1606
8.0758
0.00632962
-7.85478
-14.1984
-17.8164
-17.514
-12.4977
-3.18137
8.5732
20.4382
30.9273
39.5949
46.5057
51.8506
55.8713
58.824
60.9224
62.3443
63.2533
63.7862
64.0407
64.0854
63.9682
63.7193
63.3554
62.8829
62.3013
61.6055
60.7862
59.8306
58.7243
57.4489
55.9946
54.3762
52.6265
50.818
49.0787
47.4973
46.0456
44.6152
43.092
41.5562
40.4252
40.1802
41.0758
43.1241
45.9245
48.6825
50.8043
52.1526
52.8133
52.9073
52.5142
51.6696
50.2637
47.9557
44.4369
39.9112
35.2446
31.6378
30.0598
30.9732
33.9566
86.548
86.059
85.5671
85.0697
84.5622
84.0409
83.5029
82.9452
82.3652
81.7606
81.1309
80.4775
79.8042
79.1168
78.4225
77.7294
77.046
76.3819
75.7479
75.1558
74.6172
74.1425
73.7411
73.4208
73.189
73.0526
73.0166
73.0839
73.2544
73.5241
73.8859
74.3304
74.8496
75.4364
76.0843
76.7871
77.5381
78.3287
79.1469
79.9799
80.8167
81.6504
82.4779
83.2968
84.1011
84.8781
85.6114
86.2872
86.9017
87.4607
87.9713
88.4348
88.8453
89.1962
89.4835
89.7027
89.8443
89.8961
89.8483
89.6986
89.4497
89.1054
88.6685
88.1386
87.5084
86.7662
85.9055
84.9228
83.8159
82.5903
81.2545
79.8082
78.244
76.5425
74.6937
72.7056
70.5757
68.2787
65.7777
63.0413
60.0675
56.902
53.6378
50.3999
47.3185
44.4927
41.974
39.7731
37.8666
36.2093
34.7603
33.4966
32.4135
31.5086
30.7486
30.0771
29.4502
28.8734
28.3871
28.0205
27.7677
27.58
27.3797
27.1044
26.7384
26.3261
25.9908
25.8995
26.2161
27.0443
28.215
29.1916
29.373
28.3202
25.621
20.8919
13.9668
5.09836
-4.80513
-14.3426
-22.1339
-27.0011
-27.7069
-23.1858
-13.4993
-0.44277
13.2607
25.611
35.8594
43.9923
50.2238
54.8559
58.2122
60.5646
62.1379
63.1349
63.72
64.0078
64.0749
63.9737
63.7372
63.3842
62.9222
62.3515
61.6694
60.8688
59.9401
58.8737
57.6564
56.2887
54.794
53.1983
51.5599
49.9855
48.5129
47.048
45.4277
43.507
41.4106
39.6916
38.9896
39.7047
41.9437
45.2124
48.466
50.9354
52.4731
53.2381
53.3975
53.0499
52.2338
50.7965
48.3377
44.5588
39.7537
34.8786
31.1837
29.6579
30.7394
33.9014
86.483
86.0126
85.5368
85.0551
84.5645
84.063
83.5498
83.0238
82.4838
81.9289
81.3595
80.7776
80.1861
79.589
78.9912
78.399
77.8196
77.2613
76.7327
76.2422
75.7977
75.4073
75.0795
74.8224
74.6428
74.5455
74.5327
74.6042
74.7577
74.9892
75.2938
75.6669
76.1036
76.5996
77.1506
77.7521
78.397
79.076
79.7789
80.4972
81.2244
81.9551
82.6846
83.4064
84.1119
84.7895
85.4277
86.0185
86.5605
87.0569
87.5114
87.9229
88.2855
88.5924
88.8388
89.0192
89.1245
89.1433
89.0673
88.8956
88.6337
88.2864
87.8547
87.3363
86.7267
86.0175
85.2007
84.2736
83.2382
82.0977
80.8562
79.5171
78.0759
76.5247
74.8597
73.0767
71.1735
69.1487
66.9807
64.6179
62.009
59.1524
56.1293
53.0939
50.2158
47.6143
45.3361
43.372
41.6797
40.2082
38.9199
37.7967
36.8193
35.9391
35.1135
34.352
33.6984
33.1887
32.8269
32.5827
32.3913
32.1531
31.7646
31.166
30.3514
29.3966
28.5103
27.9718
28.0625
28.9698
30.4717
31.83
32.2617
31.1483
27.8833
22.0565
13.5915
2.92279
-8.73543
-19.7461
-28.6869
-34.4875
-36.067
-32.2422
-22.6671
-8.85501
6.30583
20.3612
32.1796
41.5752
48.7335
53.9973
57.7559
60.3456
62.049
63.1137
63.734
64.0406
64.118
64.0222
63.7888
63.4385
62.9802
62.4161
61.7462
60.9655
60.0678
59.0469
57.8921
56.6133
55.2406
53.7848
52.2955
50.8765
49.5148
48.0249
46.1513
43.6862
40.8418
38.396
37.1671
37.7013
40.2439
44.1952
48.1412
51.056
52.8079
53.6763
53.8919
53.5896
52.8085
51.3567
48.8048
44.8929
39.9916
35.096
31.4479
30.0156
31.197
34.3784
86.3522
85.9021
85.4528
85.002
84.5465
84.0849
83.6166
83.1409
82.6572
82.1652
81.6654
81.1596
80.6503
80.1411
79.6367
79.1425
78.6641
78.2073
77.778
77.3821
77.0258
76.7153
76.4559
76.2524
76.1087
76.0284
76.0141
76.0673
76.188
76.375
76.6262
76.9383
77.3073
77.7289
78.1975
78.7064
79.2485
79.8173
80.4077
81.0149
81.6338
82.2583
82.8815
83.4953
84.0911
84.6609
85.1983
85.6999
86.1645
86.5927
86.9841
87.336
87.6425
87.8973
88.0952
88.2309
88.2975
88.2859
88.1885
88.0039
87.7368
87.3929
86.9735
86.4749
85.8918
85.2185
84.4502
83.5841
82.6206
81.5628
80.4149
79.1781
77.8515
76.4319
74.9095
73.2771
71.5392
69.7016
67.7526
65.6583
63.3713
60.8618
58.1716
55.4418
52.8636
50.5868
48.6666
47.0732
45.729
44.5505
43.4789
42.4808
41.5315
40.6301
39.8124
39.1194
38.5759
38.1887
37.94
37.7764
37.6039
37.2947
36.724
35.7972
34.4502
32.7429
30.9899
29.7088
29.4921
30.7034
32.9458
35.1373
36.2094
35.2038
31.3281
24.2297
13.9118
1.06137
-12.6268
-25.1014
-34.8226
-40.8684
-42.5499
-38.9829
-29.6314
-15.5799
0.462626
15.8149
28.9884
39.544
47.5694
53.4182
57.5341
60.3177
62.1123
63.2128
63.8424
64.1474
64.2195
64.1164
63.8748
63.5173
63.0542
62.4904
61.83
61.0697
60.2052
59.2324
58.142
56.9539
55.697
54.3617
53.0049
51.7491
50.5187
49.0007
46.7904
43.5662
39.6753
36.2604
34.406
34.8102
37.8581
42.7777
47.6502
51.1218
53.1171
54.0762
54.3238
54.0545
53.3019
51.852
49.2843
45.3852
40.571
35.8296
32.3459
31.0276
32.2212
35.2719
86.2502
85.84
85.426
85.0101
84.5923
84.1724
83.7501
83.3252
82.898
82.4686
82.0374
81.606
81.1764
80.7512
80.3338
79.9278
79.5377
79.1678
78.8226
78.5068
78.2244
77.9796
77.776
77.6174
77.5072
77.448
77.4417
77.4888
77.5891
77.7415
77.9442
78.1945
78.4896
78.826
79.1997
79.607
80.0446
80.5091
80.9963
81.5012
82.0176
82.5385
83.0559
83.5615
84.048
84.5107
84.9475
85.3573
85.7394
86.0922
86.4127
86.6967
86.9388
87.1334
87.2754
87.3603
87.384
87.3414
87.2265
87.0354
86.7699
86.4347
86.0316
85.5568
85.005
84.3717
83.654
82.8511
81.9633
80.992
79.9393
78.8068
77.594
76.2954
74.9025
73.4072
71.8046
70.0972
68.2952
66.3976
64.3751
62.1944
59.8751
57.5293
55.3363
53.4592
51.9658
50.8114
49.8812
49.0502
48.2297
47.3854
46.5359
45.7301
45.0107
44.4094
43.9568
43.6675
43.5167
43.429
43.2873
42.9462
42.242
41.0063
39.0796
36.469
33.5585
31.1549
30.3716
32.0367
35.5496
39.2592
41.4629
40.6788
36.0982
27.4888
14.9305
-0.539293
-16.5984
-30.6236
-40.9182
-46.7346
-47.7347
-43.5921
-34.053
-19.93
-3.52217
12.5867
26.7159
38.1748
46.9029
53.2222
57.6052
60.5082
62.3364
63.4304
64.0393
64.3212
64.372
64.249
63.9891
63.6159
63.1399
62.5698
61.9164
61.1764
60.3453
59.4191
58.3901
57.2897
56.1409
54.905
53.669
52.6048
51.5586
50.0274
47.3882
43.2081
38.0534
33.522
30.9994
31.323
35.0067
41.0686
47.0064
51.0986
53.3483
54.3707
54.6287
54.3782
53.6424
52.21
49.7022
45.9404
41.3418
36.8561
33.5906
32.3754
33.5082
36.3402
86.0524
85.6909
85.3313
84.9725
84.6134
84.2534
83.8926
83.5314
83.1703
82.8101
82.4519
82.0971
81.7479
81.4063
81.0746
80.7554
80.4509
80.1634
79.895
79.6482
79.4254
79.2293
79.0631
78.9299
78.8329
78.7749
78.7583
78.7845
78.8543
78.967
79.1212
79.3146
79.5444
79.8073
80.1005
80.4213
80.7673
81.1362
81.5255
81.9316
82.3496
82.7723
83.1907
83.5965
83.9837
84.3496
84.6938
85.0161
85.3153
85.589
85.8334
86.0445
86.2177
86.3485
86.4326
86.4668
86.4492
86.377
86.245
86.0478
85.7832
85.4536
85.0613
84.6056
84.083
83.4901
82.8249
82.0871
81.2769
80.3949
79.4419
78.4173
77.3186
76.1421
74.8821
73.531
72.0826
70.5361
68.8976
67.1796
65.3962
63.5555
61.6724
59.8064
58.0736
56.5992
55.4471
54.5882
53.925
53.3428
52.7572
52.1354
51.4882
50.8527
50.2867
49.854
49.5853
49.4758
49.4914
49.5478
49.5097
49.1805
48.2937
46.5785
43.7346
39.6596
34.9064
30.8183
29.2731
31.7403
37.4331
43.7175
47.6369
47.2226
41.9695
31.9108
17.3053
-0.484398
-18.5527
-33.8674
-44.6782
-50.4027
-50.854
-45.9845
-35.9591
-21.7108
-5.24885
11.1273
25.7452
37.7422
46.908
53.5035
58.0057
60.9199
62.709
63.7512
64.3109
64.5512
64.5677
64.4145
64.1278
63.7326
63.2366
62.6549
62.0073
61.288
60.491
59.6122
58.6412
57.6228
56.5672
55.4009
54.2837
53.4777
52.7122
51.1957
48.0518
42.8175
36.4377
30.9362
27.8552
28.1219
32.3647
39.44
46.3326
51.0027
53.4843
54.5363
54.7905
54.546
53.816
52.4157
50.0253
46.4885
42.1827
37.9941
34.9513
33.8126
34.8368
37.4109
85.8819
85.5837
85.2838
84.983
84.6814
84.3795
84.0781
83.7777
83.4786
83.1813
82.8865
82.5957
82.3103
82.0318
81.7622
81.5034
81.2575
81.0263
80.8118
80.6159
80.4404
80.2872
80.1583
80.0553
79.9798
79.9327
79.915
79.9271
79.9694
80.0421
80.1449
80.2773
80.4379
80.6253
80.8379
81.0741
81.3328
81.6121
81.9097
82.2218
82.5433
82.868
83.1894
83.5023
83.8033
84.0905
84.3626
84.6175
84.8519
85.0616
85.2425
85.3911
85.5044
85.579
85.612
85.6011
85.545
85.443
85.2925
85.09
84.8324
84.5182
84.1465
83.7155
83.2231
82.6694
82.0557
81.3828
80.6505
79.8575
79.0027
78.0838
77.0984
76.0433
74.9155
73.7127
72.4334
71.0784
69.6531
68.1695
66.646
65.1088
63.5959
62.1584
60.8548
59.7383
58.8391
58.1508
57.6288
57.2066
56.8188
56.4263
56.0288
55.6516
55.3418
55.1542
55.1181
55.2628
55.5873
56.0084
56.3943
56.4233
55.5652
53.2145
48.571
41.1385
32.0441
24.2755
21.6335
26.0504
35.9038
46.1994
52.4517
52.7135
47.2003
36.5589
21.088
2.43287
-16.2854
-32.0953
-43.2591
-49.1449
-49.6147
-44.6481
-34.5409
-20.4473
-4.28446
11.8871
26.4719
38.5231
47.7348
54.3133
58.7306
61.528
63.2062
64.1584
64.6468
64.8305
64.8018
64.6088
64.289
63.8653
63.3418
62.7472
62.108
61.408
60.645
59.816
58.9082
57.976
56.9886
55.8362
54.8293
54.39
54.0533
52.6115
48.9414
42.7093
35.3512
29.2171
25.8157
26.0785
30.6941
38.3771
45.848
50.9044
53.5179
54.5597
54.8086
54.5649
53.838
52.4841
50.243
46.9757
42.9994
39.1152
36.2771
35.1873
36.0761
38.3769
85.6627
85.4221
85.1794
84.9355
84.69
84.4429
84.1953
83.9481
83.7021
83.4577
83.2159
82.9777
82.7446
82.5175
82.2978
82.0867
81.8853
81.6946
81.5157
81.3499
81.1987
81.0639
80.9469
80.8495
80.7731
80.7187
80.6872
80.6793
80.6952
80.7348
80.798
80.8848
80.9951
81.1291
81.2864
81.4661
81.666
81.8832
82.1144
82.3561
82.6052
82.8579
83.1104
83.3587
83.5995
83.83
84.0476
84.2494
84.4322
84.5931
84.7291
84.8365
84.9112
84.949
84.9466
84.9032
84.8188
84.6935
84.5258
84.3127
84.0522
83.7442
83.3899
82.9883
82.5376
82.0349
81.4771
80.8621
80.1904
79.4629
78.6801
77.8416
76.9462
75.9922
74.9781
73.9035
72.7688
71.5767
70.3331
69.0488
67.7418
66.4351
65.154
63.934
62.8216
61.8628
61.0952
60.5364
60.1656
59.9277
59.7482
59.5686
59.3769
59.1869
59.0313
58.9482
59.0349
59.4832
60.3375
61.465
62.7838
63.8682
63.9017
61.6119
55.0755
43.0012
27.5695
14.571
10.4109
17.2828
31.1554
44.7897
52.2242
52.9949
48.4731
38.7703
24.3336
6.90809
-10.7874
-26.0956
-37.197
-43.1991
-43.8313
-39.0943
-29.3854
-15.9255
-0.53548
14.8952
28.8578
40.4082
49.2168
55.4604
59.6004
62.1849
63.7139
64.5633
64.9758
65.1018
65.0252
64.7909
64.4424
63.9895
63.4321
62.8311
62.2101
61.526
60.7896
60.0015
59.1491
58.3069
57.3658
56.1557
55.22
55.2639
55.4715
54.1044
49.9619
43.0512
35.1271
28.6639
25.1845
25.556
30.355
38.16
45.7233
50.8497
53.4352
54.4539
54.7113
54.4695
53.7495
52.4499
50.3577
47.3515
43.6945
40.0975
37.4439
36.3916
37.1445
39.1815
85.4773
85.2708
85.0656
84.8606
84.6548
84.448
84.2409
84.0341
83.8283
83.6238
83.421
83.2203
83.0224
82.8282
82.6388
82.4556
82.2797
82.1123
81.9546
81.8076
81.6721
81.5492
81.4396
81.3438
81.2627
81.1969
81.1478
81.1171
81.1063
81.1169
81.1498
81.2054
81.284
81.3856
81.51
81.656
81.8211
82.0019
82.1943
82.3947
82.6
82.8079
83.0161
83.2223
83.4236
83.6173
83.8001
83.9685
84.1189
84.2482
84.3533
84.432
84.4823
84.5019
84.4879
84.4371
84.347
84.216
84.0438
83.83
83.5744
83.2754
82.9321
82.544
82.109
81.6249
81.0918
80.5112
79.8832
79.2063
78.4784
77.6986
76.8673
75.9858
75.0554
74.0775
73.0533
71.985
70.8748
69.7263
68.5505
67.3682
66.2067
65.0969
64.0688
63.163
62.4487
61.988
61.7759
61.7373
61.7547
61.7411
61.6697
61.5568
61.4705
61.4198
61.5038
62.0676
63.2717
65.0579
67.4386
69.9522
71.5175
70.1479
62.8956
48.3828
29.9102
14.8001
9.6827
16.7417
30.2787
42.5308
49.6601
51.0434
47.4372
39.2772
26.8366
11.3337
-4.86808
-19.2501
-29.9488
-35.8936
-36.6429
-32.1765
-22.9913
-10.3143
4.14002
18.6142
31.6944
42.5006
50.7242
56.5253
60.3474
62.7215
64.1203
64.8852
65.2366
65.3186
65.2032
64.9344
64.5658
64.0875
63.4966
62.895
62.2984
61.6298
60.9159
60.16
59.3441
58.562
57.6245
56.3008
55.4387
56.0216
56.7033
55.2983
50.8186
43.6728
35.6181
29.0296
25.5488
26.0473
30.8783
38.51
45.856
50.806
53.2818
54.2951
54.5673
54.3272
53.6175
52.3699
50.4051
47.6181
44.2348
40.888
38.3948
37.3735
38.002
39.8059
85.3981
85.2456
85.0779
84.9
84.7171
84.5316
84.3449
84.1583
83.9729
83.7895
83.6087
83.4309
83.2563
83.0851
82.9175
82.7538
82.5947
82.4406
82.2925
82.151
82.0168
81.8903
81.7725
81.6649
81.5698
81.4895
81.4258
81.3797
81.3518
81.3428
81.3538
81.3862
81.4411
81.5193
81.6204
81.7431
81.8848
82.0418
82.2101
82.3862
82.567
82.7502
82.9338
83.1153
83.2919
83.4602
83.6173
83.7603
83.8872
83.9954
84.0819
84.1435
84.1771
84.1809
84.1531
84.0917
83.9947
83.8611
83.6919
83.4876
83.2465
82.9644
82.6376
82.2644
81.8448
81.379
80.8676
80.3108
79.7088
79.0611
78.3678
77.6301
76.8496
76.0279
75.1664
74.2663
73.3297
72.3592
71.3544
70.3153
69.2394
68.123
66.9923
65.8957
64.8597
63.94
63.2667
62.9308
62.9108
63.1007
63.3212
63.4632
63.5143
63.4419
63.2811
63.1066
63.1104
63.6279
64.8571
67.0708
70.5598
74.7778
77.9768
77.4289
70.294
56.3203
39.1395
25.0448
19.6472
23.6621
33.1062
42.0595
47.3604
48.516
45.8123
39.1786
28.7181
15.3569
0.948478
-12.261
-22.3748
-28.1604
-29.0154
-24.8687
-16.2703
-4.44213
8.99521
22.4103
34.502
44.4719
52.053
57.4027
60.9324
63.1332
64.434
65.1353
65.4404
65.4895
65.3443
65.0525
64.6678
64.1568
63.5389
62.9501
62.3712
61.7164
61.0365
60.3128
59.5394
58.8012
57.7578
56.1957
55.4101
56.5126
57.5205
56.0216
51.4367
44.4229
36.5433
30.017
26.5662
27.1289
31.8762
39.1662
46.1008
50.7389
53.1085
54.1333
54.4169
54.1763
53.4781
52.2763
50.4154
47.8021
44.6379
41.4968
39.1354
38.1374
38.6589
40.27
85.2406
85.0819
84.9289
84.7785
84.6268
84.4727
84.3171
84.1614
84.0063
83.8521
83.6988
83.5468
83.3963
83.2474
83.1004
82.9557
82.8133
82.6734
82.5358
82.4011
82.2704
82.1449
82.0255
81.9127
81.807
81.7108
81.6278
81.562
81.5163
81.4915
81.4872
81.5026
81.5376
81.5929
81.6691
81.7663
81.8835
82.0183
82.1676
82.3277
82.495
82.6657
82.8365
83.0044
83.1668
83.3214
83.4656
83.5963
83.7101
83.8038
83.8757
83.9249
83.95
83.9489
83.919
83.8571
83.7605
83.6279
83.4595
83.2555
83.0142
82.7326
82.4087
82.0419
81.633
81.1819
80.6881
80.1518
79.5741
78.9552
78.2961
77.5987
76.8638
76.0944
75.2926
74.4576
73.5925
72.6984
71.7701
70.8136
69.8234
68.764
67.6281
66.4484
65.2661
64.2276
63.5926
63.4625
63.7169
64.1765
64.6068
64.9046
65.0953
65.0705
64.7
64.133
63.9434
64.4332
65.4585
67.7141
72.2371
78.0571
82.1551
81.5106
74.792
62.9823
48.9742
36.9604
30.9141
31.7256
36.7667
42.1648
45.6589
46.4498
44.183
38.7029
29.9896
18.5943
5.92211
-6.07516
-15.5292
-21.0918
-22.0324
-18.2198
-10.2131
0.790664
13.2592
25.6777
36.8499
46.0554
53.0677
58.0423
61.3493
63.4293
64.6636
65.3188
65.5914
65.6166
65.4471
65.1471
64.7562
64.1985
63.553
63.0031
62.4399
61.7783
61.1443
60.4668
59.7488
59.0981
57.8972
55.9086
55.0673
56.5246
57.7387
56.202
51.7973
45.1777
37.6351
31.2659
27.8753
28.4605
33.0452
39.8987
46.3322
50.6562
52.9563
53.9943
54.2822
54.0395
53.3519
52.1872
50.4078
47.9277
44.9315
41.95
39.6903
38.7079
39.1458
40.6049
85.2221
85.111
84.9877
84.8561
84.7186
84.5767
84.4312
84.2834
84.1342
83.9845
83.8352
83.6873
83.5414
83.3981
83.2581
83.1219
82.9902
82.8627
82.738
82.6134
82.4861
82.3553
82.2233
82.0942
81.9723
81.8609
81.7623
81.6789
81.6126
81.5649
81.5364
81.5272
81.5377
81.5691
81.6234
81.7019
81.8048
81.9301
82.0743
82.2329
82.4006
82.5725
82.7441
82.9114
83.0704
83.2177
83.3513
83.4709
83.5762
83.6655
83.7353
83.7814
83.8002
83.7899
83.7506
83.6824
83.5839
83.4527
83.2876
83.0885
82.8536
82.5789
82.2613
81.9016
81.5017
81.0625
80.5827
80.0614
79.4999
78.8997
78.2636
77.5954
76.8962
76.1698
75.419
74.6416
73.8426
73.0171
72.1541
71.2598
70.3157
69.3009
68.1934
66.8927
65.4164
64.1398
63.5166
63.6405
64.2911
65.0969
65.6873
66.1319
66.5065
66.4944
65.8686
64.775
64.0666
64.2704
64.9637
67.176
72.7023
79.6905
83.7619
82.5273
76.3031
66.6186
55.2532
45.0799
38.8354
37.5092
39.4967
42.3981
44.522
44.8607
42.8687
38.2161
30.7867
20.932
9.71983
-1.18425
-10.0009
-15.3186
-16.3133
-12.8065
-5.33858
4.94265
16.586
28.1723
38.5936
47.1936
53.7742
58.478
61.633
63.6341
64.8231
65.4446
65.6963
65.7067
65.5193
65.2179
64.8282
64.2252
63.5468
63.04
62.506
61.8305
61.2204
60.5947
59.9528
59.4182
58.1333
55.7288
54.7142
56.2474
57.4431
55.9671
51.9757
45.842
38.6916
32.5242
29.207
29.7872
34.1531
40.5421
46.4979
50.5808
52.8397
53.8862
54.1732
53.9275
53.2477
52.1108
50.3924
48.0116
45.1408
42.2792
40.0954
39.1233
39.4988
40.842
85.1542
85.0354
84.9165
84.7955
84.6723
84.548
84.4233
84.2976
84.1703
84.0411
83.91
83.7777
83.6453
83.5142
83.386
83.2616
83.1412
83.0241
82.9096
82.7958
82.6791
82.5536
82.4139
82.2599
82.0999
81.9478
81.8175
81.7157
81.6414
81.589
81.5522
81.5277
81.5163
81.5224
81.5528
81.6133
81.7066
81.8309
81.98
82.1449
82.3165
82.4878
82.6545
82.8149
82.9682
83.1128
83.246
83.3644
83.4652
83.5469
83.6095
83.6525
83.6741
83.6705
83.6373
83.572
83.4737
83.3421
83.1769
82.9778
82.7441
82.4736
82.1639
81.8137
81.423
80.9913
80.5187
80.0064
79.4564
78.8716
78.2554
77.6084
76.9346
76.2406
75.5254
74.7974
74.0652
73.3059
72.5221
71.7057
70.7671
69.7348
68.6401
67.1972
65.3432
63.7921
63.2157
63.5882
64.688
65.9438
66.6701
67.2483
67.8674
67.7799
66.8082
65.3432
63.9601
63.0557
62.9326
65.2923
71.9248
79.787
83.4782
81.7248
76.1788
68.1304
58.6858
49.8211
43.7553
41.2327
41.381
42.6744
43.7616
43.6944
41.8396
37.7804
31.2978
22.5678
12.4364
2.37889
-5.91163
-11.0058
-12.029
-8.77257
-1.74196
7.96725
18.9707
29.9248
39.7908
47.9579
54.2407
58.7628
61.8185
63.7683
64.9256
65.524
65.7633
65.7655
65.5713
65.2746
64.8737
64.2298
63.5435
63.0648
62.5389
61.8814
61.2843
60.6606
60.1065
59.636
58.323
55.8757
54.7703
56.0117
56.9123
55.5962
52.0811
46.37
39.5568
33.5972
30.3619
30.9152
35.0473
41.0214
46.6056
50.5259
52.7591
53.8083
54.0917
53.8426
53.1673
52.0499
50.3748
48.0649
45.2852
42.5114
40.3834
39.419
39.7491
41.0059
85.1468
85.0506
84.946
84.8342
84.717
84.5961
84.473
84.3486
84.2233
84.0974
83.9709
83.8441
83.7173
83.5919
83.4701
83.3543
83.2455
83.1421
83.0398
82.9342
82.822
82.7
82.5627
82.4047
82.2272
82.0426
81.8719
81.7336
81.6348
81.5695
81.5247
81.4891
81.4595
81.4412
81.4454
81.4838
81.5639
81.6864
81.8445
82.0263
82.2178
82.407
82.5856
82.7501
82.9004
83.0383
83.1657
83.2823
83.3852
83.4703
83.5342
83.5752
83.5924
83.5848
83.551
83.4889
83.3963
83.2706
83.1092
82.9114
82.6776
82.4077
82.1004
81.7542
81.3687
80.9435
80.4784
79.976
79.4362
78.8614
78.2588
77.6251
76.9685
76.3024
75.6135
74.9252
74.2541
73.5545
72.8682
72.1692
71.2681
70.2126
68.9773
67.1683
64.8732
63.1145
62.7202
63.4684
65.034
66.7012
67.6507
68.5331
69.3654
69.0441
67.6626
66.0067
64.2774
61.7953
59.9326
62.2944
70.0516
78.6315
82.2099
80.2952
75.5348
68.9408
60.9205
52.9906
46.9604
43.6748
42.686
42.8952
43.2163
42.8246
41.0699
37.4455
31.6405
23.6974
14.3095
4.83651
-3.08074
-8.00761
-9.04792
-5.9759
0.735186
10.0303
20.5766
31.0877
40.5734
48.4503
54.5359
58.9382
61.9301
63.8467
64.9823
65.5671
65.8014
65.7987
65.6066
65.3271
64.9052
64.2009
63.532
63.107
62.5449
61.888
61.3529
60.6977
60.1378
59.6806
58.3718
56.143
55.1289
55.956
56.4139
55.2874
52.2135
46.8183
40.2227
34.4088
31.2399
31.7576
35.69
41.3511
46.6815
50.4937
52.7075
53.7559
54.0353
53.7823
53.1082
52.0033
50.3576
48.0962
45.3806
42.6695
40.5816
39.6228
39.9203
41.1147
85.1315
85.0365
84.9372
84.8339
84.7271
84.6171
84.5044
84.3893
84.2718
84.1519
84.03
83.9074
83.7858
83.6676
83.5553
83.4514
83.357
83.2711
83.1888
83.1003
82.9933
82.8576
82.689
82.4922
82.2805
82.0732
81.8893
81.7415
81.6321
81.552
81.4861
81.4228
81.361
81.3119
81.2934
81.3226
81.4083
81.5477
81.7276
81.9299
82.1364
82.3344
82.5177
82.6853
82.8389
82.9803
83.1092
83.2236
83.3212
83.4006
83.4618
83.5048
83.5281
83.5281
83.5009
83.443
83.3523
83.2268
83.0657
82.869
82.637
82.3693
82.0647
81.7222
81.3408
80.9203
80.4605
79.9638
79.4306
78.8646
78.2715
77.649
77.0081
76.3568
75.6877
75.0355
74.3996
73.7571
73.1896
72.6056
71.8465
70.9702
69.4737
66.814
63.8314
61.9265
61.7854
63.1639
65.4138
67.2418
68.3819
70.042
71.1768
70.3397
68.5102
66.7565
64.9805
61.7103
58.0471
59.6056
68.1102
77.2407
80.7408
78.8885
74.8513
69.382
62.4144
55.0774
49.0472
45.2775
43.5632
43.042
42.814
42.1874
40.5252
37.2426
31.934
24.5191
15.5973
6.48227
-1.20777
-6.03579
-7.09409
-4.14884
2.34557
11.3622
21.6041
31.8239
41.0619
48.7506
54.7078
59.0328
61.9855
63.8826
65.0051
65.5827
65.8175
65.8152
65.6284
65.3703
64.938
64.1687
63.4922
63.139
62.5795
61.8618
61.3477
60.7406
60.1223
59.5876
58.3449
56.4002
55.4915
55.9782
56.0851
55.1084
52.3831
47.2144
40.7422
35.0027
31.8645
32.3441
36.1283
41.5767
46.7396
50.4769
52.6754
53.7225
53.9989
53.7426
53.0678
51.9691
50.341
48.1109
45.4395
42.7714
40.7112
39.7565
40.0312
41.183
85.1426
85.0508
84.9538
84.8536
84.7503
84.6444
84.5371
84.4286
84.3179
84.2032
84.0832
83.9584
83.832
83.7094
83.5977
83.503
83.4281
83.3709
83.3255
83.2809
83.2163
83.0999
82.9035
82.6272
82.3118
82.0199
81.8003
81.6657
81.5949
81.5497
81.4943
81.4096
81.2996
81.1897
81.1159
81.1111
81.1921
81.3544
81.5756
81.8233
82.0663
82.2844
82.4718
82.6342
82.7812
82.9199
83.0512
83.1708
83.273
83.3551
83.4177
83.4618
83.4869
83.4901
83.4668
83.4129
83.3252
83.2021
83.0428
82.8478
82.6177
82.3521
82.0499
81.7103
81.3318
80.9136
80.4583
79.9652
79.4347
78.8774
78.2882
77.6685
77.0471
76.3978
75.7379
75.1346
74.5006
73.9015
73.479
72.9521
72.4029
72.0478
70.4552
66.6122
62.5308
60.3972
60.4679
62.4985
65.7114
67.5483
68.5024
71.1668
72.8656
71.3943
68.9723
67.2038
65.4971
62.1583
58.445
59.637
67.7808
76.6749
79.7974
77.9813
74.4421
69.5837
63.1902
56.242
50.2702
46.2481
44.1138
43.1479
42.5693
41.7841
40.181
37.145
32.2169
25.1604
16.4951
7.55683
-0.0246442
-4.81172
-5.89218
-3.03016
3.32653
12.168
22.2197
32.2582
41.3422
48.9135
54.7912
59.0705
62.0018
63.89
65.008
65.582
65.8171
65.8201
65.6418
65.3935
64.9568
64.1597
63.4612
63.1185
62.5955
61.8806
61.3219
60.7226
60.1177
59.5309
58.3147
56.5605
55.7306
56.0294
55.9496
55.0404
52.5214
47.5218
41.1268
35.4172
32.284
32.7305
36.4147
41.7255
46.7793
50.4667
52.6554
53.7026
53.9779
53.7193
53.0433
51.9464
50.3266
48.1152
45.4721
42.8322
40.7899
39.838
40.0974
41.2225
85.1322
85.0419
84.9484
84.8522
84.7544
84.6566
84.56
84.4642
84.3668
84.2642
84.1525
84.0299
83.8981
83.764
83.6392
83.5359
83.4623
83.4187
83.398
83.3891
83.3725
83.3084
83.1421
82.8421
82.4417
82.0339
81.7172
81.5395
81.4819
81.4815
81.4697
81.4028
81.277
81.1254
81.0002
80.9518
81.0084
81.1685
81.4083
81.6895
81.9706
82.2228
82.4355
82.6131
82.767
82.9067
83.0356
83.1512
83.2493
83.3282
83.3892
83.434
83.4622
83.4701
83.4521
83.4025
83.3178
83.1963
83.0378
82.8434
82.6141
82.3493
82.048
81.7097
81.3326
80.9155
80.4627
79.9717
79.4417
78.8902
78.3038
77.6844
77.0778
76.4302
75.7729
75.2064
74.5694
73.9987
73.692
73.1736
72.8299
73.1159
71.6753
66.9905
61.8011
59.2319
59.5166
62.0162
65.8918
67.9083
68.6015
71.5167
73.4717
71.8052
69.1427
67.1851
65.4823
62.6012
59.5815
61.037
68.7998
76.9828
79.545
77.6974
74.3219
69.6484
63.4604
56.7003
50.8042
46.7127
44.4087
43.2349
42.4864
41.6099
39.9858
37.0669
32.4245
25.6379
17.1047
8.22383
0.665966
-4.12299
-5.23052
-2.42288
3.8532
12.5949
22.5393
32.4764
41.4748
48.9813
54.816
59.0724
61.9949
63.8805
64.9978
65.5737
65.8103
65.8144
65.6427
65.3962
64.9533
64.1614
63.464
63.1043
62.5828
61.8798
61.3203
60.7297
60.1238
59.5022
58.2968
56.6324
55.8446
56.0798
55.935
55.0245
52.5695
47.69
41.3675
35.6753
32.5354
32.9569
36.5804
41.81
46.8002
50.4595
52.6438
53.6925
53.9681
53.7085
53.0307
51.9326
50.3152
48.1137
45.4872
42.8647
40.8336
39.8825
40.1324
41.2426
85.1523
85.065
84.9704
84.8723
84.7738
84.6772
84.5831
84.4895
84.3933
84.2903
84.1771
84.0522
83.9184
83.7839
83.6608
83.5618
83.4951
83.4611
83.4525
83.4554
83.4446
83.3784
83.2085
82.9108
82.515
82.1018
81.7644
81.5584
81.4768
81.4634
81.4482
81.3835
81.2612
81.1109
80.9843
80.9322
80.9844
81.1404
81.3771
81.6577
81.9394
82.1924
82.4069
82.5881
82.7468
82.8918
83.0257
83.1454
83.2468
83.328
83.3907
83.4367
83.4654
83.4732
83.4542
83.4035
83.3177
83.1956
83.0373
82.8437
82.6154
82.3515
82.0513
81.7139
81.3372
80.9214
80.4696
79.9781
79.4515
78.9008
78.312
77.701
77.0929
76.4389
75.8051
75.2307
74.5784
74.0874
73.7664
73.202
73.1498
73.602
72.1587
67.5635
62.0496
59.0159
59.2476
62.0071
65.878
67.9385
68.9346
71.5119
73.1098
71.7025
69.2961
67.3339
65.5011
62.7032
60.0831
61.887
69.5416
77.2773
79.5487
77.6785
74.3078
69.6251
63.4848
56.8042
50.9598
46.868
44.5216
43.2881
42.4878
41.576
39.9012
36.9891
32.4802
25.8626
17.4014
8.5401
0.980472
-3.82194
-4.95508
-2.1804
4.05832
12.7566
22.6556
32.5505
41.514
48.9948
54.813
59.0614
61.9821
63.8683
64.9871
65.5658
65.8054
65.8111
65.6399
65.3896
64.9435
64.1617
63.4696
63.1004
62.5814
61.8865
61.3229
60.7325
60.1279
59.4946
58.2898
56.6524
55.8801
56.1053
55.947
55.0115
52.5551
47.7304
41.4638
35.7909
32.6476
33.0552
36.6503
41.8443
46.8071
50.4549
52.6385
53.6888
53.9651
53.705
53.0257
51.9254
50.3075
48.11
45.491
42.877
40.8522
39.9017
40.1468
41.2503
50.6361
49.555
47.8094
46.1221
44.8628
44.0741
43.7922
43.8098
43.4388
42.4013
41.3398
40.8048
40.4321
40.1954
40.7768
41.7498
40.6113
35.59
27.199
17.7616
10.8444
7.12616
5.42544
4.31406
1.65509
50.2869
49.2684
47.6296
46.028
44.8227
44.0357
43.7311
43.7394
43.3661
42.3123
41.2718
40.7841
40.4227
40.1877
40.7819
41.7258
40.5132
35.2907
26.6366
17.3254
10.6741
7.05829
5.39642
4.30687
1.63514
49.9431
49.019
47.5385
46.0374
44.8183
43.9186
43.5292
43.5647
43.2349
42.1532
41.1668
40.7682
40.3965
40.1492
40.7894
41.681
40.3111
34.8533
26.0536
16.8889
10.4532
6.96494
5.37646
4.32164
1.62492
49.6544
48.8639
47.5195
46.0164
44.7262
43.7427
43.2711
43.2848
42.9895
41.9288
40.9925
40.6639
40.3219
40.1197
40.804
41.6339
40.0535
34.3105
25.3994
16.3379
10.1193
6.85408
5.37556
4.35469
1.61681
49.4385
48.684
47.4056
45.9329
44.671
43.6818
43.1052
42.989
42.6407
41.5888
40.6852
40.4567
40.235
40.1462
40.8747
41.602
39.7548
33.6778
24.5558
15.5765
9.64822
6.70249
5.38958
4.40519
1.60714
49.2187
48.4558
47.2754
45.9101
44.6926
43.675
42.9788
42.685
42.1991
41.1142
40.2633
40.1963
40.1782
40.2517
41.0224
41.5993
39.3986
32.914
23.5342
14.6505
9.0666
6.49335
5.39887
4.46455
1.59057
48.993
48.2336
47.1439
45.8659
44.6813
43.6607
42.8753
42.3789
41.6886
40.5332
39.7626
39.9014
40.1575
40.4505
41.267
41.6347
38.9825
31.9991
22.3548
13.5978
8.39383
6.2179
5.3786
4.51842
1.56377
48.774
48.0125
46.9783
45.779
44.6521
43.6501
42.7831
42.0646
41.1227
39.8614
39.185
39.5736
40.1692
40.7234
41.5826
41.6879
38.4886
30.9174
20.9993
12.4056
7.62587
5.87134
5.30977
4.55388
1.52577
48.5505
47.7866
46.8049
45.6909
44.6189
43.624
42.6803
41.7417
40.5254
39.1322
38.5517
39.2249
40.2004
41.0367
41.9299
41.7286
37.8945
29.6483
19.4409
11.054
6.75729
5.45363
5.18343
4.56151
1.47625
48.3294
47.5713
46.635
45.5897
44.5631
43.5779
42.5654
41.4126
39.914
38.3783
37.8944
38.8669
40.229
41.3527
42.2802
41.7324
37.1798
28.168
17.6563
9.53361
5.78932
4.96875
4.99855
4.5346
1.41544
48.118
47.3674
46.4674
45.4795
44.495
43.5152
42.4319
41.0762
39.309
37.6353
37.2451
38.5029
40.2232
41.6302
42.5933
41.6652
36.3229
26.4629
15.6306
7.83871
4.72412
4.42203
4.75856
4.46949
1.34457
47.9155
47.1735
46.3054
45.3639
44.4123
43.4316
42.2795
40.7353
38.7256
36.9283
36.6275
38.1276
40.1548
41.8266
42.8003
41.4803
35.3012
24.5371
13.3587
5.9642
3.56186
3.81822
4.46914
4.36597
1.26565
47.7223
46.9903
46.1497
45.2437
44.3168
43.3312
42.1152
40.3992
38.176
36.2775
36.0548
37.7365
40
41.8909
42.8197
41.124
34.0948
22.419
10.8493
3.90849
2.30336
3.16165
4.13719
4.22662
1.18112
47.5379
46.8165
45.9999
45.1218
44.2132
43.2196
41.9469
40.0846
37.682
35.7044
35.5389
37.328
39.7282
41.7611
42.5861
40.5376
32.7013
20.1573
8.13516
1.67729
0.951782
2.45727
3.77032
4.05575
1.09369
47.3616
46.6503
45.854
44.9982
44.1042
43.1054
41.7888
39.8138
37.2732
35.2343
35.0926
36.8927
39.3114
41.3677
42.0709
39.6689
31.1244
17.7745
5.26511
-0.712231
-0.486725
1.71123
3.37634
3.85864
1.00628
47.1919
46.4904
45.7117
44.8739
43.9919
42.9932
41.6523
39.6098
36.9811
34.897
34.7288
36.4171
38.7375
40.6561
41.2688
38.5025
29.3456
15.2257
2.2697
-3.23287
-2.00266
0.930912
2.96314
3.64112
0.921872
47.0277
46.3364
45.573
44.75
43.8779
42.8823
41.5354
39.4776
36.8262
34.7166
34.4587
35.9011
38.0032
39.6082
40.1463
37.054
27.3473
12.4614
-0.850222
-5.8553
-3.58316
0.124709
2.53876
3.40932
0.843455
46.8672
46.1869
45.4382
44.6299
43.7665
42.7744
41.4313
39.4013
36.801
34.6928
34.2838
35.3625
37.093
38.2346
38.6327
35.3236
25.1487
9.51106
-4.08437
-8.55214
-5.21226
-0.698096
2.11135
3.16959
0.773946
46.709
46.0412
45.3083
44.5162
43.662
42.6757
41.3427
39.3642
36.8707
34.7915
34.1793
34.8123
35.9898
36.5579
36.6867
33.3086
22.787
6.44654
-7.38905
-11.2928
-6.87026
-1.52734
1.68939
2.92845
0.716777
46.5513
45.8979
45.1832
44.4095
43.566
42.5917
41.2811
39.3662
36.9964
34.9593
34.1
34.248
34.7067
34.6124
34.3417
31.049
20.2979
3.31913
-10.714
-14.0442
-8.53639
-2.35196
1.2815
2.6925
0.675498
46.3922
45.7561
45.0633
44.3091
43.4764
42.5202
41.2498
39.4125
37.1564
35.1523
34.0159
33.6704
33.2845
32.4455
31.6974
28.6117
17.7236
0.174507
-14.0161
-16.774
-10.1912
-3.16007
0.89638
2.46834
0.652469
46.2298
45.6156
44.9486
44.2144
43.3925
42.4555
41.2359
39.4916
37.3417
35.3491
33.9259
33.0912
31.7715
30.1139
28.9117
26.0774
15.1177
-2.931
-17.2497
-19.4484
-11.814
-3.93886
0.542544
2.26241
0.649538
46.0623
45.4764
44.8384
44.1248
43.3154
42.3967
41.2228
39.5754
37.5403
35.5338
33.8362
32.5306
30.2253
27.7045
26.1673
23.5564
12.5386
-5.94542
-20.3682
-22.032
-13.3825
-4.67483
0.228263
2.08117
0.668897
45.8886
45.3372
44.7312
44.0397
43.247
42.3455
41.2012
39.6397
37.7308
35.6815
33.7459
32.0059
28.7121
25.3319
23.6018
21.1567
10.049
-8.82458
-23.3275
-24.4887
-14.8721
-5.35442
-0.0387215
1.93093
0.712551
45.7069
45.1957
44.6246
43.9592
43.1875
42.3002
41.1663
39.6761
37.889
35.7713
33.6554
31.5183
27.2852
23.1066
21.2931
18.9506
7.71334
-11.5229
-26.0853
-26.7822
-16.2591
-5.9645
-0.251205
1.81761
0.782301
45.5141
45.0496
44.5177
43.8836
43.1361
42.2576
41.1177
39.6886
37.9965
35.8053
33.5781
31.0569
25.9731
21.1303
19.3007
16.9851
5.58481
-13.9837
-28.604
-28.8767
-17.5225
-6.49307
-0.403183
1.74622
0.879679
45.3075
44.8969
44.4098
43.8124
43.0913
42.2156
41.0621
39.6876
38.0481
35.8033
33.5295
30.6098
24.8064
19.507
17.6853
15.3001
3.70643
-16.1429
-30.8406
-30.7434
-18.6439
-6.9302
-0.489397
1.72164
1.00584
45.0632
44.7205
44.2895
43.7377
43.0481
42.1709
41.006
39.6841
38.0543
35.7812
33.5122
30.1259
23.7524
18.1961
16.3807
13.8158
1.97852
-18.1425
-32.9293
-32.5023
-19.6999
-7.30301
-0.507587
1.75115
1.17632
44.769
44.5128
44.1556
43.661
43.0071
42.1243
40.9608
39.6884
38.024
35.7576
33.5447
29.6193
22.9815
17.4201
15.5942
12.7379
0.618747
-19.8158
-34.6829
-33.9854
-20.5786
-7.5559
-0.423353
1.86346
1.40067
44.4355
44.2867
44.0193
43.5877
42.9697
42.0824
40.9367
39.7058
37.9884
35.7732
33.6089
29.1918
22.627
17.2208
15.3759
12.1975
-0.190455
-20.9372
-35.8913
-35.0163
-21.1653
-7.64859
-0.232194
2.06129
1.66279
44.0428
44.0367
43.8802
43.5182
42.9361
42.0523
40.9374
39.7362
37.9751
35.8486
33.6716
28.9573
22.6243
17.43
15.6029
12.1897
-0.494555
-21.4807
-36.5332
-35.5853
-21.456
-7.58086
0.0648087
2.34801
1.96139
43.5597
43.7525
43.7364
43.453
42.9101
42.0436
40.9671
39.7795
38.0026
35.9796
33.7457
28.9545
22.8423
17.9026
16.1541
12.6793
-0.331648
-21.4544
-36.5931
-35.6879
-21.4491
-7.35463
0.461681
2.72147
2.29364
42.956
43.4218
43.5835
43.3939
42.8976
42.0631
41.029
39.8425
38.0812
36.1618
33.8794
29.1042
23.1896
18.5515
16.9392
13.5945
0.340697
-20.8734
-36.0758
-35.3285
-21.1468
-6.97531
0.949047
3.17398
2.65466
42.2164
43.0348
43.4181
43.3445
42.9032
42.1129
41.1246
39.936
38.213
36.3967
34.0912
29.3306
23.6419
19.339
17.9005
14.8623
1.53114
-19.7333
-35.0075
-34.5203
-20.5579
-6.45253
1.51631
3.69712
3.03793
41.3546
42.5935
43.242
43.3093
42.9315
42.1936
41.2535
40.067
38.3947
36.6817
34.3642
29.6417
24.2111
20.2463
18.9922
16.4188
3.18735
-18.0499
-33.4268
-33.2811
-19.6985
-5.79979
2.15144
4.28249
3.4377
40.4178
42.1183
43.0671
43.2966
42.9874
42.3061
41.4137
40.2368
38.6222
37.0082
34.6925
30.0755
24.8979
21.2468
20.1756
18.1948
5.26192
-15.8661
-31.3782
-31.6384
-18.5922
-5.03481
2.8409
4.91971
3.84858
39.4862
41.65
42.9171
43.3174
43.0752
42.4505
41.6037
40.4442
38.8925
37.3692
35.0888
30.6246
25.6687
22.3029
21.421
20.1255
7.71115
-13.2264
-28.9058
-29.6337
-17.2691
-4.17865
3.5709
5.59655
4.26495
38.6609
41.2473
42.8233
43.3823
43.198
42.6266
41.8211
40.6874
39.2012
37.7615
35.5547
31.2434
26.4763
23.378
22.706
22.1484
10.4873
-10.1751
-26.0562
-27.3161
-15.7655
-3.2544
4.3276
6.30012
4.68152
38.0457
40.9745
42.8175
43.5003
43.3584
42.8324
42.0628
40.9616
39.5414
38.1803
36.0718
31.8947
27.289
24.4456
24.0101
24.1961
13.5255
-6.75508
-22.8826
-24.7394
-14.1227
-2.28781
5.09749
7.01771
5.0938
37.7301
40.8876
42.9224
43.6764
43.557
43.0646
42.3245
41.2587
39.9047
38.6161
36.6139
32.5653
28.1014
25.4919
25.3078
26.1936
16.7338
-3.02605
-19.4432
-21.9636
-12.3874
-1.30712
5.86811
7.7366
5.49799
37.7674
41.0198
43.1442
43.909
43.7915
43.3201
42.6008
41.568
40.2805
39.054
37.159
33.2635
28.934
26.5124
26.5637
28.0603
20.0021
0.907761
-15.8049
-19.0579
-10.6106
-0.341281
6.62809
8.44362
5.89099
38.1601
41.3687
43.467
44.1865
44.0554
43.595
42.8854
41.8788
40.6553
39.4758
37.6927
34.0146
29.8255
27.5021
27.727
29.7186
23.21
4.91115
-12.0573
-16.1043
-8.84567
0.581501
7.36671
9.1246
6.27015
38.829
41.8694
43.8383
44.4754
44.3264
43.8726
43.1594
42.1687
40.9995
39.847
38.1852
34.8041
30.7592
28.3989
28.6912
31.0389
26.1118
8.70146
-8.46939
-13.319
-7.22007
1.39963
8.04328
9.73707
6.61863
39.602
42.4017
44.1887
44.7369
44.5779
44.1316
43.4053
42.4224
41.2919
40.1454
38.6098
35.5682
31.6525
29.1361
29.3957
31.9711
28.5291
12.0572
-5.2714
-10.8866
-5.8406
2.0752
8.62527
10.251
6.92267
40.3515
42.8849
44.4812
44.9546
44.8005
44.3647
43.6209
42.6426
41.536
40.3761
38.9594
36.2555
32.4448
29.7011
29.8623
32.5752
30.4773
14.9704
-2.47077
-8.81367
-4.70779
2.62271
9.11586
10.6731
7.18594
41.002
43.2776
44.702
45.1243
44.9914
44.5691
43.8066
42.8333
41.7394
40.5509
39.2324
36.8343
33.1048
30.1043
30.1319
32.9263
32.0032
17.4661
-0.0400192
-7.0742
-3.79798
3.06111
9.52147
11.0147
7.41377
41.5224
43.5699
44.854
45.2498
45.1523
44.7455
43.9645
42.9976
41.9088
40.6824
39.4377
37.3037
33.6314
30.3686
30.2484
33.0983
33.1587
19.5801
2.05241
-5.63309
-3.07914
3.40704
9.84975
11.2882
7.61113
41.9126
43.7728
44.9495
45.3384
45.2864
44.8963
44.0976
43.1375
42.0495
40.7819
39.5911
37.6784
34.0392
30.5234
30.252
33.1549
33.9951
21.3507
3.83787
-4.45269
-2.51715
3.67444
10.1099
11.5056
7.78227
42.1913
43.9055
45.0024
45.3983
45.3972
45.0239
44.2088
43.2553
42.166
40.8582
39.7068
37.9753
34.3476
30.5984
30.1792
33.1474
34.567
22.8124
5.34435
-3.4966
-2.08162
3.87546
10.312
11.6775
7.93061
42.3841
43.9877
45.0254
45.4369
45.4873
45.1297
44.3003
43.3528
42.2616
40.9178
39.7954
38.2102
34.5759
30.6165
30.0639
33.1124
34.9338
23.9951
6.59359
-2.73086
-1.74785
4.02141
10.4658
11.8125
8.0588
42.5154
44.0366
45.03
45.4605
45.5586
45.2143
44.3732
43.4318
42.3389
40.9659
39.8643
38.397
34.7429
30.5947
29.9328
33.0726
35.1568
24.9299
7.60912
-2.12398
-1.49601
4.12269
10.5799
11.9175
8.16896
42.603
44.0643
45.0247
45.4741
45.6131
45.2792
44.4298
43.4943
42.3993
41.0064
39.9203
38.5456
34.8696
30.5525
29.8085
33.0425
35.2798
25.6584
8.41612
-1.64877
-1.31051
4.1885
10.6618
11.9978
8.26284
42.6582
44.0783
45.0149
45.4813
45.6529
45.3263
44.473
43.5432
42.4442
41.0401
39.9688
38.6617
34.9788
30.5169
29.716
33.0353
35.3137
26.2211
9.03583
-1.28185
-1.17935
4.22676
10.7176
12.0577
8.34189
42.6896
44.0827
45.0035
45.4845
45.6802
45.3587
44.5049
43.5808
42.4777
41.0652
40.0107
38.7481
35.0787
30.512
29.6737
33.0521
35.2954
26.6265
9.49203
-1.00574
-1.09263
4.24409
10.7522
12.1004
8.4076
42.7036
44.0807
44.9927
45.4851
45.6976
45.3802
44.5266
43.6078
42.5052
41.0827
40.0406
38.8052
35.157
30.5372
29.6774
33.0802
35.2916
26.8715
9.80964
-0.810904
-1.04035
4.24559
10.7689
12.1287
8.46157
42.705
44.0735
44.9831
45.4845
45.7072
45.3936
44.5409
43.6267
42.5285
41.0988
40.0552
38.8322
35.2055
30.5714
29.6959
33.098
35.3119
27.0055
10.0114
-0.690226
-1.01541
4.23494
10.7704
12.1455
8.50723
42.6985
44.0619
44.9731
45.4815
45.7099
45.4001
44.5502
43.639
42.5441
41.1143
40.0639
38.8433
35.2344
30.5988
29.7035
33.0943
35.327
27.0864
10.1242
-0.63093
-1.01197
4.21689
10.7618
12.1527
8.54725
)
;

boundaryField
{
    inlet
    {
        type            zeroGradient;
    }
    outlet
    {
        type            fixedValue;
        value           uniform 0;
    }
    upperWall
    {
        type            zeroGradient;
    }
    lowerWall
    {
        type            zeroGradient;
    }
    frontAndBack
    {
        type            empty;
    }
}


// ************************************************************************* //
