/*--------------------------------*- C++ -*----------------------------------*\
  =========                 |
  \\      /  F ield         | OpenFOAM: The Open Source CFD Toolbox
   \\    /   O peration     | Website:  https://openfoam.org
    \\  /    A nd           | Version:  6
     \\/     M anipulation  |
\*---------------------------------------------------------------------------*/
FoamFile
{
    version     2.0;
    format      ascii;
    class       volScalarField;
    location    "0.3";
    object      s;
}
// * * * * * * * * * * * * * * * * * * * * * * * * * * * * * * * * * * * * * //

dimensions      [0 0 0 0 0 0 0];

internalField   nonuniform List<scalar> 
12225
(
1
1
1
1
1
1
1
1
1
1
1
1
1
1
1
1
1
1
1
1
1
1
1
1
1
1
1
1
1
1
1
1
1
1
1
1
1
1
1
1
1
1
1
1
1
1
1
1
1
1
1
1
1
1
1
1
1
1
1
1
1
1
1
1
1
1
1
1
1
1
1
1
1
1
1
1
1
1
1
1
1
1
1
1
1
1
1
1
1
1
1
1
1
1
1
1
1
1
1
1
1
1
1
1
1
1
1
1
1
1
1
1
1
1
1
1
1
1
1
1
1
1
1
1
1
1
1
1
1
1
1
1
1
1
1
1
1
1
1
1
1
1
1
1
1
1
1
1
1
1
1
1
1
1
1
1
1
1
1
1
1
1
1
1
1
1
1
1
1
1
1
1
1
1
1
1
1
1
1
1
1
1
1
1
1
1
1
1
1
1
1
1
1
1
1
1
1
1
1
1
1
1
1
1
1
1
1
1
1
1
1
1
1
1
1
1
1
1
1
1
1
1
1
1
1
1
1
1
1
1
1
1
1
1
1
1
1
1
1
1
1
1
1
1
1
1
1
1
1
1
1
1
1
1
1
1
1
1
1
1
1
1
1
1
1
1
1
1
1
1
1
1
1
1
1
1
1
1
1
1
1
1
1
1
1
1
1
1
1
1
1
1
1
1
1
1
1
1
1
1
1
1
1
1
1
1
1
1
1
1
1
1
1
1
1
1
1
1
1
1
1
1
1
1
1
1
1
1
1
1
1
1
1
1
1
1
1
1
1
1
1
1
1
1
1
1
1
1
1
1
1
1
1
1
1
1
1
1
1
1
1
1
1
1
1
1
1
1
1
1
1
1
1
1
1
1
1
1
1
1
1
1
1
1
1
1
1
1
1
1
1
1
1
1
1
1
1
1
1
1
1
1
1
1
1
1
1
1
1
1
1
1
1
1
1
1
1
1
1
1
1
1
1
1
1
1
1
1
1
1
1
1
1
1
1
1
1
1
1
1
1
1
1
1
1
1
1
1
1
1
1
1
1
1
1
1
1
1
1
1
1
1
1
1
1
1
1
1
1
1
1
1
1
1
1
1
1
1
1
1
1
1
1
1
1
1
1
1
1
1
1
1
1
1
1
1
1
1
1
1
1
1
1
1
1
1
1
1
1
1
1
1
1
1
1
1
1
1
1
1
1
1
1
1
1
1
1
1
1
1
1
1
1
1
1
1
1
1
1
1
0.993179
0.993397
0.992903
0.992739
0.992653
0.992602
0.992593
0.992599
0.992717
0.992834
0.992864
0.992868
0.992859
0.992818
0.992742
0.992651
0.992563
0.992466
0.992355
0.992244
0.992138
0.992045
0.991969
0.991921
0.991906
0.991904
0.991909
0.991929
0.991967
0.992013
0.992048
0.992079
0.992112
0.992136
0.992146
0.992152
0.992155
0.992144
0.992132
0.992102
0.992058
0.991999
0.991952
0.991913
0.991875
0.991813
0.991695
0.991549
0.991416
0.991336
0.991341
0.991569
0.992118
0.992085
0.991539
0.991337
0.991379
0.991569
0.991855
0.992305
0.992972
0.993606
0.994161
0.99472
0.995278
0.995689
0.995837
0.995819
0.995683
0.995296
0.993625
0.99254
0.992988
0.994175
0.996134
0.998145
0.999071
0.999181
0.999191
0.999203
0.999212
0.999219
0.999226
0.999232
0.999239
0.999245
0.999251
0.999258
0.999264
0.999269
0.999275
0.999281
0.999286
0.999291
0.999296
0.9993
0.999303
0.999307
0.999308
0.999308
0.999308
0.999307
0.999306
0.999306
0.999308
0.999314
0.999323
0.99933
0.999336
0.999345
0.999354
0.999359
0.999365
0.999369
0.999371
0.999371
0.999364
0.999353
0.999338
0.999321
0.999306
0.999294
0.999281
0.999254
0.999188
0.999009
0.998819
0.99874
0.998707
0.998664
0.998667
0.998764
0.998796
0.998747
0.998482
0.997524
0.996988
0.996918
0.996961
0.997079
0.997298
0.997629
0.997947
0.998186
0.998316
0.998375
0.998395
0.9984
0.9984
0.998394
0.998377
0.998354
0.998331
0.998302
0.998273
0.998261
0.998259
0.998276
0.998313
0.998364
0.998428
0.998502
0.99858
0.998655
0.998717
0.998767
0.99881
0.998843
0.998863
0.99887
0.998864
0.998831
0.998767
0.998698
0.998599
0.998473
0.998381
0.99836
0.998374
0.998426
0.993086
0.993392
0.992666
0.992064
0.991765
0.99166
0.991734
0.991779
0.991762
0.991751
0.991764
0.991817
0.991841
0.991818
0.991708
0.991517
0.991376
0.991346
0.991355
0.991431
0.991601
0.991838
0.992088
0.992337
0.992651
0.993034
0.993445
0.993844
0.994189
0.994467
0.994679
0.994829
0.994942
0.994999
0.995022
0.995024
0.995007
0.994913
0.994821
0.994675
0.994505
0.994325
0.994177
0.994044
0.993898
0.993655
0.993245
0.992728
0.992073
0.991299
0.990772
0.990713
0.990972
0.991499
0.991726
0.991843
0.991798
0.991715
0.991764
0.991842
0.991815
0.991803
0.992065
0.992938
0.994433
0.995708
0.996413
0.996705
0.996688
0.996384
0.994966
0.993044
0.992429
0.992906
0.996863
0.999
0.999143
0.999156
0.999141
0.999132
0.999128
0.999128
0.999141
0.99916
0.999177
0.999203
0.999222
0.999239
0.999251
0.999254
0.999256
0.999256
0.999255
0.999251
0.99924
0.999226
0.99921
0.99919
0.999167
0.999155
0.999152
0.999154
0.999168
0.999187
0.9992
0.999209
0.999221
0.99923
0.999235
0.999248
0.999266
0.99929
0.999322
0.999361
0.999403
0.999452
0.999507
0.999566
0.999623
0.99967
0.999704
0.999734
0.999759
0.999779
0.999791
0.999795
0.999787
0.999754
0.999706
0.999652
0.999635
0.999646
0.999648
0.999587
0.999376
0.998814
0.997756
0.997237
0.997183
0.997241
0.997293
0.99743
0.997867
0.99818
0.998273
0.998236
0.998171
0.998055
0.997923
0.99775
0.997592
0.997466
0.997394
0.997359
0.997348
0.997358
0.99738
0.997418
0.997463
0.997505
0.99755
0.997604
0.997678
0.997778
0.997915
0.99808
0.998264
0.998463
0.998677
0.998888
0.999076
0.999214
0.999317
0.999391
0.999432
0.999442
0.999422
0.999275
0.999176
0.999024
0.992615
0.993312
0.992306
0.99101
0.990875
0.991705
0.991975
0.991946
0.991862
0.991795
0.991673
0.99144
0.991389
0.991416
0.991457
0.991481
0.991541
0.991793
0.992257
0.992967
0.994
0.995232
0.996039
0.996828
0.997537
0.997881
0.998224
0.998456
0.998574
0.998669
0.998718
0.998743
0.998752
0.998723
0.998673
0.998593
0.998485
0.998332
0.998151
0.997924
0.997667
0.997384
0.997072
0.996742
0.996408
0.996067
0.99571
0.995357
0.99497
0.994271
0.992876
0.991342
0.990595
0.990524
0.990742
0.991362
0.991663
0.99178
0.991804
0.991776
0.991499
0.991111
0.991047
0.991201
0.992063
0.994535
0.996039
0.996679
0.996853
0.996798
0.996108
0.993615
0.992887
0.995283
0.998807
0.999069
0.999087
0.998975
0.998821
0.998727
0.998677
0.998655
0.99865
0.998664
0.998673
0.998705
0.998734
0.998764
0.998785
0.998819
0.998835
0.998848
0.99886
0.998863
0.998866
0.998872
0.998883
0.998905
0.99894
0.999
0.999076
0.999173
0.999261
0.999307
0.999327
0.999334
0.999335
0.999315
0.999279
0.99924
0.999195
0.999152
0.999127
0.999112
0.999105
0.999108
0.999122
0.999146
0.999189
0.999256
0.999347
0.999448
0.999558
0.999662
0.999739
0.999789
0.999818
0.999833
0.999837
0.999834
0.999827
0.999826
0.999822
0.999807
0.999757
0.999626
0.999239
0.998289
0.997904
0.997772
0.99768
0.997696
0.997941
0.998145
0.998089
0.997993
0.997825
0.997612
0.997369
0.99722
0.997146
0.997116
0.99711
0.997139
0.997181
0.997216
0.997269
0.997324
0.997375
0.997417
0.997441
0.997453
0.997463
0.997478
0.997501
0.997539
0.997597
0.99767
0.997758
0.997869
0.998051
0.998317
0.998624
0.998929
0.99918
0.999378
0.999522
0.999599
0.999614
0.999574
0.99092
0.99245
0.9914
0.990413
0.990911
0.991802
0.992046
0.991965
0.991773
0.991577
0.991449
0.991432
0.991475
0.991663
0.991973
0.992522
0.993501
0.995065
0.996355
0.997499
0.99832
0.998717
0.999105
0.999294
0.999485
0.99957
0.99964
0.999693
0.999719
0.99974
0.99975
0.999754
0.999753
0.999742
0.999722
0.99969
0.999642
0.999574
0.999477
0.999339
0.999141
0.998882
0.998558
0.998166
0.99771
0.997228
0.9968
0.996385
0.99603
0.995697
0.995279
0.994406
0.992548
0.990934
0.990353
0.990368
0.990723
0.991381
0.991676
0.991716
0.991627
0.991214
0.990992
0.991044
0.99149
0.993571
0.995817
0.996517
0.996759
0.99674
0.995961
0.993561
0.994034
0.998038
0.998973
0.998993
0.998735
0.998511
0.99842
0.998392
0.998388
0.998408
0.998428
0.998455
0.998493
0.998522
0.998544
0.998585
0.998615
0.998638
0.99867
0.998703
0.998735
0.998777
0.998826
0.998887
0.998963
0.999079
0.999258
0.999493
0.999602
0.999633
0.99964
0.999642
0.999644
0.999648
0.999657
0.999668
0.999676
0.999682
0.999678
0.999641
0.999572
0.99948
0.999377
0.999275
0.999187
0.999132
0.999108
0.999099
0.999112
0.999145
0.999198
0.999292
0.999437
0.999595
0.999718
0.999794
0.999836
0.999852
0.999858
0.99986
0.999858
0.999845
0.999785
0.999696
0.999542
0.999136
0.998593
0.998071
0.997809
0.997805
0.997973
0.998015
0.997924
0.997782
0.997511
0.997239
0.997084
0.997025
0.997011
0.997037
0.997073
0.997107
0.99715
0.997203
0.99728
0.99737
0.997462
0.997563
0.997619
0.997632
0.997595
0.997538
0.997499
0.997486
0.997493
0.99752
0.997565
0.997616
0.997657
0.997705
0.997792
0.997972
0.998275
0.99865
0.99902
0.999335
0.999555
0.999632
0.989347
0.990422
0.990336
0.99043
0.991497
0.992023
0.992116
0.991812
0.991636
0.99157
0.991561
0.991772
0.992246
0.993151
0.994669
0.996362
0.997605
0.998483
0.998969
0.999398
0.999591
0.999729
0.999808
0.999852
0.999883
0.999899
0.999909
0.999914
0.999917
0.999921
0.999925
0.999932
0.999937
0.999943
0.999949
0.999952
0.999953
0.999949
0.999939
0.999923
0.999895
0.999851
0.999782
0.999668
0.999477
0.999143
0.998561
0.997776
0.996952
0.996355
0.99596
0.995653
0.995283
0.994374
0.992168
0.99065
0.990309
0.990374
0.990821
0.991388
0.991496
0.991436
0.991277
0.991271
0.991493
0.993229
0.995779
0.996459
0.996563
0.996518
0.995198
0.993805
0.996662
0.998757
0.998931
0.998654
0.998378
0.998309
0.998307
0.998344
0.998379
0.998417
0.998446
0.998478
0.998512
0.998541
0.998565
0.998606
0.99864
0.99867
0.998707
0.99875
0.998799
0.998871
0.998974
0.99914
0.999418
0.999626
0.999695
0.999713
0.99971
0.999665
0.999599
0.999574
0.999565
0.999567
0.999589
0.999629
0.999669
0.999714
0.999765
0.999805
0.999827
0.999838
0.99984
0.999814
0.999758
0.999657
0.999523
0.999384
0.99926
0.999189
0.999172
0.999189
0.999249
0.999339
0.999471
0.999634
0.999768
0.999835
0.999861
0.99987
0.99987
0.999864
0.999827
0.999666
0.999505
0.99926
0.99874
0.998149
0.997851
0.997839
0.997931
0.997908
0.997804
0.997545
0.997226
0.997037
0.996973
0.99696
0.996995
0.997031
0.997066
0.997094
0.997125
0.997192
0.9973
0.997457
0.997636
0.997772
0.997934
0.998063
0.998105
0.998002
0.997817
0.997655
0.997544
0.997496
0.997491
0.997512
0.997554
0.997583
0.9976
0.997629
0.997697
0.997875
0.998297
0.998757
0.999192
0.999485
0.989286
0.989939
0.990444
0.991104
0.992316
0.992278
0.991962
0.991809
0.991752
0.991859
0.992325
0.99334
0.99519
0.996789
0.998096
0.998763
0.999326
0.999586
0.999752
0.999832
0.999869
0.999886
0.999892
0.999894
0.99989
0.999883
0.999876
0.999865
0.999858
0.999856
0.999867
0.999885
0.999903
0.999923
0.999946
0.999961
0.999973
0.999981
0.999985
0.999987
0.999988
0.999986
0.999979
0.999965
0.999938
0.999885
0.999773
0.999521
0.998884
0.997713
0.996669
0.996091
0.995828
0.995631
0.995254
0.993877
0.991538
0.990519
0.990367
0.990463
0.990917
0.991179
0.991213
0.991253
0.9915
0.993388
0.996074
0.996564
0.996327
0.99572
0.994552
0.995242
0.998226
0.998804
0.998734
0.998341
0.998252
0.998287
0.998344
0.998464
0.9986
0.998683
0.99875
0.998784
0.998795
0.998795
0.998795
0.998812
0.998834
0.998865
0.998915
0.998996
0.999111
0.999254
0.999449
0.999646
0.99972
0.999741
0.999727
0.999652
0.999518
0.999412
0.999376
0.99935
0.999322
0.99931
0.999308
0.999325
0.999355
0.999419
0.999522
0.999664
0.999756
0.999831
0.999876
0.999902
0.999915
0.999921
0.999913
0.999881
0.999811
0.999684
0.999529
0.999394
0.999322
0.999323
0.999382
0.999488
0.999629
0.999768
0.999843
0.999874
0.999882
0.999879
0.999852
0.999695
0.999393
0.999167
0.998683
0.998118
0.997844
0.997835
0.997873
0.997838
0.997675
0.997319
0.99705
0.996949
0.996929
0.996956
0.996998
0.997026
0.997039
0.997043
0.997054
0.997129
0.997279
0.997482
0.997739
0.997954
0.998098
0.998268
0.998453
0.998586
0.998561
0.99834
0.998012
0.997725
0.997545
0.997467
0.997444
0.997444
0.997463
0.997482
0.997507
0.997563
0.997731
0.998181
0.998693
0.999173
0.990455
0.990295
0.991421
0.99235
0.992443
0.992169
0.992035
0.992016
0.992313
0.993108
0.994905
0.996754
0.997998
0.998872
0.99937
0.999618
0.999759
0.999815
0.999838
0.999844
0.999844
0.999816
0.999774
0.999714
0.999644
0.999568
0.999503
0.999467
0.999453
0.999451
0.999493
0.999553
0.999625
0.999703
0.999785
0.999857
0.999913
0.999952
0.999975
0.999987
0.999992
0.999995
0.999996
0.999997
0.999995
0.999989
0.999975
0.999936
0.999823
0.999461
0.998298
0.996868
0.996157
0.995914
0.995788
0.995567
0.994837
0.992509
0.990892
0.990397
0.990363
0.990511
0.990813
0.990957
0.991521
0.994533
0.996703
0.996748
0.995987
0.995234
0.994883
0.997431
0.998628
0.99874
0.998358
0.998222
0.99825
0.998368
0.998634
0.998983
0.999198
0.999343
0.999412
0.999439
0.999448
0.999447
0.999435
0.999419
0.999411
0.999412
0.99943
0.999476
0.99955
0.999652
0.999737
0.999764
0.999765
0.999715
0.999617
0.999444
0.999381
0.999361
0.999349
0.999321
0.999275
0.999229
0.999212
0.999208
0.999208
0.999202
0.999191
0.999225
0.99937
0.999563
0.99971
0.999812
0.999881
0.999923
0.999946
0.999957
0.99996
0.999952
0.999925
0.999864
0.99975
0.999607
0.999511
0.999503
0.99957
0.999686
0.999793
0.99986
0.999885
0.999887
0.999873
0.99979
0.999423
0.998952
0.998472
0.998017
0.997819
0.997811
0.997819
0.997772
0.997535
0.997153
0.996953
0.996905
0.996915
0.996956
0.996988
0.996994
0.996956
0.996927
0.996929
0.997033
0.997207
0.997457
0.99776
0.99806
0.998346
0.998503
0.998608
0.998805
0.998953
0.99897
0.998881
0.998543
0.998056
0.997692
0.997487
0.997395
0.997358
0.997347
0.997351
0.997381
0.997493
0.997852
0.998317
0.99882
0.991478
0.991709
0.992477
0.992558
0.992413
0.992284
0.992356
0.992818
0.994099
0.996009
0.997657
0.998606
0.999259
0.999568
0.99971
0.999766
0.999786
0.999791
0.999757
0.999679
0.999545
0.999346
0.999196
0.999036
0.998941
0.998868
0.998834
0.99882
0.998817
0.998833
0.998856
0.998906
0.998981
0.999116
0.999289
0.999496
0.999672
0.999814
0.999899
0.999951
0.999977
0.99999
0.999996
0.999998
0.999999
0.999999
0.999998
0.999994
0.999978
0.999915
0.999653
0.998474
0.996876
0.996178
0.995971
0.995875
0.99568
0.994952
0.992563
0.990886
0.990311
0.990238
0.990287
0.990509
0.991993
0.996166
0.997303
0.996823
0.995813
0.995414
0.996745
0.99833
0.998643
0.998499
0.99823
0.998199
0.998329
0.998708
0.999091
0.999272
0.999411
0.999598
0.999682
0.999711
0.999724
0.999731
0.999738
0.999744
0.999745
0.999744
0.999744
0.999753
0.999778
0.999801
0.999808
0.999791
0.999734
0.999619
0.999445
0.999392
0.999376
0.999371
0.999359
0.999323
0.999267
0.999186
0.99915
0.999143
0.999143
0.999132
0.999076
0.99902
0.999013
0.999094
0.999296
0.999494
0.999656
0.999787
0.999879
0.999934
0.999962
0.999974
0.999978
0.999977
0.999967
0.999936
0.999863
0.999751
0.999677
0.999682
0.999757
0.999837
0.999881
0.99989
0.999885
0.999841
0.999625
0.998911
0.998245
0.997872
0.997766
0.99777
0.997774
0.997713
0.997406
0.997042
0.996902
0.996881
0.99691
0.996946
0.996956
0.996909
0.996843
0.996828
0.996862
0.99696
0.997087
0.997324
0.997696
0.998053
0.998393
0.998702
0.9989
0.99898
0.99913
0.99922
0.999227
0.999182
0.998998
0.99847
0.997925
0.99758
0.997407
0.997341
0.997326
0.997333
0.997382
0.997591
0.998079
0.998587
0.992198
0.992534
0.992657
0.992601
0.992527
0.992645
0.993269
0.994873
0.996613
0.998073
0.998952
0.999395
0.999617
0.999701
0.999729
0.999736
0.999685
0.999555
0.999303
0.999087
0.998884
0.998788
0.998709
0.998673
0.998656
0.998651
0.998653
0.998668
0.998675
0.998686
0.998691
0.998698
0.998703
0.998711
0.998751
0.998846
0.999081
0.999399
0.999666
0.999836
0.999921
0.999965
0.999986
0.999995
0.999998
0.999999
1
0.999999
0.999998
0.999988
0.999937
0.999656
0.998196
0.996729
0.996166
0.996013
0.995892
0.995545
0.994027
0.991604
0.990441
0.990125
0.990127
0.990563
0.993826
0.997368
0.997722
0.996838
0.996092
0.996729
0.998049
0.998534
0.998578
0.998241
0.998154
0.998244
0.998595
0.99904
0.999223
0.999312
0.99944
0.999621
0.999737
0.999781
0.999801
0.999813
0.999826
0.999848
0.99986
0.999861
0.99986
0.999857
0.999855
0.999846
0.999818
0.999772
0.999662
0.999481
0.99941
0.999394
0.999392
0.999392
0.999379
0.99934
0.999263
0.999128
0.999029
0.99901
0.999021
0.999034
0.999005
0.998899
0.998862
0.998841
0.998865
0.999036
0.999238
0.999456
0.999653
0.9998
0.999894
0.999947
0.999974
0.999984
0.999988
0.999988
0.999983
0.999962
0.999904
0.999821
0.999799
0.99983
0.999879
0.999894
0.999893
0.999869
0.999731
0.999091
0.998215
0.997797
0.997712
0.997731
0.99774
0.997664
0.997303
0.996973
0.996873
0.996868
0.996899
0.996916
0.996869
0.996788
0.996761
0.99678
0.996843
0.996916
0.99702
0.997196
0.997522
0.997952
0.998356
0.998715
0.999015
0.999232
0.999347
0.999401
0.999409
0.999404
0.999375
0.999257
0.998847
0.998196
0.997745
0.997501
0.997397
0.997372
0.997383
0.997474
0.997826
0.998405
0.992616
0.992894
0.992793
0.992735
0.992861
0.993595
0.99525
0.996901
0.998155
0.999048
0.999439
0.999608
0.99967
0.999686
0.999664
0.99954
0.999246
0.998995
0.998812
0.998723
0.998672
0.998654
0.998649
0.998655
0.998669
0.998689
0.998713
0.998725
0.998737
0.998744
0.998746
0.998738
0.998717
0.998684
0.99866
0.998651
0.998667
0.998771
0.999099
0.999534
0.999774
0.999896
0.999957
0.999984
0.999995
0.999998
1
1
1
0.999998
0.999989
0.999928
0.999504
0.997747
0.996562
0.996162
0.99601
0.99573
0.994676
0.99206
0.990522
0.990061
0.990105
0.99128
0.99599
0.998103
0.998011
0.997284
0.997228
0.997981
0.998437
0.998535
0.998338
0.998146
0.998157
0.998405
0.998918
0.999141
0.999232
0.999301
0.999414
0.999574
0.999717
0.999781
0.999809
0.999824
0.999839
0.999861
0.999879
0.999882
0.999882
0.999879
0.999869
0.999847
0.999807
0.999724
0.999556
0.999437
0.999407
0.999402
0.999404
0.999404
0.999392
0.999354
0.999264
0.999091
0.998902
0.998841
0.998836
0.998842
0.998811
0.998711
0.998662
0.99867
0.998662
0.998653
0.998774
0.998981
0.999253
0.999516
0.999712
0.999844
0.999923
0.999966
0.999985
0.999992
0.999994
0.999994
0.999987
0.999961
0.999909
0.999887
0.999891
0.999902
0.999902
0.999887
0.999792
0.999294
0.998282
0.997773
0.997668
0.997696
0.997711
0.99762
0.997224
0.99693
0.996853
0.996853
0.996876
0.996856
0.996752
0.996694
0.996692
0.996754
0.996813
0.996858
0.996929
0.997074
0.997356
0.997777
0.998232
0.998662
0.999014
0.999285
0.999491
0.999608
0.999618
0.999584
0.999553
0.999518
0.999426
0.999116
0.998461
0.99796
0.997671
0.99754
0.997508
0.997527
0.997684
0.998205
0.992766
0.992996
0.992936
0.992993
0.993612
0.995158
0.996879
0.998104
0.998981
0.999411
0.999577
0.999634
0.99965
0.999602
0.999422
0.999047
0.998848
0.998734
0.998679
0.998661
0.998658
0.998668
0.998696
0.998715
0.998737
0.998751
0.998757
0.998762
0.998771
0.998788
0.998805
0.998826
0.998836
0.998834
0.998773
0.998677
0.99862
0.998602
0.998659
0.998912
0.999452
0.999742
0.99989
0.999958
0.999985
0.999995
0.999999
1
1
1
0.999998
0.999986
0.999888
0.999159
0.997337
0.996443
0.99615
0.995853
0.994973
0.992349
0.990546
0.990051
0.990222
0.992778
0.997328
0.998463
0.998262
0.997969
0.998091
0.998403
0.998531
0.99847
0.998168
0.998104
0.998218
0.998692
0.99905
0.99917
0.999222
0.999261
0.999332
0.999439
0.999587
0.999733
0.999789
0.999812
0.999827
0.999846
0.999868
0.999876
0.999877
0.999875
0.999865
0.999836
0.999774
0.999644
0.999484
0.999424
0.999409
0.999408
0.999409
0.999408
0.999398
0.99936
0.999259
0.999056
0.998831
0.99873
0.998712
0.998718
0.998715
0.998648
0.998506
0.998425
0.998411
0.998418
0.998417
0.998492
0.998721
0.999077
0.999392
0.999633
0.999799
0.999902
0.999957
0.999983
0.999993
0.999996
0.999997
0.999994
0.999981
0.999958
0.999937
0.999926
0.999919
0.999904
0.999834
0.99947
0.998421
0.997788
0.997638
0.997662
0.997684
0.997592
0.997188
0.996908
0.996838
0.996835
0.99683
0.996716
0.996618
0.996619
0.996653
0.99669
0.99673
0.996747
0.99676
0.996869
0.997157
0.997567
0.998061
0.998548
0.998967
0.99928
0.999508
0.999669
0.999762
0.999781
0.999746
0.999688
0.999638
0.999544
0.999273
0.998671
0.998185
0.997888
0.997754
0.997729
0.997771
0.99805
0.992889
0.993164
0.993134
0.993566
0.994675
0.996359
0.997955
0.998783
0.999309
0.999527
0.9996
0.999619
0.99958
0.999375
0.998994
0.998797
0.998707
0.998669
0.998658
0.998662
0.998678
0.998695
0.998701
0.998704
0.998696
0.998679
0.99867
0.998667
0.998667
0.998678
0.998707
0.998762
0.998831
0.998868
0.998881
0.998856
0.99873
0.998598
0.998571
0.998627
0.99892
0.999472
0.999768
0.999908
0.999967
0.999989
0.999997
0.999999
1
1
1
0.999998
0.999977
0.999806
0.998621
0.996991
0.996368
0.996027
0.995257
0.992744
0.99063
0.990075
0.990447
0.993905
0.997912
0.998653
0.998508
0.998379
0.998465
0.998566
0.99853
0.998279
0.99806
0.998049
0.998251
0.99877
0.999078
0.999172
0.999214
0.999241
0.999277
0.999322
0.999395
0.999528
0.999685
0.999743
0.99976
0.999768
0.999792
0.999826
0.999838
0.999841
0.999834
0.999797
0.999702
0.999571
0.999458
0.999421
0.999412
0.999411
0.999411
0.99941
0.9994
0.999358
0.999223
0.998966
0.998721
0.998641
0.998637
0.998666
0.998685
0.998661
0.99851
0.998375
0.998285
0.998232
0.998205
0.998201
0.998262
0.998508
0.998921
0.999286
0.999572
0.999769
0.999889
0.999952
0.999982
0.999994
0.999997
0.999998
0.999996
0.999991
0.999978
0.999959
0.999946
0.999927
0.999866
0.999589
0.998602
0.997829
0.997621
0.997632
0.997654
0.997564
0.997155
0.996888
0.996826
0.996806
0.996716
0.996534
0.99648
0.996545
0.996574
0.996564
0.99655
0.996533
0.996511
0.996592
0.996848
0.997286
0.997837
0.998395
0.998879
0.999248
0.999504
0.999679
0.999796
0.999862
0.999876
0.999861
0.999808
0.999737
0.999603
0.999257
0.998761
0.998354
0.998104
0.998008
0.998006
0.998101
0.992974
0.993349
0.993521
0.994016
0.995455
0.997188
0.998481
0.999101
0.999435
0.999561
0.999593
0.999585
0.999435
0.999062
0.99881
0.998707
0.998666
0.998653
0.998658
0.998675
0.998686
0.998689
0.998678
0.998662
0.99865
0.998647
0.998646
0.998643
0.998634
0.998624
0.998617
0.998621
0.998659
0.99878
0.998875
0.998889
0.99886
0.998707
0.998567
0.99855
0.998654
0.999128
0.999606
0.999842
0.999942
0.999981
0.999994
0.999998
1
1
1
1
0.999996
0.999958
0.99964
0.997978
0.996744
0.996284
0.995607
0.993345
0.990835
0.990148
0.990557
0.994147
0.998004
0.998771
0.998693
0.998623
0.998639
0.998623
0.998468
0.998124
0.998012
0.998004
0.998235
0.998752
0.999072
0.999166
0.999205
0.999228
0.999252
0.999269
0.999284
0.999322
0.999403
0.999528
0.999626
0.999645
0.999639
0.999649
0.999687
0.99972
0.999727
0.999706
0.999627
0.999515
0.999447
0.999422
0.999413
0.999412
0.999411
0.999409
0.999395
0.999334
0.999157
0.998846
0.998643
0.998587
0.998579
0.998608
0.998659
0.998674
0.998628
0.998475
0.998312
0.998213
0.998155
0.998126
0.998125
0.998172
0.998351
0.998767
0.999203
0.999535
0.999758
0.999887
0.999954
0.999983
0.999994
0.999998
0.999998
0.999997
0.999994
0.999985
0.999974
0.999954
0.999901
0.999681
0.998794
0.997899
0.997614
0.997606
0.997621
0.997538
0.99715
0.996887
0.996818
0.996749
0.996524
0.996354
0.996364
0.996433
0.99642
0.996312
0.996228
0.996181
0.996172
0.996258
0.996494
0.996933
0.997544
0.998193
0.99876
0.999194
0.999491
0.999682
0.999805
0.999884
0.999923
0.999929
0.99992
0.999882
0.999764
0.999492
0.99913
0.99876
0.998471
0.998319
0.998286
0.998305
0.99302
0.993539
0.993761
0.994723
0.996067
0.997688
0.998793
0.999268
0.999485
0.99956
0.999578
0.999505
0.999248
0.998903
0.998738
0.998667
0.998647
0.99865
0.99867
0.998685
0.998688
0.998682
0.998671
0.998665
0.998676
0.998694
0.998703
0.9987
0.998686
0.998653
0.998617
0.998601
0.998604
0.998642
0.998784
0.998872
0.998871
0.998789
0.998584
0.998525
0.998558
0.99889
0.999464
0.999783
0.999923
0.999975
0.999992
0.999998
0.999999
1
1
1
0.999999
0.999992
0.999916
0.999248
0.997411
0.996616
0.996056
0.994349
0.991294
0.990277
0.990584
0.993954
0.997906
0.99881
0.998805
0.998755
0.998739
0.998663
0.998422
0.998011
0.997913
0.997953
0.998172
0.998669
0.999035
0.999143
0.999183
0.999201
0.999217
0.999231
0.999239
0.999244
0.999251
0.999277
0.999338
0.99944
0.999535
0.999555
0.999555
0.999556
0.999569
0.999579
0.999569
0.999505
0.999447
0.999425
0.999416
0.999413
0.999412
0.999405
0.999375
0.999276
0.999027
0.99874
0.998626
0.998578
0.998563
0.998565
0.9986
0.998656
0.998663
0.998642
0.998534
0.998348
0.998208
0.998135
0.99811
0.998112
0.998143
0.998263
0.998646
0.999156
0.999531
0.999767
0.999897
0.99996
0.999986
0.999996
0.999998
0.999998
0.999998
0.999995
0.999989
0.999975
0.999934
0.999764
0.999004
0.997997
0.997623
0.997584
0.997589
0.99752
0.997158
0.996894
0.996805
0.996618
0.99634
0.996202
0.996227
0.996241
0.996096
0.995884
0.995745
0.995704
0.995757
0.99589
0.996106
0.996525
0.99718
0.997933
0.998604
0.999118
0.999469
0.999685
0.999812
0.999892
0.999939
0.999957
0.999957
0.999944
0.999873
0.999638
0.999322
0.999017
0.99876
0.998601
0.99855
0.998544
0.993053
0.993627
0.993925
0.994825
0.996373
0.997848
0.998808
0.999275
0.999481
0.999555
0.999561
0.999487
0.999216
0.998875
0.998707
0.998646
0.998637
0.998644
0.998669
0.998689
0.998695
0.998688
0.998674
0.998671
0.998677
0.998702
0.998715
0.998715
0.99871
0.998691
0.998637
0.998601
0.998594
0.998616
0.998736
0.998851
0.998859
0.998802
0.998586
0.998485
0.998514
0.998801
0.999401
0.999755
0.999914
0.999972
0.999992
0.999998
0.999999
1
1
1
1
0.999999
0.999982
0.999816
0.998536
0.997077
0.996507
0.995477
0.992287
0.990528
0.990582
0.993254
0.997536
0.998758
0.99891
0.998867
0.998814
0.99871
0.998443
0.99801
0.997839
0.997834
0.997991
0.998423
0.998905
0.999068
0.999109
0.999111
0.999108
0.999125
0.99915
0.999169
0.999184
0.999194
0.999198
0.999209
0.999258
0.99936
0.999465
0.999495
0.999503
0.999502
0.999484
0.999472
0.999441
0.999425
0.999417
0.999414
0.999408
0.999388
0.999314
0.999125
0.998833
0.998704
0.998625
0.998581
0.998562
0.998558
0.998561
0.99859
0.998649
0.998663
0.998655
0.998607
0.998452
0.998269
0.998164
0.998123
0.998122
0.998149
0.998243
0.998596
0.999166
0.999563
0.999796
0.999915
0.999969
0.99999
0.999997
0.999999
0.999999
0.999998
0.999995
0.999987
0.999958
0.999831
0.999219
0.998122
0.997646
0.997565
0.997562
0.997505
0.997178
0.99692
0.996771
0.996471
0.996186
0.996068
0.996062
0.995991
0.995756
0.995545
0.995438
0.995411
0.995432
0.995528
0.995739
0.996116
0.996765
0.997606
0.998404
0.999016
0.99943
0.999682
0.999825
0.999901
0.999946
0.99997
0.999975
0.999972
0.999947
0.99982
0.999493
0.999192
0.998962
0.998819
0.998768
0.998757
0.993093
0.993594
0.993912
0.9947
0.996276
0.997754
0.998727
0.999232
0.999457
0.999542
0.999549
0.999498
0.999268
0.998916
0.998725
0.998648
0.998617
0.998623
0.998652
0.998681
0.998694
0.998696
0.998692
0.998691
0.998692
0.998697
0.998703
0.998703
0.9987
0.998685
0.998639
0.99859
0.998586
0.99861
0.998728
0.99885
0.998855
0.998768
0.998517
0.998458
0.998501
0.998789
0.999389
0.99975
0.999912
0.999973
0.999993
0.999998
1
1
1
1
1
1
0.999997
0.999961
0.999591
0.997905
0.996944
0.996265
0.993977
0.991104
0.990678
0.991804
0.996376
0.998521
0.998904
0.998946
0.998911
0.998811
0.998529
0.998054
0.997842
0.997753
0.997787
0.997984
0.998433
0.998788
0.998849
0.998762
0.998658
0.998654
0.998734
0.998845
0.998949
0.999027
0.999094
0.999127
0.999142
0.999145
0.999154
0.999224
0.999343
0.999437
0.999451
0.999447
0.999436
0.999424
0.99942
0.99941
0.999379
0.999299
0.999105
0.998847
0.998753
0.998695
0.998636
0.998597
0.998576
0.998565
0.998559
0.998561
0.998586
0.998643
0.998662
0.998659
0.998634
0.998543
0.998364
0.998231
0.998168
0.998154
0.99818
0.998276
0.998639
0.999238
0.999625
0.999836
0.999936
0.999978
0.999993
0.999998
0.999999
0.999999
0.999998
0.999993
0.999974
0.999886
0.999447
0.998303
0.997695
0.997556
0.99754
0.997492
0.997212
0.996964
0.996704
0.996341
0.996062
0.995953
0.995908
0.995783
0.995558
0.995416
0.995355
0.99533
0.995329
0.995359
0.995468
0.995763
0.996366
0.997244
0.998159
0.998883
0.999369
0.999663
0.999827
0.999912
0.999954
0.999976
0.999985
0.999985
0.99998
0.999942
0.99976
0.999402
0.999139
0.998987
0.998933
0.998922
0.993189
0.99345
0.993825
0.994427
0.995901
0.997459
0.99851
0.999107
0.999393
0.999514
0.999538
0.99952
0.999404
0.999057
0.998799
0.998673
0.998624
0.998602
0.998608
0.99863
0.998667
0.998683
0.998688
0.99869
0.998692
0.998694
0.998693
0.998687
0.998671
0.998624
0.998576
0.998571
0.99858
0.998637
0.998825
0.998905
0.998871
0.998663
0.998486
0.998467
0.998566
0.999004
0.99955
0.999833
0.999946
0.999984
0.999996
0.999999
1
1
1
1
1
1
1
0.999993
0.999915
0.999118
0.99752
0.996846
0.995653
0.99228
0.990914
0.99118
0.994209
0.997866
0.998804
0.998963
0.998962
0.998909
0.998725
0.998199
0.997886
0.997755
0.997694
0.997737
0.997899
0.998184
0.998298
0.998239
0.998087
0.997963
0.997925
0.997964
0.99808
0.998273
0.99853
0.99878
0.998937
0.999037
0.99908
0.999102
0.999081
0.999103
0.999177
0.999225
0.999291
0.999335
0.999321
0.999255
0.999115
0.998924
0.998798
0.998749
0.998732
0.998702
0.998671
0.998644
0.998626
0.998609
0.998586
0.998565
0.998555
0.998578
0.998632
0.998653
0.998651
0.998628
0.998556
0.99844
0.998329
0.998247
0.998219
0.998241
0.998361
0.998798
0.999371
0.99971
0.999882
0.999957
0.999986
0.999996
0.999999
0.999999
0.999999
0.999996
0.999984
0.999924
0.999619
0.998546
0.997774
0.997559
0.997526
0.997482
0.99728
0.997
0.996655
0.996248
0.995974
0.995865
0.995799
0.995646
0.99547
0.995379
0.995334
0.995308
0.995298
0.995306
0.99536
0.995529
0.996001
0.996888
0.997891
0.998732
0.999299
0.999635
0.99982
0.999915
0.99996
0.999981
0.99999
0.999993
0.999992
0.999983
0.999936
0.999722
0.999372
0.999157
0.999073
0.999054
0.993813
0.993545
0.993657
0.994002
0.995069
0.996896
0.998099
0.998859
0.999264
0.999454
0.999516
0.999516
0.999482
0.99934
0.998988
0.998767
0.998663
0.998615
0.998594
0.998591
0.998597
0.998613
0.99863
0.998646
0.998648
0.998645
0.998635
0.998614
0.998578
0.998559
0.998558
0.998567
0.998613
0.998781
0.998948
0.998943
0.998842
0.998562
0.998481
0.998534
0.99881
0.999457
0.999798
0.999928
0.999975
0.999992
0.999998
0.999999
1
1
1
1
1
1
1
0.999999
0.999983
0.999788
0.998451
0.997322
0.99656
0.99412
0.99146
0.991237
0.99232
0.996413
0.998464
0.998919
0.998992
0.998974
0.998878
0.99854
0.998019
0.997794
0.997694
0.997648
0.997671
0.997766
0.997863
0.997844
0.997752
0.997595
0.997492
0.997447
0.997449
0.997482
0.997565
0.997738
0.998003
0.998408
0.998744
0.998908
0.998985
0.998998
0.999005
0.998977
0.99892
0.998897
0.998839
0.9988
0.998772
0.998752
0.99874
0.998739
0.998743
0.998752
0.99875
0.998741
0.998736
0.998722
0.99868
0.998614
0.99856
0.998535
0.998559
0.998607
0.998627
0.998624
0.998587
0.998513
0.99846
0.998411
0.99835
0.998318
0.998349
0.998538
0.999076
0.999543
0.999802
0.999925
0.999974
0.999992
0.999998
0.999999
0.999999
0.999998
0.99999
0.999952
0.999747
0.998837
0.997893
0.997576
0.997518
0.997479
0.997353
0.997053
0.996615
0.996183
0.995914
0.995808
0.995734
0.995586
0.995456
0.995381
0.995337
0.995305
0.995287
0.995286
0.995315
0.995433
0.995745
0.99655
0.997623
0.998572
0.999227
0.99961
0.999813
0.999914
0.999962
0.999984
0.999993
0.999996
0.999996
0.999995
0.999985
0.999933
0.999706
0.999401
0.999259
0.999218
0.995005
0.993732
0.993697
0.993796
0.994265
0.995793
0.997486
0.998458
0.99903
0.999337
0.999467
0.999502
0.999497
0.999458
0.999335
0.999031
0.998799
0.998684
0.998623
0.998599
0.998587
0.99858
0.998577
0.998574
0.99857
0.998563
0.998553
0.998546
0.998546
0.998551
0.99857
0.998628
0.9988
0.999006
0.999011
0.998951
0.998677
0.998491
0.998519
0.998732
0.999357
0.999775
0.999926
0.999977
0.999993
0.999998
0.999999
1
1
1
1
1
1
1
1
1
0.999996
0.99995
0.999439
0.997891
0.997145
0.995832
0.992535
0.991422
0.991686
0.994221
0.997709
0.998748
0.998973
0.999008
0.998976
0.998822
0.998352
0.997919
0.997731
0.997649
0.997604
0.997595
0.997613
0.997602
0.997541
0.997414
0.997307
0.997238
0.997204
0.997195
0.997202
0.99723
0.997294
0.997421
0.997646
0.998066
0.998465
0.998698
0.998822
0.998874
0.998878
0.998873
0.998847
0.998811
0.998787
0.998777
0.998783
0.998799
0.998834
0.998867
0.99889
0.998905
0.998914
0.998911
0.998869
0.998743
0.998615
0.998532
0.998496
0.998518
0.998558
0.998573
0.998567
0.998521
0.998477
0.998461
0.998456
0.998447
0.99845
0.998528
0.998878
0.999371
0.999706
0.999881
0.999958
0.999987
0.999996
0.999999
0.999999
0.999999
0.999994
0.99997
0.999836
0.999145
0.998057
0.997615
0.997515
0.997478
0.99739
0.997133
0.996628
0.996151
0.995875
0.995766
0.9957
0.995576
0.995461
0.995394
0.995351
0.995312
0.995284
0.995277
0.995294
0.995386
0.995636
0.996283
0.997375
0.998413
0.999154
0.999587
0.999809
0.999915
0.999963
0.999985
0.999994
0.999997
0.999998
0.999998
0.999996
0.999986
0.999934
0.999725
0.999524
0.999445
0.994777
0.994032
0.993804
0.993811
0.993959
0.994596
0.996367
0.997864
0.998662
0.999124
0.999363
0.999463
0.999487
0.999481
0.999451
0.999365
0.999175
0.998914
0.998759
0.998675
0.998629
0.998604
0.998587
0.99858
0.998571
0.998561
0.998562
0.998567
0.998585
0.998626
0.998715
0.998926
0.999088
0.999085
0.999028
0.998765
0.998433
0.998444
0.998623
0.999235
0.999731
0.999912
0.999973
0.999992
0.999998
0.999999
1
1
1
1
1
1
1
1
1
1
0.999999
0.999988
0.999848
0.998758
0.997597
0.996768
0.994273
0.991911
0.991756
0.992657
0.996136
0.998304
0.998883
0.999004
0.999006
0.998953
0.998738
0.998228
0.997851
0.997685
0.997608
0.997561
0.997525
0.997492
0.997435
0.997345
0.997256
0.997185
0.997135
0.997108
0.997097
0.997097
0.997106
0.997132
0.997192
0.997297
0.997491
0.997861
0.998208
0.998462
0.998625
0.998718
0.99877
0.998797
0.998809
0.998824
0.998857
0.998906
0.998954
0.998991
0.999015
0.999029
0.999035
0.999034
0.999023
0.998949
0.998747
0.998575
0.998476
0.998433
0.998445
0.998474
0.998487
0.998485
0.998466
0.998461
0.998469
0.998527
0.998581
0.998641
0.998854
0.999263
0.999613
0.99983
0.999936
0.999979
0.999994
0.999998
0.999999
0.999999
0.999997
0.999982
0.999896
0.999435
0.998272
0.997681
0.997522
0.997479
0.99741
0.997209
0.996675
0.99616
0.995855
0.995737
0.99568
0.995579
0.995481
0.995425
0.995386
0.995334
0.995286
0.995271
0.995282
0.995363
0.99559
0.996097
0.997158
0.998258
0.999076
0.99956
0.999806
0.999918
0.999966
0.999986
0.999994
0.999998
0.999999
0.999999
0.999999
0.999997
0.999988
0.99994
0.999804
0.999699
0.99401
0.993858
0.993851
0.993852
0.993904
0.994156
0.994944
0.996789
0.998064
0.99876
0.999161
0.999366
0.99945
0.999471
0.999467
0.999451
0.999402
0.999313
0.999147
0.998977
0.998838
0.998751
0.998703
0.998671
0.998656
0.99866
0.998676
0.998713
0.998793
0.998934
0.999122
0.999184
0.999167
0.999086
0.998796
0.99832
0.998308
0.998456
0.999042
0.999664
0.999893
0.999968
0.999991
0.999998
0.999999
1
1
1
1
1
1
1
1
1
1
1
1
0.999997
0.999958
0.999553
0.998119
0.997349
0.995915
0.992882
0.991946
0.99216
0.994083
0.997468
0.998647
0.998962
0.999021
0.999008
0.998919
0.998639
0.998149
0.997805
0.997648
0.997569
0.997517
0.997467
0.99741
0.997337
0.997256
0.997185
0.997131
0.997096
0.997076
0.997068
0.997068
0.997072
0.997089
0.997145
0.997216
0.997302
0.997483
0.997763
0.998064
0.998322
0.998505
0.998632
0.998722
0.998794
0.99886
0.998923
0.998977
0.999015
0.999038
0.99905
0.999056
0.999057
0.999054
0.999038
0.998942
0.998687
0.998503
0.998407
0.99836
0.99835
0.998359
0.998376
0.998399
0.998422
0.998453
0.998552
0.998713
0.998799
0.998942
0.999244
0.999549
0.999782
0.999911
0.999969
0.99999
0.999997
0.999999
0.999999
0.999998
0.999989
0.999937
0.999645
0.998573
0.997786
0.99754
0.997481
0.997424
0.997269
0.996766
0.996191
0.995862
0.995711
0.995661
0.995578
0.995504
0.995465
0.995428
0.995359
0.995293
0.99527
0.995278
0.995354
0.995576
0.996001
0.996973
0.998124
0.999007
0.999533
0.9998
0.99992
0.999969
0.999988
0.999995
0.999998
0.999999
1
1
0.999999
0.999998
0.999989
0.999953
0.999895
0.994119
0.993838
0.993743
0.993815
0.993863
0.993996
0.994369
0.99534
0.997105
0.998209
0.99882
0.999168
0.999349
0.999428
0.999455
0.999454
0.999448
0.99943
0.999386
0.999319
0.999245
0.999148
0.999082
0.999017
0.999013
0.999026
0.999061
0.999138
0.999232
0.999278
0.999271
0.999234
0.999102
0.998718
0.998152
0.998127
0.998263
0.998831
0.999588
0.999869
0.999962
0.99999
0.999997
0.999999
1
1
1
1
1
1
1
1
1
1
1
1
1
0.999999
0.999988
0.999863
0.99889
0.997766
0.996903
0.994451
0.992388
0.992235
0.992949
0.995907
0.998126
0.998829
0.999003
0.999035
0.999009
0.998885
0.998533
0.998107
0.997775
0.997619
0.997532
0.997472
0.997413
0.997342
0.997265
0.997194
0.997138
0.9971
0.997077
0.997066
0.997063
0.997063
0.997069
0.997089
0.997158
0.997251
0.997326
0.997431
0.997581
0.997781
0.998029
0.998276
0.99848
0.998648
0.998785
0.998889
0.998961
0.999007
0.999034
0.999049
0.999057
0.999059
0.999058
0.999052
0.999023
0.998863
0.998589
0.998427
0.998349
0.998314
0.998303
0.998303
0.998312
0.998345
0.998405
0.99855
0.998857
0.999004
0.999098
0.999279
0.999528
0.999746
0.999888
0.999958
0.999986
0.999996
0.999999
0.999999
0.999999
0.999994
0.999962
0.999783
0.998929
0.997946
0.997578
0.997487
0.997436
0.997316
0.996892
0.996255
0.995882
0.995705
0.99564
0.995575
0.995513
0.995481
0.995449
0.995374
0.995297
0.99527
0.995276
0.995353
0.995583
0.995975
0.996839
0.99801
0.998949
0.999514
0.999796
0.99992
0.99997
0.99999
0.999996
0.999999
1
1
1
1
1
0.999998
0.99999
0.999968
0.994375
0.993906
0.993806
0.993842
0.993867
0.993939
0.994134
0.994611
0.995758
0.997218
0.998212
0.998786
0.999121
0.999303
0.999394
0.999431
0.999442
0.999441
0.999436
0.999424
0.999408
0.999376
0.999353
0.999327
0.999326
0.999331
0.999347
0.999354
0.999349
0.999327
0.999256
0.999041
0.998453
0.997928
0.997924
0.998072
0.998671
0.99953
0.999851
0.999956
0.999988
0.999997
0.999999
1
1
1
1
1
1
1
1
1
1
1
1
1
1
1
0.999996
0.999956
0.999573
0.998218
0.997466
0.995965
0.993267
0.992436
0.992607
0.993976
0.997199
0.998533
0.998934
0.999031
0.999035
0.998993
0.998831
0.99846
0.998087
0.99776
0.997595
0.9975
0.997428
0.997357
0.997287
0.99722
0.997161
0.997115
0.997086
0.99707
0.997065
0.997065
0.997069
0.99708
0.997115
0.997222
0.997343
0.997427
0.997509
0.997603
0.997709
0.997862
0.998102
0.998369
0.998596
0.998771
0.998889
0.998961
0.999005
0.999032
0.999048
0.999055
0.999056
0.999053
0.999037
0.998968
0.998717
0.998492
0.998371
0.998316
0.998298
0.998295
0.998299
0.998322
0.998389
0.998544
0.998936
0.999206
0.999284
0.999363
0.999536
0.999727
0.999869
0.999947
0.999982
0.999994
0.999998
0.999999
0.999999
0.999997
0.999978
0.999871
0.999291
0.998164
0.997648
0.997501
0.997448
0.997351
0.997041
0.996367
0.995925
0.995715
0.995623
0.995569
0.995513
0.995484
0.995452
0.99537
0.995294
0.99527
0.995277
0.995369
0.99565
0.995986
0.996743
0.997928
0.998909
0.999505
0.999796
0.999922
0.999972
0.99999
0.999997
0.999999
1
1
1
1
1
1
0.999998
0.999991
0.994444
0.994144
0.994042
0.993922
0.993885
0.993933
0.994043
0.994292
0.994815
0.99591
0.997059
0.998037
0.998628
0.99899
0.999205
0.999326
0.999388
0.999416
0.999428
0.999428
0.999427
0.999423
0.999419
0.999412
0.999409
0.999405
0.999398
0.999381
0.999336
0.999196
0.998842
0.998008
0.997689
0.997709
0.997914
0.998644
0.999522
0.999848
0.999955
0.999988
0.999997
0.999999
1
1
1
1
1
1
1
1
1
1
1
1
1
1
1
1
0.999999
0.999985
0.999851
0.998897
0.997849
0.99698
0.99464
0.992846
0.99268
0.993199
0.995659
0.997948
0.998761
0.998998
0.999048
0.999039
0.998973
0.998757
0.998412
0.998084
0.997768
0.997584
0.997475
0.997392
0.997318
0.997252
0.997196
0.997148
0.997109
0.997084
0.997075
0.997075
0.997078
0.997088
0.997117
0.997204
0.997353
0.997474
0.997556
0.997615
0.997676
0.997743
0.997835
0.998025
0.998314
0.998569
0.998755
0.998876
0.998951
0.998998
0.999028
0.999044
0.999049
0.999049
0.999039
0.998991
0.998808
0.998573
0.998424
0.998345
0.998311
0.998303
0.998305
0.998325
0.998402
0.998581
0.998964
0.999316
0.99946
0.999499
0.999572
0.999725
0.999857
0.999938
0.999977
0.999993
0.999998
0.999999
0.999999
0.999998
0.999988
0.999925
0.999584
0.998475
0.99776
0.997528
0.997461
0.997381
0.997162
0.996537
0.996013
0.995744
0.995628
0.995554
0.995506
0.99548
0.99544
0.995351
0.995289
0.995274
0.995284
0.995384
0.995728
0.996043
0.996712
0.997878
0.998888
0.999501
0.999801
0.999926
0.999974
0.999991
0.999997
0.999999
1
1
1
1
1
1
1
0.999998
0.994635
0.994612
0.994684
0.994366
0.994032
0.99395
0.994012
0.994137
0.994404
0.994875
0.995746
0.996578
0.997579
0.998255
0.998705
0.998998
0.999177
0.999285
0.999347
0.999379
0.999397
0.999404
0.999403
0.999402
0.999396
0.999383
0.999348
0.999255
0.99901
0.998325
0.997631
0.997504
0.997569
0.997881
0.998816
0.999587
0.999868
0.999961
0.999989
0.999997
0.999999
1
1
1
1
1
1
1
1
1
1
1
1
1
1
1
1
1
1
0.999995
0.999945
0.999524
0.998217
0.99751
0.996019
0.993636
0.992876
0.993008
0.994068
0.996881
0.998404
0.998901
0.999035
0.999063
0.999044
0.998949
0.998674
0.998383
0.998097
0.997808
0.997593
0.997467
0.997374
0.997298
0.997235
0.997186
0.997144
0.997112
0.997099
0.9971
0.997104
0.997119
0.997152
0.997246
0.997396
0.997527
0.997622
0.997682
0.997721
0.997757
0.997803
0.997868
0.998027
0.998335
0.998598
0.998782
0.998897
0.998967
0.999008
0.99903
0.999039
0.99904
0.999034
0.998996
0.998838
0.998629
0.998484
0.998398
0.998355
0.99834
0.998339
0.998361
0.99848
0.998714
0.999018
0.999368
0.99958
0.999637
0.99966
0.999732
0.999851
0.999932
0.999973
0.999991
0.999997
0.999999
0.999999
0.999999
0.999993
0.999958
0.999762
0.998881
0.997938
0.997578
0.997477
0.997407
0.997251
0.996759
0.996142
0.995801
0.995644
0.995555
0.995494
0.995462
0.995407
0.995334
0.99529
0.995285
0.995301
0.995421
0.995819
0.996131
0.996716
0.997861
0.998879
0.999508
0.99981
0.999933
0.999978
0.999993
0.999998
0.999999
1
1
1
1
1
1
1
0.999999
0.995131
0.996067
0.9965
0.996566
0.996385
0.994566
0.994025
0.994073
0.994186
0.994331
0.99465
0.995107
0.995636
0.996332
0.997256
0.998008
0.998497
0.998815
0.99902
0.99914
0.999218
0.999267
0.999275
0.999268
0.999241
0.999168
0.998985
0.998525
0.997602
0.997306
0.997333
0.997539
0.99815
0.999232
0.999718
0.999906
0.999971
0.999992
0.999998
0.999999
1
1
1
1
1
1
1
1
1
1
1
1
1
1
1
1
1
1
1
0.999998
0.999979
0.999813
0.998795
0.997858
0.997002
0.994817
0.993259
0.993084
0.993469
0.995454
0.99773
0.998684
0.998983
0.99906
0.999064
0.999033
0.998908
0.998601
0.998357
0.998107
0.997863
0.997648
0.997493
0.997386
0.997304
0.997246
0.9972
0.997161
0.997147
0.99715
0.997162
0.997197
0.997254
0.997354
0.997485
0.997608
0.997699
0.997756
0.997788
0.997806
0.997824
0.997857
0.997922
0.998131
0.998461
0.998711
0.998871
0.998957
0.998999
0.999021
0.99903
0.999031
0.999026
0.998993
0.998844
0.998657
0.998534
0.998463
0.998425
0.998413
0.998415
0.998448
0.998625
0.998901
0.999139
0.999419
0.999644
0.999736
0.999754
0.999773
0.999847
0.999927
0.99997
0.999989
0.999997
0.999999
1
0.999999
0.999996
0.999976
0.999867
0.999295
0.998195
0.997671
0.997504
0.997436
0.997318
0.996977
0.996355
0.995911
0.995687
0.995567
0.995497
0.995458
0.995401
0.995335
0.995305
0.995306
0.995333
0.995498
0.995959
0.996259
0.996764
0.997867
0.998891
0.99952
0.999818
0.999937
0.99998
0.999994
0.999998
0.999999
1
1
1
1
1
1
1
1
0.994892
0.995223
0.995456
0.996754
0.999098
0.998635
0.995475
0.994506
0.994309
0.994337
0.994396
0.994509
0.994639
0.994902
0.995169
0.995665
0.996319
0.99704
0.997684
0.998125
0.998432
0.998629
0.998651
0.998617
0.998476
0.99817
0.997321
0.996928
0.996964
0.99719
0.997807
0.998967
0.999575
0.999839
0.999944
0.999982
0.999995
0.999999
1
1
1
1
1
1
1
1
1
1
1
1
1
1
1
1
1
1
1
1
1
0.999999
0.999992
0.999922
0.999393
0.998141
0.997492
0.996035
0.99397
0.993277
0.993382
0.994241
0.996693
0.99827
0.998857
0.999035
0.999077
0.99907
0.99902
0.998866
0.998543
0.998334
0.998132
0.997922
0.997738
0.997584
0.997453
0.997371
0.997319
0.997267
0.997259
0.997268
0.997301
0.997371
0.99742
0.997487
0.997597
0.99771
0.99779
0.997831
0.99785
0.997859
0.997865
0.997876
0.99791
0.998039
0.998387
0.998678
0.998859
0.998954
0.998997
0.999016
0.999023
0.999024
0.999018
0.998983
0.998836
0.99867
0.998576
0.99853
0.998513
0.998514
0.998531
0.998594
0.998806
0.999092
0.999295
0.999495
0.999686
0.999793
0.999822
0.99983
0.999856
0.999924
0.999968
0.999988
0.999996
0.999999
1
0.999999
0.999998
0.999987
0.999927
0.999616
0.998567
0.997818
0.997549
0.997462
0.997372
0.997164
0.996603
0.996092
0.995784
0.995607
0.995515
0.995467
0.995404
0.995345
0.995331
0.995338
0.995387
0.995622
0.996118
0.996401
0.996847
0.997904
0.998926
0.999545
0.999833
0.999945
0.999983
0.999995
0.999999
1
1
1
1
1
1
1
1
1
0.999776
0.999796
0.999667
0.999314
0.999193
0.999209
0.999447
0.999661
0.999493
0.998685
0.9977
0.997354
0.997064
0.996248
0.995576
0.995471
0.995507
0.995615
0.99584
0.996045
0.996434
0.996693
0.996708
0.996643
0.99639
0.996298
0.996357
0.996636
0.997454
0.998772
0.999462
0.999778
0.999915
0.999969
0.99999
0.999997
0.999999
1
1
1
1
1
1
1
1
1
1
1
1
1
1
1
1
1
1
1
1
1
1
1
0.999997
0.999967
0.999743
0.998623
0.997816
0.996988
0.994998
0.993647
0.99347
0.993764
0.995277
0.997539
0.998589
0.998959
0.999065
0.999091
0.999078
0.999013
0.998822
0.998522
0.998336
0.998166
0.998005
0.997859
0.997716
0.997611
0.997525
0.997458
0.997449
0.997459
0.997494
0.997558
0.997603
0.997641
0.997719
0.997816
0.997882
0.997908
0.99791
0.997902
0.997896
0.997897
0.997916
0.998017
0.998352
0.998666
0.998856
0.998954
0.998997
0.999013
0.999017
0.999016
0.999007
0.998959
0.998803
0.998678
0.998622
0.998607
0.998613
0.998638
0.998708
0.998845
0.999074
0.999296
0.999455
0.99959
0.999729
0.99983
0.999868
0.999876
0.999885
0.999923
0.999966
0.999987
0.999996
0.999999
1
1
0.999999
0.999993
0.999962
0.999804
0.999077
0.998083
0.997641
0.997495
0.997423
0.997289
0.996951
0.996355
0.99595
0.995704
0.995571
0.995503
0.995424
0.995381
0.995382
0.995406
0.995498
0.995853
0.996328
0.996579
0.99697
0.99797
0.998981
0.999578
0.999849
0.999952
0.999986
0.999996
0.999999
1
1
1
1
1
0.999999
0.999999
0.999999
0.999999
0.999999
0.999998
0.999997
0.999994
0.999986
0.999979
0.999978
0.999981
0.999976
0.999943
0.999837
0.999722
0.999641
0.999482
0.99912
0.998593
0.997579
0.996666
0.996201
0.996073
0.996066
0.996076
0.996093
0.99614
0.996266
0.996595
0.997495
0.998681
0.999379
0.999729
0.999889
0.999958
0.999985
0.999995
0.999998
1
1
1
1
1
1
1
1
1
1
1
1
1
1
1
1
1
1
1
1
1
1
1
1
1
0.999999
0.999986
0.999892
0.999252
0.998069
0.997477
0.996167
0.994395
0.993708
0.993781
0.994377
0.996364
0.998043
0.998769
0.999015
0.999086
0.999099
0.999081
0.999005
0.998811
0.998527
0.998347
0.998211
0.998095
0.997989
0.997895
0.997786
0.997684
0.997652
0.997656
0.99768
0.997735
0.997776
0.997802
0.997848
0.997916
0.997964
0.997979
0.997976
0.997941
0.997918
0.997917
0.997932
0.998019
0.998344
0.998668
0.998869
0.998967
0.999003
0.999012
0.999012
0.999009
0.998991
0.998912
0.998771
0.998694
0.998681
0.998688
0.998721
0.998816
0.999025
0.999217
0.999372
0.999518
0.999624
0.999701
0.999784
0.99986
0.9999
0.999911
0.999916
0.999933
0.999966
0.999986
0.999995
0.999999
1
1
0.999999
0.999997
0.999981
0.999906
0.999567
0.998537
0.997834
0.997563
0.997465
0.997384
0.997214
0.996824
0.996313
0.995929
0.995727
0.995607
0.995504
0.995487
0.995504
0.995564
0.995731
0.996205
0.996574
0.996772
0.997121
0.998078
0.999066
0.999625
0.99987
0.999959
0.999988
0.999997
0.999999
1
1
1
1
0.999999
0.999998
0.999997
0.999997
0.999997
1
1
1
1
1
1
1
1
1
0.999998
0.999994
0.999984
0.999975
0.999958
0.999924
0.999854
0.999717
0.999463
0.999001
0.998375
0.997871
0.997727
0.997761
0.997908
0.998326
0.998964
0.999446
0.999736
0.999886
0.999955
0.999983
0.999994
0.999998
0.999999
1
1
1
1
1
1
1
1
1
1
1
1
1
1
1
1
1
1
1
1
1
1
1
1
1
1
0.999999
0.999995
0.999955
0.9997
0.998553
0.997771
0.997079
0.995491
0.994184
0.993909
0.994103
0.994963
0.997086
0.998355
0.998871
0.999049
0.9991
0.999105
0.999086
0.999012
0.998833
0.998563
0.998379
0.998257
0.998175
0.998112
0.998023
0.997915
0.997854
0.997848
0.997858
0.997895
0.997926
0.997943
0.997963
0.998003
0.998032
0.998038
0.998027
0.997971
0.997939
0.997938
0.997956
0.998056
0.998396
0.998727
0.998917
0.998995
0.999014
0.999014
0.99901
0.999
0.998966
0.998857
0.99876
0.998736
0.99874
0.998769
0.998868
0.999123
0.999403
0.99957
0.999649
0.999715
0.999774
0.99981
0.999848
0.999892
0.999923
0.999935
0.999938
0.999946
0.999969
0.999986
0.999995
0.999998
1
1
1
0.999998
0.999991
0.999955
0.999803
0.99919
0.998208
0.997716
0.997524
0.997437
0.997355
0.997187
0.996837
0.996425
0.996128
0.995888
0.99575
0.995752
0.995795
0.995905
0.99618
0.996594
0.996809
0.996957
0.997277
0.998235
0.999183
0.999689
0.999899
0.999971
0.999992
0.999998
1
1
1
1
0.999999
0.999998
0.999993
0.999991
0.999992
0.999993
1
1
1
1
1
1
1
1
1
1
1
1
0.999999
0.999998
0.999995
0.999989
0.999976
0.999948
0.999902
0.999804
0.999656
0.999625
0.999635
0.999682
0.999786
0.999878
0.999939
0.999973
0.999989
0.999996
0.999999
1
1
1
1
1
1
1
1
1
1
1
1
1
1
1
1
1
1
1
1
1
1
1
1
1
1
1
1
1
1
0.999998
0.999982
0.999879
0.999252
0.998044
0.997531
0.996539
0.995079
0.994233
0.994207
0.99449
0.995667
0.997542
0.998531
0.998931
0.999072
0.999114
0.999116
0.999099
0.999035
0.998892
0.998628
0.998437
0.998331
0.998261
0.998183
0.998088
0.998017
0.997998
0.998002
0.998022
0.998039
0.998047
0.998055
0.998074
0.998088
0.998087
0.998055
0.997985
0.997962
0.997964
0.997998
0.998161
0.998554
0.998839
0.998979
0.999019
0.999019
0.999015
0.999005
0.998985
0.998919
0.998824
0.998783
0.998783
0.998803
0.998887
0.999135
0.999465
0.999679
0.999786
0.999834
0.99986
0.999883
0.999897
0.999907
0.999926
0.999944
0.999952
0.999955
0.999959
0.999972
0.999987
0.999995
0.999998
0.999999
1
1
0.999999
0.999995
0.999979
0.999909
0.999647
0.998846
0.998043
0.997666
0.997506
0.997414
0.997338
0.997185
0.996932
0.996759
0.99651
0.99633
0.996324
0.996359
0.996451
0.996684
0.996899
0.996996
0.997115
0.997444
0.998446
0.999317
0.99975
0.999922
0.999978
0.999995
0.999999
1
1
1
0.999999
0.999997
0.999992
0.99998
0.999978
0.999979
0.999982
1
1
1
1
1
1
1
1
1
1
1
1
1
1
1
0.999999
0.999999
0.999997
0.999993
0.999985
0.999972
0.999971
0.999972
0.999978
0.999986
0.999993
0.999997
0.999999
0.999999
1
1
1
1
1
1
1
1
1
1
1
1
1
1
1
1
1
1
1
1
1
1
1
1
1
1
1
1
1
1
1
1
0.999999
0.999993
0.999952
0.999713
0.998625
0.997756
0.997237
0.996129
0.994967
0.99447
0.994542
0.994966
0.996282
0.997846
0.998642
0.998969
0.999088
0.999126
0.999132
0.999118
0.99907
0.998961
0.998726
0.998536
0.998433
0.998346
0.998241
0.99815
0.998111
0.99811
0.998121
0.998134
0.998133
0.998134
0.998138
0.99814
0.998128
0.998063
0.998003
0.997993
0.998004
0.998074
0.998352
0.998727
0.998945
0.999027
0.999032
0.999022
0.999008
0.998992
0.998958
0.998871
0.998815
0.99881
0.998823
0.998889
0.999099
0.999475
0.999705
0.999823
0.999883
0.999913
0.999926
0.999935
0.999943
0.999947
0.999953
0.999961
0.999966
0.999967
0.99997
0.999978
0.999989
0.999995
0.999998
0.999999
1
1
1
0.999998
0.99999
0.999957
0.999836
0.999408
0.998642
0.998018
0.997675
0.997506
0.997435
0.997326
0.99717
0.997097
0.996994
0.996858
0.996832
0.996848
0.9969
0.997027
0.997099
0.997145
0.997248
0.99764
0.998707
0.999461
0.999812
0.999944
0.999985
0.999996
0.999999
1
1
0.999999
0.999997
0.999992
0.999977
0.999955
0.999951
0.999953
0.99996
1
1
1
1
1
1
1
1
1
1
1
1
1
1
1
1
1
1
1
0.999999
0.999999
0.999999
0.999999
0.999999
1
1
1
1
1
1
1
1
1
1
1
1
1
1
1
1
1
1
1
1
1
1
1
1
1
1
1
1
1
1
1
1
1
1
1
1
1
1
0.999998
0.999982
0.999888
0.99938
0.998105
0.997551
0.996956
0.995877
0.995028
0.994747
0.994881
0.99536
0.99665
0.998034
0.998705
0.998989
0.9991
0.999136
0.999148
0.999139
0.999107
0.999027
0.998852
0.998675
0.998546
0.99843
0.998322
0.998259
0.998245
0.998249
0.998249
0.998228
0.998209
0.998203
0.998193
0.99815
0.998067
0.998039
0.998042
0.99808
0.998233
0.998626
0.998917
0.999042
0.999058
0.999042
0.999012
0.998994
0.998968
0.998903
0.998849
0.998832
0.99884
0.998888
0.999048
0.999442
0.999696
0.999829
0.999899
0.999934
0.999952
0.999959
0.999961
0.999964
0.999967
0.999971
0.999974
0.999976
0.999976
0.999978
0.999982
0.999991
0.999996
0.999998
0.999999
1
1
1
0.999999
0.999995
0.99998
0.999924
0.999737
0.999189
0.998583
0.998075
0.997753
0.997616
0.997494
0.997352
0.997282
0.997244
0.997175
0.997148
0.997154
0.997175
0.997198
0.99721
0.997237
0.997356
0.997943
0.999011
0.999619
0.999877
0.999966
0.999992
0.999998
1
1
0.999999
0.999998
0.999992
0.999977
0.999944
0.999918
0.999914
0.999916
0.999924
1
1
1
1
1
1
1
1
1
1
1
1
1
1
1
1
1
1
1
1
1
1
1
1
1
1
1
1
1
1
1
1
1
1
1
1
1
1
1
1
1
1
1
1
1
1
1
1
1
1
1
1
1
1
1
1
1
1
1
1
1
1
0.999999
0.999994
0.999959
0.999767
0.998859
0.997794
0.997319
0.996738
0.995837
0.995191
0.995059
0.995216
0.995688
0.996866
0.998131
0.998729
0.998995
0.999106
0.999143
0.99916
0.999157
0.999139
0.999088
0.998989
0.998831
0.99866
0.998519
0.998435
0.998409
0.998399
0.998366
0.998306
0.998272
0.998257
0.998231
0.998156
0.998109
0.998109
0.998134
0.99824
0.998577
0.998926
0.999073
0.999096
0.999077
0.999025
0.998994
0.998968
0.998916
0.998875
0.998852
0.998858
0.998894
0.999022
0.99938
0.999674
0.999828
0.999907
0.999946
0.999965
0.999975
0.999977
0.999977
0.999976
0.999977
0.99998
0.999982
0.999983
0.999983
0.999984
0.999986
0.999992
0.999997
0.999999
1
1
1
1
0.999999
0.999998
0.999991
0.999966
0.999885
0.999629
0.999049
0.998526
0.998164
0.99795
0.997776
0.997609
0.997504
0.997445
0.997396
0.997372
0.997343
0.997299
0.997273
0.997272
0.997302
0.997522
0.998423
0.999329
0.999762
0.999929
0.999981
0.999996
0.999999
1
1
0.999999
0.999994
0.999978
0.999937
0.999904
0.999888
0.999886
0.999888
0.999894
1
1
1
1
1
1
1
1
1
1
1
1
1
1
1
1
1
1
1
1
1
1
1
1
1
1
1
1
1
1
1
1
1
1
1
1
1
1
1
1
1
1
1
1
1
1
1
1
1
1
1
1
1
1
1
1
1
1
1
1
1
1
1
0.999998
0.999986
0.999915
0.99956
0.998351
0.997555
0.997131
0.996624
0.995953
0.995466
0.995396
0.995545
0.99596
0.996948
0.998127
0.998707
0.998981
0.9991
0.999148
0.999167
0.999169
0.999162
0.999137
0.999082
0.998969
0.998786
0.998636
0.998563
0.998518
0.99844
0.998363
0.99833
0.99831
0.998255
0.99821
0.99821
0.998235
0.99833
0.99864
0.998984
0.999122
0.999145
0.999123
0.999051
0.998993
0.998963
0.998921
0.99889
0.998868
0.998873
0.998903
0.999009
0.999319
0.999653
0.999834
0.99992
0.999959
0.999976
0.999984
0.999988
0.999988
0.999988
0.999986
0.999985
0.999986
0.999988
0.999988
0.999988
0.999988
0.999989
0.999994
0.999997
0.999999
1
1
1
1
1
0.999999
0.999996
0.999985
0.999951
0.999846
0.999515
0.998947
0.998527
0.998241
0.998016
0.997829
0.997684
0.997574
0.997522
0.997481
0.997406
0.997331
0.9973
0.997308
0.997408
0.997948
0.999008
0.999611
0.999871
0.999963
0.999991
0.999998
1
1
0.999999
0.999996
0.999984
0.999943
0.999898
0.999878
0.999873
0.999873
0.999875
0.99988
1
1
1
1
1
1
1
1
1
1
1
1
1
1
1
1
1
1
1
1
1
1
1
1
1
1
1
1
1
1
1
1
1
1
1
1
1
1
1
1
1
1
1
1
1
1
1
1
1
1
1
1
1
1
1
1
1
1
1
1
1
1
1
0.999999
0.999995
0.999971
0.999845
0.999222
0.997996
0.997376
0.997009
0.996614
0.996181
0.995779
0.995723
0.99585
0.996181
0.996892
0.997988
0.998618
0.998931
0.999077
0.999143
0.999166
0.999174
0.999173
0.999163
0.999133
0.999048
0.998884
0.998783
0.998667
0.998533
0.998471
0.99843
0.998373
0.998358
0.998366
0.998402
0.99851
0.998823
0.999079
0.999187
0.999199
0.999177
0.999091
0.998998
0.998949
0.998918
0.9989
0.998883
0.998888
0.998914
0.999005
0.999267
0.999637
0.999836
0.999926
0.999965
0.999982
0.99999
0.999993
0.999994
0.999994
0.999994
0.999992
0.999991
0.999991
0.999991
0.999992
0.999991
0.999991
0.999992
0.999995
0.999998
0.999999
1
1
1
1
1
1
0.999998
0.999994
0.99998
0.999939
0.999822
0.99947
0.998934
0.998501
0.998162
0.997905
0.997723
0.997619
0.997552
0.997466
0.997373
0.997324
0.997326
0.997394
0.997741
0.998764
0.999491
0.99982
0.999944
0.999984
0.999996
0.999999
1
1
0.999998
0.999991
0.999959
0.999902
0.999873
0.999865
0.999866
0.999868
0.999871
0.999874
1
1
1
1
1
1
1
1
1
1
1
1
1
1
1
1
1
1
1
1
1
1
1
1
1
1
1
1
1
1
1
1
1
1
1
1
1
1
1
1
1
1
1
1
1
1
1
1
1
1
1
1
1
1
1
1
1
1
1
1
1
1
1
1
0.999999
0.999991
0.99995
0.999748
0.998854
0.997772
0.997238
0.996961
0.996684
0.996441
0.996113
0.996036
0.996135
0.996379
0.996801
0.997643
0.99841
0.998815
0.999018
0.999116
0.999157
0.999171
0.999172
0.999168
0.99915
0.999106
0.999
0.998858
0.998744
0.998644
0.9986
0.998601
0.998618
0.99867
0.998808
0.999042
0.999186
0.99925
0.99925
0.999227
0.999137
0.999003
0.998932
0.998902
0.998897
0.998893
0.9989
0.998928
0.999013
0.999237
0.999628
0.999832
0.999927
0.999968
0.999985
0.999993
0.999996
0.999997
0.999998
0.999997
0.999997
0.999996
0.999995
0.999994
0.999994
0.999994
0.999994
0.999994
0.999994
0.999996
0.999998
0.999999
1
1
1
1
1
1
0.999999
0.999998
0.999992
0.999977
0.999937
0.99983
0.999521
0.998918
0.998401
0.998027
0.997792
0.997639
0.997508
0.997404
0.997366
0.997375
0.997458
0.997794
0.99878
0.999479
0.999799
0.99993
0.999978
0.999994
0.999998
1
1
0.999999
0.999996
0.999978
0.999919
0.999872
0.999859
0.999859
0.999863
0.999868
0.999871
0.999872
1
1
1
1
1
1
1
1
1
1
1
1
1
1
1
1
1
1
1
1
1
1
1
1
1
1
1
1
1
1
1
1
1
1
1
1
1
1
1
1
1
1
1
1
1
1
1
1
1
1
1
1
1
1
1
1
1
1
1
1
1
1
1
1
1
0.999998
0.999985
0.999922
0.999634
0.998568
0.997627
0.997168
0.996965
0.996803
0.996663
0.996464
0.996342
0.99641
0.996569
0.996852
0.997292
0.998027
0.998589
0.998894
0.99905
0.999125
0.999155
0.99916
0.999157
0.999146
0.999117
0.999033
0.998923
0.998882
0.998883
0.998898
0.998943
0.999065
0.999188
0.999265
0.999291
0.999288
0.999264
0.99917
0.998998
0.99891
0.998883
0.998884
0.99889
0.998906
0.998944
0.999035
0.999245
0.999626
0.999828
0.999925
0.999969
0.999987
0.999994
0.999997
0.999999
0.999999
0.999999
0.999999
0.999999
0.999998
0.999997
0.999996
0.999996
0.999996
0.999996
0.999995
0.999996
0.999997
0.999998
0.999999
1
1
1
1
1
1
1
0.999999
0.999997
0.999992
0.99998
0.999948
0.999866
0.999623
0.999013
0.998436
0.998006
0.997713
0.997565
0.997538
0.997561
0.997691
0.998194
0.999095
0.999599
0.999836
0.999938
0.999978
0.999993
0.999998
0.999999
1
1
0.999999
0.999991
0.999949
0.99988
0.999855
0.999853
0.999857
0.999868
0.999872
0.999873
0.999873
1
1
1
1
1
1
1
1
1
1
1
1
1
1
1
1
1
1
1
1
1
1
1
1
1
1
1
1
1
1
1
1
1
1
1
1
1
1
1
1
1
1
1
1
1
1
1
1
1
1
1
1
1
1
1
1
1
1
1
1
1
1
1
1
1
0.999999
0.999996
0.999977
0.999888
0.999515
0.998366
0.997539
0.997159
0.996978
0.996913
0.996815
0.996753
0.996646
0.996666
0.996756
0.996928
0.997178
0.997645
0.998241
0.998689
0.998936
0.99906
0.999116
0.999134
0.999132
0.999123
0.999084
0.999047
0.999041
0.999045
0.999067
0.999141
0.999237
0.999292
0.999308
0.999306
0.999278
0.99917
0.99897
0.998888
0.998865
0.998869
0.99888
0.998906
0.998957
0.999062
0.999283
0.999631
0.999824
0.999922
0.999968
0.999987
0.999995
0.999998
0.999999
1
1
1
1
0.999999
0.999999
0.999998
0.999998
0.999998
0.999997
0.999997
0.999997
0.999997
0.999997
0.999999
0.999999
1
1
1
1
1
1
1
1
0.999999
0.999998
0.999994
0.999986
0.999966
0.999911
0.999736
0.999187
0.998625
0.998337
0.998278
0.998307
0.998474
0.999044
0.999541
0.999796
0.999914
0.999965
0.999986
0.999995
0.999998
0.999999
1
1
1
0.999997
0.999979
0.999905
0.999853
0.999845
0.999849
0.999862
0.999874
0.999878
0.999877
0.999875
1
1
1
1
1
1
1
1
1
1
1
1
1
1
1
1
1
1
1
1
1
1
1
1
1
1
1
1
1
1
1
1
1
1
1
1
1
1
1
1
1
1
1
1
1
1
1
1
1
1
1
1
1
1
1
1
1
1
1
1
1
1
1
1
1
1
0.999999
0.999994
0.999969
0.999861
0.999465
0.998334
0.997559
0.997196
0.997038
0.996961
0.996924
0.996896
0.996887
0.996889
0.996926
0.997003
0.997151
0.997461
0.997919
0.998371
0.998706
0.998915
0.999022
0.999072
0.999081
0.999073
0.999067
0.999069
0.999085
0.999155
0.999235
0.999289
0.999308
0.999303
0.999267
0.999125
0.998939
0.998862
0.998846
0.998852
0.998868
0.998913
0.998984
0.999101
0.999345
0.999653
0.999826
0.999919
0.999965
0.999986
0.999995
0.999998
0.999999
1
1
1
1
1
1
0.999999
0.999999
0.999999
0.999998
0.999998
0.999998
0.999998
0.999998
0.999998
0.999999
1
1
1
1
1
1
1
1
1
1
0.999999
0.999999
0.999997
0.999992
0.999977
0.999927
0.999751
0.999581
0.99953
0.999534
0.999575
0.99972
0.999862
0.999938
0.999973
0.999988
0.999994
0.999996
0.999998
0.999999
0.999999
1
1
0.999999
0.999993
0.999953
0.99986
0.999835
0.99984
0.999854
0.999868
0.999877
0.99988
0.99988
0.999876
1
1
1
1
1
1
1
1
1
1
1
1
1
1
1
1
1
1
1
1
1
1
1
1
1
1
1
1
1
1
1
1
1
1
1
1
1
1
1
1
1
1
1
1
1
1
1
1
1
1
1
1
1
1
1
1
1
1
1
1
1
1
1
1
1
1
1
0.999999
0.999993
0.999967
0.999865
0.999546
0.9986
0.997759
0.997337
0.997134
0.997035
0.996983
0.996964
0.996964
0.99697
0.996992
0.997052
0.997153
0.997351
0.997722
0.998125
0.998474
0.998737
0.998893
0.998969
0.999
0.999011
0.999032
0.999098
0.999194
0.999258
0.99927
0.99926
0.999206
0.999023
0.998881
0.998826
0.998824
0.998834
0.998865
0.998922
0.99905
0.999187
0.999465
0.99971
0.999848
0.999924
0.999966
0.999986
0.999995
0.999998
0.999999
1
1
1
1
1
1
1
1
0.999999
0.999999
0.999999
0.999999
0.999998
0.999998
0.999998
0.999998
0.999999
1
1
1
1
1
1
1
1
1
1
1
1
0.999999
0.999998
0.999995
0.999982
0.999946
0.999926
0.999925
0.999929
0.999948
0.999974
0.999988
0.999995
0.999996
0.999997
0.999997
0.999998
0.999998
0.999998
0.999999
0.999999
0.999999
0.999998
0.999985
0.999905
0.999826
0.999824
0.999846
0.999859
0.999869
0.999878
0.999881
0.99988
0.999876
1
1
1
1
1
1
1
1
1
1
1
1
1
1
1
1
1
1
1
1
1
1
1
1
1
1
1
1
1
1
1
1
1
1
1
1
1
1
1
1
1
1
1
1
1
1
1
1
1
1
1
1
1
1
1
1
1
1
1
1
1
1
1
1
1
1
1
1
0.999999
0.999994
0.999973
0.999902
0.999695
0.999148
0.998308
0.997714
0.997369
0.997179
0.997076
0.997011
0.99697
0.996956
0.996959
0.996978
0.99703
0.997143
0.997412
0.997823
0.998207
0.998499
0.998674
0.998752
0.998818
0.998943
0.999079
0.999148
0.999154
0.999133
0.999046
0.998878
0.998796
0.998786
0.998794
0.998816
0.998867
0.998985
0.99913
0.999367
0.999641
0.999798
0.999888
0.99994
0.99997
0.999987
0.999995
0.999998
1
1
1
1
1
1
1
1
1
1
1
1
0.999999
0.999999
0.999999
0.999999
0.999999
0.999999
0.999999
1
1
1
1
1
1
1
1
1
1
1
1
1
1
0.999999
0.999997
0.999994
0.999993
0.999993
0.999994
0.999997
0.999999
0.999999
0.999998
0.999997
0.999994
0.999993
0.999994
0.999995
0.999996
0.999998
0.999999
0.999999
0.999996
0.999967
0.999843
0.999794
0.999816
0.999855
0.999863
0.99987
0.999878
0.999881
0.999879
0.999875
1
1
1
1
1
1
1
1
1
1
1
1
1
1
1
1
1
1
1
1
1
1
1
1
1
1
1
1
1
1
1
1
1
1
1
1
1
1
1
1
1
1
1
1
1
1
1
1
1
1
1
1
1
1
1
1
1
1
1
1
1
1
1
1
1
1
1
1
1
0.999999
0.999996
0.999985
0.999947
0.999821
0.999613
0.999245
0.998687
0.998099
0.997654
0.997342
0.997142
0.997019
0.996941
0.996908
0.996906
0.996919
0.996972
0.99713
0.997424
0.997692
0.997942
0.998213
0.998521
0.99877
0.998872
0.998879
0.998855
0.998766
0.998715
0.998717
0.998732
0.998765
0.998814
0.998919
0.999087
0.999329
0.999621
0.99979
0.999883
0.999934
0.999962
0.999979
0.99999
0.999996
0.999998
1
1
1
1
1
1
1
1
1
1
1
1
1
1
1
0.999999
0.999999
0.999999
0.999999
1
1
1
1
1
1
1
1
1
1
1
1
1
1
1
1
1
1
1
1
1
1
0.999999
0.999997
0.999993
0.999985
0.999982
0.999982
0.999984
0.999988
0.999992
0.999996
0.999998
0.999998
0.999991
0.999926
0.999775
0.999763
0.999825
0.999863
0.999865
0.999867
0.999875
0.999878
0.999876
0.999874
1
1
1
1
1
1
1
1
1
1
1
1
1
1
1
1
1
1
1
1
1
1
1
1
1
1
1
1
1
1
1
1
1
1
1
1
1
1
1
1
1
1
1
1
1
1
1
1
1
1
1
1
1
1
1
1
1
1
1
1
1
1
1
1
1
1
1
1
1
1
1
0.999998
0.999994
0.99998
0.999946
0.999861
0.999718
0.99958
0.999324
0.998746
0.998098
0.997575
0.997217
0.997016
0.996928
0.996904
0.996906
0.996929
0.997007
0.997224
0.997518
0.997856
0.998163
0.998358
0.998463
0.998508
0.998545
0.998597
0.998632
0.998695
0.998777
0.998887
0.999062
0.999327
0.999621
0.999797
0.999894
0.999944
0.999969
0.999982
0.999989
0.999994
0.999997
0.999999
1
1
1
1
1
1
1
1
1
1
1
1
1
1
1
1
0.999999
0.999999
0.999999
0.999999
1
1
1
1
1
1
1
1
1
1
1
1
1
1
1
1
1
1
1
1
1
0.999999
0.999997
0.999987
0.999975
0.999975
0.999975
0.999976
0.999977
0.99998
0.999987
0.999993
0.999996
0.999996
0.999981
0.999852
0.999708
0.999728
0.999842
0.999869
0.999866
0.999866
0.999869
0.999872
0.999872
0.999873
1
1
1
1
1
1
1
1
1
1
1
1
1
1
1
1
1
1
1
1
1
1
1
1
1
1
1
1
1
1
1
1
1
1
1
1
1
1
1
1
1
1
1
1
1
1
1
1
1
1
1
1
1
1
1
1
1
1
1
1
1
1
1
1
1
1
1
1
1
1
1
1
1
0.999998
0.999995
0.999987
0.999968
0.999944
0.999896
0.999808
0.999636
0.999197
0.998499
0.997854
0.997407
0.997163
0.99707
0.997059
0.997087
0.997229
0.997538
0.99784
0.998042
0.9982
0.998346
0.998429
0.998557
0.998671
0.998782
0.998954
0.999144
0.999424
0.999671
0.999826
0.999913
0.999958
0.99998
0.99999
0.999994
0.999996
0.999998
0.999998
0.999999
1
1
1
1
1
1
1
1
1
1
1
1
1
1
1
1
1
1
0.999999
1
1
1
1
1
1
1
1
1
1
1
1
1
1
1
1
1
1
1
1
1
1
1
0.999997
0.999985
0.999967
0.999968
0.999972
0.999975
0.999975
0.999976
0.999978
0.999983
0.999991
0.999995
0.999993
0.999957
0.999743
0.999626
0.999702
0.999854
0.999877
0.999869
0.999866
0.999867
0.999869
0.999871
0.999874
1
1
1
1
1
1
1
1
1
1
1
1
1
1
1
1
1
1
1
1
1
1
1
1
1
1
1
1
1
1
1
1
1
1
1
1
1
1
1
1
1
1
1
1
1
1
1
1
1
1
1
1
1
1
1
1
1
1
1
1
1
1
1
1
1
1
1
1
1
1
1
1
1
1
1
0.999999
0.999998
0.999995
0.99999
0.999979
0.999955
0.9999
0.999753
0.999442
0.999063
0.998656
0.998295
0.998065
0.997988
0.997993
0.998062
0.998215
0.998403
0.998573
0.998727
0.998926
0.999108
0.999282
0.999499
0.999684
0.999815
0.999901
0.999951
0.999978
0.999991
0.999996
0.999998
0.999999
1
1
1
1
1
1
1
1
1
1
1
1
1
1
1
1
1
1
1
1
1
1
1
1
1
1
1
1
1
1
1
1
1
1
1
1
1
1
1
1
1
1
1
1
1
1
0.999998
0.999986
0.999957
0.999959
0.999969
0.999981
0.999983
0.999981
0.999978
0.999979
0.999983
0.999991
0.999994
0.999987
0.999899
0.999586
0.99952
0.999678
0.999857
0.999887
0.999875
0.999868
0.999868
0.999869
0.999872
0.99988
1
1
1
1
1
1
1
1
1
1
1
1
1
1
1
1
1
1
1
1
1
1
1
1
1
1
1
1
1
1
1
1
1
1
1
1
1
1
1
1
1
1
1
1
1
1
1
1
1
1
1
1
1
1
1
1
1
1
1
1
1
1
1
1
1
1
1
1
1
1
1
1
1
1
1
1
1
1
0.999999
0.999998
0.999996
0.999989
0.999972
0.99992
0.999827
0.999714
0.999578
0.999453
0.999379
0.999358
0.99936
0.999381
0.999444
0.999553
0.999662
0.999759
0.999837
0.999896
0.999939
0.999966
0.999983
0.999993
0.999997
0.999999
1
1
1
1
1
1
1
1
1
1
1
1
1
1
1
1
1
1
1
1
1
1
1
1
1
1
1
1
1
1
1
1
1
1
1
1
1
1
1
1
1
1
1
1
1
1
1
1
1
1
0.999994
0.999954
0.999942
0.999961
0.999982
0.999986
0.999987
0.999984
0.99998
0.99998
0.999984
0.999992
0.999992
0.99997
0.999757
0.999386
0.999377
0.99965
0.999855
0.999891
0.999888
0.999875
0.999871
0.999873
0.99988
0.999896
1
1
1
1
1
1
1
1
1
1
1
1
1
1
1
1
1
1
1
1
1
1
1
1
1
1
1
1
1
1
1
1
1
1
1
1
1
1
1
1
1
1
1
1
1
1
1
1
1
1
1
1
1
1
1
1
1
1
1
1
1
1
1
1
1
1
1
1
1
1
1
1
1
1
1
1
1
1
1
1
1
0.999999
0.999997
0.999991
0.999976
0.999956
0.999927
0.999892
0.999869
0.999864
0.999867
0.999875
0.999896
0.999923
0.999946
0.999965
0.999979
0.999988
0.999993
0.999997
0.999999
0.999999
1
1
1
1
1
1
1
1
1
1
1
1
1
1
1
1
1
1
1
1
1
1
1
1
1
1
1
1
1
1
1
1
1
1
1
1
1
1
1
1
1
1
1
1
1
1
1
1
1
1
1
0.999999
0.999979
0.999918
0.999924
0.999972
0.999986
0.999987
0.999986
0.999983
0.999981
0.999981
0.999987
0.999992
0.999988
0.999925
0.999511
0.999143
0.999189
0.999593
0.999835
0.99989
0.999895
0.999891
0.999886
0.999889
0.999896
0.9999
1
1
1
1
1
1
1
1
1
1
1
1
1
1
1
1
1
1
1
1
1
1
1
1
1
1
1
1
1
1
1
1
1
1
1
1
1
1
1
1
1
1
1
1
1
1
1
1
1
1
1
1
1
1
1
1
1
1
1
1
1
1
1
1
1
1
1
1
1
1
1
1
1
1
1
1
1
1
1
1
1
1
1
0.999999
0.999998
0.999996
0.999992
0.999986
0.999982
0.999981
0.999982
0.999984
0.999988
0.999992
0.999995
0.999997
0.999998
0.999999
1
1
1
1
1
1
1
1
1
1
1
1
1
1
1
1
1
1
1
1
1
1
1
1
1
1
1
1
1
1
1
1
1
1
1
1
1
1
1
1
1
1
1
1
1
1
1
1
1
1
1
1
1
1
1
0.999996
0.999943
0.999874
0.999911
0.999976
0.999987
0.999986
0.999984
0.999982
0.999982
0.999984
0.999991
0.999991
0.999974
0.999806
0.999142
0.998827
0.998943
0.999481
0.999784
0.999878
0.999895
0.999896
0.999897
0.999899
0.999901
0.999894
1
1
1
1
1
1
1
1
1
1
1
1
1
1
1
1
1
1
1
1
1
1
1
1
1
1
1
1
1
1
1
1
1
1
1
1
1
1
1
1
1
1
1
1
1
1
1
1
1
1
1
1
1
1
1
1
1
1
1
1
1
1
1
1
1
1
1
1
1
1
1
1
1
1
1
1
1
1
1
1
1
1
1
1
1
1
0.999999
0.999999
0.999998
0.999998
0.999999
0.999999
0.999999
1
1
1
1
1
1
1
1
1
1
1
1
1
1
1
1
1
1
1
1
1
1
1
1
1
1
1
1
1
1
1
1
1
1
1
1
1
1
1
1
1
1
1
1
1
1
1
1
1
1
1
1
1
1
1
1
1
0.999999
0.999998
0.999998
0.999988
0.99988
0.99981
0.999886
0.999975
0.999988
0.999986
0.999984
0.999983
0.999984
0.99999
0.999992
0.999987
0.999925
0.999493
0.998667
0.99844
0.998614
0.999266
0.999666
0.99984
0.999886
0.999894
0.999897
0.999898
0.999898
0.999856
1
1
1
1
1
1
1
1
1
1
1
1
1
1
1
1
1
1
1
1
1
1
1
1
1
1
1
1
1
1
1
1
1
1
1
1
1
1
1
1
1
1
1
1
1
1
1
1
1
1
1
1
1
1
1
1
1
1
1
1
1
1
1
1
1
1
1
1
1
1
1
1
1
1
1
1
1
1
1
1
1
1
1
1
1
1
1
1
1
1
1
1
1
1
1
1
1
1
1
1
1
1
1
1
1
1
1
1
1
1
1
1
1
1
1
1
1
1
1
1
1
1
1
1
1
1
1
1
1
1
1
1
1
1
1
1
1
1
1
1
1
1
1
1
1
1
1
1
1
0.999999
0.999993
0.999991
0.999991
0.999955
0.999774
0.999716
0.999818
0.999955
0.999987
0.999989
0.999988
0.999988
0.99999
0.999992
0.999989
0.99996
0.999749
0.998859
0.99819
0.998051
0.998213
0.998878
0.999414
0.999734
0.999845
0.999873
0.999884
0.999879
0.999872
0.999698
1
1
1
1
1
1
1
1
1
1
1
1
1
1
1
1
1
1
1
1
1
1
1
1
1
1
1
1
1
1
1
1
1
1
1
1
1
1
1
1
1
1
1
1
1
1
1
1
1
1
1
1
1
1
1
1
1
1
1
1
1
1
1
1
1
1
1
1
1
1
1
1
1
1
1
1
1
1
1
1
1
1
1
1
1
1
1
1
1
1
1
1
1
1
1
1
1
1
1
1
1
1
1
1
1
1
1
1
1
1
1
1
1
1
1
1
1
1
1
1
1
1
1
1
1
1
1
1
1
1
1
1
1
1
1
1
1
1
1
1
1
1
1
1
1
1
1
1
1
0.999995
0.999972
0.999968
0.999964
0.999858
0.99971
0.999646
0.999696
0.999893
0.999974
0.999989
0.999991
0.999991
0.999991
0.999988
0.999965
0.999826
0.999165
0.998299
0.997916
0.997837
0.997896
0.998277
0.998921
0.999466
0.999712
0.999787
0.999814
0.999781
0.999738
0.999192
1
1
1
1
1
1
1
1
1
1
1
1
1
1
1
1
1
1
1
1
1
1
1
1
1
1
1
1
1
1
1
1
1
1
1
1
1
1
1
1
1
1
1
1
1
1
1
1
1
1
1
1
1
1
1
1
1
1
1
1
1
1
1
1
1
1
1
1
1
1
1
1
1
1
1
1
1
1
1
1
1
1
1
1
1
1
1
1
1
1
1
1
1
1
1
1
1
1
1
1
1
1
1
1
1
1
1
1
1
1
1
1
1
1
1
1
1
1
1
1
1
1
1
1
1
1
1
1
1
1
1
1
1
1
1
1
1
1
1
1
1
1
1
1
1
1
1
1
0.999997
0.999968
0.999905
0.999899
0.999876
0.999764
0.999698
0.999634
0.999552
0.999725
0.999904
0.999968
0.999984
0.999983
0.999975
0.999941
0.999797
0.999253
0.998453
0.997982
0.9978
0.997772
0.997804
0.997921
0.998176
0.998838
0.999302
0.999471
0.999534
0.999396
0.999134
0.99801
1
1
1
1
1
1
1
1
1
1
1
1
1
1
1
1
1
1
1
1
1
1
1
1
1
1
1
1
1
1
1
1
1
1
1
1
1
1
1
1
1
1
1
1
1
1
1
1
1
1
1
1
1
1
1
1
1
1
1
1
1
1
1
1
1
1
1
1
1
1
1
1
1
1
1
1
1
1
1
1
1
1
1
1
1
1
1
1
1
1
1
1
1
1
1
1
1
1
1
1
1
1
1
1
1
1
1
1
1
1
1
1
1
1
1
1
1
1
1
1
1
1
1
1
1
1
1
1
1
1
1
1
1
1
1
1
1
1
1
1
1
1
1
1
1
1
1
0.999996
0.99997
0.99989
0.999839
0.999816
0.999784
0.999738
0.99971
0.999651
0.999517
0.999427
0.999632
0.999813
0.999876
0.999867
0.999793
0.999581
0.99907
0.998521
0.99816
0.99793
0.997823
0.997815
0.997832
0.997879
0.997895
0.998004
0.998285
0.998454
0.998498
0.998217
0.997648
0.997286
1
1
1
1
1
1
1
1
1
1
1
1
1
1
1
1
1
1
1
1
1
1
1
1
1
1
1
1
1
1
1
1
1
1
1
1
1
1
1
1
1
1
1
1
1
1
1
1
1
1
1
1
1
1
1
1
1
1
1
1
1
1
1
1
1
1
1
1
1
1
1
1
1
1
1
1
1
1
1
1
1
1
1
1
1
1
1
1
1
1
1
1
1
1
1
1
1
1
1
1
1
1
1
1
1
1
1
1
1
1
1
1
1
1
1
1
1
1
1
1
1
1
1
1
1
1
1
1
1
1
1
1
1
1
1
1
1
1
1
1
1
1
1
1
0.999999
0.999999
0.999996
0.999982
0.999931
0.999868
0.999826
0.999793
0.999763
0.999743
0.999739
0.999706
0.999536
0.999333
0.999208
0.999191
0.999236
0.99918
0.998995
0.998714
0.998498
0.998328
0.99819
0.998142
0.998178
0.998207
0.998142
0.998018
0.997901
0.997834
0.997755
0.997613
0.997501
0.997377
0.997176
0.997271
1
1
1
1
1
1
1
1
1
1
1
1
1
1
1
1
1
1
1
1
1
1
1
1
1
1
1
1
1
1
1
1
1
1
1
1
1
1
1
1
1
1
1
1
1
1
1
1
1
1
1
1
1
1
1
1
1
1
1
1
1
1
1
1
1
1
1
1
1
1
1
1
1
1
1
1
1
1
1
1
1
1
1
1
1
1
1
1
1
1
1
1
1
1
1
1
1
1
1
1
1
1
1
1
1
1
1
1
1
1
1
1
1
1
1
1
1
1
1
1
1
1
1
1
1
1
1
1
1
1
1
1
1
1
1
1
1
1
1
1
0.999998
0.999997
0.999997
0.999997
0.999996
0.999994
0.99999
0.99998
0.999947
0.999894
0.999848
0.99981
0.999787
0.999784
0.999783
0.999766
0.999658
0.999403
0.999157
0.998962
0.998838
0.998779
0.998709
0.998659
0.998637
0.998719
0.998914
0.999119
0.999227
0.999212
0.998987
0.9987
0.998498
0.998246
0.998104
0.99799
0.997839
0.997747
0.997853
0.998565
1
1
1
1
1
1
1
1
1
1
1
1
1
1
1
1
1
1
1
1
1
1
1
1
1
1
1
1
1
1
1
1
1
1
1
1
1
1
1
1
1
1
1
1
1
1
1
1
1
1
1
1
1
1
1
1
1
1
1
1
1
1
1
1
1
1
1
1
1
1
1
1
1
1
1
1
1
1
1
1
1
1
1
1
1
1
1
1
1
1
1
1
1
1
1
1
1
1
1
1
1
1
1
1
1
1
1
1
1
1
1
1
1
1
1
1
1
1
1
1
1
1
1
1
1
1
1
1
1
1
1
1
1
1
0.999999
0.999998
0.999996
0.999994
0.999992
0.999991
0.99999
0.99999
0.999989
0.999988
0.999986
0.999982
0.999978
0.999969
0.99995
0.999916
0.999881
0.99984
0.999804
0.999784
0.999779
0.999777
0.999756
0.999661
0.999552
0.999476
0.999437
0.999406
0.999418
0.999492
0.99961
0.999704
0.999738
0.999733
0.999661
0.999545
0.99945
0.999401
0.999396
0.999396
0.999492
0.999577
0.999598
0.999632
0.999745
0.999783
0.998459
0.998455
0.998419
0.998279
0.998224
0.998221
0.998168
0.997909
0.997619
0.997517
0.997481
0.997442
0.997412
0.997349
0.997178
0.997063
0.997067
0.997055
0.996437
0.993296
0.991403
0.990979
0.990918
0.990949
0.991422
0.999005
0.9989
0.998794
0.998808
0.999003
0.999337
0.999459
0.999459
0.99932
0.998612
0.997971
0.997676
0.997325
0.996966
0.996806
0.9968
0.996859
0.996874
0.996713
0.995433
0.992823
0.992194
0.992182
0.991964
0.991971
0.999551
0.999448
0.999404
0.999435
0.999584
0.999686
0.999703
0.999693
0.999651
0.999459
0.998809
0.997994
0.997257
0.996845
0.996777
0.996847
0.997099
0.997083
0.996945
0.996486
0.994951
0.993759
0.993712
0.993694
0.993792
0.999653
0.99965
0.999643
0.999655
0.999717
0.999754
0.999751
0.999701
0.999663
0.999591
0.999328
0.998392
0.997345
0.996958
0.996962
0.997103
0.997582
0.997681
0.997555
0.997168
0.99605
0.994731
0.99442
0.994473
0.995074
0.999611
0.999676
0.999715
0.999752
0.999778
0.999784
0.999774
0.999686
0.999604
0.999564
0.999431
0.998744
0.997539
0.997215
0.997271
0.997518
0.997838
0.998034
0.997989
0.997758
0.996997
0.995503
0.994883
0.994891
0.995634
0.999422
0.999587
0.999689
0.999752
0.999782
0.999787
0.999777
0.999687
0.999544
0.999511
0.99943
0.998962
0.997816
0.997533
0.997643
0.997998
0.998104
0.998208
0.99821
0.998114
0.997688
0.996311
0.995284
0.995154
0.995822
0.999149
0.999407
0.999594
0.999711
0.999765
0.999774
0.999764
0.999674
0.99947
0.999433
0.99939
0.999074
0.998094
0.997852
0.997953
0.9982
0.998227
0.998237
0.998324
0.99831
0.998104
0.997109
0.995727
0.995373
0.995885
0.998952
0.999251
0.999488
0.999651
0.99973
0.999746
0.999736
0.999635
0.99938
0.99933
0.999316
0.999118
0.998339
0.998136
0.998245
0.998311
0.998261
0.998243
0.998287
0.998374
0.998302
0.99776
0.996213
0.995571
0.995923
0.998831
0.999166
0.999424
0.999606
0.999705
0.999732
0.99972
0.999589
0.999288
0.999228
0.99923
0.999111
0.998528
0.998362
0.99839
0.998352
0.998246
0.998199
0.998229
0.998383
0.998397
0.998125
0.996784
0.995785
0.99596
0.998719
0.999109
0.999398
0.999594
0.999701
0.99973
0.999711
0.999512
0.999178
0.999129
0.999147
0.999078
0.998652
0.998519
0.998444
0.998342
0.998251
0.998167
0.998167
0.998321
0.998442
0.998312
0.997312
0.996003
0.996011
0.998612
0.999066
0.99939
0.999603
0.999713
0.999736
0.999701
0.99941
0.999056
0.999019
0.999058
0.999025
0.998735
0.998619
0.998411
0.998346
0.998313
0.998193
0.998145
0.99822
0.998438
0.998404
0.997748
0.996238
0.996085
0.998524
0.99904
0.999405
0.99963
0.999731
0.999743
0.999678
0.999279
0.998934
0.998909
0.99897
0.998957
0.998813
0.99862
0.998395
0.998438
0.998462
0.99834
0.998158
0.998171
0.9984
0.998438
0.998033
0.996525
0.996174
0.998534
0.99904
0.99943
0.999658
0.999743
0.999743
0.99963
0.999127
0.99882
0.998808
0.998889
0.998897
0.998827
0.998582
0.998416
0.998637
0.99877
0.998631
0.99824
0.998168
0.99833
0.998446
0.998196
0.996827
0.996285
0.998665
0.99906
0.999453
0.999674
0.999745
0.999734
0.999556
0.998981
0.998723
0.998722
0.998817
0.998846
0.998806
0.998525
0.998477
0.99879
0.999063
0.998978
0.998439
0.99819
0.99827
0.998439
0.998287
0.997102
0.996415
0.998836
0.999136
0.999495
0.999693
0.999747
0.999723
0.999457
0.998857
0.998645
0.99865
0.998755
0.998798
0.998766
0.998488
0.998495
0.998836
0.999151
0.999143
0.998731
0.998246
0.998243
0.998411
0.998335
0.997349
0.996558
0.998986
0.999243
0.999561
0.999725
0.999758
0.999714
0.99934
0.998759
0.998584
0.998597
0.998713
0.998759
0.998696
0.998444
0.998519
0.998853
0.999175
0.999213
0.998992
0.998346
0.998249
0.998375
0.99835
0.997556
0.996706
0.999105
0.999331
0.999616
0.999751
0.99977
0.999698
0.999214
0.998673
0.998537
0.998559
0.998677
0.998719
0.998601
0.998422
0.998531
0.998839
0.999177
0.999253
0.999137
0.998509
0.998266
0.998348
0.998346
0.997728
0.996848
0.999252
0.999435
0.999678
0.999783
0.999789
0.999676
0.999085
0.998599
0.998504
0.998541
0.998655
0.99868
0.998503
0.99842
0.998551
0.998789
0.999174
0.999286
0.999219
0.998683
0.998302
0.998332
0.998339
0.997863
0.996987
0.999458
0.999565
0.999752
0.999824
0.999816
0.99964
0.99895
0.99853
0.998471
0.998532
0.998638
0.998634
0.998417
0.99843
0.998572
0.99876
0.999173
0.999323
0.999279
0.99884
0.998351
0.99833
0.998331
0.997971
0.997126
0.999691
0.999717
0.999819
0.999859
0.999836
0.999578
0.998823
0.998472
0.998437
0.998521
0.998612
0.998559
0.998357
0.998455
0.998578
0.998747
0.999174
0.999356
0.999329
0.998981
0.998413
0.998335
0.99833
0.998049
0.997257
0.999883
0.999885
0.999904
0.999908
0.999865
0.999505
0.998717
0.998419
0.998404
0.998498
0.998561
0.998445
0.998336
0.998481
0.998574
0.998731
0.999177
0.999384
0.999368
0.999102
0.998484
0.998349
0.998332
0.998116
0.997391
0.999962
0.999961
0.999962
0.999957
0.999895
0.999467
0.998645
0.998369
0.99837
0.998466
0.998488
0.998341
0.998328
0.998503
0.998563
0.998713
0.999177
0.999414
0.999404
0.999195
0.998568
0.99837
0.99834
0.998164
0.997509
0.999987
0.999986
0.999984
0.999975
0.999906
0.999462
0.998583
0.998306
0.998324
0.998421
0.998396
0.998263
0.998333
0.99851
0.998555
0.998697
0.99917
0.999438
0.999437
0.999268
0.998653
0.998398
0.998355
0.998208
0.997615
0.999996
0.999995
0.999993
0.999983
0.999917
0.999504
0.998551
0.998204
0.998222
0.998311
0.998273
0.998221
0.998354
0.998503
0.998542
0.998671
0.999159
0.999457
0.999464
0.999326
0.998739
0.998431
0.998375
0.998247
0.99772
0.999999
0.999998
0.999996
0.999988
0.999933
0.999571
0.998578
0.998142
0.998124
0.998186
0.998174
0.998185
0.998387
0.998504
0.998531
0.998651
0.999157
0.999474
0.999489
0.999373
0.99882
0.998465
0.998395
0.998279
0.99782
0.999999
0.999999
0.999998
0.999992
0.999945
0.999628
0.998575
0.998016
0.99797
0.998034
0.99807
0.998161
0.998424
0.998502
0.99852
0.99864
0.999164
0.99949
0.999512
0.999412
0.998892
0.998502
0.998419
0.998315
0.997912
0.999999
0.999999
0.999998
0.999993
0.99995
0.999648
0.998585
0.997935
0.997833
0.997868
0.997962
0.998177
0.998444
0.998501
0.998511
0.998629
0.999173
0.999506
0.999532
0.999444
0.99896
0.998538
0.998439
0.998345
0.997999
0.999999
0.999999
0.999999
0.999993
0.999948
0.999639
0.998584
0.997916
0.997759
0.997775
0.99791
0.998232
0.998453
0.998497
0.9985
0.998614
0.999174
0.999522
0.999551
0.999474
0.999025
0.998577
0.998464
0.998382
0.998098
0.999998
0.999999
0.999998
0.999993
0.999949
0.999645
0.998619
0.997935
0.99775
0.99776
0.997919
0.998277
0.998459
0.998496
0.99849
0.998592
0.99917
0.999534
0.999569
0.9995
0.999084
0.998621
0.998488
0.998416
0.998198
0.999996
0.999997
0.999997
0.999993
0.999953
0.999695
0.9988
0.998039
0.997778
0.997777
0.997962
0.998309
0.998467
0.998491
0.998473
0.998561
0.999158
0.999543
0.999584
0.999521
0.999136
0.998659
0.99851
0.998449
0.998288
0.99999
0.999995
0.999996
0.999993
0.999968
0.999829
0.999316
0.998384
0.997915
0.997868
0.99801
0.99833
0.998474
0.998486
0.998453
0.998528
0.999142
0.999547
0.999595
0.999537
0.999174
0.998695
0.998533
0.998478
0.998359
0.999977
0.999989
0.999993
0.999992
0.99998
0.999915
0.999678
0.998856
0.998216
0.998074
0.998114
0.998345
0.998476
0.998482
0.99843
0.998495
0.999126
0.999549
0.999602
0.999548
0.999207
0.99873
0.998551
0.998499
0.998417
0.999954
0.999978
0.999989
0.99999
0.999985
0.999954
0.999817
0.999182
0.998457
0.998223
0.998212
0.998356
0.998475
0.998478
0.998406
0.998463
0.99911
0.999551
0.999607
0.999555
0.999226
0.998757
0.99857
0.998523
0.998463
0.999917
0.999957
0.99998
0.999987
0.999985
0.999968
0.999867
0.999344
0.998598
0.998313
0.998275
0.998368
0.998472
0.99847
0.998378
0.998426
0.999091
0.999551
0.999608
0.999558
0.999242
0.998781
0.998591
0.998538
0.998494
0.999892
0.99993
0.999967
0.999982
0.999983
0.99997
0.999879
0.999397
0.99866
0.998358
0.99831
0.998375
0.998464
0.99846
0.998347
0.998387
0.999069
0.99955
0.999608
0.999557
0.999245
0.998798
0.998614
0.998547
0.99852
0.999881
0.999907
0.999952
0.999976
0.99998
0.999968
0.999878
0.9994
0.998679
0.998373
0.998322
0.998374
0.998453
0.998445
0.998312
0.998343
0.99904
0.999543
0.999604
0.999551
0.999239
0.998815
0.998637
0.998558
0.998546
0.999876
0.999891
0.999937
0.999969
0.999975
0.999963
0.999867
0.999381
0.998676
0.998375
0.998324
0.998364
0.998437
0.998426
0.998271
0.998293
0.999001
0.999532
0.999597
0.999541
0.999226
0.998826
0.998652
0.998572
0.99857
0.999875
0.999884
0.999923
0.99996
0.999968
0.999953
0.999842
0.999318
0.998651
0.998368
0.998319
0.998354
0.998418
0.9984
0.998224
0.998236
0.998955
0.999513
0.999585
0.999523
0.999203
0.998835
0.998668
0.998589
0.998594
0.999875
0.999881
0.999914
0.999953
0.99996
0.999943
0.999818
0.999262
0.99862
0.998349
0.998303
0.99834
0.998393
0.998366
0.998168
0.998173
0.998904
0.999481
0.999568
0.999497
0.999172
0.998842
0.998685
0.998611
0.998622
0.999875
0.99988
0.99991
0.999946
0.999951
0.999932
0.999796
0.999224
0.998606
0.998337
0.998288
0.998328
0.998361
0.99832
0.998104
0.998105
0.998848
0.999436
0.999543
0.999459
0.999134
0.998842
0.998701
0.998638
0.998654
0.999875
0.99988
0.999911
0.999941
0.999943
0.999921
0.999771
0.999187
0.998595
0.998328
0.998276
0.998312
0.99832
0.998263
0.998033
0.998032
0.998788
0.999379
0.999507
0.999404
0.999088
0.998843
0.998723
0.998671
0.998687
0.999875
0.999882
0.999914
0.999936
0.999936
0.999908
0.999745
0.999153
0.998589
0.998321
0.998265
0.998285
0.998278
0.998193
0.997957
0.997957
0.998721
0.999312
0.999458
0.999336
0.999049
0.998847
0.998744
0.998703
0.998714
0.999875
0.999885
0.999918
0.99993
0.999928
0.999896
0.999722
0.999128
0.998583
0.998316
0.998256
0.998256
0.998237
0.998118
0.997884
0.997882
0.998643
0.999241
0.999396
0.999266
0.999018
0.998851
0.998762
0.998729
0.998737
0.999877
0.999896
0.99992
0.999925
0.99992
0.999881
0.999687
0.999091
0.998571
0.998308
0.998243
0.99823
0.998195
0.998038
0.997809
0.997805
0.998555
0.999184
0.999339
0.999206
0.998995
0.998859
0.998784
0.998755
0.998758
0.999882
0.999908
0.99992
0.99992
0.999913
0.999864
0.999633
0.999039
0.998554
0.998295
0.998219
0.998198
0.998149
0.997948
0.997722
0.997721
0.998463
0.999146
0.999266
0.999155
0.998981
0.99887
0.998806
0.99878
0.998776
0.999898
0.999913
0.999917
0.999915
0.999902
0.999837
0.999552
0.998977
0.998525
0.998273
0.998197
0.998171
0.998109
0.997836
0.997616
0.997629
0.998361
0.999125
0.999199
0.999109
0.998979
0.99889
0.998828
0.998804
0.998796
0.999906
0.999912
0.999911
0.999903
0.999879
0.999782
0.999394
0.998868
0.998457
0.998223
0.998162
0.998134
0.998046
0.997667
0.997483
0.997524
0.998251
0.999105
0.99915
0.999084
0.998984
0.998926
0.998861
0.998837
0.998827
0.999906
0.999905
0.999882
0.999858
0.999817
0.999655
0.999062
0.998614
0.998273
0.998089
0.998075
0.998054
0.997921
0.997432
0.997317
0.997402
0.998137
0.999074
0.999109
0.999078
0.999008
0.998961
0.998895
0.998872
0.998862
0.999895
0.999868
0.999741
0.999681
0.999633
0.999397
0.998746
0.998369
0.998067
0.997913
0.997918
0.997904
0.997691
0.997135
0.997095
0.997249
0.998047
0.999033
0.999097
0.999074
0.999035
0.99898
0.998915
0.998896
0.99889
0.999838
0.999703
0.999266
0.999172
0.999157
0.998999
0.998481
0.998155
0.997828
0.997676
0.997706
0.997675
0.997248
0.996892
0.996891
0.997136
0.998024
0.998968
0.999097
0.999075
0.999046
0.99899
0.998931
0.99892
0.998925
0.999609
0.999067
0.998235
0.998195
0.99836
0.99831
0.997953
0.997738
0.997307
0.997139
0.997242
0.997089
0.996757
0.996808
0.996845
0.997171
0.998035
0.998866
0.999106
0.999079
0.999063
0.99901
0.998961
0.998969
0.998982
0.998813
0.997732
0.997116
0.997118
0.997343
0.997312
0.997028
0.996847
0.996459
0.996342
0.99642
0.996338
0.99654
0.997162
0.997086
0.997293
0.998055
0.998719
0.999108
0.999098
0.999099
0.999065
0.999031
0.999042
0.999035
0.997595
0.996941
0.996544
0.996503
0.996566
0.99652
0.996326
0.996209
0.996071
0.996031
0.996044
0.996116
0.997138
0.998003
0.997662
0.997664
0.998194
0.998528
0.999084
0.999109
0.999111
0.9991
0.999085
0.999084
0.999049
0.997055
0.996778
0.996529
0.996385
0.996312
0.996257
0.996197
0.996158
0.99616
0.996154
0.99616
0.99657
0.998496
0.999003
0.998475
0.998325
0.998504
0.998327
0.998973
0.999095
0.999094
0.999096
0.999091
0.999085
0.999024
0.997072
0.997001
0.99695
0.996738
0.996545
0.996566
0.996721
0.99685
0.997201
0.997271
0.997437
0.998524
0.999431
0.999429
0.998835
0.998698
0.998723
0.998164
0.998648
0.998976
0.99895
0.998995
0.999026
0.999006
0.998838
0.998288
0.998537
0.998674
0.998438
0.998293
0.998481
0.998805
0.99893
0.99909
0.999192
0.999434
0.999635
0.999663
0.999562
0.999319
0.999265
0.999041
0.998075
0.998025
0.998328
0.998245
0.998332
0.998437
0.998358
0.998046
0.999642
0.999689
0.999689
0.999657
0.999669
0.999733
0.999758
0.999775
0.999826
0.999844
0.999816
0.999693
0.999564
0.999448
0.999309
0.999011
0.998288
0.99789
0.997823
0.997835
0.997823
0.99785
0.99788
0.99788
0.997927
)
;

boundaryField
{
    inlet
    {
        type            fixedValue;
        value           uniform 1;
    }
    outlet
    {
        type            inletOutlet;
        inletValue      uniform 0;
        value           nonuniform List<scalar> 
57
(
0.991422
0.991971
0.993792
0.995074
0.995634
0.995822
0.995885
0.995923
0.99596
0.996011
0.996085
0.996174
0.996285
0.996415
0.996558
0.996706
0.996848
0.996987
0.997126
0.997257
0.997391
0.997509
0.997615
0.99772
0.99782
0.997912
0.997999
0.998098
0.998198
0.998288
0.998359
0.998417
0.998463
0.998494
0.99852
0.998546
0.99857
0.998594
0.998622
0.998654
0.998687
0.998714
0.998737
0.998758
0.998776
0.998796
0.998827
0.998862
0.99889
0.998925
0.998982
0.999035
0.999049
0.999024
0.998838
0.998046
0.997927
)
;
    }
    upperWall
    {
        type            zeroGradient;
    }
    lowerWall
    {
        type            zeroGradient;
    }
    frontAndBack
    {
        type            empty;
    }
}


// ************************************************************************* //
