/*--------------------------------*- C++ -*----------------------------------*\
  =========                 |
  \\      /  F ield         | OpenFOAM: The Open Source CFD Toolbox
   \\    /   O peration     | Website:  https://openfoam.org
    \\  /    A nd           | Version:  6
     \\/     M anipulation  |
\*---------------------------------------------------------------------------*/
FoamFile
{
    version     2.0;
    format      ascii;
    class       volScalarField;
    location    "0.05";
    object      s;
}
// * * * * * * * * * * * * * * * * * * * * * * * * * * * * * * * * * * * * * //

dimensions      [0 0 0 0 0 0 0];

internalField   nonuniform List<scalar> 
12225
(
1
1
1
1
1
1
1
1
1
1
1
1
1
1
1
1
1
1
1
1
1
1
1
1
1
1
1
1
1
1
1
1
1
1
1
1
1
1
1
1
1
1
1
1
1
1
1
1
1
1
1
1
1
1
1
1
1
1
1
1
1
1
1
1
1
1
1
1
1
1
1
1
1
1
1
1
1
1
1
1
1
1
1
1
1
1
1
1
1
1
1
1
1
1
1
1
1
1
1
1
1
1
1
1
1
1
1
1
1
1
1
1
1
1
1
1
1
1
1
1
1
1
1
1
1
1
1
1
1
1
1
1
1
1
1
1
1
1
1
1
1
1
1
1
1
1
1
1
1
1
1
1
1
1
1
1
1
1
1
1
1
1
1
1
1
1
1
1
1
1
1
1
1
1
1
1
1
1
1
1
1
1
1
1
1
1
1
1
1
1
1
1
1
1
1
1
1
1
1
1
1
1
1
1
1
1
1
1
1
1
1
1
1
1
1
1
1
1
1
1
1
1
1
1
1
1
1
1
1
1
1
1
1
1
1
1
1
1
1
1
1
1
1
1
1
1
1
1
1
1
1
1
1
1
1
1
1
1
1
1
1
1
1
1
1
1
1
1
1
1
1
1
1
1
1
1
1
1
1
1
1
1
1
1
1
1
1
1
1
1
1
1
1
1
1
1
1
1
1
1
1
1
1
1
1
1
1
1
1
1
1
1
1
1
1
1
1
1
1
1
1
1
1
1
1
1
1
1
1
1
1
1
1
1
1
1
1
1
1
1
1
1
1
1
1
1
1
1
1
1
1
1
1
1
1
1
1
1
1
1
1
1
1
1
1
1
1
1
1
1
1
1
1
1
1
1
1
1
1
1
1
1
1
1
1
1
1
1
1
1
1
1
1
1
1
1
1
1
1
1
1
1
1
1
1
1
1
1
1
1
1
1
1
1
1
1
1
1
1
1
1
1
1
1
1
1
1
1
1
1
1
1
1
1
1
1
1
1
1
1
1
1
1
1
1
1
1
1
1
1
1
1
1
1
1
1
1
1
1
1
1
1
1
1
1
1
1
1
1
1
1
1
1
1
1
1
1
1
1
1
1
1
1
1
1
1
1
1
1
1
1
1
1
1
1
1
1
1
1
1
1
1
1
1
1
1
1
1
1
1
1
1
1
1
1
1
1
1
1
1
1
1
1
1
1
1
1
1
1
1
1
1
1
1
1
1
1
1
1
1
0.67964
0.74814
0.746936
0.731759
0.709312
0.688086
0.677788
0.669775
0.667974
0.668264
0.669668
0.673829
0.67831
0.680837
0.682737
0.684441
0.68544
0.686136
0.68727
0.688335
0.68901
0.689349
0.689333
0.689171
0.688777
0.688393
0.68821
0.68821
0.688324
0.688804
0.689742
0.69182
0.694035
0.696615
0.702583
0.706067
0.710742
0.717644
0.722068
0.732424
0.743858
0.718233
0.578187
0.522115
0.527169
0.551795
0.589992
0.622921
0.643756
0.656816
0.662464
0.647814
0.61472
0.608853
0.624657
0.650676
0.705594
0.812244
0.867306
0.886022
0.894994
0.899474
0.902512
0.905395
0.907886
0.909037
0.910078
0.911608
0.912956
0.913842
0.914336
0.914705
0.914885
0.914927
0.91493
0.91486
0.914649
0.914287
0.913818
0.913255
0.912497
0.911441
0.910184
0.908964
0.907776
0.906303
0.904401
0.902328
0.900267
0.89812
0.895828
0.893338
0.890528
0.887495
0.885119
0.88329
0.881845
0.880513
0.87946
0.879
0.878886
0.879379
0.879968
0.880809
0.882199
0.884062
0.886344
0.888871
0.891721
0.895417
0.898926
0.90281
0.906918
0.910656
0.91457
0.918007
0.921182
0.924323
0.927387
0.930337
0.933149
0.935812
0.938307
0.940598
0.942717
0.944625
0.945944
0.947008
0.948006
0.948982
0.949946
0.950881
0.951767
0.952601
0.953388
0.954118
0.954767
0.955317
0.955822
0.956312
0.956792
0.957239
0.957594
0.957782
0.957787
0.957452
0.956123
0.952478
0.945604
0.935745
0.923721
0.912064
0.903305
0.897774
0.894642
0.893319
0.89307
0.89329
0.894168
0.894535
0.894467
0.893574
0.888743
0.867681
0.784767
0.561828
0.347995
0.194961
0.09925
0.0463593
0.0200541
0.00807787
0.00302823
0.00105217
0.000354978
0.000179986
0.000107248
6.01306e-05
3.19489e-05
-0.00665231
0.595839
0.611574
0.616895
0.62525
0.63097
0.633864
0.63472
0.637068
0.641895
0.645309
0.650841
0.654662
0.654557
0.653682
0.651608
0.648442
0.643855
0.638293
0.63188
0.625315
0.618042
0.609695
0.600356
0.590159
0.580062
0.570768
0.563498
0.557275
0.551447
0.548892
0.548851
0.54994
0.553962
0.558201
0.565769
0.580091
0.590822
0.617424
0.639583
0.668282
0.716127
0.720285
0.706096
0.670477
0.574896
0.522161
0.529981
0.58752
0.638398
0.665704
0.689858
0.671364
0.633119
0.6538
0.692345
0.801212
0.828832
0.8529
0.865031
0.868599
0.864973
0.859313
0.854861
0.851982
0.850408
0.849592
0.849195
0.849067
0.849289
0.849261
0.849254
0.849127
0.848407
0.846732
0.844306
0.841012
0.83703
0.83349
0.829935
0.825256
0.819874
0.814648
0.809763
0.804899
0.799733
0.794911
0.790806
0.786619
0.782949
0.780388
0.778488
0.777451
0.777025
0.776936
0.777274
0.777768
0.778312
0.778682
0.778819
0.778848
0.778753
0.778639
0.778318
0.777772
0.777023
0.776512
0.776021
0.775556
0.775231
0.775321
0.77596
0.777555
0.780382
0.784487
0.790264
0.797859
0.807148
0.817682
0.828646
0.83897
0.848105
0.856043
0.863346
0.869976
0.875832
0.880951
0.885817
0.890219
0.894049
0.897358
0.900241
0.902803
0.905165
0.90745
0.909772
0.912217
0.914841
0.917666
0.920657
0.923825
0.927217
0.931005
0.935377
0.94038
0.945865
0.951761
0.958165
0.965222
0.97237
0.977964
0.981008
0.981936
0.981395
0.977061
0.960826
0.939047
0.923535
0.914594
0.910571
0.9092
0.908549
0.90727
0.904341
0.901178
0.894866
0.88096
0.84629
0.808667
0.786609
0.77363
0.748858
0.705252
0.647732
0.594901
0.554187
0.530526
0.514884
0.497507
0.462706
0.326528
0.470294
0.531285
0.596905
0.63166
0.647824
0.662045
0.666244
0.670871
0.670275
0.667873
0.662078
0.650956
0.635761
0.615721
0.59273
0.57003
0.548129
0.527971
0.508877
0.490839
0.47304
0.456606
0.441024
0.427133
0.416308
0.407439
0.402022
0.400553
0.400936
0.403026
0.408353
0.421182
0.434837
0.445464
0.465389
0.484698
0.495179
0.516427
0.543591
0.562262
0.603688
0.671917
0.696524
0.69596
0.684474
0.648408
0.570175
0.549241
0.541937
0.600584
0.678819
0.70092
0.678512
0.74707
0.803401
0.815723
0.824453
0.828378
0.804106
0.783059
0.762799
0.748635
0.740835
0.736272
0.734368
0.733838
0.73503
0.737008
0.738619
0.741095
0.742647
0.744395
0.745618
0.746209
0.746763
0.746835
0.746729
0.746624
0.746596
0.74673
0.747066
0.74746
0.748049
0.748898
0.750338
0.752181
0.754507
0.757243
0.760432
0.764257
0.768944
0.77447
0.780813
0.788612
0.796553
0.803936
0.810357
0.815495
0.819099
0.821304
0.822156
0.821514
0.819297
0.81575
0.81072
0.804518
0.797309
0.789387
0.781144
0.773201
0.76628
0.759895
0.753751
0.74835
0.7441
0.741361
0.740295
0.740637
0.743502
0.750454
0.760907
0.774283
0.789094
0.804007
0.818137
0.830115
0.839562
0.847223
0.8535
0.858633
0.862858
0.86642
0.869566
0.872521
0.875472
0.87856
0.881875
0.885456
0.88931
0.893412
0.897698
0.901944
0.905888
0.909394
0.912502
0.915427
0.918766
0.92309
0.929504
0.939675
0.953158
0.966944
0.977623
0.982885
0.984177
0.983443
0.97736
0.95765
0.941376
0.933175
0.929807
0.92851
0.927682
0.926345
0.923263
0.914161
0.902324
0.895271
0.89315
0.893307
0.895599
0.900429
0.901487
0.901007
0.897074
0.888419
0.878175
0.871116
0.8623
0.815995
0.717943
0.737724
0.732385
0.727242
0.718385
0.708498
0.695575
0.674546
0.651556
0.603399
0.5489
0.526072
0.507822
0.49295
0.479042
0.464189
0.44841
0.431973
0.414981
0.398667
0.383495
0.370486
0.359712
0.351738
0.346667
0.344622
0.344158
0.344698
0.347141
0.352645
0.363755
0.375959
0.38838
0.402593
0.419363
0.431946
0.441634
0.460438
0.484464
0.504273
0.52221
0.555368
0.62999
0.674308
0.685374
0.684099
0.672054
0.63975
0.588711
0.59143
0.615915
0.695358
0.709668
0.775157
0.800192
0.803368
0.781568
0.752066
0.727755
0.713319
0.704424
0.698834
0.696268
0.695259
0.695137
0.697195
0.700416
0.703718
0.707124
0.710625
0.714032
0.717616
0.721168
0.724437
0.727732
0.731111
0.734628
0.738182
0.741772
0.745503
0.74948
0.754703
0.76115
0.769386
0.779832
0.792763
0.808472
0.827647
0.849788
0.869322
0.887579
0.903982
0.91653
0.925391
0.931247
0.934941
0.937294
0.938472
0.939003
0.939208
0.939276
0.93911
0.938916
0.938314
0.937389
0.935612
0.932685
0.928101
0.921295
0.911455
0.897507
0.879742
0.858244
0.833392
0.806418
0.779556
0.757192
0.741883
0.730953
0.724409
0.721797
0.721661
0.723517
0.728377
0.735731
0.745738
0.757316
0.769216
0.780739
0.791542
0.801485
0.81057
0.818857
0.826498
0.833736
0.840804
0.848108
0.855871
0.864222
0.873305
0.88296
0.892549
0.901559
0.909674
0.916326
0.921108
0.923653
0.924231
0.923982
0.92397
0.926806
0.936645
0.95022
0.965456
0.977629
0.983193
0.984007
0.982268
0.971507
0.954955
0.946525
0.943428
0.942541
0.942076
0.941183
0.93871
0.929763
0.914188
0.904685
0.901088
0.900695
0.901815
0.908264
0.923191
0.934126
0.942532
0.949998
0.955231
0.955704
0.94793
0.775309
0.75627
0.71191
0.676435
0.634798
0.590655
0.562217
0.546481
0.53834
0.526814
0.507806
0.48833
0.469991
0.455179
0.438928
0.42275
0.407982
0.393547
0.381308
0.371483
0.363547
0.357625
0.354729
0.354508
0.355558
0.357236
0.359193
0.362212
0.367551
0.37494
0.382369
0.390938
0.399804
0.407306
0.41361
0.418952
0.424998
0.434479
0.447751
0.463529
0.481155
0.498661
0.523761
0.585803
0.647535
0.673873
0.680665
0.679021
0.672074
0.647253
0.64562
0.668764
0.708203
0.766537
0.787793
0.7711
0.732729
0.713631
0.699813
0.692706
0.689647
0.688516
0.688283
0.688996
0.691197
0.694581
0.699002
0.703521
0.707984
0.712435
0.716792
0.721368
0.726344
0.731575
0.737252
0.743812
0.751657
0.761079
0.772728
0.787807
0.807531
0.831593
0.855882
0.880561
0.903283
0.924864
0.94191
0.953641
0.95978
0.963403
0.965058
0.9656
0.965205
0.962227
0.959312
0.955737
0.952188
0.948857
0.946203
0.944088
0.943042
0.94269
0.943844
0.945661
0.948587
0.951833
0.955292
0.958545
0.961379
0.963668
0.965248
0.966004
0.965811
0.963312
0.955986
0.941099
0.914102
0.87346
0.826076
0.780219
0.747931
0.729195
0.720355
0.717645
0.717338
0.717858
0.719827
0.723088
0.726787
0.730988
0.735496
0.740162
0.744975
0.750155
0.756021
0.762974
0.771151
0.780538
0.790994
0.802398
0.815249
0.830971
0.850312
0.872807
0.896516
0.91726
0.931743
0.941313
0.946662
0.948114
0.94626
0.943207
0.94335
0.948194
0.962759
0.975905
0.983028
0.984572
0.983553
0.975931
0.962938
0.956747
0.954846
0.954431
0.954082
0.953188
0.950172
0.938784
0.920228
0.908593
0.903544
0.902643
0.90353
0.909453
0.927045
0.943542
0.956065
0.964044
0.974638
0.976138
0.7717
0.695295
0.634796
0.610559
0.580604
0.546856
0.533889
0.526674
0.517223
0.505357
0.491067
0.476517
0.466402
0.456178
0.447686
0.443017
0.441545
0.44175
0.443887
0.447796
0.45247
0.456735
0.461429
0.465412
0.46932
0.471859
0.47311
0.473901
0.474981
0.477048
0.477366
0.478666
0.478176
0.475021
0.47014
0.464053
0.460162
0.459202
0.460447
0.462438
0.462661
0.464203
0.470761
0.48937
0.536905
0.602243
0.654253
0.673605
0.680815
0.677966
0.674962
0.679527
0.700135
0.750299
0.77778
0.748362
0.718248
0.705836
0.695537
0.690775
0.689187
0.688926
0.690145
0.693146
0.6986
0.706606
0.716658
0.727153
0.73643
0.744834
0.753432
0.760915
0.770929
0.783529
0.798632
0.81586
0.836272
0.858077
0.881048
0.903585
0.923416
0.938017
0.950832
0.960929
0.967491
0.970619
0.971755
0.971797
0.969087
0.964522
0.959223
0.950616
0.938753
0.923894
0.908618
0.893301
0.87919
0.866794
0.85672
0.847796
0.842353
0.840264
0.842544
0.848085
0.858037
0.870956
0.886504
0.902816
0.917866
0.931686
0.944666
0.95614
0.965415
0.972461
0.977591
0.980613
0.981565
0.980338
0.972185
0.94822
0.896862
0.831737
0.773965
0.740409
0.726762
0.723767
0.724088
0.725357
0.726939
0.728258
0.729267
0.73004
0.731038
0.733014
0.736138
0.740682
0.746995
0.755108
0.764817
0.775976
0.788045
0.799857
0.811461
0.824198
0.840795
0.864483
0.894729
0.923596
0.944637
0.957086
0.963564
0.965715
0.965161
0.962818
0.962717
0.966678
0.978177
0.984866
0.986291
0.985424
0.979399
0.971437
0.968267
0.967539
0.967316
0.96685
0.96553
0.961395
0.94706
0.926483
0.914028
0.909056
0.908401
0.909681
0.917277
0.936913
0.954488
0.965065
0.974567
0.980707
0.765466
0.675348
0.625553
0.601325
0.575596
0.559858
0.553104
0.549348
0.546046
0.544443
0.545336
0.551783
0.5658
0.582193
0.604317
0.625697
0.643077
0.664095
0.678214
0.692391
0.704912
0.712661
0.715791
0.714597
0.707663
0.69514
0.680811
0.668663
0.660323
0.653268
0.645222
0.636599
0.628922
0.619031
0.609382
0.60062
0.597745
0.599007
0.599357
0.598717
0.584429
0.557464
0.5335
0.521117
0.527222
0.559151
0.602919
0.646687
0.672632
0.68216
0.68476
0.689106
0.700966
0.737007
0.771835
0.743541
0.7176
0.7062
0.696884
0.693232
0.692731
0.695323
0.701496
0.713182
0.73254
0.761079
0.789568
0.814396
0.833475
0.84847
0.859312
0.867137
0.877855
0.889238
0.901726
0.914769
0.928099
0.941402
0.951693
0.960688
0.96644
0.969709
0.971185
0.971586
0.970433
0.968282
0.963289
0.954166
0.939636
0.919158
0.89264
0.860164
0.827954
0.796781
0.76734
0.74305
0.722728
0.708645
0.703841
0.702831
0.703691
0.706567
0.710755
0.715169
0.720682
0.727761
0.737914
0.752115
0.772131
0.797421
0.826587
0.858792
0.891463
0.919501
0.943452
0.962739
0.976288
0.984531
0.988827
0.990107
0.989058
0.980197
0.94559
0.862479
0.787532
0.747759
0.733163
0.730172
0.730981
0.736671
0.744032
0.749014
0.751412
0.752122
0.75303
0.755455
0.758218
0.760191
0.762457
0.76786
0.780707
0.794347
0.807101
0.819175
0.831036
0.844608
0.862325
0.886556
0.915676
0.942657
0.961086
0.97086
0.974926
0.975691
0.975303
0.975024
0.976275
0.982728
0.987857
0.98887
0.98824
0.984537
0.98113
0.980223
0.980089
0.979862
0.979162
0.977097
0.970767
0.953469
0.936494
0.926001
0.921623
0.921035
0.922616
0.931376
0.951254
0.965385
0.975325
0.981852
0.754866
0.667864
0.639621
0.626913
0.621802
0.63081
0.647931
0.665693
0.693938
0.723881
0.757601
0.789943
0.818175
0.842899
0.863083
0.880639
0.89603
0.907155
0.917474
0.922999
0.926071
0.927176
0.92583
0.921124
0.912705
0.899562
0.879983
0.852635
0.821456
0.793702
0.764438
0.734558
0.714528
0.70189
0.693755
0.689826
0.689097
0.696301
0.71187
0.746798
0.786603
0.783022
0.754937
0.706378
0.644486
0.618981
0.621784
0.642596
0.670198
0.684853
0.690499
0.694371
0.702811
0.729575
0.766397
0.744809
0.719003
0.708567
0.702636
0.701611
0.704043
0.71461
0.73542
0.769553
0.806362
0.838211
0.868855
0.893022
0.911944
0.925198
0.930682
0.935045
0.941146
0.94666
0.953652
0.959951
0.965211
0.969589
0.971762
0.97261
0.972426
0.971137
0.969502
0.965343
0.957273
0.943523
0.921321
0.889141
0.847752
0.803675
0.757354
0.71477
0.676951
0.648907
0.637455
0.632928
0.631863
0.633957
0.640382
0.648054
0.657115
0.666054
0.674881
0.68257
0.688418
0.69253
0.695275
0.697726
0.700727
0.705398
0.713154
0.726113
0.747707
0.782933
0.82901
0.8788
0.91977
0.951045
0.972549
0.985552
0.992064
0.994465
0.994498
0.990576
0.967358
0.878768
0.795052
0.754263
0.740114
0.738285
0.73952
0.745457
0.757681
0.772323
0.787298
0.799207
0.807237
0.812078
0.814032
0.813561
0.811999
0.812086
0.81493
0.82708
0.83986
0.849164
0.860413
0.877913
0.901314
0.926813
0.950011
0.966874
0.976317
0.98029
0.981358
0.981483
0.981637
0.983003
0.988021
0.991383
0.992166
0.992036
0.991025
0.989819
0.989413
0.989113
0.988478
0.987011
0.983255
0.971726
0.954191
0.940935
0.933561
0.93112
0.931148
0.933891
0.946793
0.964312
0.97628
0.983436
0.741752
0.689779
0.687781
0.719202
0.743048
0.776581
0.800305
0.828363
0.857346
0.882706
0.903364
0.924578
0.936396
0.951001
0.958183
0.966595
0.970692
0.974629
0.976448
0.977329
0.977602
0.977617
0.976975
0.975844
0.973778
0.97028
0.96431
0.954117
0.936835
0.908377
0.876268
0.840386
0.800724
0.766132
0.743216
0.727134
0.719479
0.717812
0.730637
0.76544
0.824851
0.854507
0.857816
0.848923
0.820972
0.744849
0.680763
0.669028
0.6761
0.688899
0.693615
0.697168
0.704691
0.726834
0.761965
0.748408
0.722789
0.715047
0.712499
0.714394
0.729423
0.763312
0.80405
0.838618
0.868086
0.892086
0.915389
0.936244
0.952567
0.959759
0.9625
0.96472
0.967011
0.96936
0.971838
0.973365
0.974082
0.974239
0.973385
0.972099
0.969209
0.963825
0.954137
0.937205
0.909616
0.868685
0.822738
0.772042
0.720372
0.667576
0.622461
0.598229
0.586203
0.579954
0.5772
0.576497
0.581492
0.587745
0.5974
0.609878
0.625176
0.641371
0.656865
0.670317
0.68071
0.688005
0.692341
0.693958
0.694006
0.69412
0.694768
0.696387
0.699649
0.706175
0.719216
0.746643
0.798495
0.86228
0.914333
0.95087
0.974461
0.988036
0.994603
0.996921
0.996998
0.992916
0.970358
0.88656
0.801856
0.761289
0.748191
0.747579
0.749645
0.756235
0.772596
0.790833
0.811019
0.83168
0.848319
0.859123
0.864808
0.866564
0.866298
0.866145
0.867633
0.876366
0.884558
0.890611
0.903298
0.924262
0.946312
0.964231
0.975923
0.982016
0.984407
0.985029
0.985244
0.985791
0.988264
0.992338
0.994533
0.995314
0.99545
0.995431
0.995285
0.995034
0.994523
0.993363
0.990356
0.980825
0.962815
0.948166
0.93921
0.935549
0.935082
0.936365
0.944289
0.962184
0.975777
0.984246
0.750924
0.734852
0.767047
0.813079
0.836691
0.871686
0.891349
0.917502
0.933625
0.951163
0.960094
0.969844
0.974369
0.978839
0.980778
0.982339
0.983031
0.983381
0.983493
0.983504
0.983331
0.983269
0.98336
0.983544
0.983803
0.984094
0.984388
0.984623
0.984261
0.98242
0.978005
0.968982
0.952285
0.924355
0.883094
0.831944
0.782959
0.758278
0.74771
0.768198
0.814594
0.857427
0.872901
0.872085
0.867898
0.864059
0.842579
0.779993
0.715878
0.701658
0.699776
0.701369
0.707714
0.726868
0.75903
0.751241
0.727955
0.720819
0.720791
0.734775
0.786813
0.8355
0.872802
0.89819
0.917036
0.931094
0.944028
0.959171
0.970696
0.974135
0.974815
0.974407
0.974684
0.975094
0.975297
0.974981
0.974284
0.973029
0.970048
0.964475
0.954134
0.936714
0.905821
0.865878
0.81843
0.769382
0.712563
0.655209
0.60384
0.566485
0.546873
0.531741
0.518644
0.505649
0.49041
0.479212
0.474708
0.478658
0.490875
0.510214
0.537389
0.570571
0.606802
0.638695
0.664566
0.682402
0.693014
0.699304
0.70212
0.700743
0.697593
0.696467
0.696548
0.697858
0.700812
0.706028
0.717502
0.746207
0.809566
0.878948
0.929006
0.962047
0.981701
0.992214
0.997016
0.998095
0.996877
0.98866
0.961722
0.88147
0.80838
0.772759
0.76126
0.761324
0.764735
0.774157
0.795755
0.820127
0.843629
0.864289
0.881151
0.893011
0.900313
0.904423
0.906186
0.907165
0.909828
0.918562
0.927519
0.937841
0.951453
0.965541
0.976604
0.983345
0.986514
0.987578
0.987868
0.988242
0.989473
0.992828
0.995448
0.996851
0.997479
0.997714
0.997771
0.997748
0.997549
0.996853
0.994819
0.988376
0.971224
0.954975
0.944513
0.939666
0.938606
0.939214
0.943936
0.959321
0.974198
0.9838
0.769414
0.772315
0.829597
0.872499
0.896025
0.925013
0.939379
0.957034
0.96546
0.973696
0.977265
0.979673
0.980589
0.981015
0.981097
0.980961
0.979767
0.978476
0.977019
0.975977
0.975365
0.975192
0.975989
0.977128
0.978775
0.980993
0.982612
0.985084
0.986897
0.988989
0.990748
0.991539
0.991813
0.988993
0.981914
0.966059
0.933252
0.868636
0.809055
0.782611
0.791993
0.821078
0.856588
0.861317
0.845358
0.845693
0.849629
0.842618
0.812112
0.750977
0.719881
0.716025
0.721195
0.735249
0.759553
0.751598
0.730145
0.726037
0.73403
0.783442
0.858847
0.903375
0.930649
0.945853
0.954133
0.959332
0.964052
0.972019
0.978962
0.980313
0.978987
0.976507
0.975688
0.975324
0.974842
0.973507
0.97088
0.96584
0.956619
0.940241
0.912207
0.87073
0.827811
0.776835
0.723441
0.668993
0.612399
0.564487
0.524095
0.495925
0.467037
0.433371
0.397361
0.376292
0.37173
0.373838
0.383038
0.394137
0.406978
0.421788
0.440543
0.465526
0.499604
0.54781
0.603736
0.652278
0.681906
0.698081
0.706618
0.712261
0.714192
0.711954
0.708472
0.704913
0.703625
0.704497
0.70836
0.716564
0.734264
0.782709
0.85328
0.913478
0.953288
0.976948
0.989878
0.996286
0.998289
0.998076
0.995055
0.983201
0.950757
0.884896
0.828862
0.800306
0.794458
0.796957
0.806937
0.832846
0.871629
0.905338
0.925393
0.933013
0.933936
0.932121
0.930349
0.930345
0.931385
0.936975
0.94964
0.958735
0.966255
0.973892
0.980896
0.985968
0.988764
0.989867
0.990177
0.990432
0.991135
0.993447
0.995973
0.99753
0.998344
0.998699
0.998808
0.998812
0.998738
0.998414
0.997426
0.994453
0.984415
0.967623
0.955119
0.948149
0.94569
0.945587
0.947574
0.957274
0.971966
0.982515
0.785314
0.805795
0.873338
0.909594
0.93142
0.952427
0.962357
0.972134
0.976362
0.978813
0.979533
0.97972
0.979338
0.977488
0.974065
0.968618
0.962869
0.958429
0.955316
0.953749
0.953141
0.953262
0.95492
0.957291
0.959759
0.963844
0.96714
0.971352
0.974928
0.979784
0.985212
0.991207
0.994052
0.995826
0.996458
0.995198
0.990201
0.975793
0.936072
0.858728
0.806674
0.80316
0.821245
0.843642
0.832493
0.815451
0.821563
0.833084
0.828398
0.80625
0.774469
0.76106
0.755702
0.756078
0.76137
0.749198
0.732552
0.735885
0.771563
0.860606
0.92004
0.950203
0.965848
0.973678
0.977905
0.978686
0.978615
0.980338
0.983937
0.983823
0.980589
0.976636
0.975096
0.973452
0.970739
0.966544
0.958354
0.943175
0.914079
0.874506
0.826838
0.78875
0.746884
0.698449
0.648494
0.591025
0.540953
0.489767
0.440837
0.391618
0.351345
0.334298
0.329892
0.3357
0.34868
0.365391
0.381521
0.396079
0.4077
0.418039
0.42959
0.445335
0.466384
0.492349
0.527144
0.57922
0.64111
0.680675
0.701568
0.712692
0.719274
0.722704
0.724596
0.725042
0.72179
0.719143
0.718098
0.718998
0.726184
0.748682
0.794808
0.850751
0.907961
0.950131
0.975291
0.988982
0.99578
0.998318
0.998524
0.997431
0.992365
0.978472
0.94564
0.910024
0.893929
0.892254
0.895331
0.909913
0.939505
0.960147
0.972028
0.977248
0.978195
0.976536
0.966909
0.958707
0.956819
0.957498
0.963557
0.972608
0.977895
0.981978
0.985859
0.989059
0.991062
0.991948
0.992212
0.992386
0.99282
0.994337
0.99647
0.997923
0.998755
0.999145
0.999272
0.999283
0.99924
0.99906
0.99858
0.997392
0.994
0.983519
0.970636
0.961932
0.957634
0.956504
0.956794
0.960247
0.971352
0.981632
0.798198
0.831423
0.90159
0.933159
0.9513
0.965818
0.97241
0.976808
0.978368
0.97883
0.978731
0.976663
0.971317
0.963045
0.953988
0.94708
0.94326
0.940038
0.938471
0.937713
0.937494
0.938216
0.939462
0.942068
0.945895
0.950617
0.956093
0.961117
0.96521
0.968497
0.97156
0.97635
0.985642
0.993559
0.996888
0.998059
0.998458
0.997251
0.991466
0.970911
0.897195
0.823584
0.812109
0.827732
0.828331
0.803281
0.800222
0.812592
0.820817
0.810521
0.790257
0.775601
0.764873
0.762168
0.759548
0.743458
0.739815
0.764091
0.831628
0.910812
0.951998
0.970391
0.97887
0.982938
0.987086
0.989185
0.988511
0.987248
0.98721
0.986087
0.981613
0.976535
0.972886
0.96729
0.955812
0.933125
0.912656
0.883306
0.850674
0.813173
0.778902
0.741073
0.694427
0.644025
0.589074
0.525598
0.463784
0.401804
0.348801
0.322006
0.311348
0.311005
0.330632
0.364962
0.41202
0.458181
0.49681
0.519312
0.52226
0.510317
0.491864
0.477701
0.47695
0.490383
0.514213
0.545569
0.589719
0.646924
0.685864
0.707756
0.719017
0.724331
0.727829
0.732313
0.738644
0.74324
0.74559
0.745751
0.745684
0.752244
0.784011
0.827354
0.870059
0.915279
0.953001
0.976635
0.989635
0.995951
0.998419
0.998904
0.998504
0.996399
0.989439
0.973808
0.965006
0.963917
0.965092
0.969802
0.979174
0.986049
0.990109
0.991991
0.99241
0.992
0.988548
0.982051
0.979107
0.978494
0.978857
0.98139
0.984291
0.986522
0.988941
0.991233
0.992835
0.993622
0.993886
0.994039
0.994372
0.995462
0.997097
0.998294
0.999027
0.999396
0.999526
0.999539
0.999491
0.999305
0.999046
0.99856
0.997421
0.99404
0.985124
0.976749
0.971548
0.96931
0.968934
0.969466
0.973431
0.982116
0.809701
0.853026
0.91972
0.947974
0.962617
0.971752
0.97575
0.977699
0.978239
0.978032
0.975554
0.967898
0.957808
0.948328
0.940714
0.936619
0.933825
0.93248
0.931891
0.931714
0.9321
0.932359
0.932948
0.933675
0.934959
0.937627
0.943083
0.951771
0.960631
0.964886
0.967654
0.969748
0.973202
0.981581
0.992087
0.996912
0.998753
0.999297
0.999185
0.996715
0.983682
0.914991
0.827837
0.819367
0.824402
0.800971
0.789867
0.793266
0.801719
0.800848
0.786611
0.773836
0.764646
0.762038
0.752826
0.744224
0.757858
0.791716
0.854424
0.921575
0.955871
0.971705
0.979071
0.982759
0.987893
0.991653
0.993288
0.992677
0.991308
0.988513
0.983284
0.976052
0.961413
0.95221
0.93381
0.905376
0.863642
0.825311
0.79764
0.774525
0.759774
0.717672
0.657605
0.59367
0.525879
0.458061
0.390976
0.337392
0.30913
0.301348
0.31093
0.34696
0.427131
0.539416
0.653756
0.735204
0.781996
0.802528
0.802843
0.777378
0.717116
0.634428
0.569295
0.537784
0.531574
0.545246
0.57692
0.621339
0.668563
0.699513
0.716607
0.724152
0.728244
0.733841
0.744592
0.760098
0.776229
0.787774
0.792563
0.794575
0.801712
0.829494
0.863054
0.896028
0.930355
0.960453
0.980248
0.991318
0.996649
0.998684
0.999236
0.999108
0.998143
0.994422
0.990628
0.98984
0.990098
0.991215
0.993731
0.995628
0.996725
0.997207
0.997286
0.997048
0.995278
0.99159
0.989816
0.989385
0.989424
0.989966
0.990766
0.991168
0.991727
0.993006
0.99425
0.994962
0.995239
0.995394
0.995703
0.996584
0.997762
0.998665
0.99925
0.999564
0.999686
0.999703
0.999671
0.999499
0.999305
0.999098
0.998679
0.997594
0.994002
0.988029
0.983764
0.981551
0.980854
0.980865
0.981592
0.985006
0.819146
0.865906
0.931125
0.955894
0.967941
0.974143
0.976661
0.977593
0.977735
0.975747
0.96764
0.956795
0.946773
0.938412
0.933765
0.931427
0.930212
0.929755
0.929657
0.930623
0.931174
0.931622
0.931829
0.932025
0.932325
0.933104
0.934519
0.938297
0.948812
0.96032
0.965822
0.968047
0.970008
0.974167
0.983468
0.992315
0.99705
0.999081
0.999685
0.999766
0.998719
0.989034
0.917709
0.832082
0.816841
0.810024
0.786123
0.781812
0.782299
0.780082
0.774586
0.767334
0.762566
0.758841
0.751583
0.753187
0.768775
0.797502
0.85344
0.912968
0.941431
0.954533
0.962086
0.968925
0.980716
0.989403
0.99328
0.994772
0.994564
0.99289
0.98737
0.978057
0.960648
0.917156
0.861127
0.848559
0.833822
0.805989
0.780807
0.754048
0.71591
0.668247
0.598779
0.52388
0.451299
0.391598
0.343115
0.31369
0.304415
0.309771
0.354663
0.490483
0.672672
0.796389
0.849185
0.871709
0.884809
0.895682
0.903784
0.904592
0.894551
0.859962
0.759338
0.657772
0.60323
0.582069
0.584181
0.614221
0.660581
0.694857
0.713311
0.722559
0.727686
0.734564
0.750697
0.778504
0.810007
0.83872
0.860174
0.871937
0.872104
0.871968
0.879595
0.897396
0.920745
0.946902
0.969725
0.984936
0.99343
0.997511
0.999028
0.9995
0.999467
0.999016
0.997891
0.997474
0.997497
0.997697
0.998244
0.998703
0.998952
0.999045
0.999041
0.998864
0.997829
0.99581
0.994816
0.994548
0.994518
0.994517
0.994465
0.994333
0.994338
0.994508
0.995273
0.996003
0.996303
0.996474
0.996806
0.997559
0.998364
0.999008
0.999443
0.999689
0.999793
0.999813
0.999798
0.99969
0.999542
0.999442
0.99928
0.998896
0.997671
0.994531
0.991918
0.990511
0.99004
0.990023
0.990372
0.991771
0.828839
0.876415
0.936492
0.960378
0.970713
0.97512
0.976658
0.977184
0.976052
0.970949
0.96244
0.953919
0.945461
0.937972
0.932857
0.930236
0.928849
0.928379
0.929198
0.931519
0.932594
0.932565
0.93242
0.932022
0.932153
0.9326
0.933333
0.935079
0.940429
0.953224
0.962897
0.967172
0.96908
0.972015
0.979806
0.989397
0.995359
0.998221
0.999427
0.999845
0.999936
0.999646
0.992689
0.921229
0.821869
0.812486
0.79937
0.780495
0.776462
0.771594
0.76776
0.763596
0.760432
0.757565
0.75273
0.757805
0.769917
0.794752
0.831313
0.858962
0.866485
0.868024
0.870205
0.876791
0.90467
0.954718
0.981281
0.991782
0.994626
0.994691
0.993066
0.985619
0.967204
0.923183
0.838991
0.769889
0.756189
0.762887
0.75877
0.744441
0.707025
0.610575
0.525041
0.456297
0.398942
0.35717
0.32916
0.313486
0.313074
0.344258
0.499323
0.723246
0.834995
0.871583
0.880862
0.885919
0.89128
0.900442
0.912928
0.922522
0.924897
0.920392
0.894315
0.791417
0.690638
0.641267
0.623903
0.624896
0.656861
0.693475
0.711496
0.719724
0.725916
0.736763
0.764804
0.815337
0.865884
0.904958
0.934427
0.950123
0.953675
0.951481
0.940128
0.929384
0.928396
0.939803
0.96143
0.978499
0.989485
0.99547
0.998307
0.999348
0.999695
0.999703
0.999589
0.999424
0.999404
0.999431
0.999522
0.999622
0.999671
0.999684
0.999669
0.999556
0.999008
0.997904
0.997327
0.997162
0.997119
0.997034
0.996689
0.996086
0.995882
0.995911
0.996271
0.99688
0.997148
0.997338
0.997733
0.998295
0.99885
0.999297
0.999605
0.999785
0.999867
0.999887
0.999882
0.99983
0.999741
0.999691
0.999628
0.999486
0.999043
0.997694
0.996394
0.995717
0.995511
0.995513
0.995702
0.996372
0.835539
0.875056
0.934516
0.95971
0.970519
0.975
0.976567
0.976753
0.975793
0.971293
0.962947
0.955072
0.947166
0.939897
0.934355
0.931191
0.929381
0.928525
0.928579
0.928998
0.930016
0.931348
0.932123
0.932559
0.932889
0.933148
0.933644
0.934958
0.938983
0.950949
0.961768
0.966784
0.968859
0.97148
0.978452
0.988368
0.994824
0.997985
0.999292
0.999774
0.999937
0.999982
0.999928
0.996908
0.920312
0.805963
0.827776
0.804656
0.778946
0.772034
0.767676
0.763733
0.760538
0.757868
0.757187
0.760206
0.768049
0.781579
0.794242
0.802932
0.803383
0.801615
0.799318
0.798733
0.802667
0.822094
0.87539
0.948387
0.981595
0.992206
0.993554
0.992074
0.983106
0.950071
0.859684
0.773746
0.715097
0.687548
0.69889
0.71136
0.692057
0.615964
0.514512
0.443023
0.392457
0.355834
0.331102
0.323808
0.336437
0.437239
0.685491
0.825504
0.870659
0.88054
0.880036
0.875459
0.872531
0.877539
0.901537
0.922521
0.932491
0.933502
0.925748
0.874435
0.745506
0.674827
0.65375
0.651921
0.663655
0.694787
0.711372
0.718443
0.725258
0.739588
0.781957
0.859706
0.9142
0.946683
0.964414
0.974029
0.978926
0.979996
0.97946
0.975907
0.962749
0.955965
0.957914
0.971653
0.98558
0.99329
0.997185
0.998968
0.999608
0.999828
0.999869
0.999864
0.999854
0.999857
0.99987
0.999888
0.999896
0.999897
0.999885
0.999826
0.999554
0.998955
0.99864
0.998553
0.99851
0.998401
0.997946
0.997205
0.996908
0.996898
0.997105
0.997568
0.997812
0.99805
0.9984
0.998816
0.999206
0.999515
0.999728
0.999855
0.999916
0.999934
0.999934
0.999914
0.999871
0.999848
0.999824
0.999771
0.999606
0.999069
0.99852
0.99825
0.99818
0.998189
0.998299
0.998613
0.842359
0.87
0.928333
0.95677
0.96928
0.974453
0.976344
0.976584
0.975936
0.972713
0.964913
0.957956
0.951509
0.94493
0.938546
0.934404
0.931816
0.930154
0.929588
0.929649
0.929918
0.930736
0.931914
0.93287
0.933631
0.93441
0.935558
0.937754
0.942575
0.954085
0.963691
0.967836
0.969624
0.972104
0.978857
0.98886
0.995259
0.998243
0.999394
0.999797
0.999934
0.999982
0.999995
0.999982
0.998861
0.960568
0.801868
0.786766
0.793223
0.786218
0.772116
0.766197
0.762024
0.759462
0.759639
0.761372
0.765864
0.772117
0.777875
0.781544
0.781878
0.78118
0.780008
0.779415
0.779703
0.782135
0.790255
0.814463
0.889005
0.958903
0.985333
0.990843
0.989546
0.978826
0.92906
0.810002
0.726228
0.676859
0.646063
0.646022
0.644609
0.612941
0.524743
0.450578
0.398794
0.361141
0.342825
0.344897
0.383046
0.564363
0.758648
0.847022
0.872064
0.873396
0.866328
0.858929
0.859076
0.867804
0.895789
0.921627
0.936317
0.939959
0.937
0.903265
0.786311
0.699301
0.668571
0.666936
0.680399
0.702921
0.713172
0.718097
0.725421
0.744007
0.805765
0.881275
0.930197
0.958455
0.97342
0.980818
0.984368
0.985809
0.986004
0.985803
0.984399
0.97667
0.971349
0.972607
0.981263
0.991022
0.99607
0.998423
0.99943
0.999793
0.999914
0.99995
0.999957
0.99996
0.999963
0.999966
0.999967
0.999966
0.99996
0.999932
0.999802
0.999485
0.99932
0.999273
0.999235
0.999125
0.998665
0.997953
0.997649
0.997622
0.997748
0.998106
0.998349
0.998581
0.998868
0.999177
0.999455
0.99967
0.999816
0.999903
0.999947
0.999962
0.999964
0.999958
0.999941
0.999932
0.999923
0.999904
0.999844
0.999643
0.99944
0.999347
0.999328
0.999335
0.999395
0.999526
0.850683
0.862489
0.913691
0.949794
0.966113
0.973094
0.975841
0.976453
0.97626
0.974883
0.969516
0.961904
0.955914
0.951336
0.946875
0.942258
0.938852
0.936116
0.934463
0.934065
0.934292
0.934912
0.935712
0.936413
0.937155
0.938085
0.939687
0.942999
0.951176
0.96346
0.968359
0.969836
0.97092
0.973685
0.982421
0.992278
0.99711
0.999031
0.999705
0.999915
0.999975
0.99999
0.999997
0.999999
0.999995
0.999577
0.98259
0.85752
0.802343
0.793889
0.786841
0.779259
0.768926
0.764134
0.762986
0.763497
0.765697
0.76908
0.772196
0.774642
0.775812
0.776195
0.776224
0.776296
0.776583
0.777473
0.779569
0.784361
0.797559
0.83809
0.929611
0.973928
0.986357
0.985402
0.972214
0.915933
0.7829
0.696615
0.64967
0.620463
0.608394
0.592914
0.543645
0.47284
0.414034
0.379117
0.374815
0.387008
0.45689
0.640358
0.774981
0.840059
0.858653
0.859501
0.855354
0.852322
0.854813
0.867439
0.900977
0.931674
0.947054
0.950137
0.945503
0.912272
0.798676
0.716372
0.685528
0.681251
0.688353
0.706405
0.71403
0.717946
0.725251
0.746973
0.818796
0.891136
0.937164
0.963422
0.977052
0.98347
0.986188
0.987148
0.987315
0.98726
0.987089
0.986187
0.981509
0.979216
0.98125
0.989089
0.995053
0.997949
0.999215
0.999724
0.999902
0.999962
0.999981
0.999987
0.999988
0.999989
0.99999
0.999989
0.999986
0.999973
0.999913
0.999751
0.999667
0.999641
0.999608
0.999507
0.999087
0.998484
0.998223
0.998195
0.998279
0.998564
0.99879
0.99899
0.999211
0.999435
0.99963
0.999778
0.999877
0.999936
0.999967
0.999978
0.999981
0.99998
0.999975
0.999971
0.999969
0.999962
0.999942
0.999872
0.999806
0.999779
0.999774
0.999779
0.999808
0.999855
0.868982
0.868398
0.887192
0.934999
0.959458
0.970173
0.974685
0.976148
0.976315
0.975956
0.974185
0.969608
0.962015
0.956442
0.952053
0.94869
0.946174
0.943766
0.942344
0.941128
0.9408
0.940537
0.94064
0.940974
0.941695
0.943114
0.946067
0.952323
0.964368
0.968929
0.970185
0.970575
0.97177
0.97604
0.987007
0.994346
0.997933
0.999337
0.999807
0.999947
0.999986
0.999996
0.999999
1
1
0.999997
0.9997
0.988268
0.894465
0.818863
0.798231
0.792103
0.787573
0.780868
0.774362
0.769931
0.768642
0.769658
0.771674
0.773483
0.774813
0.775619
0.776046
0.776373
0.776747
0.777494
0.779207
0.782238
0.78601
0.794993
0.820023
0.897625
0.960247
0.980124
0.979557
0.966715
0.914864
0.778096
0.682517
0.628821
0.602228
0.586757
0.555755
0.500717
0.443379
0.41314
0.409151
0.418099
0.472491
0.631029
0.754792
0.817409
0.840726
0.844217
0.842294
0.84299
0.852583
0.883485
0.927038
0.947804
0.954257
0.954147
0.947899
0.912706
0.799815
0.720246
0.692771
0.690434
0.698625
0.710591
0.714547
0.717423
0.723965
0.747462
0.824628
0.898293
0.943258
0.967568
0.979553
0.984956
0.987086
0.987691
0.987722
0.987444
0.987274
0.987186
0.986438
0.984414
0.984385
0.987912
0.994071
0.997451
0.998999
0.999636
0.999877
0.999959
0.999985
0.999993
0.999996
0.999996
0.999997
0.999996
0.999995
0.99999
0.999962
0.999882
0.99984
0.999824
0.999797
0.999708
0.999347
0.99888
0.998681
0.998659
0.99872
0.998945
0.999141
0.999303
0.999465
0.999621
0.999755
0.999854
0.99992
0.999959
0.999979
0.999988
0.99999
0.99999
0.999989
0.999989
0.999988
0.999986
0.999979
0.999957
0.999938
0.999932
0.999931
0.999934
0.999947
0.999961
0.848186
0.866943
0.879584
0.908281
0.946054
0.964184
0.972101
0.97525
0.976179
0.976278
0.975912
0.974552
0.9711
0.966062
0.960158
0.955528
0.951902
0.949547
0.947522
0.946488
0.945639
0.945575
0.945842
0.946613
0.948219
0.951246
0.958101
0.967219
0.970919
0.970956
0.970848
0.971193
0.973277
0.981176
0.992074
0.997422
0.999221
0.999777
0.999938
0.999983
0.999995
0.999999
1
1
1
1
0.999994
0.999331
0.987238
0.917262
0.834047
0.806583
0.796344
0.793019
0.791315
0.787801
0.783236
0.779036
0.776643
0.776378
0.776732
0.777243
0.777754
0.778283
0.778827
0.779428
0.780574
0.782883
0.786627
0.790301
0.797353
0.815633
0.873623
0.946277
0.97251
0.972918
0.963064
0.921541
0.798527
0.678845
0.618077
0.591274
0.566421
0.521695
0.467416
0.436405
0.431204
0.437078
0.473241
0.597769
0.713371
0.783517
0.813182
0.817568
0.822416
0.835658
0.867436
0.919684
0.942781
0.952039
0.954796
0.953546
0.942814
0.891298
0.781648
0.717763
0.698531
0.698434
0.708345
0.713548
0.714421
0.715708
0.721297
0.748901
0.836644
0.911234
0.953345
0.973803
0.982781
0.986516
0.987879
0.98816
0.988116
0.987522
0.986739
0.986877
0.987103
0.986972
0.98695
0.98845
0.993525
0.997084
0.998823
0.999564
0.999849
0.999951
0.999984
0.999995
0.999998
0.999999
0.999999
0.999999
0.999998
0.999996
0.999983
0.999945
0.999925
0.999915
0.999892
0.999816
0.999519
0.99918
0.99904
0.999024
0.999068
0.999242
0.999405
0.999531
0.999646
0.999752
0.999841
0.999906
0.999949
0.999974
0.999987
0.999993
0.999995
0.999995
0.999995
0.999995
0.999995
0.999995
0.999993
0.999986
0.999982
0.999981
0.999981
0.999982
0.999987
0.999991
0.826477
0.853679
0.869531
0.897686
0.925714
0.952211
0.96659
0.972903
0.975444
0.976202
0.976375
0.976161
0.975341
0.973304
0.970239
0.966549
0.962735
0.959594
0.957032
0.955337
0.954136
0.954263
0.954935
0.956831
0.960054
0.966981
0.971602
0.973004
0.972602
0.971308
0.970874
0.971815
0.976577
0.989236
0.996235
0.998797
0.999652
0.999906
0.999975
0.999993
0.999998
0.999999
1
1
1
1
1
0.99997
0.998767
0.987605
0.93843
0.850921
0.814707
0.801462
0.796558
0.795865
0.795425
0.795486
0.794299
0.792108
0.790033
0.789078
0.788204
0.787545
0.787175
0.786434
0.786513
0.78713
0.78923
0.792441
0.79627
0.801717
0.815874
0.858422
0.933958
0.964461
0.966857
0.960188
0.928085
0.832782
0.691119
0.624792
0.589659
0.540895
0.496271
0.474947
0.472382
0.476432
0.498692
0.586013
0.689529
0.748066
0.776
0.794908
0.814058
0.855284
0.913143
0.937237
0.946586
0.950365
0.949426
0.94329
0.919475
0.836985
0.748213
0.711613
0.703622
0.70602
0.71416
0.715021
0.712764
0.712176
0.71752
0.753758
0.853408
0.924898
0.96178
0.977801
0.984571
0.9876
0.988785
0.989027
0.988957
0.988397
0.986423
0.985809
0.986234
0.986839
0.987533
0.98934
0.993784
0.997026
0.998743
0.999519
0.99983
0.999944
0.999983
0.999995
0.999998
0.999999
0.999999
0.999999
0.999999
0.999998
0.999992
0.999975
0.999966
0.999958
0.999941
0.999876
0.99964
0.999403
0.999308
0.999299
0.999331
0.999462
0.999592
0.999689
0.99977
0.999841
0.999898
0.99994
0.999967
0.999983
0.999992
0.999996
0.999997
0.999998
0.999998
0.999998
0.999998
0.999998
0.999998
0.999996
0.999995
0.999995
0.999995
0.999996
0.999997
0.999998
0.844096
0.83919
0.849413
0.875362
0.911803
0.936179
0.955511
0.967556
0.973086
0.975443
0.976208
0.976502
0.976449
0.976104
0.975346
0.973585
0.972292
0.969866
0.968839
0.967428
0.967469
0.967962
0.969202
0.971453
0.973591
0.974863
0.974715
0.97394
0.971515
0.969799
0.970425
0.974168
0.985979
0.995194
0.998503
0.999559
0.999877
0.999967
0.999991
0.999998
0.999999
1
1
1
1
1
1
0.999999
0.999904
0.998505
0.989152
0.955985
0.871411
0.824481
0.806384
0.799526
0.79812
0.798452
0.799627
0.802359
0.803649
0.805725
0.807928
0.808782
0.808632
0.807682
0.805376
0.801217
0.799748
0.800136
0.801125
0.803342
0.807586
0.818196
0.848373
0.922431
0.956429
0.961697
0.957691
0.935097
0.871583
0.73909
0.653266
0.58495
0.536314
0.519543
0.519651
0.526434
0.547531
0.609085
0.675425
0.725045
0.762412
0.790783
0.848328
0.913683
0.93472
0.942107
0.94021
0.935865
0.928057
0.909848
0.859221
0.773759
0.728538
0.710651
0.708793
0.713842
0.718569
0.716361
0.708005
0.70662
0.713718
0.763052
0.867917
0.933727
0.965908
0.979634
0.985375
0.988162
0.989592
0.990028
0.990048
0.989863
0.98795
0.985408
0.985194
0.985901
0.987451
0.990456
0.9942
0.997068
0.998714
0.999493
0.999817
0.999939
0.999981
0.999994
0.999998
0.999999
1
1
1
0.999999
0.999996
0.999989
0.999985
0.999979
0.999965
0.999911
0.999726
0.999565
0.999504
0.999499
0.999523
0.999622
0.999722
0.999794
0.999851
0.999898
0.999935
0.999961
0.999979
0.999989
0.999994
0.999997
0.999998
0.999999
0.999999
0.999999
0.999999
0.999999
0.999999
0.999999
0.999999
0.999999
0.999999
0.999999
0.999999
1
0.872167
0.868994
0.857247
0.863542
0.88579
0.921175
0.942726
0.957415
0.967486
0.972718
0.975101
0.976126
0.976514
0.976688
0.976658
0.976471
0.976053
0.97554
0.975119
0.974939
0.975044
0.975322
0.975846
0.976299
0.976223
0.97585
0.974528
0.970423
0.968415
0.96902
0.972626
0.984158
0.994562
0.998263
0.999477
0.999851
0.99996
0.999989
0.999997
0.999999
1
1
1
1
1
1
1
1
0.999994
0.999849
0.998468
0.991446
0.967564
0.899447
0.838441
0.811959
0.801476
0.798135
0.798536
0.801126
0.804237
0.807482
0.811925
0.815326
0.817941
0.821786
0.822774
0.822326
0.820961
0.819329
0.817555
0.812435
0.811673
0.813525
0.820462
0.843078
0.909441
0.948326
0.957092
0.955355
0.94241
0.905797
0.82123
0.710785
0.632903
0.600577
0.598901
0.603936
0.619934
0.651288
0.701744
0.741024
0.783318
0.8683
0.922018
0.938471
0.939483
0.932146
0.910323
0.894572
0.874
0.834393
0.777201
0.740935
0.721059
0.715767
0.717389
0.722952
0.72252
0.714606
0.700759
0.699306
0.710301
0.778088
0.884491
0.94406
0.970995
0.98195
0.986647
0.988991
0.990011
0.990321
0.99037
0.990315
0.989668
0.98623
0.984767
0.985022
0.986913
0.990578
0.994298
0.997069
0.998687
0.999475
0.999809
0.999935
0.999979
0.999994
0.999998
0.999999
1
1
1
1
0.999998
0.999995
0.999993
0.99999
0.999979
0.999933
0.99979
0.999682
0.999644
0.999642
0.999662
0.999737
0.999812
0.999864
0.999904
0.999934
0.999958
0.999975
0.999986
0.999993
0.999996
0.999998
0.999999
0.999999
1
1
1
1
1
1
1
1
1
1
1
1
0.898831
0.907008
0.898989
0.864424
0.872425
0.893806
0.924508
0.944465
0.95786
0.966558
0.97171
0.97438
0.975774
0.976429
0.976675
0.976904
0.976999
0.977031
0.977068
0.977169
0.977231
0.977219
0.977131
0.97681
0.975835
0.973433
0.967539
0.966665
0.96755
0.971756
0.984371
0.994558
0.998225
0.999454
0.999841
0.999956
0.999988
0.999997
0.999999
1
1
1
1
1
1
1
1
1
1
0.999987
0.999817
0.998636
0.993442
0.976224
0.930021
0.858499
0.819509
0.804866
0.795736
0.794428
0.796317
0.801333
0.808197
0.813438
0.81778
0.822052
0.825926
0.830499
0.832913
0.832938
0.832485
0.830581
0.823702
0.817822
0.818413
0.8227
0.839608
0.89536
0.939539
0.952921
0.953171
0.948108
0.929568
0.88301
0.821148
0.767487
0.741127
0.741087
0.748427
0.771121
0.799167
0.855023
0.911294
0.938266
0.94373
0.940824
0.925618
0.884628
0.837211
0.814657
0.78869
0.767055
0.746875
0.73179
0.72308
0.722816
0.725681
0.726769
0.724117
0.708698
0.692585
0.691773
0.708525
0.796802
0.900368
0.953119
0.975314
0.984212
0.9881
0.989721
0.990261
0.990373
0.990393
0.990354
0.989933
0.987139
0.984639
0.984571
0.98613
0.990426
0.99429
0.997062
0.998678
0.999466
0.999803
0.999933
0.999979
0.999993
0.999998
0.999999
1
1
1
1
0.999999
0.999998
0.999997
0.999994
0.999986
0.999947
0.999837
0.999765
0.999743
0.999743
0.999761
0.99982
0.999873
0.99991
0.999937
0.999957
0.999972
0.999983
0.999991
0.999995
0.999997
0.999999
0.999999
1
1
1
1
1
1
1
1
1
1
1
1
1
0.908575
0.919149
0.917049
0.895155
0.874428
0.881255
0.896534
0.916493
0.938507
0.953528
0.963322
0.969186
0.972683
0.974641
0.975708
0.97634
0.976716
0.976869
0.977107
0.977117
0.976995
0.976592
0.975622
0.97335
0.968244
0.964092
0.964272
0.966095
0.971925
0.986789
0.995292
0.998416
0.999497
0.99985
0.999958
0.999989
0.999997
0.999999
1
1
1
1
1
1
1
1
1
1
1
0.999999
0.999981
0.999814
0.998878
0.995149
0.983253
0.954855
0.886233
0.835048
0.807451
0.796883
0.786478
0.785833
0.78877
0.797456
0.808272
0.816585
0.823525
0.829487
0.834285
0.838294
0.839732
0.83955
0.837958
0.830601
0.822074
0.821515
0.823958
0.836437
0.879585
0.928863
0.947537
0.952197
0.951016
0.944095
0.928981
0.899261
0.875568
0.874034
0.878845
0.894554
0.922069
0.943079
0.949783
0.948636
0.93934
0.911903
0.851481
0.800439
0.776878
0.765536
0.757739
0.748764
0.738908
0.730976
0.729578
0.729408
0.729436
0.728312
0.722563
0.698645
0.683727
0.684523
0.711058
0.820755
0.915239
0.959496
0.977843
0.985505
0.988772
0.990086
0.990384
0.990281
0.990198
0.990155
0.989819
0.987329
0.984413
0.984148
0.985368
0.989993
0.994211
0.997035
0.99866
0.99946
0.999801
0.999932
0.999978
0.999993
0.999998
0.999999
1
1
1
1
1
0.999999
0.999998
0.999997
0.999989
0.999956
0.999873
0.999826
0.999813
0.999814
0.999831
0.999877
0.999914
0.99994
0.999958
0.999972
0.999982
0.999989
0.999994
0.999997
0.999998
0.999999
0.999999
1
1
1
1
1
1
1
1
1
1
1
1
1
0.886148
0.896664
0.926474
0.93282
0.892842
0.884615
0.888527
0.896231
0.906939
0.920039
0.936288
0.949154
0.959997
0.966254
0.969847
0.97212
0.973184
0.974081
0.974106
0.973564
0.971824
0.96927
0.965186
0.9607
0.960733
0.961867
0.9658
0.976106
0.990116
0.99631
0.998712
0.999577
0.99987
0.999962
0.999989
0.999997
0.999999
1
1
1
1
1
1
1
1
1
1
1
1
1
0.999998
0.999978
0.999832
0.999131
0.996506
0.988892
0.969553
0.924043
0.85807
0.817516
0.795565
0.783279
0.773297
0.772875
0.776879
0.788866
0.807445
0.821
0.830753
0.836994
0.840748
0.842659
0.842695
0.841281
0.834088
0.824825
0.822617
0.824032
0.832838
0.861125
0.914095
0.939592
0.94898
0.952051
0.951567
0.948492
0.943354
0.943728
0.946381
0.952784
0.956505
0.955535
0.949146
0.929724
0.883514
0.818564
0.784902
0.768964
0.761071
0.75532
0.749238
0.742995
0.736791
0.733282
0.731756
0.731086
0.730251
0.728023
0.716838
0.686717
0.675284
0.678954
0.720489
0.845794
0.928796
0.965944
0.980921
0.987
0.989597
0.990479
0.990505
0.989897
0.989416
0.989399
0.989167
0.987137
0.984037
0.983637
0.98462
0.989272
0.994008
0.996968
0.998633
0.999445
0.999794
0.999928
0.999976
0.999992
0.999997
0.999999
0.999999
1
1
1
1
0.999999
0.999999
0.999997
0.999991
0.999963
0.999901
0.999869
0.999862
0.999864
0.99988
0.999915
0.999941
0.999959
0.999972
0.999981
0.999988
0.999993
0.999996
0.999998
0.999999
0.999999
1
1
1
1
1
1
1
1
1
1
1
1
1
1
0.995434
0.989183
0.98608
0.986822
0.991713
0.991287
0.98548
0.962081
0.926358
0.923132
0.925073
0.929865
0.935958
0.942362
0.947725
0.952171
0.954231
0.955982
0.955797
0.955187
0.954645
0.95486
0.955624
0.957476
0.961441
0.970125
0.985379
0.99367
0.997484
0.999073
0.999681
0.999897
0.999969
0.999991
0.999997
0.999999
1
1
1
1
1
1
1
1
1
1
1
1
1
1
1
0.999998
0.999978
0.999865
0.999371
0.997682
0.99289
0.980672
0.956052
0.899326
0.840489
0.801845
0.781792
0.767539
0.759039
0.759469
0.765239
0.783097
0.81011
0.827052
0.836786
0.841475
0.843288
0.843404
0.842275
0.836453
0.826702
0.822729
0.823091
0.827961
0.84295
0.882025
0.92035
0.93868
0.947509
0.950909
0.952579
0.957027
0.957476
0.955927
0.949786
0.93281
0.895517
0.837008
0.799635
0.777259
0.765649
0.760415
0.757701
0.753639
0.747168
0.740619
0.736229
0.733372
0.731954
0.731173
0.729717
0.72501
0.704103
0.675182
0.667747
0.67618
0.740167
0.869697
0.941265
0.971527
0.983473
0.98856
0.990497
0.990863
0.990644
0.988889
0.987586
0.987662
0.987681
0.986479
0.983495
0.983016
0.983816
0.988268
0.993648
0.996884
0.998615
0.99944
0.999791
0.999925
0.999973
0.99999
0.999996
0.999998
0.999999
0.999999
0.999999
0.999999
0.999999
0.999999
0.999999
0.999998
0.999993
0.999968
0.999923
0.999903
0.999899
0.999901
0.999916
0.999942
0.99996
0.999973
0.999982
0.999988
0.999992
0.999995
0.999997
0.999998
0.999999
0.999999
1
1
1
1
1
1
1
1
1
1
1
1
1
1
0.999947
0.999811
0.99954
0.999484
0.999559
0.999542
0.999287
0.997771
0.992033
0.978792
0.960682
0.947558
0.943686
0.94422
0.94548
0.947231
0.948291
0.94879
0.949666
0.951393
0.953954
0.958936
0.965369
0.973667
0.985351
0.992608
0.996593
0.998561
0.99944
0.999797
0.999931
0.999978
0.999993
0.999998
0.999999
1
1
1
1
1
1
1
1
1
1
1
1
1
1
1
1
1
0.999998
0.999983
0.999906
0.999603
0.998625
0.995881
0.989393
0.974195
0.94723
0.888665
0.830048
0.78963
0.768517
0.752811
0.746171
0.747657
0.756057
0.782137
0.813632
0.830891
0.839252
0.842382
0.842628
0.841836
0.838233
0.828632
0.822803
0.821283
0.822651
0.82867
0.842779
0.871781
0.896878
0.915356
0.926776
0.926092
0.920585
0.906218
0.875421
0.835465
0.808558
0.788158
0.771496
0.763338
0.760808
0.75908
0.757686
0.75492
0.74786
0.739951
0.734765
0.731907
0.730597
0.729158
0.72597
0.71607
0.684501
0.66341
0.662195
0.678078
0.770868
0.893654
0.952764
0.975881
0.985432
0.989629
0.990981
0.99105
0.990497
0.986994
0.984537
0.984646
0.985233
0.985001
0.98296
0.982357
0.983033
0.98727
0.993192
0.996729
0.998574
0.999428
0.999785
0.999921
0.999971
0.999988
0.999994
0.999997
0.999998
0.999999
0.999999
0.999999
0.999999
0.999999
0.999999
0.999998
0.999994
0.999974
0.999941
0.999928
0.999926
0.999928
0.999941
0.999959
0.999972
0.999982
0.999988
0.999992
0.999995
0.999997
0.999998
0.999999
0.999999
0.999999
1
1
1
1
1
1
1
1
1
1
1
1
1
1
1
0.999998
0.999992
0.999986
0.999985
0.999983
0.99997
0.999888
0.99949
0.998228
0.995271
0.990389
0.984238
0.980129
0.976702
0.976251
0.976841
0.978591
0.981002
0.98392
0.987106
0.990364
0.993389
0.995905
0.997714
0.998846
0.999471
0.999778
0.999914
0.999969
0.999989
0.999997
0.999999
1
1
1
1
1
1
1
1
1
1
1
1
1
1
1
1
1
1
1
1
0.999998
0.999989
0.999945
0.999783
0.999277
0.997924
0.994623
0.987589
0.972109
0.946569
0.890601
0.824681
0.780024
0.756358
0.740132
0.735551
0.738234
0.749413
0.783054
0.815246
0.831392
0.838704
0.840321
0.839833
0.837915
0.830995
0.82461
0.819778
0.818084
0.818654
0.821471
0.825485
0.834904
0.835241
0.832742
0.825457
0.812381
0.802477
0.795038
0.785556
0.770761
0.760387
0.759598
0.760812
0.763377
0.763925
0.76259
0.755065
0.741355
0.731983
0.727335
0.724981
0.721972
0.715275
0.693838
0.665273
0.656984
0.659498
0.687346
0.807995
0.915316
0.961604
0.979624
0.987411
0.990597
0.991291
0.991138
0.989872
0.984144
0.980738
0.980818
0.982204
0.98288
0.982241
0.981743
0.982321
0.986288
0.99269
0.996517
0.998488
0.999391
0.999765
0.999911
0.999965
0.999984
0.999991
0.999994
0.999996
0.999997
0.999998
0.999998
0.999998
0.999998
0.999998
0.999998
0.999994
0.999978
0.999955
0.999945
0.999944
0.999946
0.999956
0.99997
0.99998
0.999987
0.999991
0.999995
0.999997
0.999998
0.999998
0.999999
0.999999
0.999999
1
1
1
1
1
1
1
1
1
1
1
1
1
1
1
1
1
1
1
1
0.999999
0.999996
0.999975
0.999891
0.999652
0.999067
0.998195
0.997369
0.996737
0.996751
0.997047
0.997555
0.998014
0.998409
0.998755
0.999074
0.999364
0.999604
0.999778
0.999888
0.999948
0.999978
0.999991
0.999997
0.999999
1
1
1
1
1
1
1
1
1
1
1
1
1
1
1
1
1
1
1
1
1
1
1
0.999999
0.999994
0.999972
0.999896
0.999668
0.999066
0.997634
0.994437
0.987983
0.974192
0.949789
0.894634
0.819858
0.771096
0.745353
0.729794
0.726983
0.730637
0.743897
0.781707
0.81287
0.828278
0.834984
0.835677
0.834782
0.832549
0.826814
0.820753
0.817919
0.814017
0.812072
0.80873
0.806601
0.803257
0.799084
0.796327
0.793505
0.78802
0.776923
0.757155
0.755634
0.759465
0.772447
0.784219
0.788821
0.785344
0.771846
0.748886
0.730996
0.720126
0.71447
0.707426
0.692379
0.668007
0.655787
0.654122
0.660162
0.707266
0.847632
0.935362
0.96992
0.983073
0.989032
0.991247
0.991524
0.990974
0.988314
0.980211
0.976629
0.976777
0.978871
0.980991
0.981189
0.98117
0.98171
0.985371
0.992207
0.99636
0.998444
0.999372
0.999752
0.999897
0.999951
0.999973
0.999984
0.99999
0.999994
0.999996
0.999996
0.999997
0.999997
0.999997
0.999997
0.999997
0.999994
0.999982
0.999965
0.999958
0.999957
0.999958
0.999966
0.999977
0.999984
0.99999
0.999993
0.999996
0.999997
0.999998
0.999999
0.999999
0.999999
0.999999
0.999999
0.999999
1
1
1
1
1
1
1
1
1
1
1
1
1
1
1
1
1
1
1
1
0.999999
0.999995
0.999982
0.999947
0.999875
0.999787
0.999741
0.99975
0.999795
0.999844
0.999881
0.99991
0.999933
0.999952
0.999967
0.999979
0.999988
0.999994
0.999997
0.999999
0.999999
1
1
1
1
1
1
1
1
1
1
1
1
1
1
1
1
1
1
1
1
1
1
1
1
1
1
0.999999
0.999997
0.999988
0.999956
0.999864
0.999626
0.999055
0.997779
0.994989
0.989202
0.97681
0.952287
0.893981
0.812543
0.762014
0.735807
0.721543
0.719762
0.723676
0.736708
0.772808
0.803923
0.820159
0.827706
0.828859
0.82822
0.826349
0.823733
0.819562
0.814793
0.812786
0.809381
0.806304
0.802645
0.799338
0.792592
0.777977
0.748259
0.747718
0.754032
0.780013
0.813847
0.833021
0.824027
0.802247
0.777145
0.753232
0.731737
0.713852
0.701644
0.685971
0.669804
0.657525
0.652708
0.65311
0.665597
0.744947
0.883367
0.951346
0.975672
0.985515
0.990363
0.991843
0.991677
0.990244
0.984934
0.975461
0.972205
0.972509
0.975331
0.979203
0.980261
0.980554
0.981215
0.9847
0.991817
0.996227
0.998396
0.999349
0.999737
0.999883
0.999937
0.999961
0.999975
0.999983
0.999987
0.99999
0.999992
0.999993
0.999995
0.999996
0.999996
0.999996
0.999994
0.999985
0.999972
0.999966
0.999965
0.999966
0.999971
0.99998
0.999987
0.999992
0.999995
0.999997
0.999998
0.999998
0.999999
0.999999
0.999999
0.999999
0.999999
0.999999
0.999999
1
1
1
1
1
1
1
1
1
1
1
1
1
1
1
1
1
1
1
1
1
0.999999
0.999998
0.999995
0.99999
0.999989
0.999991
0.999993
0.999995
0.999997
0.999998
0.999998
0.999999
0.999999
0.999999
1
1
1
1
1
1
1
1
1
1
1
1
1
1
1
1
1
1
1
1
1
1
1
1
1
1
1
1
1
1
1
1
1
0.999999
0.999995
0.999984
0.999951
0.999866
0.99966
0.999179
0.998086
0.99562
0.990204
0.977954
0.952578
0.888399
0.80419
0.754135
0.728578
0.714988
0.713011
0.715949
0.725604
0.751791
0.78433
0.803372
0.814356
0.818594
0.818996
0.818591
0.817114
0.815434
0.812769
0.808632
0.802856
0.790235
0.760624
0.73322
0.73423
0.745802
0.785946
0.853688
0.873614
0.860331
0.830584
0.800166
0.773621
0.750804
0.729088
0.708523
0.691209
0.676299
0.663242
0.654946
0.652269
0.654651
0.679211
0.7958
0.915741
0.96395
0.979661
0.987314
0.991294
0.992212
0.991576
0.988313
0.979241
0.970011
0.967398
0.967939
0.971516
0.977392
0.979472
0.980016
0.980827
0.984305
0.991449
0.995959
0.99825
0.999265
0.999688
0.999854
0.99991
0.999931
0.999948
0.999966
0.999978
0.999984
0.999986
0.999988
0.99999
0.999993
0.999994
0.999994
0.999993
0.999988
0.999977
0.999972
0.999971
0.999971
0.999974
0.999982
0.999988
0.999992
0.999995
0.999997
0.999998
0.999998
0.999999
0.999999
0.999999
0.999999
0.999999
0.999999
0.999999
0.999999
0.999999
1
1
1
1
1
1
1
1
1
1
1
1
1
1
1
1
1
1
1
1
1
1
1
1
1
1
1
1
1
1
1
1
1
1
1
1
1
1
1
1
1
1
1
1
1
1
1
1
1
1
1
1
1
1
1
1
1
1
1
1
1
1
1
1
1
1
1
1
0.999998
0.999995
0.999984
0.999957
0.999888
0.999719
0.999308
0.998325
0.995988
0.990617
0.978029
0.95158
0.883459
0.800116
0.750417
0.725014
0.710529
0.706327
0.707261
0.711493
0.722071
0.744892
0.765344
0.780893
0.791243
0.79223
0.790688
0.785878
0.77481
0.753569
0.719805
0.713082
0.71773
0.739147
0.805717
0.892389
0.910647
0.896298
0.858338
0.815066
0.782388
0.75812
0.738441
0.720031
0.70303
0.687674
0.673638
0.66178
0.654846
0.654255
0.660835
0.708197
0.853131
0.943436
0.972951
0.983008
0.98947
0.992431
0.992545
0.990933
0.984386
0.972461
0.964031
0.962246
0.96309
0.967515
0.975597
0.978812
0.979614
0.980532
0.984042
0.99118
0.995763
0.998118
0.999182
0.999619
0.99978
0.999847
0.999888
0.99992
0.999946
0.999963
0.999972
0.999976
0.999978
0.999982
0.999986
0.99999
0.999991
0.999991
0.999989
0.99998
0.999975
0.999974
0.999974
0.999976
0.999982
0.999989
0.999993
0.999995
0.999997
0.999998
0.999998
0.999998
0.999998
0.999998
0.999998
0.999998
0.999998
0.999998
0.999999
0.999999
0.999999
1
1
1
1
1
1
1
1
1
1
1
1
1
1
1
1
1
1
1
1
1
1
1
1
1
1
1
1
1
1
1
1
1
1
1
1
1
1
1
1
1
1
1
1
1
1
1
1
1
1
1
1
1
1
1
1
1
1
1
1
1
1
1
1
1
1
1
1
1
0.999998
0.999995
0.999987
0.999966
0.999909
0.999762
0.999385
0.998441
0.996144
0.990807
0.978412
0.953079
0.890167
0.809428
0.756344
0.728076
0.711884
0.701523
0.698262
0.698297
0.698926
0.700621
0.706636
0.707701
0.706472
0.70296
0.692986
0.691325
0.693332
0.704616
0.740932
0.846754
0.92452
0.942809
0.93144
0.889917
0.833299
0.796113
0.770812
0.751321
0.734373
0.718281
0.702558
0.687851
0.673862
0.663702
0.660401
0.661581
0.67712
0.766568
0.900665
0.961009
0.977554
0.984836
0.990742
0.99293
0.99267
0.989332
0.979025
0.966181
0.957841
0.956663
0.95785
0.963364
0.973908
0.978327
0.979388
0.980376
0.98389
0.991157
0.99574
0.998087
0.999151
0.999582
0.999715
0.999755
0.999796
0.999852
0.999907
0.999944
0.999956
0.999956
0.999954
0.999955
0.999967
0.999982
0.999988
0.999989
0.999988
0.999982
0.999977
0.999975
0.999975
0.999976
0.999982
0.999988
0.999993
0.999995
0.999997
0.999997
0.999997
0.999998
0.999997
0.999997
0.999997
0.999997
0.999997
0.999997
0.999998
0.999998
0.999999
0.999999
0.999999
0.999999
0.999999
0.999999
0.999999
0.999999
0.999999
1
1
1
1
1
1
1
1
1
1
1
1
1
1
1
1
1
1
1
1
1
1
1
1
1
1
1
1
1
1
1
1
1
1
1
1
1
1
1
1
1
1
1
1
1
1
1
1
1
1
1
1
1
1
1
1
1
1
1
1
1
1
1
0.999999
0.999997
0.99999
0.999972
0.999922
0.999785
0.999425
0.99853
0.996395
0.991587
0.980455
0.961047
0.916445
0.847225
0.787245
0.746668
0.723855
0.70959
0.697725
0.690423
0.685469
0.680531
0.678832
0.679361
0.681939
0.690094
0.714281
0.78436
0.897011
0.951437
0.967238
0.962081
0.929935
0.868682
0.825244
0.793571
0.77167
0.756921
0.744522
0.731259
0.716885
0.701466
0.687654
0.679065
0.676935
0.680559
0.712623
0.839062
0.938616
0.972688
0.980533
0.987091
0.992346
0.993448
0.992466
0.986269
0.973697
0.960376
0.951858
0.950917
0.9524
0.959088
0.972342
0.978025
0.979353
0.980397
0.983967
0.991061
0.995688
0.998025
0.99909
0.999514
0.999639
0.99967
0.999719
0.999804
0.999879
0.999918
0.999922
0.999919
0.999917
0.999923
0.999948
0.999971
0.999982
0.999986
0.999986
0.999983
0.999977
0.999975
0.999975
0.999976
0.999981
0.999988
0.999992
0.999995
0.999996
0.999996
0.999996
0.999996
0.999996
0.999996
0.999996
0.999996
0.999996
0.999996
0.999996
0.999997
0.999998
0.999998
0.999999
0.999999
0.999999
0.999999
0.999999
0.999999
0.999999
1
1
1
1
1
1
1
1
1
1
1
1
1
1
1
1
1
1
1
1
1
1
1
1
1
1
1
1
1
1
1
1
1
1
1
1
1
1
1
1
1
1
1
1
1
1
1
1
1
1
1
1
1
1
1
1
1
1
1
1
1
1
1
1
1
0.999999
0.999997
0.999992
0.999975
0.999929
0.999805
0.999491
0.998747
0.997072
0.993491
0.984698
0.973901
0.954658
0.912263
0.859365
0.815103
0.783714
0.754981
0.733944
0.728541
0.729824
0.735405
0.752363
0.791885
0.88043
0.940699
0.971963
0.983101
0.982693
0.968658
0.914567
0.863284
0.82494
0.804458
0.795786
0.796589
0.794908
0.786934
0.77288
0.754585
0.733269
0.717623
0.713443
0.720403
0.779509
0.904092
0.962501
0.978156
0.982151
0.988831
0.993267
0.993714
0.991638
0.981819
0.968444
0.955616
0.946668
0.94567
0.94732
0.954761
0.971075
0.978035
0.979461
0.980513
0.984192
0.990994
0.995431
0.997762
0.998894
0.999331
0.999465
0.999533
0.999623
0.99973
0.999815
0.999859
0.999872
0.999872
0.999873
0.999886
0.999928
0.99996
0.999977
0.999983
0.999983
0.999982
0.999977
0.999974
0.999973
0.999974
0.999977
0.999985
0.999991
0.999994
0.999995
0.999995
0.999995
0.999995
0.999995
0.999994
0.999994
0.999994
0.999994
0.999994
0.999994
0.999995
0.999996
0.999997
0.999997
0.999997
0.999997
0.999998
0.999998
0.999998
0.999998
1
1
1
1
1
1
1
1
1
1
1
1
1
1
1
1
1
1
1
1
1
1
1
1
1
1
1
1
1
1
1
1
1
1
1
1
1
1
1
1
1
1
1
1
1
1
1
1
1
1
1
1
1
1
1
1
1
1
1
1
1
1
1
1
1
1
1
0.999999
0.999998
0.999993
0.999979
0.999941
0.999846
0.999628
0.999132
0.998168
0.996327
0.992492
0.987808
0.982168
0.971583
0.946126
0.910719
0.889149
0.88623
0.888819
0.897742
0.919758
0.948771
0.97166
0.98575
0.992053
0.992679
0.988458
0.962112
0.907618
0.866385
0.848152
0.851921
0.866788
0.891336
0.901625
0.899416
0.889445
0.864552
0.821249
0.788772
0.779503
0.789667
0.865
0.946395
0.974465
0.980356
0.983464
0.990707
0.994088
0.993883
0.990182
0.977396
0.963196
0.951159
0.941959
0.940933
0.942752
0.950782
0.969526
0.978324
0.979859
0.980801
0.984476
0.991079
0.995268
0.997538
0.998589
0.998949
0.999067
0.999178
0.99936
0.999568
0.999729
0.999792
0.999799
0.999789
0.999776
0.999793
0.99987
0.999932
0.999964
0.999977
0.99998
0.99998
0.999976
0.999971
0.99997
0.99997
0.999974
0.999983
0.999989
0.999991
0.999993
0.999993
0.999993
0.999992
0.999991
0.999991
0.99999
0.99999
0.99999
0.999991
0.999992
0.999993
0.999993
0.999993
0.999994
0.999994
0.999995
0.999995
0.999995
0.999995
0.999995
1
1
1
1
1
1
1
1
1
1
1
1
1
1
1
1
1
1
1
1
1
1
1
1
1
1
1
1
1
1
1
1
1
1
1
1
1
1
1
1
1
1
1
1
1
1
1
1
1
1
1
1
1
1
1
1
1
1
1
1
1
1
1
1
1
1
1
1
1
0.999999
0.999998
0.999994
0.999984
0.999959
0.999905
0.999776
0.999588
0.999186
0.998511
0.997836
0.996825
0.994885
0.988766
0.979319
0.975959
0.976022
0.977441
0.981778
0.988489
0.993666
0.996537
0.997191
0.996154
0.989299
0.956278
0.911984
0.900796
0.909162
0.930962
0.950535
0.96271
0.967705
0.967175
0.963866
0.955205
0.9303
0.888922
0.873518
0.880091
0.925805
0.967454
0.978926
0.98094
0.984758
0.992467
0.994616
0.993862
0.988275
0.973873
0.958227
0.946357
0.937728
0.936648
0.938667
0.947367
0.968077
0.978677
0.980641
0.98132
0.984467
0.991114
0.99521
0.99743
0.998392
0.998694
0.998785
0.998945
0.999204
0.999469
0.999623
0.999657
0.999647
0.999607
0.999605
0.999683
0.999822
0.999908
0.999953
0.999972
0.999976
0.999976
0.999972
0.999965
0.999962
0.999963
0.999966
0.999977
0.999985
0.999989
0.99999
0.99999
0.99999
0.999988
0.999987
0.999986
0.999985
0.999985
0.999985
0.999986
0.999988
0.999988
0.999988
0.999987
0.999987
0.999987
0.999988
0.999989
0.99999
0.99999
0.99999
1
1
1
1
1
1
1
1
1
1
1
1
1
1
1
1
1
1
1
1
1
1
1
1
1
1
1
1
1
1
1
1
1
1
1
1
1
1
1
1
1
1
1
1
1
1
1
1
1
1
1
1
1
1
1
1
1
1
1
1
1
1
1
1
1
1
1
1
1
1
1
1
0.999999
0.999996
0.999991
0.999981
0.999955
0.999929
0.999889
0.999805
0.999566
0.999338
0.999089
0.998475
0.997276
0.996886
0.996923
0.997197
0.998043
0.998838
0.999074
0.998848
0.996963
0.98711
0.952906
0.949774
0.953593
0.961721
0.969899
0.976472
0.981157
0.98312
0.983019
0.981956
0.97884
0.970693
0.949463
0.937507
0.938009
0.954543
0.976183
0.980034
0.98091
0.986849
0.993696
0.994875
0.993533
0.986206
0.970503
0.954376
0.94211
0.935276
0.933402
0.935363
0.944582
0.966926
0.978734
0.981476
0.982065
0.984585
0.99088
0.995038
0.997216
0.998129
0.998434
0.998544
0.998673
0.998955
0.999282
0.999417
0.999421
0.999345
0.999288
0.999336
0.999573
0.999772
0.999885
0.999943
0.999967
0.999973
0.999972
0.999966
0.999956
0.999953
0.999954
0.99996
0.999973
0.999981
0.999984
0.999985
0.999985
0.999984
0.99998
0.999978
0.999976
0.999975
0.999975
0.999976
0.999979
0.99998
0.99998
0.99998
0.999977
0.999975
0.999974
0.999974
0.999976
0.999978
0.99998
0.999979
1
1
1
1
1
1
1
1
1
1
1
1
1
1
1
1
1
1
1
1
1
1
1
1
1
1
1
1
1
1
1
1
1
1
1
1
1
1
1
1
1
1
1
1
1
1
1
1
1
1
1
1
1
1
1
1
1
1
1
1
1
1
1
1
1
1
1
1
1
1
1
1
1
1
0.999999
0.999999
0.999997
0.999995
0.999993
0.999988
0.999978
0.99994
0.9999
0.999875
0.999821
0.999781
0.999778
0.999791
0.999815
0.999812
0.99974
0.999257
0.996406
0.981595
0.978108
0.977328
0.977751
0.979331
0.981594
0.984838
0.987013
0.98769
0.987616
0.987206
0.986096
0.983196
0.97292
0.963038
0.96215
0.969458
0.979697
0.979212
0.980543
0.989627
0.994386
0.994979
0.993159
0.984584
0.968643
0.951773
0.93972
0.933932
0.931791
0.933114
0.94169
0.965858
0.978777
0.982197
0.982807
0.984905
0.990182
0.994331
0.996516
0.997436
0.997818
0.997896
0.998165
0.998724
0.999007
0.999023
0.998904
0.998814
0.998837
0.99909
0.999464
0.999714
0.99986
0.999932
0.999959
0.999965
0.999963
0.999951
0.999939
0.999936
0.999937
0.999949
0.999965
0.999974
0.999978
0.999979
0.999978
0.999975
0.999968
0.999963
0.999959
0.999958
0.999958
0.999961
0.999966
0.999968
0.999968
0.999967
0.999959
0.999952
0.99995
0.999949
0.999951
0.999956
0.99996
0.999959
1
1
1
1
1
1
1
1
1
1
1
1
1
1
1
1
1
1
1
1
1
1
1
1
1
1
1
1
1
1
1
1
1
1
1
1
1
1
1
1
1
1
1
1
1
1
1
1
1
1
1
1
1
1
1
1
1
1
1
1
1
1
1
1
1
1
1
1
1
1
1
1
1
1
1
1
1
1
1
0.999999
0.999999
0.999998
0.999997
0.999994
0.999992
0.999991
0.999989
0.999987
0.999979
0.999955
0.999845
0.999157
0.994324
0.991123
0.989912
0.986647
0.984536
0.984473
0.985499
0.987857
0.988842
0.988855
0.988599
0.988249
0.987838
0.986853
0.982794
0.975399
0.974217
0.978662
0.980639
0.976826
0.981569
0.991639
0.994653
0.994999
0.992891
0.983837
0.967764
0.950395
0.938522
0.933293
0.931238
0.931904
0.939884
0.963621
0.978624
0.982565
0.983869
0.985865
0.989695
0.992886
0.994861
0.995983
0.996482
0.996985
0.997758
0.99825
0.998289
0.998203
0.998137
0.998136
0.998294
0.99888
0.999392
0.999696
0.999856
0.999928
0.999952
0.999955
0.99995
0.999929
0.999917
0.999915
0.999918
0.999938
0.999957
0.999966
0.999968
0.999968
0.999967
0.999958
0.999945
0.999934
0.999929
0.999927
0.999928
0.999935
0.999945
0.999949
0.999949
0.999946
0.999932
0.999915
0.999907
0.999906
0.999907
0.999915
0.999926
0.999924
1
1
1
1
1
1
1
1
1
1
1
1
1
1
1
1
1
1
1
1
1
1
1
1
1
1
1
1
1
1
1
1
1
1
1
1
1
1
1
1
1
1
1
1
1
1
1
1
1
1
1
1
1
1
1
1
1
1
1
1
1
1
1
1
1
1
1
1
1
1
1
1
1
1
1
1
1
1
1
1
1
1
1
1
1
0.999999
0.999999
0.999997
0.999992
0.999972
0.99986
0.998815
0.996901
0.996038
0.994153
0.988739
0.985414
0.985338
0.987302
0.98927
0.989387
0.989059
0.988353
0.988071
0.987959
0.987621
0.986091
0.981225
0.980426
0.982866
0.97822
0.973721
0.984468
0.992196
0.994661
0.994931
0.992772
0.983701
0.967711
0.950035
0.938202
0.933199
0.931287
0.931651
0.939429
0.960316
0.978096
0.982877
0.984909
0.987024
0.989674
0.991849
0.993461
0.994556
0.995356
0.996314
0.997149
0.9975
0.997589
0.997587
0.997473
0.997456
0.997941
0.998847
0.999398
0.999706
0.999861
0.999925
0.999942
0.999941
0.999924
0.999896
0.999884
0.999884
0.999894
0.999924
0.999943
0.99995
0.999951
0.99995
0.999942
0.99992
0.999899
0.999884
0.999876
0.999875
0.999877
0.999892
0.99991
0.999916
0.999916
0.999912
0.999889
0.999855
0.999837
0.999833
0.999835
0.999846
0.999866
0.999863
1
1
1
1
1
1
1
1
1
1
1
1
1
1
1
1
1
1
1
1
1
1
1
1
1
1
1
1
1
1
1
1
1
1
1
1
1
1
1
1
1
1
1
1
1
1
1
1
1
1
1
1
1
1
1
1
1
1
1
1
1
1
1
1
1
1
1
1
1
1
1
1
1
1
1
1
1
1
1
1
1
1
1
1
1
1
1
0.999999
0.999996
0.99998
0.999882
0.999399
0.998886
0.99787
0.994985
0.987322
0.983917
0.985038
0.98901
0.99008
0.989612
0.987662
0.986443
0.986502
0.987116
0.987285
0.986649
0.983983
0.984152
0.983965
0.969309
0.971604
0.986192
0.991393
0.993919
0.994667
0.993324
0.985804
0.971696
0.953307
0.940384
0.935064
0.933113
0.932947
0.939756
0.956766
0.976199
0.982969
0.985553
0.987703
0.989761
0.991506
0.992841
0.99384
0.994898
0.996029
0.996784
0.997034
0.996996
0.99664
0.996471
0.996869
0.998
0.998904
0.999447
0.999742
0.999875
0.999919
0.999925
0.999915
0.999871
0.999837
0.999828
0.999832
0.999862
0.999904
0.999924
0.999931
0.999931
0.999927
0.999906
0.999861
0.999825
0.999802
0.999794
0.999794
0.999801
0.999831
0.999856
0.999863
0.999862
0.999853
0.999812
0.999755
0.999723
0.999714
0.999715
0.999729
0.999766
0.99976
1
1
1
1
1
1
1
1
1
1
1
1
1
1
1
1
1
1
1
1
1
1
1
1
1
1
1
1
1
1
1
1
1
1
1
1
1
1
1
1
1
1
1
1
1
1
1
1
1
1
1
1
1
1
1
1
1
1
1
1
1
1
1
1
1
1
1
1
1
1
1
1
1
1
1
1
1
1
1
1
1
1
1
1
1
1
1
1
0.999998
0.99999
0.999944
0.999814
0.999463
0.998193
0.991239
0.980276
0.980167
0.98672
0.990841
0.990685
0.988306
0.98601
0.98516
0.985198
0.985985
0.986751
0.986322
0.984739
0.986028
0.980581
0.955514
0.973035
0.981879
0.987094
0.992065
0.994202
0.994211
0.989788
0.976388
0.960178
0.945866
0.939653
0.937214
0.936763
0.940886
0.95272
0.969432
0.982003
0.985673
0.987846
0.989759
0.991304
0.992555
0.993612
0.9948
0.995854
0.996319
0.996166
0.995445
0.995251
0.995799
0.997006
0.998252
0.999109
0.999589
0.999808
0.999885
0.999901
0.999892
0.999838
0.999771
0.999747
0.999748
0.999784
0.999852
0.99989
0.999904
0.999906
0.999903
0.99988
0.999808
0.999733
0.999683
0.99966
0.999656
0.99966
0.999689
0.999744
0.999769
0.999773
0.999768
0.999742
0.999659
0.999577
0.999529
0.999512
0.999513
0.999528
0.999587
0.999576
1
1
1
1
1
1
1
1
1
1
1
1
1
1
1
1
1
1
1
1
1
1
1
1
1
1
1
1
1
1
1
1
1
1
1
1
1
1
1
1
1
1
1
1
1
1
1
1
1
1
1
1
1
1
1
1
1
1
1
1
1
1
1
1
1
1
1
1
1
1
1
1
1
1
1
1
1
1
1
1
1
1
1
1
1
1
1
1
0.999999
0.999996
0.999982
0.999922
0.999555
0.995917
0.977925
0.970832
0.977366
0.989836
0.992385
0.991072
0.987475
0.985672
0.984997
0.985248
0.986405
0.986668
0.986113
0.987356
0.985494
0.958874
0.944469
0.962884
0.96869
0.975106
0.98591
0.992546
0.994443
0.993656
0.986215
0.969663
0.954025
0.946146
0.943045
0.942263
0.94447
0.953036
0.9626
0.975082
0.983179
0.986511
0.988664
0.990294
0.991633
0.993328
0.994578
0.995178
0.994664
0.993987
0.9941
0.994917
0.996175
0.997754
0.998872
0.999471
0.999744
0.999843
0.999866
0.999851
0.999765
0.999664
0.99963
0.999634
0.999692
0.999788
0.999842
0.999864
0.999869
0.999867
0.99985
0.999779
0.999651
0.99955
0.99949
0.99947
0.99947
0.999486
0.99955
0.999604
0.999617
0.999614
0.999584
0.999478
0.999349
0.999247
0.999182
0.999156
0.999155
0.999171
0.999256
0.999231
1
1
1
1
1
1
1
1
1
1
1
1
1
1
1
1
1
1
1
1
1
1
1
1
1
1
1
1
1
1
1
1
1
1
1
1
1
1
1
1
1
1
1
1
1
1
1
1
1
1
1
1
1
1
1
1
1
1
1
1
1
1
1
1
1
1
1
1
1
1
1
1
1
1
1
1
1
1
1
1
1
1
1
1
1
1
1
1
0.999999
0.999998
0.999993
0.999939
0.999124
0.99068
0.966928
0.964048
0.977385
0.990636
0.993141
0.991898
0.988567
0.987097
0.986518
0.986438
0.986778
0.986849
0.986882
0.987342
0.97587
0.914549
0.914662
0.931822
0.937779
0.945282
0.965077
0.985547
0.993476
0.994852
0.993392
0.984644
0.968072
0.956078
0.950989
0.949397
0.949473
0.954875
0.962381
0.969544
0.976118
0.981205
0.984951
0.987638
0.989976
0.992436
0.99341
0.992902
0.992732
0.993241
0.994135
0.995568
0.997495
0.998758
0.999404
0.999695
0.999799
0.999822
0.999794
0.999661
0.999529
0.999491
0.999504
0.999598
0.999719
0.999788
0.999817
0.999825
0.999824
0.999813
0.999762
0.999602
0.999406
0.999256
0.999174
0.999153
0.999159
0.999209
0.999301
0.999333
0.999332
0.999295
0.999135
0.998919
0.998756
0.998632
0.998547
0.998509
0.998503
0.998522
0.998642
0.998578
1
1
1
1
1
1
1
1
1
1
1
1
1
1
1
1
1
1
1
1
1
1
1
1
1
1
1
1
1
1
1
1
1
1
1
1
1
1
1
1
1
1
1
1
1
1
1
1
1
1
1
1
1
1
1
1
1
1
1
1
1
1
1
1
1
1
1
1
1
1
1
1
1
1
1
1
1
1
1
1
1
1
0.999999
0.999998
0.999997
0.999997
0.999997
0.999997
0.999996
0.999996
0.999991
0.999919
0.998974
0.989944
0.962884
0.958361
0.973332
0.990232
0.993344
0.993279
0.991314
0.988724
0.987694
0.987355
0.987479
0.987974
0.988865
0.985156
0.95307
0.877198
0.874093
0.891339
0.908254
0.916915
0.923467
0.963421
0.988
0.994698
0.995311
0.992623
0.982441
0.969218
0.960813
0.957356
0.956396
0.957708
0.96415
0.969457
0.975103
0.979925
0.984205
0.987107
0.989397
0.990812
0.991432
0.991766
0.992519
0.993511
0.995215
0.997418
0.998725
0.999371
0.999655
0.999752
0.999771
0.999723
0.99953
0.999379
0.999346
0.999375
0.999513
0.999654
0.999735
0.99977
0.999779
0.999778
0.999766
0.999713
0.999544
0.99928
0.999024
0.998826
0.99872
0.998695
0.998704
0.998769
0.998836
0.998845
0.998818
0.998664
0.998271
0.997963
0.997752
0.997609
0.99751
0.997464
0.997454
0.997471
0.997616
0.997486
1
1
1
1
1
1
1
1
1
1
1
1
1
1
1
1
1
1
1
1
1
1
1
1
1
1
1
1
1
1
1
1
1
1
1
1
1
1
1
1
1
1
1
1
1
1
1
1
1
1
1
1
1
1
1
1
1
1
1
1
1
1
1
1
1
1
1
1
1
1
1
1
1
1
1
1
1
1
1
1
0.999998
0.999994
0.999981
0.999976
0.999977
0.999978
0.999981
0.999982
0.999983
0.999983
0.999978
0.999906
0.999019
0.991034
0.961199
0.95072
0.965007
0.988048
0.993162
0.993478
0.99301
0.991491
0.990139
0.989597
0.989669
0.989967
0.988749
0.979638
0.907385
0.858266
0.85741
0.86925
0.899245
0.912071
0.909956
0.914008
0.9709
0.991534
0.995562
0.995654
0.992016
0.982093
0.973787
0.967839
0.965466
0.96484
0.966676
0.971463
0.975869
0.980685
0.984571
0.987283
0.989368
0.990342
0.991029
0.991883
0.993146
0.995311
0.997615
0.998803
0.99938
0.999621
0.999699
0.999707
0.999613
0.999356
0.999216
0.9992
0.999266
0.99945
0.999602
0.999686
0.999719
0.999725
0.99972
0.999685
0.999561
0.999352
0.999106
0.998809
0.998494
0.998228
0.998064
0.997997
0.997986
0.997987
0.997981
0.997935
0.997747
0.997193
0.996652
0.9963
0.996077
0.995947
0.99586
0.995822
0.995815
0.995839
0.996042
0.995864
1
1
1
1
1
1
1
1
1
1
1
1
1
1
1
1
1
1
1
1
1
1
1
1
1
1
1
1
1
1
1
1
1
1
1
1
1
1
1
1
1
1
1
1
1
1
1
1
1
1
1
1
1
1
1
1
1
1
1
1
1
1
1
1
1
1
1
1
1
1
1
1
1
1
1
1
1
1
0.999998
0.999992
0.999971
0.99987
0.999761
0.999768
0.999798
0.99985
0.999889
0.99991
0.999929
0.999937
0.999933
0.999872
0.999153
0.993039
0.964473
0.947455
0.956172
0.98366
0.99231
0.993453
0.993407
0.993005
0.992298
0.991719
0.991359
0.990491
0.987612
0.969151
0.886685
0.855307
0.855777
0.870945
0.910069
0.924329
0.91658
0.895925
0.92867
0.980623
0.994092
0.996283
0.99589
0.991948
0.983379
0.978947
0.975348
0.974046
0.973796
0.976174
0.979067
0.982946
0.985514
0.987877
0.989591
0.990531
0.991566
0.993309
0.995925
0.997962
0.998955
0.999408
0.999581
0.999635
0.999616
0.999426
0.999154
0.999058
0.999073
0.999203
0.999414
0.999564
0.999634
0.999654
0.999649
0.9996
0.999393
0.999135
0.998975
0.998829
0.99857
0.998142
0.997616
0.997141
0.996823
0.996669
0.996602
0.996525
0.996338
0.995785
0.99492
0.994226
0.993767
0.993532
0.993427
0.993405
0.99334
0.993313
0.993347
0.99345
0.993977
0.993881
1
1
1
1
1
1
1
1
1
1
1
1
1
1
1
1
1
1
1
1
1
1
1
1
1
1
1
1
1
1
1
1
1
1
1
1
1
1
1
1
1
1
1
1
1
1
1
1
1
1
1
1
1
1
1
1
1
1
1
1
1
1
1
1
1
1
1
1
1
1
1
1
1
1
1
0.999999
0.999998
0.999993
0.999973
0.999894
0.99961
0.998513
0.998038
0.998199
0.998595
0.99909
0.999413
0.999558
0.999676
0.999763
0.999778
0.999741
0.999236
0.995167
0.971912
0.945334
0.94721
0.975674
0.990192
0.992848
0.993342
0.993259
0.992922
0.992403
0.991693
0.990226
0.985127
0.960499
0.885499
0.858476
0.859653
0.873897
0.923156
0.946617
0.945422
0.904012
0.879692
0.953411
0.986968
0.9956
0.996849
0.996321
0.993005
0.987141
0.984181
0.982456
0.981876
0.981962
0.98392
0.985468
0.987439
0.989206
0.990633
0.992112
0.994571
0.996989
0.9984
0.999106
0.999414
0.999522
0.999546
0.999453
0.999163
0.99896
0.998931
0.998995
0.999196
0.999408
0.999525
0.999567
0.999567
0.99952
0.999286
0.998843
0.998529
0.998346
0.998204
0.997953
0.997314
0.99617
0.995041
0.994247
0.993869
0.993672
0.993259
0.992396
0.991306
0.990281
0.989545
0.98926
0.989243
0.989297
0.989504
0.989727
0.99007
0.990457
0.991333
0.991863
0.992995
0.99261
1
1
1
1
1
1
1
1
1
1
1
1
1
1
1
1
1
1
1
1
1
1
1
1
1
1
1
1
1
1
1
1
1
1
1
1
1
1
1
1
1
1
1
1
1
1
1
1
1
1
1
1
1
1
1
1
1
1
1
1
1
1
1
1
1
1
1
1
1
1
1
0.999999
0.999999
0.999998
0.999996
0.999989
0.999972
0.999915
0.999704
0.998944
0.996251
0.990153
0.988893
0.990093
0.993138
0.996087
0.997769
0.998464
0.998823
0.999161
0.999357
0.999371
0.999034
0.996415
0.982372
0.946678
0.939144
0.962827
0.986074
0.991152
0.992453
0.99285
0.992838
0.992367
0.991483
0.989421
0.982171
0.960552
0.890653
0.871293
0.874593
0.893352
0.938193
0.952849
0.952639
0.932212
0.86907
0.900283
0.967037
0.990363
0.996512
0.99739
0.996986
0.994869
0.991913
0.990211
0.98941
0.989161
0.989676
0.990676
0.991713
0.992715
0.994315
0.996494
0.997987
0.998801
0.999201
0.999363
0.999424
0.999379
0.999148
0.998902
0.998829
0.998858
0.999003
0.999235
0.999399
0.999463
0.999469
0.999423
0.999185
0.998671
0.998164
0.997735
0.99732
0.99654
0.994688
0.991882
0.9892
0.987239
0.98591
0.984891
0.983899
0.98288
0.982017
0.981512
0.981366
0.98138
0.981558
0.982232
0.983931
0.985707
0.987005
0.987881
0.989016
0.990035
0.990927
0.992207
0.992444
0.988003
1
1
1
1
1
1
1
1
1
1
1
1
1
1
1
1
1
1
1
1
1
1
1
1
1
1
1
1
1
1
1
1
1
1
1
1
1
1
1
1
1
1
1
1
1
1
1
1
1
1
1
1
1
1
1
1
1
1
1
1
1
1
1
1
1
1
1
0.999998
0.999997
0.999994
0.999991
0.99999
0.999987
0.999978
0.999945
0.999867
0.999703
0.999246
0.997667
0.992466
0.976032
0.967844
0.968684
0.971152
0.978643
0.987642
0.993094
0.995498
0.996569
0.997549
0.998383
0.998722
0.998615
0.997422
0.990074
0.953318
0.931407
0.947166
0.979136
0.988394
0.990421
0.991185
0.99149
0.991415
0.990547
0.987857
0.981741
0.962721
0.905459
0.902825
0.90923
0.936562
0.956275
0.955597
0.953566
0.942339
0.878992
0.848969
0.922994
0.973079
0.991847
0.997138
0.997894
0.997791
0.996839
0.995823
0.995265
0.995061
0.995075
0.99577
0.996342
0.997009
0.997878
0.998644
0.999003
0.999172
0.999239
0.999229
0.999051
0.998844
0.998769
0.998787
0.998897
0.999094
0.999266
0.999342
0.999349
0.999265
0.999099
0.998656
0.997305
0.994481
0.990821
0.986214
0.980828
0.975711
0.972097
0.970137
0.969056
0.968541
0.968402
0.968454
0.969019
0.970739
0.972675
0.974332
0.97597
0.977462
0.979116
0.981122
0.983165
0.985337
0.987263
0.988767
0.990129
0.991139
0.991206
0.990699
0.987788
0.95068
1
1
1
1
1
1
1
1
1
1
1
1
1
1
1
1
1
1
1
1
1
1
1
1
1
1
1
1
1
1
1
1
1
1
1
1
1
1
1
1
1
1
1
1
1
1
1
1
1
1
1
1
1
1
1
1
1
1
1
1
1
1
1
1
0.999999
0.999995
0.999984
0.99996
0.999939
0.999897
0.999884
0.999877
0.999852
0.999758
0.999238
0.998514
0.997477
0.994721
0.985488
0.956544
0.952423
0.959572
0.967589
0.970015
0.976223
0.984582
0.990999
0.993687
0.994468
0.994793
0.995515
0.996949
0.997339
0.996612
0.990391
0.954712
0.921063
0.927011
0.964888
0.983865
0.987966
0.988824
0.989013
0.988921
0.988424
0.986838
0.982172
0.969734
0.940584
0.943361
0.948609
0.963373
0.961783
0.946969
0.940747
0.932671
0.891238
0.834357
0.852072
0.929318
0.973233
0.992092
0.997307
0.998289
0.998387
0.998227
0.998017
0.997937
0.997931
0.998184
0.998412
0.998635
0.998856
0.998993
0.999041
0.999054
0.998957
0.998832
0.998779
0.998779
0.99885
0.998972
0.999081
0.999112
0.999051
0.99861
0.997081
0.992501
0.982226
0.971693
0.963734
0.958754
0.956313
0.955577
0.955614
0.956764
0.960713
0.964885
0.968261
0.970817
0.972704
0.974309
0.975601
0.976789
0.978192
0.979704
0.980891
0.982116
0.983429
0.984603
0.985055
0.985078
0.983953
0.982538
0.980938
0.979165
0.97402
0.959522
0.922024
0.704388
1
1
1
1
1
1
1
1
1
1
1
1
1
1
1
1
1
1
1
1
1
1
1
1
1
1
1
1
1
1
1
1
1
1
1
1
1
1
1
1
1
1
1
1
1
1
1
1
1
1
1
1
1
1
1
1
1
1
1
1
1
1
1
0.999995
0.99996
0.999862
0.999609
0.999355
0.99901
0.998824
0.998819
0.998817
0.998715
0.997728
0.990656
0.986072
0.983286
0.967004
0.943351
0.938438
0.947039
0.965021
0.976948
0.981593
0.98358
0.987347
0.989161
0.989229
0.989577
0.991898
0.994743
0.995966
0.995953
0.994699
0.987973
0.955352
0.913055
0.90742
0.937254
0.971959
0.983107
0.986135
0.9869
0.986856
0.98676
0.986066
0.982784
0.978489
0.969475
0.969677
0.971583
0.971079
0.951387
0.912265
0.907033
0.902876
0.883473
0.831496
0.816783
0.851333
0.917379
0.96797
0.989043
0.996276
0.998202
0.998603
0.998645
0.998641
0.998671
0.998726
0.998794
0.998834
0.998864
0.998883
0.998836
0.998749
0.998682
0.998643
0.998621
0.998586
0.998422
0.997919
0.996608
0.993436
0.986728
0.977729
0.969008
0.962656
0.960045
0.959883
0.960828
0.962673
0.964243
0.965519
0.966188
0.966607
0.967081
0.967649
0.968406
0.96922
0.967152
0.964632
0.961598
0.957091
0.949391
0.941856
0.935734
0.931956
0.925777
0.914809
0.8968
0.87478
0.853456
0.836328
0.8221
0.797355
0.740581
0.543282
0.323562
0.0912582
1
1
1
1
1
1
1
1
1
1
1
1
1
1
1
1
1
1
1
1
1
1
1
1
1
1
1
1
1
1
1
1
1
1
1
1
1
1
1
1
1
1
1
1
1
1
1
1
1
1
1
1
1
1
1
1
1
1
1
1
1
1
0.999997
0.99985
0.998821
0.996949
0.994419
0.992224
0.991607
0.991648
0.992299
0.993928
0.992904
0.971222
0.938925
0.936117
0.948462
0.95009
0.941827
0.9323
0.935287
0.953952
0.971247
0.980369
0.984
0.985641
0.986488
0.988283
0.990454
0.992237
0.993083
0.992524
0.987462
0.978391
0.967155
0.938908
0.906704
0.895889
0.904618
0.940738
0.964173
0.974074
0.979033
0.982363
0.983938
0.984386
0.982834
0.981686
0.979066
0.978321
0.976141
0.961562
0.896026
0.868341
0.872331
0.864905
0.844771
0.81319
0.80528
0.820774
0.843794
0.882745
0.937304
0.969906
0.986673
0.994981
0.998028
0.998172
0.998202
0.998193
0.998125
0.997985
0.997773
0.997428
0.996934
0.996223
0.995144
0.993409
0.990543
0.985708
0.977585
0.964325
0.944171
0.915913
0.885746
0.858726
0.827948
0.798036
0.773082
0.749901
0.724726
0.694559
0.65874
0.617197
0.56968
0.517214
0.462419
0.407272
0.351963
0.296456
0.23926
0.1812
0.127355
0.0827636
0.0497041
0.0275462
0.0139908
0.0064443
0.00280299
0.00163996
0.00116535
0.000802124
0.000541952
0.000359933
0.000235998
0.000151348
9.4299e-05
5.38031e-05
2.82747e-05
-0.00544785
1
1
1
1
1
1
1
1
1
1
1
1
1
1
1
1
1
1
1
1
1
1
1
1
1
1
1
1
1
1
1
1
1
1
1
1
1
1
1
1
1
1
1
1
1
1
1
1
1
1
1
1
1
1
1
1
1
1
1
1
1
1
0.999938
0.997699
0.984369
0.977074
0.975864
0.976304
0.977217
0.977898
0.97932
0.979415
0.975038
0.957627
0.938038
0.927987
0.927624
0.928775
0.927868
0.928064
0.93173
0.942299
0.952807
0.959514
0.964123
0.966342
0.967256
0.968305
0.969775
0.970218
0.966699
0.952021
0.932088
0.922992
0.918185
0.906035
0.893273
0.890632
0.89483
0.911945
0.926178
0.93049
0.933268
0.940526
0.95704
0.966262
0.969065
0.965761
0.959067
0.95607
0.947693
0.923502
0.856219
0.835236
0.827505
0.785653
0.758611
0.762011
0.777263
0.81411
0.825198
0.827968
0.833533
0.839423
0.844057
0.848899
0.853587
0.856403
0.856602
0.849826
0.839969
0.825139
0.805597
0.780313
0.748409
0.708746
0.660869
0.603165
0.534955
0.456828
0.372428
0.287076
0.20731
0.139324
0.0850334
0.0471934
0.0302705
0.02283
0.0173726
0.0129573
0.00946146
0.00669945
0.0044112
0.00259862
0.00155438
0.00109832
0.000720414
0.000434488
0.000240852
0.000123536
5.9403e-05
2.72896e-05
1.22485e-05
5.48157e-06
2.47324e-06
1.12464e-06
5.15067e-07
2.44193e-07
1.30013e-07
8.1555e-08
5.41493e-08
3.59221e-08
2.35035e-08
1.50984e-08
9.47452e-09
5.74078e-09
3.30235e-09
1.75016e-09
-3.23741e-10
-2.98297e-08
0.0215734
0.0231042
0.0207081
0.0163865
0.0108984
0.00674887
0.00391089
0.00212491
0.00108656
0.000524998
0.000241456
0.000106335
4.53837e-05
1.88415e-05
7.7119e-06
3.07048e-06
1.21052e-06
4.52148e-07
1.68054e-07
5.65782e-08
1.81457e-08
5.69104e-09
2.37887e-09
7.89135e-10
3.40784e-10
0.309806
0.286165
0.263397
0.225158
0.173581
0.125126
0.0859918
0.055915
0.0343941
0.0200146
0.0110264
0.00576206
0.00286872
0.00136732
0.000627779
0.000278447
0.00011985
4.99058e-05
2.01959e-05
7.85806e-06
2.97965e-06
1.07439e-06
3.82769e-07
1.29188e-07
3.68436e-08
0.833424
0.835037
0.831182
0.816375
0.772497
0.652785
0.495848
0.346905
0.228039
0.141834
0.0834647
0.0465016
0.0245969
0.0124035
0.00599555
0.00279049
0.00125653
0.000548032
0.000232242
9.52913e-05
3.8051e-05
1.46517e-05
5.50599e-06
2.02975e-06
5.9695e-07
0.956526
0.96082
0.961501
0.960914
0.957909
0.948813
0.919903
0.818536
0.603133
0.404914
0.252491
0.147347
0.0810309
0.0422958
0.0211165
0.0101497
0.00472464
0.00213497
0.000939129
0.00040095
0.000166652
6.69313e-05
2.6156e-05
1.00903e-05
3.06384e-06
0.981257
0.985211
0.987464
0.988144
0.988129
0.987328
0.983755
0.969906
0.915655
0.729124
0.490556
0.305496
0.177419
0.0970678
0.0505853
0.0253473
0.0123077
0.00580964
0.00267228
0.00119352
0.000518409
0.000217354
8.83552e-05
3.55224e-05
1.11268e-05
0.98583
0.989641
0.992431
0.994074
0.994683
0.994725
0.99432
0.991872
0.98072
0.933548
0.756217
0.504385
0.311846
0.180838
0.0995626
0.0526106
0.0269167
0.0133794
0.00647301
0.00303519
0.00138006
0.000604065
0.000255176
0.000106685
3.44083e-05
0.986918
0.990683
0.993546
0.995523
0.996613
0.996985
0.996985
0.996543
0.99385
0.980948
0.924909
0.724766
0.476167
0.293084
0.171073
0.0957741
0.0518801
0.0272665
0.0139132
0.00685717
0.00326306
0.00148909
0.000652341
0.000282859
9.37147e-05
0.988497
0.991917
0.994399
0.996216
0.997404
0.997992
0.998139
0.998075
0.99739
0.993517
0.975089
0.895685
0.660934
0.431599
0.267324
0.158746
0.091143
0.0506723
0.0272591
0.0141021
0.00700874
0.00332638
0.00150716
0.000675828
0.000229472
0.989657
0.993133
0.995406
0.996938
0.99797
0.998573
0.998812
0.998833
0.998669
0.997478
0.991188
0.96211
0.840014
0.591016
0.388792
0.24487
0.14892
0.0874599
0.0494917
0.0268016
0.0138702
0.00682584
0.00318966
0.00147506
0.000512221
0.989742
0.99349
0.995879
0.997395
0.998364
0.998953
0.999241
0.999316
0.999285
0.998933
0.996817
0.986244
0.939531
0.76673
0.534737
0.357024
0.229665
0.142109
0.0842988
0.0476044
0.0255564
0.0129967
0.00624495
0.00297055
0.00105301
0.989047
0.993231
0.995888
0.997533
0.998545
0.999154
0.999482
0.999608
0.999619
0.999529
0.998862
0.995238
0.978218
0.906969
0.701645
0.496265
0.337043
0.219013
0.135637
0.0795361
0.044117
0.0231038
0.0113814
0.00555446
0.00200654
0.988433
0.992883
0.99575
0.997529
0.998604
0.999239
0.999592
0.999756
0.999798
0.999783
0.999597
0.998466
0.992837
0.968299
0.871171
0.660544
0.472577
0.32123
0.206811
0.125408
0.0716045
0.0384931
0.0193894
0.00968585
0.00356031
0.988622
0.992958
0.995792
0.997569
0.998648
0.999284
0.999641
0.999821
0.999887
0.999893
0.99985
0.999527
0.997821
0.990105
0.959061
0.843013
0.634264
0.448809
0.299017
0.186784
0.109435
0.0602375
0.0309628
0.0158044
0.00590441
0.99041
0.994048
0.996434
0.997937
0.998854
0.999397
0.999704
0.999863
0.999931
0.999947
0.999938
0.999849
0.99934
0.996955
0.987079
0.94947
0.81483
0.59813
0.410503
0.263223
0.157833
0.0887826
0.0465008
0.0242238
0.00919148
0.994753
0.996745
0.998026
0.998826
0.999324
0.99963
0.999813
0.999913
0.99996
0.999974
0.999974
0.999948
0.999786
0.998995
0.995591
0.982115
0.931397
0.760978
0.535883
0.351858
0.215548
0.123745
0.0659776
0.0350488
0.0135014
0.997728
0.998595
0.999134
0.999466
0.999677
0.999815
0.999902
0.999953
0.999979
0.999988
0.999989
0.999981
0.999924
0.99963
0.998301
0.992762
0.970972
0.887969
0.665557
0.447413
0.279927
0.163936
0.0889355
0.048154
0.0188272
0.999138
0.999464
0.999662
0.999785
0.999865
0.99992
0.999956
0.999979
0.99999
0.999995
0.999995
0.999992
0.99997
0.999847
0.999259
0.996667
0.985949
0.943862
0.788522
0.544363
0.34774
0.207708
0.114617
0.0632215
0.0250783
0.999707
0.999816
0.999882
0.999922
0.99995
0.999969
0.999983
0.999991
0.999996
0.999998
0.999998
0.999997
0.999987
0.99993
0.99964
0.998295
0.992468
0.968731
0.876461
0.638311
0.416765
0.253928
0.142479
0.080011
0.0321826
0.999911
0.999943
0.999962
0.999974
0.999983
0.999989
0.999994
0.999997
0.999999
0.999999
0.999999
0.999999
0.999994
0.999965
0.999809
0.999053
0.995649
0.981323
0.924652
0.731438
0.486996
0.302495
0.172537
0.0985829
0.0401837
0.999976
0.999984
0.999989
0.999992
0.999995
0.999997
0.999998
0.999999
1
1
1
0.999999
0.999997
0.999981
0.999892
0.999443
0.997361
0.988378
0.952135
0.812875
0.558661
0.35409
0.205229
0.119232
0.0492196
0.999994
0.999996
0.999997
0.999998
0.999998
0.999999
1
1
1
1
1
1
0.999998
0.999989
0.999935
0.99966
0.998357
0.992624
0.969063
0.877155
0.633855
0.409504
0.24112
0.142328
0.0594563
0.999999
0.999999
0.999999
0.999999
1
1
1
1
1
1
1
1
0.999999
0.999993
0.999961
0.999789
0.998967
0.995298
0.979948
0.9193
0.714956
0.469745
0.280657
0.168192
0.0710553
1
1
1
1
1
1
1
1
1
1
1
1
0.999999
0.999996
0.999976
0.999868
0.999346
0.996978
0.986874
0.946188
0.790125
0.53283
0.323059
0.196438
0.0838922
1
1
1
1
1
1
1
1
1
1
1
1
1
0.999997
0.999985
0.999916
0.999579
0.998016
0.991192
0.963064
0.851531
0.594902
0.366456
0.226074
0.0975833
1
1
1
1
1
1
1
1
1
1
1
1
1
0.999998
0.99999
0.999946
0.999722
0.998658
0.993885
0.973713
0.892782
0.656879
0.409123
0.255973
0.111668
1
1
1
1
1
1
1
1
1
1
1
1
1
0.999999
0.999994
0.999964
0.99981
0.999053
0.995563
0.980447
0.918908
0.712215
0.449168
0.284784
0.125539
1
1
1
1
1
1
1
1
1
1
1
1
1
0.999999
0.999996
0.999975
0.999863
0.999298
0.996618
0.984757
0.93578
0.757483
0.484962
0.311418
0.138653
1
1
1
1
1
1
1
1
1
1
1
1
1
1
0.999997
0.999982
0.999899
0.999468
0.997369
0.987893
0.948206
0.797113
0.519399
0.338005
0.152015
1
1
1
1
1
1
1
1
1
1
1
1
1
1
0.999998
0.999987
0.999924
0.999585
0.997899
0.990158
0.957324
0.830488
0.551717
0.364146
0.165535
1
1
1
1
1
1
1
1
1
1
1
1
1
1
0.999998
0.999989
0.999937
0.999649
0.998196
0.991455
0.962689
0.851327
0.576648
0.384708
0.176651
1
1
1
1
1
1
1
1
1
1
1
1
1
1
0.999999
0.999991
0.999945
0.999691
0.998396
0.992362
0.966524
0.866345
0.597871
0.402145
0.186163
1
1
1
1
1
1
1
1
1
1
1
1
1
1
0.999999
0.999992
0.999953
0.999729
0.998578
0.993179
0.969945
0.879549
0.618905
0.419602
0.195819
1
1
1
1
1
1
1
1
1
1
1
1
1
1
0.999999
0.999993
0.999956
0.999748
0.998672
0.993623
0.9719
0.887466
0.633196
0.431957
0.20283
1
1
1
1
1
1
1
1
1
1
1
1
1
1
0.999999
0.999994
0.999961
0.999775
0.998807
0.99424
0.9745
0.897416
0.651784
0.447377
0.211313
1
1
1
1
1
1
1
1
1
1
1
1
1
1
0.999999
0.999994
0.999964
0.999791
0.998891
0.994643
0.976261
0.904381
0.666108
0.459291
0.217813
0.999999
0.999999
0.999999
0.999999
1
1
1
1
1
1
1
1
1
1
0.999999
0.999995
0.999969
0.999818
0.999033
0.995296
0.978981
0.914588
0.687964
0.477044
0.227187
0.999998
0.999998
0.999999
0.999999
0.999999
0.999999
0.999999
1
1
1
1
1
1
1
0.999999
0.999996
0.999972
0.999837
0.999129
0.995747
0.9809
0.921989
0.705666
0.491664
0.23483
0.999996
0.999996
0.999997
0.999998
0.999998
0.999998
0.999999
0.999999
0.999999
1
1
1
1
1
0.999999
0.999996
0.999977
0.999863
0.999268
0.99639
0.983606
0.932236
0.731963
0.513853
0.246214
0.999991
0.999992
0.999994
0.999995
0.999996
0.999997
0.999998
0.999998
0.999999
0.999999
0.999999
1
1
1
0.999999
0.999997
0.99998
0.999886
0.999384
0.996935
0.98594
0.94128
0.758287
0.537601
0.258573
0.999981
0.999984
0.999987
0.99999
0.999992
0.999994
0.999996
0.999997
0.999998
0.999998
0.999999
0.999999
0.999999
0.999999
0.999999
0.999997
0.999984
0.999909
0.999503
0.997507
0.988445
0.951138
0.790436
0.568863
0.274974
0.999964
0.999969
0.999975
0.999982
0.999986
0.99999
0.999993
0.999995
0.999996
0.999996
0.999996
0.999997
0.999998
0.999998
0.999998
0.999997
0.999988
0.999931
0.999621
0.998076
0.99097
0.961225
0.82784
0.609553
0.297028
0.999932
0.999941
0.999954
0.999966
0.999976
0.999983
0.999988
0.99999
0.999991
0.999991
0.999991
0.999991
0.999992
0.999995
0.999996
0.999995
0.999989
0.999948
0.999721
0.99857
0.99321
0.970374
0.866768
0.658398
0.324581
0.999879
0.999894
0.999915
0.999937
0.999956
0.99997
0.999978
0.999982
0.999982
0.999981
0.999978
0.999978
0.99998
0.999986
0.999991
0.999992
0.999989
0.999963
0.999808
0.999006
0.995197
0.97857
0.903868
0.718422
0.359455
0.999791
0.999814
0.999846
0.999884
0.99992
0.999947
0.999962
0.999966
0.999966
0.999961
0.999953
0.999952
0.999955
0.999968
0.999982
0.999987
0.999986
0.999969
0.999861
0.999284
0.996487
0.984016
0.928182
0.773055
0.395263
0.999642
0.99968
0.999726
0.999787
0.999851
0.999901
0.99993
0.999939
0.999939
0.99993
0.999916
0.999913
0.999917
0.999938
0.999967
0.99998
0.99998
0.99997
0.999895
0.999474
0.997383
0.987835
0.944833
0.815464
0.434398
0.999371
0.999444
0.999512
0.999606
0.999714
0.999808
0.999865
0.999886
0.999887
0.999877
0.99986
0.999857
0.999864
0.999901
0.999947
0.99997
0.999974
0.999968
0.999908
0.999563
0.997807
0.989636
0.952627
0.836911
0.459836
0.998861
0.999008
0.99912
0.999269
0.99945
0.999618
0.99973
0.999777
0.999783
0.999774
0.999762
0.999763
0.999784
0.999858
0.999925
0.999958
0.999967
0.999962
0.99991
0.999594
0.997961
0.990263
0.955221
0.843952
0.469028
0.997974
0.998271
0.998481
0.998705
0.998978
0.999255
0.999458
0.999555
0.999578
0.999577
0.999578
0.999599
0.999698
0.999823
0.999902
0.999943
0.999954
0.99995
0.9999
0.99959
0.997974
0.990314
0.955324
0.843923
0.468689
0.996621
0.997113
0.997497
0.997877
0.998291
0.998694
0.998993
0.999143
0.99919
0.999218
0.999283
0.999447
0.999624
0.999764
0.999855
0.999902
0.999915
0.999911
0.999855
0.999507
0.997694
0.98914
0.950074
0.828993
0.451014
0.994876
0.995682
0.996381
0.997005
0.997568
0.998049
0.998387
0.998557
0.998628
0.998724
0.998921
0.999181
0.999422
0.999594
0.999694
0.999742
0.999756
0.999747
0.999647
0.999098
0.996429
0.984371
0.929408
0.775124
0.401023
0.993676
0.994555
0.995298
0.995933
0.996487
0.996957
0.997289
0.997464
0.997581
0.997771
0.998073
0.998413
0.998687
0.998832
0.99886
0.998794
0.998751
0.998641
0.998222
0.996736
0.990652
0.964533
0.839148
0.626048
0.312346
0.989889
0.99123
0.992201
0.992878
0.993443
0.993835
0.994024
0.994062
0.994055
0.994081
0.994158
0.994267
0.994393
0.994471
0.993881
0.991795
0.990508
0.990016
0.988518
0.980455
0.940603
0.784812
0.52222
0.34721
0.162775
0.963959
0.970944
0.974434
0.976373
0.977047
0.977016
0.976081
0.974909
0.973374
0.97192
0.971433
0.971626
0.970558
0.964154
0.95801
0.95593
0.951524
0.932416
0.861509
0.664619
0.454594
0.288292
0.168295
0.0975973
0.0421957
0.795308
0.840896
0.864842
0.874267
0.874811
0.872961
0.871139
0.865991
0.860828
0.858604
0.851981
0.837734
0.817932
0.786308
0.726833
0.626955
0.494008
0.351617
0.227012
0.135321
0.0756598
0.0399332
0.0200331
0.00983037
0.00400131
0.209142
0.351833
0.413322
0.428298
0.451622
0.463143
0.461057
0.453732
0.440854
0.415467
0.375717
0.324606
0.265164
0.20139
0.140558
0.0896311
0.0521884
0.0276686
0.0136308
0.00632494
0.00279772
0.001172
0.000489823
0.000186013
8.95352e-05
0.0329401
0.0641026
0.0854795
0.108931
0.116428
0.114417
0.108991
0.0975863
0.0781391
0.0581708
0.0400409
0.0251338
0.0142429
0.00719471
0.00324049
0.00128641
0.000469364
0.000144763
4.14133e-05
1.85926e-05
8.07498e-06
3.37262e-06
1.59882e-06
6.46897e-07
7.04457e-07
0.00317604
0.00910325
0.0138905
0.0138172
0.0121442
0.00779213
0.00344108
0.00125178
0.000394688
9.19879e-05
3.49945e-05
1.59435e-05
7.91292e-06
3.10386e-06
1.09329e-06
2.33543e-07
6.20953e-08
1.20993e-08
3.08519e-09
9.42793e-10
7.97305e-10
2.741e-10
1.00145e-09
4.74253e-11
2.17298e-09
)
;

boundaryField
{
    inlet
    {
        type            fixedValue;
        value           uniform 1;
    }
    outlet
    {
        type            inletOutlet;
        inletValue      uniform 0;
        value           nonuniform List<scalar> 
57
(
3.40784e-10
3.68436e-08
5.9695e-07
3.06384e-06
1.11268e-05
3.44083e-05
9.37147e-05
0.000229472
0.000512221
0.00105301
0.00200654
0.00356031
0.00590441
0.00919148
0.0135014
0.0188272
0.0250783
0.0321826
0.0401837
0.0492196
0.0594563
0.0710553
0.0838922
0.0975833
0.111668
0.125539
0.138653
0.152015
0.165535
0.176651
0.186163
0.195819
0.20283
0.211313
0.217813
0.227187
0.23483
0.246214
0.258573
0.274974
0.297028
0.324581
0.359455
0.395263
0.434398
0.459836
0.469028
0.468689
0.451014
0.401023
0.312346
0.162775
0.0421957
0.00400131
8.95352e-05
7.04457e-07
2.17298e-09
)
;
    }
    upperWall
    {
        type            zeroGradient;
    }
    lowerWall
    {
        type            zeroGradient;
    }
    frontAndBack
    {
        type            empty;
    }
}


// ************************************************************************* //
