/*--------------------------------*- C++ -*----------------------------------*\
  =========                 |
  \\      /  F ield         | OpenFOAM: The Open Source CFD Toolbox
   \\    /   O peration     | Website:  https://openfoam.org
    \\  /    A nd           | Version:  6
     \\/     M anipulation  |
\*---------------------------------------------------------------------------*/
FoamFile
{
    version     2.0;
    format      ascii;
    class       volScalarField;
    location    "0.35";
    object      pPrime2Mean;
}
// * * * * * * * * * * * * * * * * * * * * * * * * * * * * * * * * * * * * * //

dimensions      [0 4 -4 0 0 0 0];

internalField   nonuniform List<scalar> 
12225
(
1.44778e+06
1.4256e+06
1.4033e+06
1.38144e+06
1.36017e+06
1.33951e+06
1.31948e+06
1.30005e+06
1.28119e+06
1.26285e+06
1.24497e+06
1.22748e+06
1.21028e+06
1.19326e+06
1.17622e+06
1.1589e+06
1.14078e+06
1.1206e+06
1.44783e+06
1.42564e+06
1.40333e+06
1.38147e+06
1.36019e+06
1.33954e+06
1.31951e+06
1.30008e+06
1.28122e+06
1.26288e+06
1.24501e+06
1.22754e+06
1.21036e+06
1.19336e+06
1.17637e+06
1.15914e+06
1.14124e+06
1.12178e+06
1.44791e+06
1.42571e+06
1.4034e+06
1.38152e+06
1.36025e+06
1.33959e+06
1.31956e+06
1.30013e+06
1.28128e+06
1.26296e+06
1.24511e+06
1.22766e+06
1.21052e+06
1.19358e+06
1.17669e+06
1.15965e+06
1.14216e+06
1.12387e+06
1.44806e+06
1.42584e+06
1.4035e+06
1.38162e+06
1.36033e+06
1.33968e+06
1.31965e+06
1.30023e+06
1.28139e+06
1.26309e+06
1.24527e+06
1.22786e+06
1.21078e+06
1.19394e+06
1.17721e+06
1.16044e+06
1.1435e+06
1.12638e+06
1.44829e+06
1.42603e+06
1.40366e+06
1.38176e+06
1.36046e+06
1.3398e+06
1.31978e+06
1.30037e+06
1.28156e+06
1.26328e+06
1.2455e+06
1.22815e+06
1.21116e+06
1.19445e+06
1.17793e+06
1.16151e+06
1.14517e+06
1.1291e+06
1.44864e+06
1.42629e+06
1.40388e+06
1.38195e+06
1.36064e+06
1.33998e+06
1.31996e+06
1.30057e+06
1.28178e+06
1.26355e+06
1.24582e+06
1.22855e+06
1.21167e+06
1.19513e+06
1.17885e+06
1.16283e+06
1.1471e+06
1.13192e+06
1.44905e+06
1.42663e+06
1.40417e+06
1.3822e+06
1.36087e+06
1.34021e+06
1.3202e+06
1.30083e+06
1.28207e+06
1.26389e+06
1.24623e+06
1.22906e+06
1.21232e+06
1.19597e+06
1.17999e+06
1.16438e+06
1.14923e+06
1.1348e+06
1.44961e+06
1.42707e+06
1.40453e+06
1.38253e+06
1.36118e+06
1.3405e+06
1.3205e+06
1.30116e+06
1.28244e+06
1.26432e+06
1.24675e+06
1.2297e+06
1.21312e+06
1.197e+06
1.18132e+06
1.16612e+06
1.15151e+06
1.1377e+06
1.4503e+06
1.42763e+06
1.405e+06
1.38293e+06
1.36155e+06
1.34087e+06
1.32088e+06
1.30157e+06
1.28291e+06
1.26486e+06
1.24739e+06
1.23047e+06
1.21408e+06
1.1982e+06
1.18284e+06
1.16804e+06
1.15392e+06
1.14061e+06
1.45117e+06
1.4283e+06
1.40556e+06
1.38343e+06
1.36202e+06
1.34132e+06
1.32135e+06
1.30207e+06
1.28346e+06
1.2655e+06
1.24815e+06
1.23138e+06
1.21519e+06
1.19956e+06
1.18452e+06
1.17011e+06
1.15641e+06
1.14354e+06
1.45215e+06
1.42911e+06
1.40625e+06
1.38404e+06
1.36257e+06
1.34187e+06
1.32191e+06
1.30267e+06
1.28413e+06
1.26626e+06
1.24904e+06
1.23244e+06
1.21645e+06
1.20108e+06
1.18635e+06
1.1723e+06
1.15898e+06
1.14648e+06
1.45315e+06
1.43e+06
1.407e+06
1.3847e+06
1.36318e+06
1.34246e+06
1.32251e+06
1.30332e+06
1.28484e+06
1.26707e+06
1.24998e+06
1.23354e+06
1.21775e+06
1.20262e+06
1.18815e+06
1.1744e+06
1.16139e+06
1.14917e+06
1.4544e+06
1.43101e+06
1.40785e+06
1.38544e+06
1.36387e+06
1.34313e+06
1.3232e+06
1.30404e+06
1.28564e+06
1.26797e+06
1.25101e+06
1.23473e+06
1.21914e+06
1.20424e+06
1.19003e+06
1.17654e+06
1.16381e+06
1.15185e+06
1.45609e+06
1.43237e+06
1.40898e+06
1.38643e+06
1.36478e+06
1.34401e+06
1.32409e+06
1.30499e+06
1.28667e+06
1.26913e+06
1.25232e+06
1.23623e+06
1.22086e+06
1.2062e+06
1.19226e+06
1.17906e+06
1.1666e+06
1.15489e+06
1.45841e+06
1.43416e+06
1.41046e+06
1.38771e+06
1.36595e+06
1.34514e+06
1.32524e+06
1.3062e+06
1.28799e+06
1.27058e+06
1.25395e+06
1.23807e+06
1.22294e+06
1.20855e+06
1.19489e+06
1.18197e+06
1.16978e+06
1.15831e+06
1.46139e+06
1.43647e+06
1.41234e+06
1.38934e+06
1.36745e+06
1.34659e+06
1.3267e+06
1.30774e+06
1.28965e+06
1.2724e+06
1.25596e+06
1.24031e+06
1.22543e+06
1.2113e+06
1.19792e+06
1.18527e+06
1.17333e+06
1.16209e+06
1.46513e+06
1.43933e+06
1.41466e+06
1.39135e+06
1.3693e+06
1.34838e+06
1.32851e+06
1.30963e+06
1.29167e+06
1.27459e+06
1.25836e+06
1.24294e+06
1.22832e+06
1.21445e+06
1.20134e+06
1.18894e+06
1.17724e+06
1.16621e+06
1.4693e+06
1.44253e+06
1.41728e+06
1.39365e+06
1.37143e+06
1.35047e+06
1.33064e+06
1.31185e+06
1.29404e+06
1.27714e+06
1.26112e+06
1.24594e+06
1.23156e+06
1.21794e+06
1.20506e+06
1.1929e+06
1.18141e+06
1.17057e+06
1.47344e+06
1.44549e+06
1.41974e+06
1.39591e+06
1.37363e+06
1.35269e+06
1.33295e+06
1.31429e+06
1.29665e+06
1.27994e+06
1.26413e+06
1.24917e+06
1.23502e+06
1.22162e+06
1.20896e+06
1.197e+06
1.18569e+06
1.17501e+06
1.47264e+06
1.4459e+06
1.42067e+06
1.39711e+06
1.37503e+06
1.35426e+06
1.33467e+06
1.31617e+06
1.29868e+06
1.28214e+06
1.26649e+06
1.25169e+06
1.23769e+06
1.22445e+06
1.21194e+06
1.2001e+06
1.18892e+06
1.17834e+06
1.47154e+06
1.44557e+06
1.42085e+06
1.39762e+06
1.37577e+06
1.35518e+06
1.33573e+06
1.31736e+06
1.29999e+06
1.28357e+06
1.26803e+06
1.25334e+06
1.23944e+06
1.2263e+06
1.21387e+06
1.20212e+06
1.19101e+06
1.1805e+06
1.47019e+06
1.44495e+06
1.42071e+06
1.3978e+06
1.37618e+06
1.35576e+06
1.33645e+06
1.31819e+06
1.30092e+06
1.28459e+06
1.26914e+06
1.25452e+06
1.2407e+06
1.22762e+06
1.21525e+06
1.20356e+06
1.19249e+06
1.18202e+06
1.46898e+06
1.44429e+06
1.42046e+06
1.39783e+06
1.3764e+06
1.35612e+06
1.33693e+06
1.31876e+06
1.30157e+06
1.28531e+06
1.26992e+06
1.25536e+06
1.24158e+06
1.22855e+06
1.21623e+06
1.20457e+06
1.19354e+06
1.1831e+06
1.46788e+06
1.44369e+06
1.42019e+06
1.39778e+06
1.37652e+06
1.35635e+06
1.33725e+06
1.31915e+06
1.30202e+06
1.2858e+06
1.27046e+06
1.25594e+06
1.2422e+06
1.22921e+06
1.21691e+06
1.20528e+06
1.19427e+06
1.18385e+06
1.46703e+06
1.4432e+06
1.41995e+06
1.39772e+06
1.37658e+06
1.3565e+06
1.33746e+06
1.31941e+06
1.30232e+06
1.28614e+06
1.27083e+06
1.25634e+06
1.24263e+06
1.22965e+06
1.21738e+06
1.20576e+06
1.19477e+06
1.18436e+06
1.46636e+06
1.44282e+06
1.41976e+06
1.39766e+06
1.3766e+06
1.35659e+06
1.33759e+06
1.31958e+06
1.30252e+06
1.28637e+06
1.27108e+06
1.2566e+06
1.24291e+06
1.22995e+06
1.21769e+06
1.20609e+06
1.1951e+06
1.18471e+06
1.46576e+06
1.44253e+06
1.41963e+06
1.39761e+06
1.37662e+06
1.35664e+06
1.33768e+06
1.31969e+06
1.30265e+06
1.28651e+06
1.27124e+06
1.25678e+06
1.24309e+06
1.23014e+06
1.21789e+06
1.20629e+06
1.19532e+06
1.18493e+06
1.46536e+06
1.44234e+06
1.41954e+06
1.39758e+06
1.37662e+06
1.35667e+06
1.33773e+06
1.31976e+06
1.30273e+06
1.2866e+06
1.27133e+06
1.25688e+06
1.2432e+06
1.23026e+06
1.21801e+06
1.20642e+06
1.19545e+06
1.18506e+06
1.46516e+06
1.44224e+06
1.41949e+06
1.39756e+06
1.37662e+06
1.35669e+06
1.33776e+06
1.3198e+06
1.30277e+06
1.28665e+06
1.27139e+06
1.25694e+06
1.24326e+06
1.23032e+06
1.21808e+06
1.20649e+06
1.19552e+06
1.18514e+06
1.46503e+06
1.44219e+06
1.41947e+06
1.39756e+06
1.37662e+06
1.3567e+06
1.33777e+06
1.31981e+06
1.30279e+06
1.28667e+06
1.27141e+06
1.25696e+06
1.24329e+06
1.23035e+06
1.2181e+06
1.20652e+06
1.19555e+06
1.18516e+06
947393
947318
947165
946935
946625
946236
945764
945209
944569
943842
943028
942127
941136
940057
938888
937629
936280
934841
933311
931691
929980
928180
926291
924313
922248
920095
917857
915535
913128
910639
908069
905418
902689
899881
896996
894035
891000
887892
884711
881459
878137
874745
871284
867755
864159
860498
856771
852981
849127
845212
841236
837201
833108
828959
824757
820502
816194
811836
807428
802972
798469
793918
789321
784678
779991
775258
770479
765655
760787
755875
750922
745927
740891
735813
730694
725538
720348
715128
709878
704599
699292
693957
688593
683201
677780
672332
666857
661354
655822
650263
644677
639067
633431
627771
622084
616369
610631
604870
599087
593281
587449
581593
575713
569811
563894
557967
552029
546080
540125
534164
528196
522215
516218
510200
504158
498093
492008
485905
479788
473658
467520
461376
455227
449076
442925
436777
430631
424489
418349
412209
406064
399914
393754
387582
381400
375221
369058
362914
356787
350671
344560
338448
332332
326209
320080
313948
307820
301701
295597
289513
283451
277415
271403
265415
259451
253514
247608
241737
235897
230084
224294
218527
212786
207074
201396
195754
190149
184585
179064
173592
168171
162805
157492
152235
147036
141898
136829
131837
126942
122191
947735
947659
947506
947274
946963
946571
946096
945538
944894
944164
943346
942440
941445
940360
939186
937922
936567
935121
933584
931957
930240
928432
926536
924550
922477
920318
918072
915743
913329
910833
908256
905600
902865
900051
897160
894194
891154
888040
884855
881598
878271
874874
871408
867875
864274
860608
856877
853083
849225
845305
841325
837286
833189
829036
824830
820571
816261
811900
807490
803033
798528
793975
789376
784731
780040
775304
770523
765697
760827
755914
750958
745959
740920
735839
730719
725563
720374
715154
709904
704625
699317
693982
688618
683225
677804
672354
666877
661373
655840
650282
644698
639088
633453
627792
622104
616391
610655
604896
599113
593306
587473
581614
575733
569831
563914
557985
552047
546100
540148
534190
528224
522243
516245
510225
504181
498115
492027
485923
479803
473671
467532
461387
455238
449087
442937
436789
430645
424503
418363
412222
406077
399926
393764
387592
381414
375241
369083
362940
356813
350695
344582
338467
332349
326224
320094
313962
307834
301714
295609
289523
283460
277422
271409
265421
259457
253520
247615
241744
235904
230091
224300
218532
212791
207079
201401
195759
190153
184588
179067
173594
168173
162806
157493
152236
147036
141897
136825
131831
126930
122155
948422
948345
948190
947957
947642
947246
946766
946201
945551
944813
943987
943072
942068
940973
939788
938511
937144
935685
934135
932493
930761
928939
927027
925027
922939
920765
918504
916160
913732
911223
908633
905963
903215
900389
897487
894511
891460
888336
885140
881874
878537
875130
871655
868112
864503
860828
857089
853286
849420
845491
841502
837454
833349
829189
824975
820709
816393
812027
807613
803151
798642
794085
789482
784832
780137
775396
770611
765781
760906
755988
751027
746023
740978
735893
730772
725616
720427
715207
709955
704675
699367
694030
688665
683271
677847
672395
666915
661408
655876
650319
644736
639127
633493
627831
622145
616434
610700
604943
599160
593351
587515
581654
575770
569867
563949
558019
552082
546139
540191
534236
528271
522291
516291
510268
504222
498152
492061
485952
479829
473695
467553
461407
455258
449108
442958
436812
430668
424527
418388
412247
406101
399948
393785
387615
381444
375279
369126
362985
356857
350736
344619
338502
332381
326254
320123
313990
307861
301740
295632
289543
283478
277437
271422
265432
259468
253531
247628
241757
235917
230102
224310
218542
212800
207089
201410
195767
190161
184594
179072
173598
168176
162808
157495
152237
147036
141894
136819
131819
126908
122102
949458
949380
949223
948985
948666
948263
947776
947202
946542
945792
944954
944025
943005
941894
940691
939396
938009
936530
934959
933296
931543
929698
927765
925742
923632
921435
919153
916787
914339
911808
909198
906508
903741
900897
897978
894984
891917
888778
885568
882287
878936
875516
872027
868470
864847
861159
857406
853590
849710
845769
841767
837706
833589
829417
825192
820916
816590
812216
807795
803326
798809
794245
789636
784980
780279
775532
770741
765904
761022
756096
751127
746117
741067
735979
730856
725698
720508
715285
710033
704750
699439
694100
688732
683335
677908
672453
666970
661463
655931
650374
644792
639183
633549
627889
622205
616498
610766
605009
599225
593413
587574
581709
575822
569917
563997
558068
552133
546194
540250
534298
528334
522353
516351
510326
504275
498201
492105
485991
479864
473726
467582
461434
455285
449135
442987
436841
430699
424559
418421
412281
406135
399981
393819
387654
381490
375332
369183
363044
356915
350791
344671
338550
332425
326296
320163
314031
307900
301777
295666
289573
283503
277459
271442
265450
259484
253548
247645
241775
235933
230117
224324
218555
212814
207102
201423
195779
190171
184603
179079
173603
168180
162812
157498
152239
147035
141890
136810
131803
126878
122043
950850
950769
950608
950366
950039
949628
949130
948544
947869
947103
946246
945298
944256
943122
941895
940575
939161
937654
936055
934364
932581
930708
928745
926693
924554
922328
920017
917623
915147
912589
909951
907235
904443
901574
898631
895615
892526
889366
886136
882836
879466
876028
872520
868946
865304
861598
857828
853993
850096
846137
842118
838040
833907
829720
825481
821191
816853
812467
808034
803553
799026
794454
789835
785171
780462
775708
770908
766062
761171
756236
751260
746243
741187
736095
730968
725807
720614
715389
710134
704848
699534
694190
688818
683417
677986
672528
667044
661535
656002
650446
644863
639255
633622
627965
622284
616579
610849
605092
599306
593491
587648
581780
575889
569980
564059
558131
552200
546264
540323
534373
528410
522429
516425
510396
504340
498261
492159
486040
479907
473766
467619
461469
455318
449168
443021
436876
430736
424599
418463
412324
406178
400024
393866
387707
381549
375396
369251
363114
356984
350858
344734
338608
332480
326348
320214
314080
307949
301823
295708
289610
283536
277488
271467
265473
259506
253571
247668
241796
235953
230135
224341
218572
212830
207118
201438
195793
190184
184615
179089
173611
168186
162817
157502
152241
147035
141886
136801
131786
126846
121984
952606
952522
952355
952105
951769
951345
950833
950230
949535
948748
947868
946893
945825
944661
943403
942050
940603
939062
937427
935699
933880
931970
929969
927881
925705
923443
921097
918667
916156
913564
910893
908144
905320
902420
899448
896403
893287
890100
886844
883520
880126
876664
873133
869535
865871
862143
858350
854493
850574
846593
842552
838454
834301
830095
825838
821531
817176
812774
808326
803831
799292
794707
790077
785403
780684
775919
771109
766254
761353
756409
751425
746402
741340
736242
731109
725943
720745
715516
710256
704966
699647
694298
688921
683515
678080
672619
667133
661623
656090
650533
644950
639343
633711
628057
622379
616676
610946
605188
599401
593583
587736
581863
575969
570057
564136
558210
552280
546348
540409
534461
528498
522515
516509
510476
504416
498330
492222
486096
479958
473812
467661
461509
455357
449207
443060
436917
430779
424644
418511
412374
406230
400079
393926
387771
381618
375469
369328
363192
357061
350933
344805
338675
332543
326408
320273
314138
308005
301877
295758
289655
283576
277523
271498
265501
259534
253598
247694
241821
235976
230156
224360
218590
212848
207136
201455
195809
190199
184629
179101
173621
168195
162825
157508
152245
147035
141883
136792
131768
126813
121926
954737
954648
954475
954214
953865
953425
952893
952267
951548
950733
949823
948816
947713
946513
945217
943824
942335
940752
939074
937302
935438
933483
931439
929306
927086
924781
922392
919920
917367
914734
912023
909235
906372
903435
900426
897346
894197
890978
887690
884335
880912
877421
873862
870237
866546
862790
858970
855087
851141
847133
843067
838944
834767
830538
826259
821931
817555
813134
808668
804157
799602
795003
790361
785674
780942
776166
771345
766479
761570
756618
751625
746594
741524
736417
731276
726103
720898
715662
710396
705100
699775
694421
689038
683627
678188
672724
667236
661724
656191
650633
645050
639443
633814
628162
622486
616784
611054
605296
599506
593686
587836
581960
576062
570148
564226
558301
552373
546441
540505
534558
528594
522610
516601
510564
504499
498408
492294
486161
480017
473866
467711
461556
455402
449251
443104
436963
430827
424695
418564
412430
406290
400143
393995
387845
381695
375550
369411
363275
357143
351012
344880
338746
332610
326473
320336
314200
308066
301935
295813
289706
283620
277562
271533
265534
259566
253629
247724
241849
236001
230179
224382
218611
212869
207156
201475
195827
190216
184645
179115
173634
168207
162835
157516
152250
147037
141880
136783
131749
126780
121872
957258
957163
956980
956705
956338
955877
955320
954666
953915
953065
952117
951071
949926
948682
947339
945898
944361
942727
940998
939174
937258
935251
933155
930970
928699
926342
923903
921381
918779
916098
913339
910505
907597
904617
901565
898444
895255
891998
888674
885283
881825
878300
874709
871051
867328
863541
859689
855774
851797
847758
843662
839509
835304
831048
826742
822389
817990
813546
809059
804529
799957
795342
790684
785982
781237
776448
771616
766741
761822
756860
751858
746816
741736
736620
731469
726285
721071
715827
710552
705248
699915
694555
689166
683750
678307
672840
667349
661836
656301
650743
645160
639555
633927
628277
622602
616901
611171
605411
599620
593798
587946
582067
576166
570249
564326
558400
552472
546541
540605
534659
528696
522710
516699
510659
504590
498493
492373
486235
480084
473926
467766
461608
455451
449300
443153
437013
430879
424750
418623
412492
406354
400213
394069
387922
381776
375634
369496
363360
357226
351092
344957
338819
332679
326540
320401
314264
308129
301996
295870
289759
283669
277606
271573
265571
259601
253663
247756
241879
236029
230205
224406
218634
212892
207178
201496
195847
190235
184663
179132
173650
168221
162847
157525
152256
147039
141877
136774
131731
126748
121822
960184
960082
959886
959594
959205
958717
958128
957439
956649
955757
954764
953669
952473
951175
949778
948281
946685
944992
943204
941320
939344
937277
935120
932875
930544
928128
925630
923050
920391
917654
914842
911954
908995
905965
902865
899698
896463
893163
889797
886365
882867
879304
875674
871979
868220
864395
860507
856556
852543
848469
844337
840151
835913
831625
827289
822907
818481
814012
809501
804949
800356
795722
791046
786329
781570
776768
771924
767037
762107
757135
752121
747067
741975
736847
731684
726490
721265
716009
710724
705410
700068
694700
689305
683883
678436
672966
667472
661957
656420
650860
645277
639673
634047
628397
622723
617021
611290
605529
599738
593915
588062
582181
576277
570358
564432
558503
552574
546644
540708
534762
528798
522812
516799
510757
504686
498585
492459
486314
480156
473993
467827
461665
455506
449353
443207
437068
430935
424809
418684
412556
406422
400285
394145
388001
381858
375717
369579
363442
357306
351170
345031
338889
332747
326606
320466
314328
308191
302056
295928
289812
283718
277651
271614
265610
259638
253699
247790
241910
236058
230232
224431
218659
212915
207202
201518
195869
190256
184682
179151
173668
168237
162860
157536
152263
147043
141875
136765
131713
126717
121774
963536
963425
963214
962901
962484
961963
961337
960606
959768
958825
957777
956624
955367
954007
952545
950982
949319
947558
945700
943748
941701
939564
937337
935022
932622
930138
927572
924927
922203
919404
916530
913583
910566
907480
904326
901106
897821
894471
891056
887577
884033
880424
876751
873014
869212
865347
861418
857426
853373
849260
845090
840866
836591
832268
827898
823483
819026
814528
809990
805412
800796
796140
791446
786712
781937
777122
772265
767365
762422
757436
752408
747341
742236
737096
731922
726716
721478
716210
710913
705587
700234
694856
689453
684026
678575
673100
667602
662084
656544
650983
645399
639794
634168
628518
622843
617140
611409
605647
599854
594031
588177
582295
576389
570468
564539
558608
552677
546746
540809
534863
528899
522912
516899
510856
504783
498679
492549
486397
480233
474064
467894
461727
455566
449412
443265
437126
430995
424869
418745
412620
406490
400356
394219
388077
381935
375795
369656
363517
357379
351240
345098
338954
332810
326668
320528
314390
308251
302114
295983
289864
283766
277696
271656
265649
259676
253735
247824
241942
236087
230259
224457
218683
212939
207225
201541
195891
190277
184703
179172
173687
168255
162875
157547
152271
147046
141873
136755
131693
126686
121729
967341
967218
966989
966650
966202
965642
964971
964188
963295
962291
961178
959957
958629
957196
955658
954018
952276
950435
948497
946463
944335
942116
939808
937414
934935
932374
929733
927013
924217
921346
918403
915389
912306
909156
905940
902660
899316
895908
892437
888903
885307
881647
877925
874140
870291
866380
862406
858371
854276
850121
845910
841646
837332
832971
828564
824113
819622
815092
810523
805917
801274
796596
791880
787128
782337
777505
772632
767717
762758
757757
752715
747634
742516
737364
732178
726960
721710
716428
711117
705778
700413
695024
689612
684178
678721
673241
667739
662216
656673
651107
645521
639915
634287
628636
622959
617254
611521
605758
599964
594140
588286
582403
576497
570575
564645
558711
552778
546844
540906
534959
528994
523007
516994
510950
504876
498770
492636
486480
480311
474137
467964
461794
455631
449474
443326
437186
431054
424929
418806
412682
406554
400424
394288
388147
382005
375863
369722
363582
357442
351300
345157
339011
332866
326724
320584
314445
308305
302166
296032
289911
283811
277738
271695
265686
259712
253769
247857
241973
236116
230286
224483
218708
212963
207249
201564
195913
190299
184724
179192
173707
168272
162890
157559
152279
147049
141870
136744
131673
126655
121684
971632
971497
971245
970876
970389
969783
969058
968216
967257
966182
964993
963692
962281
960761
959134
957403
955568
953633
951600
949472
947250
944939
942539
940054
937485
934836
932107
929302
926422
923469
920447
917356
914198
910976
907689
904340
900928
897456
893922
890328
886672
882956
879179
875340
871440
867479
863457
859375
855235
851036
846783
842477
838123
833721
829276
824788
820261
815696
811094
806458
801787
797083
792345
787572
782762
777911
773020
768086
763110
758092
753034
747939
742809
737646
732449
727219
721956
716662
711336
705983
700604
695203
689781
684339
678875
673389
667881
662352
656803
651233
645643
640033
634402
628747
623067
617359
611623
605857
600061
594237
588383
582502
576596
570675
564743
558808
552872
546936
540996
535046
529081
523093
517079
511036
504961
498853
492716
486558
480386
474210
468035
461864
455698
449540
443389
437247
431113
424985
418862
412738
406613
400484
394348
388206
382062
375919
369775
363633
357491
351347
345203
339057
332912
326770
320631
314491
308350
302209
296075
289952
283850
277775
271731
265721
259745
253801
247888
242003
236144
230312
224507
218731
212986
207270
201586
195934
190319
184744
179212
173725
168289
162904
157569
152285
147050
141864
136731
131651
126622
121640
976456
976305
976027
975622
975088
974428
973640
972727
971690
970531
969252
967856
966345
964721
962987
961147
959202
957157
955015
952777
950447
948028
945522
942931
940258
937506
934677
931773
928797
925751
922639
919460
916218
912913
909546
906120
902634
899090
895487
891826
888106
884328
880490
876594
872638
868624
864551
860420
856232
851988
847691
843343
838947
834506
830021
825495
820930
816330
811695
807027
802327
797596
792833
788037
783204
778333
773420
768466
763471
758436
753363
748255
743113
737938
732731
727490
722215
716907
711568
706199
700807
695393
689959
684507
679035
673542
668027
662491
656935
651359
645762
640147
634510
628850
623165
617453
611713
605943
600144
594319
588466
582586
576684
570764
564833
558896
552958
547019
541076
535124
529156
523167
517152
511108
505032
498924
492786
486627
480455
474280
468105
461934
455767
449605
443452
437306
431168
425037
418911
412787
406663
400534
394397
388253
382106
375959
369813
363668
357524
351380
345235
339090
332946
326806
320667
314527
308385
302243
296108
289985
283883
277807
271762
265751
259774
253829
247916
242029
236170
230336
224530
218753
213006
207290
201605
195953
190338
184763
179230
173742
168304
162916
157577
152288
147048
141856
136715
131627
126588
121596
981868
981698
981389
980940
980352
979625
978761
977762
976630
975368
973978
972466
970833
969084
967222
965253
963178
961004
958732
956366
953909
951364
948733
946020
943228
940359
937416
934401
931317
928166
924952
921675
918338
914942
911487
907976
904409
900786
897108
893374
889584
885739
881837
877879
873865
869795
865668
861486
857249
852959
848618
844228
839791
835310
830786
826222
821620
816984
812316
807615
802885
798126
793337
788515
783658
778762
773827
768852
763837
758785
753697
748575
743421
738236
733019
727767
722481
717160
711807
706424
701016
695589
690144
684681
679200
673697
668174
662630
657066
651483
645879
640256
634612
628946
623254
617536
611790
606015
600213
594386
588533
582656
576757
570840
564910
558972
553032
547091
541145
535190
529219
523227
517210
511164
505088
498978
492841
486683
480514
474342
468171
462001
455833
449668
443511
437360
431217
425081
418952
412826
406700
400570
394431
388284
382134
375984
369834
363687
357541
351396
345252
339109
332967
326829
320691
314550
308408
302266
296131
290009
283908
277833
271788
265776
259798
253853
247939
242052
236192
230358
224551
218772
213024
207307
201622
195969
190354
184779
179245
173757
168316
162925
157582
152289
147043
141845
136697
131600
126552
121551
987940
987747
987398
986895
986237
985426
984465
983356
982103
980711
979184
977529
975748
973849
971834
969711
967482
965153
962727
960210
957605
954916
952145
949295
946369
943369
940299
937161
933958
930691
927364
923979
920538
917041
913491
909888
906232
902525
898765
894954
891090
887174
883205
879181
875105
870975
866793
862558
858272
853936
849551
845120
840643
836122
831559
826958
822321
817651
812949
808216
803456
798667
793849
788999
784116
779196
774237
769239
764205
759134
754030
748894
743729
738533
733306
728045
722748
717415
712048
706651
701229
695788
690331
684857
679365
673854
668323
662770
657197
651604
645992
640360
634708
629033
623333
617607
611855
606074
600268
594438
588585
582710
576814
570901
564973
559035
553094
547150
541202
535243
529268
523272
517251
511202
505124
499014
492878
486724
480561
474395
468229
462061
455893
449725
443563
437407
431259
425117
418982
412853
406724
400591
394449
388299
382145
375991
369839
363689
357542
351397
345254
339113
332975
326838
320701
314561
308418
302278
296144
290025
283926
277853
271809
265796
259818
253873
247959
242072
236211
230376
224568
218788
213039
207322
201636
195983
190368
184792
179258
173768
168325
162930
157584
152285
147034
141831
136676
131571
126515
121506
994972
994747
994345
993765
993010
992083
990989
989733
988321
986760
985058
983221
981255
979167
976962
974647
972228
969711
967102
964407
961628
958771
955838
952831
949753
946606
943392
940116
936779
933383
929932
926426
922869
919262
915605
911899
908146
904346
900498
896602
892658
888665
884621
880527
876383
872191
867949
863660
859322
854938
850508
846033
841515
836955
832354
827716
823044
818339
813603
808839
804046
799225
794377
789498
784586
779639
774655
769635
764579
759489
754368
749217
744038
738831
733594
728323
723015
717671
712291
706881
701445
695991
690521
685036
679534
674014
668474
662912
657328
651724
646102
640460
634798
629113
623403
617669
611909
606122
600310
594477
588624
582750
576857
570947
565022
559085
553143
547197
541245
535282
529302
523300
517274
511221
505140
499031
492898
486750
480595
474437
468277
462113
455944
449774
443607
437446
431291
425143
419003
412867
406734
400597
394452
388298
382141
375984
369829
363676
357528
351383
345242
339104
332968
326834
320697
314558
308417
302278
296148
290033
283938
277867
271824
265813
259834
253889
247975
242088
236227
230392
224583
218802
213052
207334
201647
195995
190380
184803
179268
173776
168331
162933
157583
152279
147023
141813
136652
131540
126477
121461
1.00276e+06
1.00249e+06
1.00201e+06
1.00133e+06
1.00044e+06
999358
998088
996641
995026
993253
991333
989273
987082
984766
982334
979796
977158
974429
971616
968724
965757
962718
959611
956436
953196
949893
946530
943109
939634
936105
932525
928895
925218
921494
917726
913914
910059
906162
902222
898239
894211
890138
886017
881850
877638
873381
869080
864735
860346
855914
851439
846921
842362
837763
833127
828454
823749
819011
814244
809448
804624
799772
794892
789983
785043
780069
775061
770017
764940
759831
754692
749525
744332
739113
733865
728584
723266
717911
712521
707099
701652
696186
690704
685208
679697
674167
668618
663045
657450
651835
646201
640548
634875
629180
623461
617717
611949
606155
600338
594501
588647
582774
576883
570976
565052
559117
553174
547225
541269
535300
529315
523307
517275
511217
505134
499027
492899
486758
480612
474464
468310
462149
455981
449809
443639
437473
431312
425158
419010
412868
406728
400586
394438
388282
382122
375961
369803
363649
357500
351356
345217
339082
332949
326815
320680
314541
308403
302268
296143
290033
283943
277876
271835
265824
259846
253901
247986
242100
236239
230403
224594
218812
213062
207343
201656
196004
190388
184811
179275
173782
168334
162933
157578
152270
147009
141794
136626
131508
126439
121416
1.01061e+06
1.01029e+06
1.00972e+06
1.0089e+06
1.00785e+06
1.00658e+06
1.0051e+06
1.00343e+06
1.00158e+06
999565
997399
995092
992655
990097
987428
984661
981803
978864
975850
972768
969619
966407
963132
959798
956405
952956
949452
945895
942290
938636
934935
931189
927400
923567
919694
915782
911832
907843
903816
899748
895640
891490
887298
883063
878786
874469
870112
865714
861277
856800
852282
847724
843128
838494
833825
829122
824387
819621
814826
810001
805149
800268
795359
790422
785455
780457
775426
770361
765265
760139
754983
749802
744595
739362
734103
728811
723483
718119
712719
707290
701835
696361
690870
685365
679843
674303
668743
663160
657554
651927
646282
640618
634936
629231
623503
617751
611975
606176
600354
594513
588657
582783
576893
570987
565065
559130
553186
547235
541273
535299
529307
523293
517256
511196
505112
499007
492884
486751
480614
474474
468327
462169
456002
449830
443657
437487
431322
425161
419007
412858
406712
400564
394412
388254
382093
375930
369769
363614
357465
351322
345185
339051
332919
326787
320652
314516
308381
302251
296131
290027
283942
277879
271842
265833
259855
253910
247995
242108
236247
230411
224602
218821
213070
207351
201664
196012
190396
184818
179281
173786
168336
162932
157573
152260
146994
141774
136602
131478
126403
121376
1.01849e+06
1.01811e+06
1.01742e+06
1.01644e+06
1.01518e+06
1.01368e+06
1.01195e+06
1.01002e+06
1.0079e+06
1.00561e+06
1.00318e+06
1.0006e+06
997911
995107
992203
989210
986139
982998
979792
976528
973208
969832
966403
962921
959386
955800
952164
948481
944753
940983
937170
933316
929423
925490
921521
917515
913475
909400
905290
901143
896959
892738
888478
884180
879843
875470
871059
866612
862129
857609
853052
848456
843825
839159
834459
829728
824967
820175
815353
810503
805625
800717
795782
790818
785827
780806
775754
770671
765558
760415
755245
750049
744829
739583
734311
729007
723670
718297
712890
707455
701995
696516
691018
685504
679972
674421
668849
663255
657639
652002
646346
640673
634981
629269
623533
617774
611991
606186
600360
594516
588657
582782
576891
570985
565063
559128
553183
547228
541261
535280
529282
523264
517224
511161
505077
498975
492858
486732
480602
474469
468328
462174
456009
449837
443663
437490
431321
425156
418996
412840
406688
400536
394380
388220
382057
375892
369730
363574
357426
351284
345148
339015
332883
326751
320618
314485
308354
302230
296116
290018
283938
277880
271847
265840
259863
253918
248002
242115
236253
230417
224609
218828
213078
207359
201673
196021
190405
184826
179287
173790
168338
162931
157569
152252
146981
141757
136580
131452
126372
121341
1.02641e+06
1.02593e+06
1.02509e+06
1.0239e+06
1.02239e+06
1.02061e+06
1.01858e+06
1.01634e+06
1.01392e+06
1.01133e+06
1.00861e+06
1.00577e+06
1.00282e+06
999777
996645
993437
990163
986830
983443
980008
976527
973001
969428
965809
962143
958429
954671
950870
947029
943150
939234
935280
931290
927266
923208
919117
914994
910840
906652
902431
898178
893890
889568
885212
880820
876394
871934
867441
862914
858354
853758
849128
844464
839767
835040
830283
825496
820680
815834
810960
806057
801125
796165
791178
786164
781122
776052
770952
765823
760666
755482
750272
745038
739779
734494
729179
723831
718451
713039
707599
702136
696651
691147
685625
680083
674521
668938
663333
657706
652060
646395
640714
635015
629295
623552
617786
611998
606188
600359
594512
588649
582771
576879
570972
565049
559113
553165
547206
541234
535247
529245
523223
517181
511118
505035
498935
492822
486702
480579
474451
468315
462165
456003
449832
443658
437485
431313
425144
418979
412818
406660
400504
394345
388183
382018
375853
369690
363534
357385
351244
345108
338975
332843
326712
320581
314451
308325
302206
296098
290005
283932
277879
271849
265845
259870
253924
248008
242119
236258
230423
224615
218836
213087
207369
201683
196031
190414
184834
179294
173796
168342
162932
157567
152246
146972
141745
136564
131432
126349
121315
1.03435e+06
1.03377e+06
1.03272e+06
1.03125e+06
1.02942e+06
1.02729e+06
1.02491e+06
1.02233e+06
1.01958e+06
1.01669e+06
1.01369e+06
1.01058e+06
1.00738e+06
1.0041e+06
1.00075e+06
997343
993878
990364
986808
983215
979586
975920
972214
968468
964679
960847
956975
953064
949118
945139
941127
937082
933005
928897
924758
920590
916393
912165
907908
903620
899303
894955
890576
886166
881724
877249
872744
868208
863640
859041
854411
849748
845053
840328
835575
830793
825982
821142
816273
811376
806451
801497
796515
791506
786471
781410
776323
771208
766064
760894
755696
750474
745227
739955
734657
729330
723973
718585
713168
707725
702258
696768
691258
685727
680176
674604
669011
663396
657760
652105
646433
640744
635038
629310
623561
617789
611996
606183
600351
594501
588634
582754
576859
570950
565026
559087
553136
547173
541196
535206
529199
523175
517131
511068
504986
498889
492781
486665
480546
474423
468290
462144
455986
449818
443645
437471
431298
425127
418958
412793
406631
400471
394309
388145
381979
375814
369651
363495
357346
351203
345066
338933
332802
326671
320542
314416
308294
302180
296078
289992
283924
277876
271850
265849
259875
253929
248012
242123
236262
230428
224622
218844
213097
207380
201695
196043
190426
184846
179305
173806
168349
162937
157569
152246
146969
141739
136556
131421
126336
121299
1.04235e+06
1.04161e+06
1.04027e+06
1.03844e+06
1.03621e+06
1.03368e+06
1.03091e+06
1.02796e+06
1.02488e+06
1.02168e+06
1.01839e+06
1.01502e+06
1.01158e+06
1.00809e+06
1.00453e+06
1.00093e+06
997289
993608
989896
986157
982391
978595
974765
970900
966996
963054
959076
955065
951022
946952
942854
938728
934572
930388
926178
921940
917675
913383
909063
904715
900340
895938
891507
887048
882559
878041
873494
868918
864313
859678
855015
850321
845597
840846
836068
831263
826429
821567
816676
811757
806811
801837
796836
791807
786753
781675
776571
771442
766285
761102
755892
750657
745398
740113
734803
729465
724099
718705
713283
707835
702364
696869
691352
685813
680253
674672
669070
663446
657803
652140
646461
640765
635050
629316
623561
617785
611988
606172
600337
594484
588614
582731
576833
570922
564996
559054
553100
547133
541153
535159
529149
523123
517078
511015
504935
498840
492735
486624
480508
474387
468257
462115
455960
449796
443626
437453
431279
425106
418935
412767
406602
400438
394274
388108
381942
375777
369614
363457
357307
351164
345026
338892
332760
326631
320504
314381
308263
302155
296058
289978
283915
277872
271851
265852
259879
253933
248016
242127
236267
230434
224630
218855
213109
207394
201710
196058
190441
184861
179319
173819
168361
162947
157577
152253
146974
141742
136558
131422
126335
121297
1.05044e+06
1.04945e+06
1.04772e+06
1.04541e+06
1.0427e+06
1.03971e+06
1.03652e+06
1.0332e+06
1.02978e+06
1.02627e+06
1.02271e+06
1.01909e+06
1.01543e+06
1.01173e+06
1.00799e+06
1.00421e+06
1.00041e+06
996573
992717
988843
984949
981032
977086
973110
969100
965058
960984
956881
952753
948601
944426
940226
936000
931749
927473
923173
918848
914498
910123
905722
901295
896843
892366
887862
883331
878773
874188
869576
864936
860269
855575
850852
846101
841325
836524
831697
826841
821957
817045
812107
807141
802149
797130
792084
787013
781918
776800
771657
766488
761293
756071
750824
745553
740257
734936
729588
724214
718812
713384
707931
702454
696954
691430
685884
680316
674727
669117
663487
657836
652167
646480
640777
635055
629315
623555
617775
611976
606157
600319
594463
588590
582704
576804
570890
564961
559017
553060
547089
541106
535109
529097
523069
517024
510961
504883
498791
492689
486580
480466
474347
468219
462081
455930
449769
443601
437429
431256
425082
418910
412741
406573
400407
394240
388073
381906
375742
369579
363422
357271
351126
344987
338852
332720
326592
320467
314347
308233
302129
296038
289963
283906
277868
271851
265855
259883
253937
248020
242132
236273
230442
224640
218868
213124
207410
201727
196076
190460
184880
179338
173837
168379
162963
157592
152267
146987
141755
136571
131434
126346
121307
1.05871e+06
1.05731e+06
1.05499e+06
1.05208e+06
1.04882e+06
1.04533e+06
1.04172e+06
1.03802e+06
1.03427e+06
1.03047e+06
1.02665e+06
1.0228e+06
1.01893e+06
1.01504e+06
1.01113e+06
1.00719e+06
1.00324e+06
999267
995280
991282
987270
983241
979189
975112
971006
966873
962713
958529
954324
950100
945856
941590
937301
932990
928656
924300
919922
915520
911095
906647
902174
897677
893158
888614
884045
879450
874831
870186
865515
860817
856094
851345
846569
841769
836946
832097
827221
822317
817386
812428
807445
802436
797401
792339
787253
782144
777012
771856
766675
761468
756235
750977
745695
740389
735057
729700
724317
718908
713473
708015
702532
697025
691495
685942
680367
674772
669155
663518
657861
652186
646493
640782
635055
629309
623545
617762
611960
606138
600298
594439
588564
582674
576772
570856
564925
558978
553017
547044
541058
535058
529044
523014
516969
510907
504831
498741
492642
486535
480423
474305
468180
462043
455896
449738
443573
437403
431230
425057
418885
412715
406546
400377
394209
388041
381874
375709
369547
363389
357237
351091
344950
338815
332683
326555
320432
314314
308204
302105
296019
289950
283898
277865
271851
265857
259886
253942
248025
242138
236280
230452
224653
218883
213142
207429
201748
196098
190483
184903
179362
173861
168402
162986
157615
152289
147010
141779
136594
131458
126371
121330
1.06731e+06
1.06517e+06
1.06203e+06
1.05838e+06
1.0545e+06
1.05051e+06
1.04647e+06
1.04242e+06
1.03835e+06
1.03429e+06
1.03022e+06
1.02616e+06
1.0221e+06
1.01804e+06
1.01397e+06
1.00989e+06
1.0058e+06
1.0017e+06
997596
993485
989367
985237
981090
976921
972730
968515
964280
960025
955751
951463
947157
942833
938488
934122
929737
925331
920905
916457
911988
907497
902983
898446
893888
889308
884704
880077
875426
870751
866052
861327
856577
851802
847004
842182
837337
832468
827572
822649
817700
812725
807726
802701
797651
792575
787476
782353
777208
772040
766847
761629
756385
751116
745824
740508
735168
729802
724410
718994
713552
708087
702598
697085
691549
685990
680409
674808
669186
663543
657880
652199
646500
640784
635051
629301
623533
617747
611942
606118
600275
594414
588536
582644
576739
570821
564887
558938
552975
546999
541009
535007
528991
522961
516915
510855
504780
498693
492596
486492
480381
474264
468139
462005
455860
449705
443543
437374
431203
425031
418860
412689
406519
400350
394180
388012
381845
375680
369518
363360
357206
351059
344917
338781
332649
326522
320400
314284
308178
302083
296002
289938
283891
277861
271850
265859
259890
253947
248031
242146
236290
230464
224668
218900
213161
207450
201770
196122
190508
184930
179390
173889
168431
163016
157646
152320
147042
141812
136629
131493
126406
121365
1.07658e+06
1.07299e+06
1.06869e+06
1.0642e+06
1.05968e+06
1.0552e+06
1.05077e+06
1.04638e+06
1.04204e+06
1.03773e+06
1.03344e+06
1.02919e+06
1.02496e+06
1.02074e+06
1.01653e+06
1.01232e+06
1.00811e+06
1.00389e+06
999682
995471
991258
987038
982805
978556
974288
970002
965699
961382
957049
952703
948343
943966
939571
935158
930726
926275
921806
917318
912809
908280
903729
899156
894563
889950
885315
880658
875979
871277
866551
861800
857026
852228
847408
842565
837701
832813
827898
822957
817991
813000
807985
802946
797882
792794
787682
782547
777390
772210
767006
761777
756523
751244
745943
740618
735268
729894
724495
719070
713622
708150
702655
697136
691594
686030
680444
674837
669210
663562
657895
652208
646504
640782
635044
629290
623519
617730
611922
606096
600250
594387
588507
582613
576706
570785
564850
558898
552933
546954
540963
534958
528941
522909
516864
510804
504731
498646
492552
486449
480339
474223
468099
461966
455823
449671
443511
437345
431176
425005
418835
412665
406494
400324
394154
387985
381819
375654
369492
363333
357178
351030
344887
338750
332619
326492
320371
314257
308154
302063
295987
289927
283884
277858
271850
265861
259894
253953
248040
242156
236302
230478
224684
218918
213181
207473
201794
196148
190537
184960
179421
173923
168466
163052
157682
152358
147082
141853
136671
131537
126449
121407
1.08662e+06
1.08051e+06
1.0748e+06
1.06945e+06
1.06434e+06
1.05941e+06
1.05462e+06
1.04993e+06
1.04534e+06
1.04081e+06
1.03633e+06
1.03191e+06
1.02752e+06
1.02317e+06
1.01883e+06
1.0145e+06
1.01018e+06
1.00587e+06
1.00156e+06
997260
992963
988663
984354
980033
975698
971349
966988
962615
958230
953833
949424
945001
940562
936105
931632
927142
922635
918109
913565
909001
904416
899812
895188
890545
885882
881198
876493
871766
867016
862242
857445
852625
847784
842922
838039
833133
828201
823243
818261
813255
808226
803174
798097
792997
787873
782727
777559
772368
767153
761914
756650
751362
746051
740717
735359
729977
724570
719138
713683
708205
702704
697180
691632
686063
680472
674861
669229
663577
657905
652214
646505
640779
635036
629278
623503
617712
611901
606072
600225
594359
588478
582582
576673
570750
564813
558860
552892
546912
540918
534911
528892
522860
516815
510756
504684
498601
492509
486407
480299
474183
468059
461927
455786
449636
443478
437315
431148
424980
418811
412641
406471
400301
394131
387962
381795
375631
369469
363309
357154
351004
344861
338724
332592
326466
320345
314234
308133
302046
295974
289918
283878
277855
271849
265863
259899
253961
248050
242168
236316
230494
224701
218937
213202
207495
201819
196176
190566
184992
179456
173960
168505
163093
157725
152402
147127
141899
136719
131585
126497
121454
1.09693e+06
1.0873e+06
1.08018e+06
1.07407e+06
1.06844e+06
1.06313e+06
1.05803e+06
1.05309e+06
1.04828e+06
1.04356e+06
1.03892e+06
1.03435e+06
1.02983e+06
1.02535e+06
1.0209e+06
1.01647e+06
1.01205e+06
1.00765e+06
1.00326e+06
998886
994515
990145
985771
981387
976992
972587
968174
963753
959321
954879
950427
945962
941483
936988
932478
927953
923412
918853
914276
909681
905066
900432
895781
891111
886421
881713
876984
872234
867461
862665
857847
853007
848146
843266
838365
833441
828493
823519
818522
813501
808459
803393
798305
793193
788058
782902
777723
772521
767295
762046
756771
751474
746153
740811
735445
730055
724640
719202
713740
708256
702749
697218
691666
686092
680497
674881
669246
663589
657913
652217
646504
640774
635027
629264
623486
617691
611878
606046
600197
594330
588447
582549
576638
570714
564774
558820
552851
546868
540872
534864
528843
522810
516764
510706
504636
498555
492464
486364
480256
474141
468018
461886
455746
449598
443443
437283
431119
424953
418786
412617
406448
400278
394108
387940
381773
375609
369446
363286
357131
350981
344837
338699
332567
326441
320321
314211
308113
302029
295961
289909
283872
277852
271849
265867
259906
253971
248063
242183
236332
230511
224719
218957
213223
207518
201845
196205
190599
185029
179496
174003
168552
163142
157775
152454
147180
141954
136774
131640
126551
121506
1.10324e+06
1.09308e+06
1.08513e+06
1.07841e+06
1.07234e+06
1.06668e+06
1.0613e+06
1.05613e+06
1.05112e+06
1.04623e+06
1.04144e+06
1.03672e+06
1.03208e+06
1.02748e+06
1.02292e+06
1.01839e+06
1.01389e+06
1.0094e+06
1.00493e+06
1.00048e+06
996043
991606
987168
982724
978272
973815
969352
964883
960406
955920
951426
946920
942402
937870
933325
928765
924191
919600
914991
910365
905721
901059
896380
891684
886970
882236
877483
872710
867914
863096
858257
853396
848516
843617
838698
833757
828791
823802
818789
813754
808697
803618
798517
793394
788248
783080
777890
772677
767441
762180
756895
751587
746257
740905
735531
730133
724710
719264
713796
708305
702792
697256
691698
686119
680520
674900
669260
663600
657919
652220
646503
640768
635017
629250
623468
617669
611853
606019
600167
594298
588414
582515
576603
570676
564735
558779
552808
546824
540826
534816
528794
522759
516713
510656
504587
498507
492417
486319
480212
474098
467975
461844
455705
449559
443407
437250
431089
424926
418762
412595
406427
400257
394088
387919
381753
375589
369426
363266
357110
350959
344814
338676
332543
326417
320299
314190
308095
302014
295949
289900
283867
277850
271851
265873
259917
253985
248079
242201
236351
230530
224738
218976
213243
207541
201871
196235
190634
185068
179541
174054
168606
163199
157833
152513
147240
142014
136834
131698
126606
121558
1.10826e+06
1.09824e+06
1.08993e+06
1.08277e+06
1.07632e+06
1.07035e+06
1.06471e+06
1.05931e+06
1.0541e+06
1.04903e+06
1.04407e+06
1.03922e+06
1.03444e+06
1.02972e+06
1.02504e+06
1.02041e+06
1.01581e+06
1.01124e+06
1.00669e+06
1.00216e+06
997647
993140
988635
984128
979617
975103
970588
966069
961545
957013
952473
947924
943364
938793
934210
929615
925006
920381
915739
911081
906406
901715
897008
892284
887543
882784
878006
873207
868388
863547
858685
853803
848903
843983
839045
834085
829101
824095
819066
814015
808944
803851
798736
793600
788443
783263
778062
772837
767589
762316
757020
751701
746361
740999
735616
730209
724778
719325
713849
708352
702832
697291
691728
686144
680540
674916
669272
663608
657923
652220
646499
640761
635006
629235
623448
617646
611827
605990
600137
594266
588381
582481
576566
570638
564696
558738
552766
546780
540781
534769
528745
522709
516663
510606
504537
498459
492371
486273
480168
474054
467932
461802
455665
449521
443372
437218
431061
424901
418739
412575
406408
400239
394070
387903
381737
375572
369410
363249
357092
350940
344794
338655
332522
326395
320278
314171
308077
301999
295936
289890
283860
277848
271854
265880
259929
254000
248096
242218
236368
230546
224754
218991
213259
207559
201892
196261
190665
185106
179585
174105
168661
163255
157890
152570
147297
142069
136887
131747
126651
121600
1.11254e+06
1.10291e+06
1.09451e+06
1.08708e+06
1.08035e+06
1.0741e+06
1.06822e+06
1.0626e+06
1.05719e+06
1.05195e+06
1.04683e+06
1.04183e+06
1.03691e+06
1.03207e+06
1.02728e+06
1.02254e+06
1.01784e+06
1.01318e+06
1.00854e+06
1.00393e+06
999333
994751
990175
985601
981028
976457
971887
967316
962740
958159
953570
948974
944371
939758
935136
930503
925857
921196
916520
911828
907121
902399
897663
892911
888142
883355
878550
873726
868882
864017
859132
854227
849305
844365
839405
834425
829423
824399
819353
814286
809199
804091
798962
793813
788643
783451
778237
773000
767739
762455
757146
751816
746465
741093
735700
730284
724845
719384
713901
708397
702872
697324
691755
686166
680558
674930
669282
663613
657926
652219
646495
640753
634994
629219
623428
617622
611800
605961
600106
594234
588347
582446
576530
570600
564656
558697
552724
546736
540736
534723
528697
522661
516614
510557
504489
498411
492324
486228
480124
474011
467891
461762
455627
449485
443339
437189
431035
424879
418719
412557
406391
400224
394057
387889
381724
375559
369396
363233
357075
350922
344775
338634
332500
326374
320256
314150
308058
301982
295922
289879
283854
277846
271858
265889
259941
254015
248112
242233
236382
230559
224765
219001
213269
207570
201907
196280
190689
185138
179626
174152
168713
163308
157943
152622
147347
142117
136930
131786
126685
121629
1.11642e+06
1.10719e+06
1.09885e+06
1.0913e+06
1.08436e+06
1.0779e+06
1.07181e+06
1.06599e+06
1.0604e+06
1.05498e+06
1.04971e+06
1.04456e+06
1.03951e+06
1.03453e+06
1.02963e+06
1.02478e+06
1.01998e+06
1.01521e+06
1.01048e+06
1.00578e+06
1.00111e+06
996444
991793
987151
982513
977881
973252
968624
963993
959358
954719
950075
945426
940769
936105
931432
926746
922047
917334
912607
907867
903113
898346
893564
888766
883950
879117
874266
869396
864506
859596
854669
849723
844761
839780
834779
829758
824715
819652
814567
809463
804339
799195
794032
788848
783643
778416
773166
767892
762594
757274
751932
746570
741187
735784
730359
724912
719443
713953
708442
702909
697356
691781
686187
680574
674941
669289
663617
657926
652217
646489
640744
634981
629202
623408
617598
611773
605932
600075
594202
588314
582411
576493
570562
564615
558655
552681
546692
540691
534677
528651
522614
516566
510509
504442
498365
492279
486184
480081
473969
467850
461723
455591
449452
443310
437163
431012
424859
418702
412541
406377
400212
394045
387879
381713
375548
369383
363220
357059
350904
344756
338613
332478
326351
320234
314129
308038
301965
295907
289868
283846
277845
271862
265897
259952
254027
248123
242243
236390
230565
224769
219005
213272
207574
201913
196290
190706
185161
179657
174190
168755
163353
157988
152665
147388
142154
136963
131813
126707
121646
1.12005e+06
1.11119e+06
1.10299e+06
1.0954e+06
1.08834e+06
1.08172e+06
1.07545e+06
1.06946e+06
1.0637e+06
1.05812e+06
1.0527e+06
1.0474e+06
1.04221e+06
1.03711e+06
1.03209e+06
1.02713e+06
1.02222e+06
1.01735e+06
1.01253e+06
1.00774e+06
1.00297e+06
998224
993496
988780
984074
979376
974683
969994
965305
960615
955923
951228
946530
941827
937118
932401
927673
922934
918182
913419
908644
903857
899057
894243
889413
884567
879705
874825
869928
865012
860078
855126
850158
845172
840168
835146
830104
825043
819960
814858
809736
804595
799436
794257
789059
783840
778598
773334
768046
762736
757403
752049
746675
741282
735869
730435
724979
719502
714004
708485
702946
697386
691806
686206
680588
674951
669295
663620
657925
652213
646482
640733
634967
629185
623387
617575
611747
605903
600044
594170
588280
582376
576457
570523
564575
558613
552638
546649
540647
534632
528606
522569
516521
510464
504397
498320
492235
486140
480038
473928
467811
461687
455557
449423
443284
437141
430993
424842
418686
412527
406365
400201
394036
387871
381705
375539
369372
363205
357043
350885
344734
338590
332453
326326
320209
314106
308017
301946
295891
289855
283838
277842
271863
265902
259958
254032
248127
242245
236390
230563
224766
219001
213268
207570
201912
196292
190712
185173
179676
174215
168785
163384
158019
152696
147416
142179
136984
131829
126718
121653
1.12352e+06
1.11499e+06
1.10694e+06
1.09938e+06
1.09226e+06
1.08553e+06
1.07912e+06
1.07298e+06
1.06707e+06
1.06134e+06
1.05578e+06
1.05034e+06
1.04502e+06
1.0398e+06
1.03465e+06
1.02958e+06
1.02456e+06
1.01959e+06
1.01467e+06
1.00978e+06
1.00493e+06
1.0001e+06
995286
990493
985713
980945
976185
971431
966680
961932
957184
952435
947686
942934
938176
933412
928640
923858
919066
914263
909451
904629
899795
894947
890084
885205
880312
875404
870479
865536
860577
855600
850607
845597
840570
835525
830463
825381
820279
815157
810017
804859
799682
794488
789274
784039
778783
773504
768203
762879
757533
752167
746782
741379
735955
730512
725047
719561
714055
708529
702983
697417
691830
686225
680601
674959
669299
663620
657923
652207
646473
640722
634953
629168
623368
617552
611722
605876
600015
594139
588248
582342
576421
570485
564535
558571
552595
546605
540603
534589
528563
522526
516479
510422
504355
498278
492193
486099
479998
473890
467775
461654
455529
449398
443263
437123
430977
424827
418674
412516
406355
400193
394029
387863
381696
375528
369359
363189
357023
350863
344709
338563
332426
326299
320183
314081
307995
301926
295875
289842
283829
277836
271861
265900
259956
254028
248120
242236
236379
230552
224754
218988
213255
207558
201901
196283
190705
185171
179679
174223
168796
163398
158034
152711
147431
142192
136994
131836
126721
121653
1.12689e+06
1.11864e+06
1.11075e+06
1.10325e+06
1.09611e+06
1.08931e+06
1.08279e+06
1.07654e+06
1.07049e+06
1.06464e+06
1.05894e+06
1.05337e+06
1.04792e+06
1.04258e+06
1.03731e+06
1.03212e+06
1.027e+06
1.02193e+06
1.01691e+06
1.01192e+06
1.00698e+06
1.00206e+06
997162
992289
987433
982590
977759
972937
968122
963312
958504
953699
948895
944089
939280
934467
929648
924821
919985
915142
910291
905430
900559
895675
890777
885866
880941
876002
871048
866077
861091
856088
851069
846035
840984
835916
830831
825728
820606
815465
810305
805128
799935
794723
789493
784242
778970
773676
768360
763023
757665
752287
746891
741476
736043
730589
725115
719620
714106
708572
703019
697446
691854
686243
680614
674967
669303
663620
657919
652200
646464
640710
634939
629151
623349
617531
611698
605850
599987
594109
588216
582308
576385
570447
564496
558531
552553
546563
540562
534548
528524
522488
516441
510384
504317
498240
492154
486062
479962
473855
467744
461627
455505
449379
443247
437109
430965
424816
418663
412507
406347
400185
394021
387854
381685
375515
369341
363168
356999
350835
344679
338532
332395
326269
320156
314056
307973
301907
295858
289827
283817
277826
271850
265889
259942
254011
248101
242215
236358
230531
224734
218968
213235
207539
201881
196264
190687
185154
179665
174212
168788
163392
158031
152710
147431
142193
136993
131834
126718
121648
1.13018e+06
1.12217e+06
1.11444e+06
1.10701e+06
1.09989e+06
1.09305e+06
1.08646e+06
1.08011e+06
1.07395e+06
1.06798e+06
1.06216e+06
1.05647e+06
1.05091e+06
1.04544e+06
1.04006e+06
1.03476e+06
1.02953e+06
1.02436e+06
1.01923e+06
1.01415e+06
1.00911e+06
1.0041e+06
999123
994167
989231
984312
979408
974515
969632
964757
959887
955021
950158
945295
940432
935567
930698
925823
920942
916055
911162
906261
901350
896428
891494
886548
881591
876619
871634
866634
861619
856589
851544
846484
841408
836317
831209
826084
820940
815778
810599
805403
800191
794963
789715
784448
779160
773850
768520
763169
757798
752409
747001
741576
736131
730667
725184
719680
714158
708616
703056
697477
691879
686262
680628
674977
669308
663621
657917
652194
646455
640698
634925
629135
623331
617511
611676
605826
599960
594080
588186
582276
576351
570412
564459
558493
552515
546525
540524
534511
528488
522453
516407
510350
504283
498206
492121
486030
479932
473828
467719
461607
455490
449367
443237
437101
430957
424809
418656
412499
406339
400177
394011
387842
381670
375495
369318
363141
356968
350802
344645
338498
332362
326238
320127
314031
307951
301887
295839
289810
283799
277807
271829
265865
259914
253980
248068
242183
236327
230502
224706
218941
213209
207513
201855
196235
190657
185123
179633
174181
168760
163367
158010
152693
147417
142181
136983
131826
126711
121642
1.13343e+06
1.12561e+06
1.11803e+06
1.11069e+06
1.10359e+06
1.09673e+06
1.0901e+06
1.08367e+06
1.07743e+06
1.07136e+06
1.06543e+06
1.05964e+06
1.05396e+06
1.04838e+06
1.04289e+06
1.03748e+06
1.03214e+06
1.02687e+06
1.02164e+06
1.01647e+06
1.01133e+06
1.00623e+06
1.00116e+06
996124
991107
986110
981130
976164
971211
966267
961331
956402
951478
946556
941636
936715
931793
926868
921939
917005
912067
907123
902170
897207
892235
887253
882260
877255
872237
867206
862161
857102
852030
846943
841842
836726
831594
826446
821280
816097
810898
805683
800452
795205
789940
784656
779351
774026
768681
763317
757933
752532
747113
741677
736222
730748
725254
719742
714211
708662
703095
697510
691906
686284
680645
674988
669315
663624
657916
652190
646447
640688
634912
629121
623314
617492
611655
605803
599936
594054
588158
582246
576320
570380
564426
558459
552481
546491
540491
534480
528457
522423
516378
510322
504255
498179
492095
486005
479910
473809
467705
461597
455483
449362
443234
437098
430954
424804
418650
412492
406331
400167
393998
387825
381649
375470
369289
363108
356932
350764
344607
338461
332327
326206
320099
314006
307928
301865
295818
289787
283774
277778
271796
265827
259873
253937
248024
242140
236288
230466
224672
218909
213177
207481
201821
196199
190617
185079
179586
174133
168713
163324
157971
152659
147389
142158
136965
131812
126701
121638
1.13663e+06
1.12899e+06
1.12153e+06
1.11428e+06
1.10722e+06
1.10037e+06
1.09371e+06
1.08723e+06
1.08091e+06
1.07476e+06
1.06874e+06
1.06284e+06
1.05706e+06
1.05138e+06
1.04578e+06
1.04027e+06
1.03483e+06
1.02945e+06
1.02413e+06
1.01886e+06
1.01363e+06
1.00844e+06
1.00328e+06
998156
993056
987979
982921
977881
972855
967842
962838
957844
952855
947872
942892
937914
932936
927957
922977
917995
913009
908018
903020
898016
893003
887982
882952
877911
872859
867794
862718
857629
852528
847414
842286
837144
831987
826815
821627
816422
811202
805967
800717
795451
790168
784866
779545
774204
768845
763467
758072
752659
747228
741781
736315
730831
725328
719807
714269
708712
703138
697546
691936
686309
680665
675004
669326
663631
657918
652189
646443
640681
634903
629109
623300
617476
611637
605784
599915
594031
588133
582220
576293
570352
564398
558432
552454
546465
540466
534455
528433
522400
516355
510300
504234
498159
492077
485990
479898
473803
467703
461599
455487
449367
443239
437100
430954
424802
418645
412484
406320
400153
393980
387803
381622
375438
369254
363071
356893
350724
344568
338424
332293
326175
320071
313980
307903
301839
295789
289755
283738
277737
271751
265777
259820
253883
247971
242091
236244
230425
224635
218873
213142
207445
201783
196156
190569
185025
179527
174071
168651
163266
157918
152612
147348
142125
136939
131794
126691
121637
1.13953e+06
1.13203e+06
1.12469e+06
1.1175e+06
1.11049e+06
1.10365e+06
1.09698e+06
1.09047e+06
1.08411e+06
1.07789e+06
1.07179e+06
1.06582e+06
1.05995e+06
1.05418e+06
1.0485e+06
1.0429e+06
1.03737e+06
1.0319e+06
1.02649e+06
1.02113e+06
1.01581e+06
1.01054e+06
1.0053e+06
1.0001e+06
994924
989772
984643
979532
974439
969359
964292
959235
954187
949145
944109
939076
934045
929016
923986
918956
913923
908887
903847
898801
893749
888690
883623
878547
873461
868364
863257
858138
853009
847868
842714
837547
832366
827171
821960
816735
811494
806240
800971
795687
790387
785068
779731
774376
769003
763613
758206
752782
747341
741883
736407
730914
725403
719874
714327
708764
703183
697585
691969
686336
680687
675022
669340
663640
657924
652192
646442
640677
634897
629101
623290
617464
611624
605768
599898
594013
588114
582200
576273
570332
564378
558413
552436
546448
540449
534439
528417
522384
516340
510286
504222
498149
492070
485986
479899
473808
467713
461611
455500
449379
443248
437106
430956
424801
418640
412476
406307
400134
393957
387774
381588
375401
369215
363031
356853
350686
344531
338389
332261
326145
320043
313952
307874
301806
295752
289713
283690
277685
271694
265718
259760
253823
247915
242039
236196
230383
224595
218835
213105
207406
201740
196108
190516
184965
179459
174000
168580
163197
157855
152556
147299
142084
136908
131774
126683
121640
1.14238e+06
1.13501e+06
1.12776e+06
1.12065e+06
1.11369e+06
1.10687e+06
1.10019e+06
1.09366e+06
1.08725e+06
1.08098e+06
1.07483e+06
1.06878e+06
1.06284e+06
1.05699e+06
1.05122e+06
1.04554e+06
1.03992e+06
1.03437e+06
1.02887e+06
1.02343e+06
1.01803e+06
1.01268e+06
1.00736e+06
1.00208e+06
996824
991598
986396
981216
976054
970908
965777
960658
955549
950448
945355
940267
935182
930101
925022
919942
914862
909781
904696
899608
894515
889416
884312
879199
874079
868949
863810
858661
853502
848333
843153
837959
832753
827534
822301
817054
811793
806519
801231
795929
790611
785275
779923
774553
769167
763764
758346
752910
747458
741990
736505
731002
725483
719946
714392
708821
703233
697629
692008
686370
680716
675046
669359
663656
657936
652200
646448
640680
634897
629098
623285
617458
611616
605759
599887
594001
588101
582187
576259
570319
564367
558403
552428
546441
540443
534433
528411
522378
516335
510282
504220
498150
492075
485996
479913
473827
467734
461633
455522
449398
443262
437115
430961
424801
418636
412466
406290
400111
393928
387740
381551
375362
369175
362992
356816
350651
344499
338359
332232
326117
320014
313921
307839
301766
295706
289661
283634
277624
271631
265655
259698
253765
247860
241989
236151
230341
224556
218797
213066
207364
201694
196058
190459
184902
179390
173925
168505
163126
157788
152495
147247
142041
136877
131755
126679
121652
1.1456e+06
1.13835e+06
1.1312e+06
1.12416e+06
1.11724e+06
1.11045e+06
1.10378e+06
1.09722e+06
1.09079e+06
1.08447e+06
1.07825e+06
1.07214e+06
1.06611e+06
1.06018e+06
1.05433e+06
1.04855e+06
1.04284e+06
1.03719e+06
1.0316e+06
1.02606e+06
1.02057e+06
1.01513e+06
1.00972e+06
1.00435e+06
999011
993701
988417
983156
977916
972694
967489
962297
957119
951950
946791
941639
936493
931352
926215
921079
915945
910811
905675
900537
895397
890253
885104
879950
874789
869621
864444
859260
854068
848866
843653
838430
833196
827949
822690
817418
812134
806837
801527
796204
790865
785511
780141
774756
769355
763938
758506
753058
747594
742114
736618
731105
725576
720030
714468
708890
703295
697684
692056
686412
680753
675078
669386
663679
657955
652215
646459
640688
634902
629102
623287
617457
611613
605755
599882
593995
588095
582181
576255
570317
564366
558405
552431
546445
540447
534437
528416
522384
516342
510290
504231
498164
492093
486019
479940
473856
467765
461662
455548
449420
443278
437124
430964
424798
418627
412450
406267
400080
393891
387700
381509
375320
369135
362955
356783
350621
344470
338332
332204
326087
319980
313883
307794
301715
295649
289600
283570
277559
271566
265592
259639
253710
247810
241942
236107
230300
224517
218758
213025
207321
201646
196005
190401
184837
179320
173852
168432
163054
157721
152434
147194
141998
136847
131741
126682
121673
1.14919e+06
1.14205e+06
1.135e+06
1.12804e+06
1.12117e+06
1.1144e+06
1.10774e+06
1.10117e+06
1.09471e+06
1.08834e+06
1.08207e+06
1.07588e+06
1.06978e+06
1.06377e+06
1.05782e+06
1.05195e+06
1.04614e+06
1.04039e+06
1.0347e+06
1.02906e+06
1.02347e+06
1.01792e+06
1.01242e+06
1.00695e+06
1.00151e+06
996106
990729
985377
980048
974740
969450
964177
958918
953673
948438
943214
937997
932788
927584
922384
917187
911993
906799
901606
896411
891215
886016
880813
875606
870393
865175
859949
854717
849477
844229
838971
833704
828426
823137
817837
812525
807202
801867
796520
791159
785784
780395
774991
769573
764140
758692
753229
747752
742259
736750
731227
725687
720132
714560
708973
703370
697751
692117
686467
680801
675120
669423
663711
657983
652239
646480
640706
634917
629114
623296
617465
611619
605760
599886
594000
588100
582188
576264
570328
564380
558420
552448
546463
540466
534456
528434
522403
516363
510314
504257
498194
492127
486055
479977
473892
467798
461692
455572
449438
443288
437127
430959
424787
418608
412423
406233
400041
393848
387656
381466
375280
369098
362922
356754
350594
344444
338304
332174
326052
319939
313835
307739
301655
295585
289534
283503
277493
271503
265534
259585
253662
247766
241901
236067
230260
224477
218718
212984
207276
201597
195951
190342
184776
179255
173786
168364
162989
157659
152377
147144
141958
136821
131731
126692
121704
1.15314e+06
1.14611e+06
1.13914e+06
1.13225e+06
1.12543e+06
1.1187e+06
1.11204e+06
1.10547e+06
1.09899e+06
1.09258e+06
1.08625e+06
1.08e+06
1.07383e+06
1.06772e+06
1.06169e+06
1.05572e+06
1.04981e+06
1.04396e+06
1.03816e+06
1.03242e+06
1.02672e+06
1.02106e+06
1.01545e+06
1.00987e+06
1.00433e+06
998817
993337
987884
982457
977052
971668
966303
960954
955622
950303
944996
939700
934413
929134
923862
918595
913333
908074
902817
897561
892306
887051
881793
876534
871271
866004
860733
855456
850173
844884
839587
834282
828969
823647
818315
812973
807620
802257
796883
791497
786098
780686
775262
769824
764372
758907
753428
747935
742427
736905
731369
725818
720251
714670
709073
703461
697834
692192
686535
680863
675175
669473
663755
658022
652274
646511
640734
634943
629137
623318
617485
611638
605778
599905
594019
588122
582212
576291
570357
564411
558453
552481
546497
540499
534489
528468
522439
516400
510354
504301
498240
492174
486100
480018
473927
467826
461713
455586
449444
443286
437117
430941
424760
418574
412382
406188
399995
393803
387614
381429
375247
369070
362897
356730
350570
344418
338274
332138
326010
319890
313780
307679
301592
295522
289472
283442
277435
271449
265484
259541
253622
247729
241866
236031
230223
224439
218678
212942
207232
201549
195900
190289
184721
179200
173730
168309
162934
157607
152329
147102
141926
136801
131729
126709
121744
1.1574e+06
1.15046e+06
1.14358e+06
1.13675e+06
1.12998e+06
1.12328e+06
1.11664e+06
1.11006e+06
1.10356e+06
1.09712e+06
1.09074e+06
1.08443e+06
1.07819e+06
1.07201e+06
1.06588e+06
1.05982e+06
1.05381e+06
1.04785e+06
1.04195e+06
1.03609e+06
1.03028e+06
1.02451e+06
1.01878e+06
1.01309e+06
1.00744e+06
1.00182e+06
996226
990664
985129
979619
974132
968666
963219
957790
952378
946980
941596
936223
930861
925509
920164
914827
909495
904168
898845
893524
888206
882888
877570
872252
866931
861608
856282
850952
845618
840278
834932
829579
824219
818852
813476
808091
802696
797293
791878
786453
781017
775569
770109
764637
759152
753655
748145
742621
737084
731533
725969
720390
714798
709190
703569
697933
692282
686617
680938
675244
669535
663812
658075
652323
646557
640777
634984
629177
623356
617523
611676
605817
599945
594061
588166
582259
576340
570407
564462
558504
552532
546547
540548
534538
528518
522490
516453
510408
504355
498294
492222
486140
480048
473947
467835
461713
455578
449428
443264
437089
430906
424718
418526
412331
406137
399947
393761
387578
381399
375223
369048
362875
356707
350544
344387
338238
332095
325961
319836
313722
307620
301533
295466
289419
283393
277389
271406
265445
259506
253590
247699
241835
235999
230189
224403
218642
212904
207191
201507
195857
190245
184677
179157
173687
168267
162893
157568
152293
147071
141902
136789
131732
126732
121789
1.16189e+06
1.15504e+06
1.14822e+06
1.14145e+06
1.13473e+06
1.12805e+06
1.12142e+06
1.11485e+06
1.10833e+06
1.10186e+06
1.09544e+06
1.08908e+06
1.08277e+06
1.07652e+06
1.07031e+06
1.06416e+06
1.05806e+06
1.052e+06
1.04599e+06
1.04002e+06
1.0341e+06
1.02822e+06
1.02237e+06
1.01657e+06
1.0108e+06
1.00506e+06
999354
993677
988030
982408
976811
971238
965686
960155
954642
949146
943667
938201
932750
927310
921881
916462
911051
905648
900251
894859
889472
884089
878707
873328
867949
862570
857191
851809
846425
841038
835647
830252
824851
819444
814031
808611
803183
797747
792303
786849
781386
775912
770428
764934
759428
753910
748381
742840
737286
731720
726141
720549
714944
709326
703693
698048
692388
686715
681029
675328
669614
663886
658145
652390
646623
640843
635049
629243
623423
617591
611745
605887
600015
594132
588237
582329
576409
570477
564531
558572
552600
546614
540614
534604
528584
522554
516515
510467
504408
498339
492256
486161
480055
473939
467815
461683
455541
449387
443220
437042
430856
424666
418472
412278
406087
399903
393723
387548
381374
375201
369027
362853
356680
350512
344349
338193
332045
325907
319781
313666
307567
301484
295421
289379
283356
277353
271373
265414
259476
253561
247672
241808
235970
230158
224371
218608
212869
207155
201471
195821
190209
184642
179123
173656
168236
162863
157539
152268
147049
141887
136783
131740
126758
121838
1.16645e+06
1.15966e+06
1.15291e+06
1.14618e+06
1.1395e+06
1.13284e+06
1.12623e+06
1.11966e+06
1.11312e+06
1.10663e+06
1.10018e+06
1.09378e+06
1.08741e+06
1.08109e+06
1.07482e+06
1.06858e+06
1.06239e+06
1.05625e+06
1.05014e+06
1.04407e+06
1.03804e+06
1.03205e+06
1.02609e+06
1.02018e+06
1.01429e+06
1.00844e+06
1.00262e+06
996829
991068
985334
979626
973943
968284
962647
957030
951433
945855
940293
934748
929217
923700
918195
912701
907218
901743
896277
890818
885365
879917
874473
869033
863595
858158
852723
847287
841850
836412
830971
825527
820079
814627
809169
803706
798237
792760
787276
781784
776284
770775
765256
759727
754189
748640
743080
737509
731926
726332
720726
715108
709478
703835
698179
692511
686830
681137
675431
669712
663982
658240
652486
646720
640943
635153
629349
623532
617699
611852
605991
600116
594228
588328
582417
576495
570563
564618
558659
552686
546698
540694
534677
528650
522611
516561
510501
504430
498347
492251
486142
480023
473896
467763
461625
455479
449325
443160
436984
430801
424611
418419
412228
406041
399861
393687
387517
381348
375176
369001
362823
356645
350470
344301
338141
331991
325854
319729
313618
307523
301445
295387
289349
283329
277326
271346
265387
259449
253535
247647
241784
235945
230131
224343
218578
212838
207124
201440
195791
190181
184615
179099
173633
168214
162841
157519
152250
147035
141878
136783
131751
126786
121888
1.16985e+06
1.16311e+06
1.15639e+06
1.1497e+06
1.14304e+06
1.1364e+06
1.12979e+06
1.12322e+06
1.11668e+06
1.11018e+06
1.10371e+06
1.09727e+06
1.09088e+06
1.08452e+06
1.0782e+06
1.07191e+06
1.06566e+06
1.05945e+06
1.05328e+06
1.04714e+06
1.04104e+06
1.03497e+06
1.02894e+06
1.02294e+06
1.01698e+06
1.01104e+06
1.00514e+06
999267
993422
987606
981816
976052
970312
964595
958900
953227
947573
941938
936321
930720
925135
919564
914006
908460
902926
897401
891886
886379
880879
875385
869896
864412
858931
853452
847975
842499
837024
831547
826069
820588
815105
809618
804127
798632
793130
787623
782109
776587
771058
765520
759974
754418
748853
743279
737694
732099
726493
720877
715249
709611
703960
698299
692625
686940
681244
675537
669818
664089
658350
652599
646838
641063
635275
629470
623649
617810
611956
606086
600204
594311
588407
582493
576571
570637
564692
558731
552753
546754
540737
534704
528660
522605
516541
510469
504388
498297
492196
486084
479963
473836
467703
461564
455418
449264
443101
436928
430747
424559
418368
412179
405995
399819
393649
387482
381314
375143
368967
362786
356604
350425
344253
338093
331945
325810
319689
313583
307492
301418
295363
289328
283308
277305
271323
265362
259424
253511
247624
241762
235922
230107
224316
218550
212810
207096
201413
195765
190157
184593
179078
173613
168195
162823
157502
152234
147022
141869
136780
131758
126808
121931
1.17205e+06
1.16533e+06
1.15864e+06
1.15196e+06
1.14531e+06
1.13869e+06
1.13209e+06
1.12552e+06
1.11898e+06
1.11246e+06
1.10598e+06
1.09953e+06
1.09312e+06
1.08674e+06
1.08039e+06
1.07407e+06
1.06779e+06
1.06154e+06
1.05533e+06
1.04915e+06
1.043e+06
1.03689e+06
1.03081e+06
1.02476e+06
1.01874e+06
1.01276e+06
1.0068e+06
1.00088e+06
994982
989113
983270
977454
971662
965894
960148
954425
948722
943039
937375
931728
926098
920484
914884
909297
903723
898160
892607
887064
881529
876002
870481
864965
859455
853948
848443
842941
837440
831939
826438
820936
815432
809926
804416
798903
793385
787862
782333
776798
771256
765706
760148
754581
749006
743422
737828
732226
726613
720990
715357
709714
704060
698396
692722
687037
681342
675636
669920
664193
658455
652706
646945
641168
635375
629564
623735
617889
612027
606151
600264
594367
588460
582543
576617
570680
564729
558761
552772
546761
540730
534683
528624
522559
516489
510412
504330
498239
492140
486032
479915
473791
467659
461520
455373
449218
443055
436882
430702
424514
418323
412135
405955
399782
393614
387447
381280
375109
368933
362752
356569
350389
344217
338058
331913
325782
319664
313561
307473
301401
295347
289313
283294
277290
271306
265345
259407
253493
247607
241746
235905
230088
224296
218530
212789
207076
201394
195747
190140
184578
179064
173600
168182
162811
157491
152224
147015
141866
136782
131768
126831
121974
1.1736e+06
1.16691e+06
1.16023e+06
1.15356e+06
1.14692e+06
1.14031e+06
1.13371e+06
1.12714e+06
1.1206e+06
1.11408e+06
1.1076e+06
1.10114e+06
1.09471e+06
1.08831e+06
1.08194e+06
1.07561e+06
1.0693e+06
1.06303e+06
1.05679e+06
1.05058e+06
1.0444e+06
1.03826e+06
1.03215e+06
1.02607e+06
1.02001e+06
1.01399e+06
1.008e+06
1.00204e+06
996107
990200
984321
978467
972638
966834
961052
955293
949556
943838
938141
932461
926799
921153
915523
909906
904303
898713
893133
887564
882004
876453
870908
865370
859838
854310
848786
843265
837745
832227
826710
821191
815672
810152
804629
799103
793573
788040
782502
776958
771407
765849
760283
754709
749127
743536
737937
732328
726711
721085
715449
709804
704150
698486
692813
687129
681435
675730
670013
664285
658544
652792
647026
641243
635442
629623
623787
617934
612067
606187
600296
594394
588481
582559
576626
570682
564723
558747
552749
546729
540689
534634
528571
522503
516433
510358
504279
498191
492094
485989
479875
473752
467622
461481
455333
449177
443012
436839
430657
424470
418280
412094
405917
399746
393578
387412
381245
375074
368898
362718
356537
350358
344189
338033
331890
325762
319647
313546
307459
301388
295336
289302
283283
277279
271294
265332
259393
253480
247594
241733
235891
230073
224280
218513
212772
207060
201379
195734
190128
184567
179054
173591
168173
162802
157483
152218
147010
141864
136784
131777
126851
122014
1.1747e+06
1.16801e+06
1.16134e+06
1.15469e+06
1.14806e+06
1.14145e+06
1.13486e+06
1.12829e+06
1.12174e+06
1.11523e+06
1.10873e+06
1.10227e+06
1.09583e+06
1.08942e+06
1.08304e+06
1.07669e+06
1.07037e+06
1.06408e+06
1.05782e+06
1.0516e+06
1.0454e+06
1.03923e+06
1.0331e+06
1.02699e+06
1.02092e+06
1.01487e+06
1.00886e+06
1.00287e+06
996908
990976
985070
979191
973336
967506
961699
955915
950153
944411
938690
932987
927302
921634
915982
910345
904721
899111
893512
887924
882347
876778
871217
865663
860115
854572
849034
843499
837966
832435
826905
821376
815846
810315
804782
799248
793711
788171
782628
777079
771524
765961
760390
754810
749223
743627
738023
732411
726790
721161
715525
709880
704227
698564
692892
687208
681512
675804
670082
664348
658602
652843
647070
641280
635473
629647
623806
617949
612078
606194
600299
594390
588470
582540
576600
570649
564685
558704
552703
546680
540638
534583
528520
522455
516387
510315
504237
498151
492055
485951
479838
473718
467588
461447
455297
449139
442972
436798
430617
424431
418243
412059
405882
399712
393544
387378
381212
375041
368866
362688
356509
350333
344167
338013
331874
325747
319634
313535
307449
301379
295327
289293
283274
277270
271285
265322
259383
253470
247583
241721
235878
230060
224267
218499
212759
207047
201368
195724
190120
184559
179047
173584
168165
162795
157477
152213
147007
141862
136786
131784
126868
122050
1.17546e+06
1.16879e+06
1.16212e+06
1.15548e+06
1.14885e+06
1.14224e+06
1.13565e+06
1.12909e+06
1.12254e+06
1.11602e+06
1.10952e+06
1.10306e+06
1.09661e+06
1.0902e+06
1.08381e+06
1.07745e+06
1.07112e+06
1.06482e+06
1.05855e+06
1.05231e+06
1.0461e+06
1.03991e+06
1.03376e+06
1.02764e+06
1.02155e+06
1.01549e+06
1.00946e+06
1.00345e+06
997472
991522
985598
979701
973828
967980
962155
956354
950574
944815
939077
933358
927657
921974
916306
910655
905017
899393
893781
888180
882589
877008
871435
865870
860312
854758
849210
843665
838123
832583
827044
821506
815968
810430
804891
799351
793810
788268
782723
777172
771615
766048
760472
754888
749295
743695
738088
732472
726849
721218
715581
709936
704285
698624
692950
687264
681563
675849
670120
664379
658625
652861
647082
641287
635473
629643
623798
617937
612063
606176
600276
594363
588437
582502
576556
570601
564634
558651
552651
546630
540591
534539
528480
522417
516351
510280
504202
498116
492021
485918
479807
473688
467559
461417
455265
449105
442937
436763
430582
424398
418212
412030
405853
399683
393516
387350
381183
375012
368837
362661
356485
350313
344149
337999
331861
325737
319625
313526
307441
301372
295320
289286
283268
277263
271278
265315
259376
253462
247574
241711
235868
230049
224256
218488
212748
207037
201359
195716
190113
184554
179042
173578
168160
162790
157473
152209
147004
141862
136788
131790
126882
122082
1.17598e+06
1.16931e+06
1.16266e+06
1.15602e+06
1.14939e+06
1.14279e+06
1.1362e+06
1.12963e+06
1.12309e+06
1.11657e+06
1.11007e+06
1.1036e+06
1.09715e+06
1.09073e+06
1.08433e+06
1.07797e+06
1.07163e+06
1.06532e+06
1.05905e+06
1.0528e+06
1.04658e+06
1.04038e+06
1.03422e+06
1.02809e+06
1.02199e+06
1.01591e+06
1.00987e+06
1.00385e+06
997862
991899
985963
980053
974168
968307
962471
956657
950865
945095
939345
933615
927903
922209
916532
910870
905222
899588
893967
888357
882758
877168
871588
866015
860448
854888
849332
843781
838232
832686
827141
821597
816053
810509
804965
799422
793879
788337
782793
777242
771682
766111
760531
754941
749344
743740
738130
732512
726887
721255
715617
709973
704321
698658
692982
687291
681586
675866
670131
664383
658624
652855
647072
641272
635454
629621
623772
617909
612033
606144
600241
594325
588398
582460
576513
570555
564585
558603
552604
546585
540551
534504
528448
522386
516321
510250
504172
498086
491992
485890
479781
473663
467534
461391
455238
449076
442908
436733
430555
424372
418188
412007
405830
399659
393492
387326
381159
374988
368814
362639
356465
350296
344136
337987
331851
325728
319618
313520
307436
301367
295316
289281
283262
277258
271273
265310
259370
253456
247568
241703
235860
230040
224246
218479
212740
207030
201352
195711
190108
184550
179038
173574
168156
162787
157469
152206
147002
141861
136789
131795
126894
122109
1.17633e+06
1.16967e+06
1.16301e+06
1.15638e+06
1.14975e+06
1.14315e+06
1.13656e+06
1.13e+06
1.12345e+06
1.11693e+06
1.11043e+06
1.10396e+06
1.09751e+06
1.09108e+06
1.08469e+06
1.07832e+06
1.07198e+06
1.06566e+06
1.05938e+06
1.05312e+06
1.0469e+06
1.0407e+06
1.03453e+06
1.02839e+06
1.02228e+06
1.0162e+06
1.01015e+06
1.00412e+06
998123
992152
986208
980290
974396
968528
962683
956861
951061
945283
939525
933788
928069
922368
916683
911015
905361
899721
894093
888477
882872
877277
871691
866113
860542
854976
849416
843859
838306
832755
827206
821658
816111
810563
805015
799470
793927
788386
782841
777288
771725
766151
760566
754972
749372
743766
738154
732534
726907
721276
715636
709989
704335
698669
692990
687295
681585
675861
670122
664369
658607
652835
647049
641246
635425
629588
623738
617876
612000
606110
600206
594289
588362
582424
576476
570517
564546
558563
552565
546549
540519
534476
528422
522362
516296
510225
504147
498063
491969
485868
479759
473641
467511
461368
455215
449053
442884
436711
430534
424352
418170
411990
405812
399640
393474
387309
381142
374970
368797
362623
356450
350283
344125
337978
331844
325722
319613
313515
307432
301363
295312
289277
283258
277254
271269
265306
259366
253452
247562
241697
235853
230033
224239
218472
212733
207024
201347
195707
190105
184547
179035
173571
168153
162784
157467
152204
147000
141860
136790
131799
126902
122130
1.17656e+06
1.1699e+06
1.16324e+06
1.15661e+06
1.14999e+06
1.14338e+06
1.1368e+06
1.13023e+06
1.12369e+06
1.11717e+06
1.11067e+06
1.10419e+06
1.09774e+06
1.09131e+06
1.08492e+06
1.07854e+06
1.0722e+06
1.06588e+06
1.05959e+06
1.05333e+06
1.0471e+06
1.0409e+06
1.03473e+06
1.02859e+06
1.02247e+06
1.01638e+06
1.01033e+06
1.0043e+06
998292
992316
986367
980443
974544
968670
962819
956992
951187
945404
939642
933899
928176
922471
916782
911109
905451
899807
894175
888555
882947
877348
871759
866177
860603
855035
849471
843911
838355
832801
827249
821699
816148
810598
805048
799501
793959
788417
782870
777315
771748
766170
760583
754987
749384
743777
738165
732543
726915
721282
715640
709990
704333
698664
692982
687284
681571
675844
670102
664347
658582
652807
647020
641216
635394
629557
623708
617845
611969
606080
600176
594259
588332
582396
576448
570488
564516
558532
552535
546522
540495
534455
528403
522343
516276
510205
504129
498045
491952
485850
479739
473621
467491
461348
455195
449033
442866
436694
430518
424339
418158
411978
405799
399626
393460
387296
381129
374958
368785
362611
356440
350274
344118
337972
331839
325718
319609
313512
307429
301361
295309
289274
283254
277250
271266
265302
259362
253448
247558
241692
235847
230027
224233
218467
212727
207019
201343
195703
190102
184545
179033
173568
168151
162782
157465
152203
146999
141859
136790
131801
126908
122147
1.1767e+06
1.17003e+06
1.16338e+06
1.15675e+06
1.15013e+06
1.14352e+06
1.13694e+06
1.13037e+06
1.12383e+06
1.11731e+06
1.11081e+06
1.10433e+06
1.09788e+06
1.09145e+06
1.08505e+06
1.07868e+06
1.07233e+06
1.06602e+06
1.05972e+06
1.05346e+06
1.04723e+06
1.04103e+06
1.03485e+06
1.0287e+06
1.02259e+06
1.0165e+06
1.01043e+06
1.0044e+06
998395
992416
986463
980535
974633
968756
962902
957072
951263
945477
939712
933967
928241
922533
916842
911167
905507
899860
894226
888604
882993
877392
871801
866218
860642
855072
849506
843945
838387
832832
827278
821725
816173
810620
805069
799521
793977
788433
782885
777328
771758
766177
760589
754992
749388
743780
738167
732545
726916
721280
715636
709984
704323
698652
692967
687267
681553
675824
670081
664324
658558
652782
646994
641190
635369
629532
623683
617822
611946
606057
600153
594237
588311
582375
576428
570467
564494
558510
552513
546502
540477
534439
528389
522329
516262
510191
504115
498032
491938
485835
479724
473605
467475
461332
455179
449019
442852
436682
430508
424329
418150
411970
405791
399616
393450
387286
381120
374950
368777
362604
356433
350269
344113
337968
331836
325715
319606
313509
307426
301359
295307
289271
283252
277248
271263
265300
259360
253445
247555
241688
235843
230022
224229
218463
212724
207016
201341
195701
190101
184543
179031
173567
168149
162780
157463
152201
146998
141859
136790
131802
126912
122159
1.17677e+06
1.17011e+06
1.16346e+06
1.15682e+06
1.1502e+06
1.1436e+06
1.13702e+06
1.13045e+06
1.12391e+06
1.11738e+06
1.11088e+06
1.10441e+06
1.09796e+06
1.09153e+06
1.08513e+06
1.07875e+06
1.07241e+06
1.06609e+06
1.0598e+06
1.05353e+06
1.0473e+06
1.04109e+06
1.03492e+06
1.02877e+06
1.02265e+06
1.01656e+06
1.01049e+06
1.00446e+06
998450
992469
986514
980585
974682
968802
962947
957114
951304
945516
939749
934002
928275
922566
916874
911198
905536
899888
894253
888629
883017
877416
871824
866240
860663
855092
849525
843963
838405
832849
827295
821741
816187
810633
805081
799532
793986
788440
782890
777331
771761
766180
760590
754993
749388
743779
738165
732543
726913
721275
715630
709976
704313
698641
692954
687253
681539
675809
670065
664308
658542
652764
646976
641173
635352
629516
623667
617806
611931
606041
600139
594223
588298
582362
576415
570454
564481
558496
552499
546489
540466
534429
528380
522320
516253
510181
504106
498023
491930
485825
479714
473594
467464
461322
455169
449009
442843
436674
430501
424324
418145
411965
405786
399609
393442
387280
381115
374945
368772
362599
356429
350265
344110
337966
331833
325713
319604
313508
307425
301357
295306
289270
283250
277246
271262
265298
259358
253443
247553
241686
235840
230019
224227
218460
212721
207013
201339
195700
190100
184542
179030
173566
168148
162779
157462
152200
146997
141858
136790
131803
126914
122166
1.1768e+06
1.17014e+06
1.16349e+06
1.15685e+06
1.15023e+06
1.14363e+06
1.13705e+06
1.13048e+06
1.12394e+06
1.11742e+06
1.11091e+06
1.10444e+06
1.09799e+06
1.09156e+06
1.08516e+06
1.07878e+06
1.07244e+06
1.06612e+06
1.05982e+06
1.05356e+06
1.04733e+06
1.04112e+06
1.03494e+06
1.02879e+06
1.02267e+06
1.01658e+06
1.01052e+06
1.00448e+06
998473
992491
986535
980606
974701
968821
962965
957131
951321
945532
939764
934016
928288
922579
916886
911210
905547
899899
894263
888639
883027
877425
871832
866248
860671
855099
849532
843970
838411
832855
827301
821747
816193
810639
805086
799536
793989
788441
782890
777331
771760
766179
760590
754992
749387
743778
738163
732541
726911
721272
715626
709971
704307
698634
692947
687246
681531
675801
670057
664300
658534
652756
646967
641164
635343
629508
623660
617799
611923
606034
600132
594217
588292
582356
576409
570448
564475
558490
552493
546483
540460
534424
528375
522316
516248
510177
504101
498019
491925
485821
479709
473589
467459
461316
455164
449004
442839
436671
430498
424321
418143
411963
405784
399607
393439
387277
381112
374942
368770
362597
356428
350263
344108
337964
331832
325712
319603
313507
307424
301357
295305
289269
283249
277246
271261
265298
259357
253442
247552
241685
235839
230018
224225
218459
212720
207012
201338
195699
190099
184541
179030
173565
168147
162779
157462
152200
146997
141858
136790
131803
126915
122170
117811
113253
108480
103538
98452.9
93238.4
87903.1
82453.9
76900.7
71257.5
65543.6
59781.9
53995.6
48210.3
42457.3
36774.9
31209.1
25813.2
20650.1
15799.6
11356.2
7426.82
4144.01
1669.69
222.254
117637
113058
108284
103344
98262.5
93052.6
87722.5
82278.7
76731
71093.6
65386.1
59631.3
53852.3
48074.9
42330.3
36657
31100.6
25714.6
20561.8
15722.2
11290.5
7373.61
4104.42
1644.85
214.206
117499
112890
108107
103166
98086.1
92879.1
87553
82113.8
76570.8
70938.4
65236.5
59487.9
53715.9
47946.1
42209.6
36545
30997.9
25621.4
20478.3
15648.8
11228.1
7323.12
4067.08
1621.81
207.575
117382
112745
107949
103004
97922.7
92717.4
87394.2
81958.6
76419.4
70791.3
65094.5
59351.8
53586.2
47823.5
42094.8
36438.7
30900.4
25533
20399
15579.1
11169
7275.23
4031.78
1600.37
201.974
117281
112617
107807
102856
97772.1
92566.9
87245.6
81812.6
76276.6
70652.4
64960.1
59222.7
53463.1
47707
41985.7
36337.6
30807.8
25449
20323.8
15513.1
11112.8
7229.75
3998.35
1580.37
197.19
117192
112504
107680
102721
97633.5
92427.3
87106.8
81675.7
76142.3
70521.5
64833.5
59100.9
53346.8
47596.8
41882.4
36241.7
30719.8
25369.1
20252.3
15450.3
11059.4
7186.57
3966.69
1561.74
193.057
117112
112404
107566
102598
97506
92297.6
86977
81547.2
76016.2
70398.5
64714.4
58986.4
53237.4
47493.1
41784.9
36151.1
30636.3
25293.2
20184.3
15390.6
11008.6
7145.55
3936.74
1544.4
189.45
117041
112314
107463
102486
97388.5
92177.3
86855.9
81426.8
75897.8
70283.1
64602.7
58879
53134.8
47395.7
41693.3
36065.6
30557.4
25221.3
20119.8
15333.9
10960.3
7106.63
3908.43
1528.25
186.273
116975
112232
107368
102383
97279.9
92065.4
86742.7
81314.1
75786.9
70175
64498.2
58778.5
53038.7
47304.5
41607.4
35985.3
30483
25153.3
20058.8
15280.2
10914.5
7069.73
3881.69
1513.21
183.45
116913
112156
107281
102288
97179
91961.2
86637
81208.6
75683.1
70073.9
64400.5
58684.5
52948.8
47219.2
41526.9
35909.9
30413.1
25089.2
20001.2
15229.5
10871.1
7034.84
3856.5
1499.2
180.929
116855
112085
107200
102199
97084.9
91863.8
86538.1
81109.9
75586
69979.5
64309.2
58596.8
52864.9
47139.4
41451.5
35839.2
30347.4
25028.9
19947
15181.8
10830.2
7001.99
3832.86
1486.17
178.668
116799
112017
107123
102115
96996.8
91772.8
86445.6
81017.5
75495.2
69891.3
64224.2
58515
52786.6
47064.9
41381.1
35773.1
30285.8
24972.4
19896.2
15137
10791.9
6971.23
3810.76
1474.08
176.635
116744
111953
107050
102037
96914.3
91687.7
86359.2
80931.2
75410.4
69809.1
64145
58439
52713.9
46995.7
41315.5
35711.3
30228.2
24919.5
19848.7
15095.3
10756.3
6942.6
3790.23
1462.91
174.81
116690
111890
106981
101963
96837.1
91608.3
86278.6
80850.8
75331.4
69732.5
64071.4
58368.5
52646.5
46931.6
41254.7
35654
30174.8
24870.4
19804.7
15056.7
10723.5
6916.18
3771.32
1452.65
173.181
116637
111830
106916
101893
96765.3
91534.7
86204.1
80776.4
75258.3
69661.9
64003.7
58303.7
52584.6
46872.7
41198.9
35601.3
30125.5
24825.2
19764.1
15021.4
10693.5
6892.07
3754.08
1443.33
171.741
116586
111773
106855
101829
96699.3
91467.3
86135.9
80708.3
75191.5
69597.3
63941.9
58244.8
52528.4
46819.2
41148.1
35553.5
30080.8
24784.1
19727.4
14989.5
10666.5
6870.34
3738.56
1434.96
170.482
116537
111721
106799
101771
96639.9
91406.8
86074.7
80647.2
75131.5
69539.4
63886.6
58192.1
52478.3
46771.5
41102.8
35510.8
30040.9
24747.3
19694.5
14961.1
10642.5
6851.09
3724.83
1427.58
169.401
116493
111673
106749
101720
96588
91354.1
86021.4
80593.9
75079.1
69488.7
63838.2
58146.1
52434.5
46729.8
41063.3
35473.6
30006.1
24715.3
19665.9
14936.3
10621.7
6834.37
3712.94
1421.22
168.493
116456
111634
106708
101678
96545
91310.3
85976.9
80549.3
75035.1
69446.1
63797.5
58107.3
52397.6
46694.7
41030
35442.2
29976.7
24688.2
19641.7
14915.5
10604.3
6820.27
3702.94
1415.89
167.759
116428
111604
106677
101646
96512.1
91276.3
85942.1
80514
75000.1
69412.1
63764.9
58076.3
52368
46666.5
41003.4
35417.2
29953.2
24666.4
19622.2
14898.6
10590.2
6808.88
3694.88
1411.63
167.199
116411
111587
106658
101626
96490.2
91253.1
85917.7
80488.9
74974.8
69387.3
63741
58053.4
52346.2
46645.7
40983.7
35398.7
29935.8
24650.2
19607.6
14886
10579.6
6800.25
3688.79
1408.45
166.811
116408
111582
106652
101618
96480.1
91241.1
85904.1
80474.2
74959.6
69372
63726.1
58039
52332.3
46632.5
40971.2
35386.9
29924.7
24639.8
19598.1
14877.7
10572.6
6794.45
3684.68
1406.33
166.594
116418
111590
106658
101621
96481.6
91240.4
85901.4
80470
74954.3
69366.3
63720.2
58033.1
52326.5
46627
40966.1
35382.1
29920.1
24635.3
19593.9
14873.8
10569.2
6791.51
3682.57
1405.27
166.545
116440
111610
106676
101637
96494.1
91250.3
85909
80475.7
74958.8
69369.8
63723.1
58035.6
52328.7
46629.1
40968.2
35384.1
29921.8
24636.6
19594.7
14874.3
10569.4
6791.41
3682.41
1405.25
166.659
116473
111641
106704
101662
96516.2
91269.7
85926
80490.6
74972.1
69382
63734.3
58045.9
52338.5
46638.5
40977.3
35392.6
29929.6
24643.6
19600.5
14879.1
10573.2
6794.07
3684.16
1406.27
166.928
116514
111680
106740
101694
96546.1
91296.9
85950.8
80513.4
74993.3
69401.9
63753
58063.5
52355.3
46654.8
40992.9
35407.3
29943.1
24655.8
19611
14887.9
10580.3
6799.39
3687.71
1408.27
167.345
116559
111723
106780
101732
96581.2
91329.8
85981.6
80542.4
75020.9
69428.2
63777.9
58087.3
52378.3
46677.1
41014.2
35427.4
29961.9
24672.8
19625.9
14900.6
10590.7
6807.21
3692.93
1411.22
167.9
116610
111770
106825
101775
96622.8
91369.6
86019.7
80579.2
75056.4
69462.5
63810.9
58119.2
52409.4
46707.2
41043.1
35454.7
29987.5
24696.2
19646.7
14918.4
10605.3
6818.38
3700.41
1415.47
168.649
116658
111817
106870
101820
96666.7
91413.1
86062.8
80621.9
75098.6
69503.9
63851.4
58158.9
52448.4
46745.3
41079.8
35489.6
30020.2
24726.4
19673.8
14941.9
10624.8
6833.31
3710.45
1421.2
169.587
116697
111854
106907
101857
96705.5
91453.2
86104.1
80664.1
75141.4
69546.8
63894
58201.3
52490.6
46786.7
41119.9
35528.1
30056.5
24760
19704.5
14968.8
10647.3
6850.57
3722.11
1427.91
170.605
116723
111879
106933
101885
96736.3
91487.1
86140.8
80703.2
75182.3
69588.7
63936.7
58244.6
52534
46829.7
41161.9
35568.6
30094.9
24795.9
19737.7
14998.2
10672.1
6869.61
3735.09
1435.45
171.662
116736
111892
106948
101903
96758.3
91513.6
86171.5
80737.7
75219.7
69628.3
63977.9
58287
52577.1
46872.7
41204.2
35609.7
30134.1
24832.9
19772.2
15029.2
10698.5
6889.95
3749.11
1443.64
172.711
116740
111896
106953
101912
96772.5
91533.2
86196.4
80767.1
75253
69664.6
64016.6
58327.7
52618.8
46914.7
41246
35650.4
30173.2
24869.9
19807.3
15061.1
10725.9
6911.1
3763.96
1452.31
173.709
116738
111893
106952
101916
96781.6
91548.2
86216.9
80792.7
75282.8
69698
64052.9
58366.2
52658.7
46955.2
41286.6
35690.2
30211.4
24906.5
19842.3
15093.3
10753.8
6932.73
3779.46
1461.29
174.626
116733
111889
106950
101918
96789.3
91561.5
86235.7
80816.4
75310.8
69729.5
64087.4
58403
52697.1
46994.6
41326.2
35728.9
30248.6
24942.3
19876.9
15125.4
10781.9
6954.63
3795.52
1470.46
175.444
116728
111887
106952
101924
96799.9
91577.1
86256.1
80841.2
75339.3
69761.2
64121.6
58439.4
52735.1
47033.5
41365.2
35767
30285.1
24977.5
19911
15157.4
10810
6976.75
3812.15
1479.72
176.168
116728
111891
106961
101937
96817.6
91598.9
86281.7
80870.2
75371.3
69795.4
64157.7
58477.1
52774.2
47073.3
41404.9
35805.3
30321.7
25012.6
19944.9
15189.3
10838.3
6999.21
3829.41
1489.01
176.823
116735
111904
106980
101962
96846.5
91630.9
86316.1
80906.7
75409.5
69834.9
64198.1
58518.4
52816.3
47115.7
41446.4
35845.2
30359.5
25048.6
19979.3
15221.5
10867
7022.28
3847.45
1498.33
177.458
116749
111929
107013
102002
96889.9
91676.4
86362.7
80953.8
75457
69882.4
64245.5
58565.8
52863.5
47162.3
41491.6
35888.2
30399.8
25086.5
20015.1
15254.8
10896.6
7046.32
3866.47
1507.76
178.155
116775
111967
107061
102057
96950.2
91738.3
86424.2
81014.3
75516.3
69940.5
64302.4
58621.4
52917.9
47215.1
41542.2
35935.9
30444.1
25127.7
20053.3
15290
10927.7
7071.81
3886.69
1517.45
179.018
116812
112019
107126
102131
97028.5
91818.2
86502.9
81090.5
75589.8
70011.4
64370.9
58687.4
52981.5
47275.9
41599.8
35990
30493.8
25173.6
20095.2
15328
10961
7099.32
3908.39
1527.62
180.18
116862
112087
107207
102221
97124.9
91916.5
86599.9
81184
75679.1
70096.7
64452.7
58765.5
53055.9
47346.1
41666.1
36052
30550.5
25225.3
20141.9
15369.7
10997.3
7129.52
3931.85
1538.55
181.794
116923
112167
107302
102326
97234.4
92027.8
86710.2
81290.6
75780.8
70193.3
64544.7
58852.8
53138.4
47423.5
41738.9
36119.9
30612.2
25281.5
20192.1
15414.2
11035.6
7161.58
3956.27
1550.09
183.94
116990
112254
107403
102435
97348.5
92143.4
86824.7
81401.7
75887
70294.2
64640.5
58943.2
53223.6
47503.1
41813.7
36189.4
30675.3
25338.9
20243.2
15458.9
11074
7193.83
3980.36
1561.8
186.572
117060
112344
107507
102547
97463.7
92259.5
86939.6
81513.5
75994.3
70396.3
64737.3
59034.3
53309
47582.8
41888.5
36259
30738.4
25396.3
20294.2
15503.4
11112
7225.8
4003.87
1573.65
189.638
117132
112435
107612
102659
97577.9
92373.9
87052.5
81623.4
76100.2
70497.4
64833
59124.3
53393.4
47661.4
41962.1
36327.5
30800.6
25452.9
20344.6
15547.2
11149.3
7257.13
4026.67
1585.55
193.052
117204
112527
107716
102768
97689.3
92485
87162
81729.8
76202.8
70595.5
64926.2
59211.8
53475.3
47737.7
42033.6
36393.9
30861.1
25508.1
20393.6
15589.8
11185.6
7287.51
4048.65
1597.41
196.711
117275
112618
107817
102874
97796.7
92591.7
87266.7
81831.6
76301.1
70689.6
65015.7
59296
53554.1
47811.1
42102
36457.6
30919.4
25561.4
20441
15630.9
11220.5
7316.68
4069.7
1609.13
200.514
117345
112707
107915
102976
97899.2
92693.1
87366.1
81928.1
76394.4
70779
65100.7
59376.1
53629.2
47881
42167.1
36518.2
30975.1
25612.3
20486.3
15670.2
11253.9
7344.43
4089.75
1620.58
204.37
117414
112793
108009
103073
97996.3
92788.9
87459.7
82019
76482.2
70863.2
65180.9
59451.7
53700.1
47947.1
42228.4
36575.2
31028
25660.7
20529.3
15707.5
11285.5
7370.66
4108.75
1631.67
208.205
117481
112877
108099
103164
98087.7
92878.8
87547.4
82104.1
76564.3
70942
65256
59522.7
53766.7
48009.3
42286
36628.7
31078.1
25706.4
20569.9
15742.8
11315.3
7395.3
4126.66
1642.31
211.963
117547
112957
108184
103251
98173.2
92962.6
87629.1
82183.4
76640.9
71015.6
65326
59589
53828.9
48067.5
42339.7
36678.6
31125.2
25749.3
20608
15775.9
11343.4
7418.35
4143.49
1652.47
215.602
117611
113035
108265
103331
98253
93040.7
87704.9
82257
76712
71084
65391
59650.7
53886.7
48121.8
42389.7
36724.9
31169.5
25789.5
20643.7
15806.9
11369.6
7439.82
4159.24
1662.12
219.091
117674
113108
108341
103407
98327.2
93113
87775.1
82325.3
76777.8
71147.3
65451.2
59708
53940.4
48172.4
42436
36767.7
31210.9
25826.9
20676.9
15835.9
11394
7459.77
4173.96
1671.25
222.407
117737
113179
108411
103477
98395.9
93179.9
87840
82388.4
76838.6
71205.9
65506.8
59761
53990.1
48219.3
42478.9
36807.3
31249.6
25861.7
20707.9
15862.8
11416.7
7478.32
4187.71
1679.89
225.538
117799
113245
108478
103542
98459.4
93241.7
87899.9
82446.6
76894.6
71259.9
65558.1
59810
54036
48262.8
42518.7
36843.9
31285.7
25893.9
20736.6
15887.8
11438
7495.61
4200.58
1688.06
228.475
117860
113308
108539
103603
98517.9
93298.4
87954.9
82500.2
76946.2
71309.6
65605.3
59855.1
54078.4
48303
42555.3
36877.7
31319
25923.7
20763.1
15911
11457.6
7511.62
4212.58
1695.74
231.216
)
;

boundaryField
{
    inlet
    {
        type            calculated;
        value           nonuniform List<scalar> 
30
(
1.44778e+06
1.44783e+06
1.44791e+06
1.44806e+06
1.44829e+06
1.44864e+06
1.44905e+06
1.44961e+06
1.4503e+06
1.45117e+06
1.45215e+06
1.45315e+06
1.4544e+06
1.45609e+06
1.45841e+06
1.46139e+06
1.46513e+06
1.4693e+06
1.47344e+06
1.47264e+06
1.47154e+06
1.47019e+06
1.46898e+06
1.46788e+06
1.46703e+06
1.46636e+06
1.46576e+06
1.46536e+06
1.46516e+06
1.46503e+06
)
;
    }
    outlet
    {
        type            calculated;
        value           uniform 0;
    }
    upperWall
    {
        type            calculated;
        value           nonuniform List<scalar> 
223
(
1.46503e+06
1.44219e+06
1.41947e+06
1.39756e+06
1.37662e+06
1.3567e+06
1.33777e+06
1.31981e+06
1.30279e+06
1.28667e+06
1.27141e+06
1.25696e+06
1.24329e+06
1.23035e+06
1.2181e+06
1.20652e+06
1.19555e+06
1.18516e+06
1.1768e+06
1.17014e+06
1.16349e+06
1.15685e+06
1.15023e+06
1.14363e+06
1.13705e+06
1.13048e+06
1.12394e+06
1.11742e+06
1.11091e+06
1.10444e+06
1.09799e+06
1.09156e+06
1.08516e+06
1.07878e+06
1.07244e+06
1.06612e+06
1.05982e+06
1.05356e+06
1.04733e+06
1.04112e+06
1.03494e+06
1.02879e+06
1.02267e+06
1.01658e+06
1.01052e+06
1.00448e+06
998473
992491
986535
980606
974701
968821
962965
957131
951321
945532
939764
934016
928288
922579
916886
911210
905547
899899
894263
888639
883027
877425
871832
866248
860671
855099
849532
843970
838411
832855
827301
821747
816193
810639
805086
799536
793989
788441
782890
777331
771760
766179
760590
754992
749387
743778
738163
732541
726911
721272
715626
709971
704307
698634
692947
687246
681531
675801
670057
664300
658534
652756
646967
641164
635343
629508
623660
617799
611923
606034
600132
594217
588292
582356
576409
570448
564475
558490
552493
546483
540460
534424
528375
522316
516248
510177
504101
498019
491925
485821
479709
473589
467459
461316
455164
449004
442839
436671
430498
424321
418143
411963
405784
399607
393439
387277
381112
374942
368770
362597
356428
350263
344108
337964
331832
325712
319603
313507
307424
301357
295305
289269
283249
277246
271261
265298
259357
253442
247552
241685
235839
230018
224225
218459
212720
207012
201338
195699
190099
184541
179030
173565
168147
162779
157462
152200
146997
141858
136790
131803
126915
122170
117860
113308
108539
103603
98517.9
93298.4
87954.9
82500.2
76946.2
71309.6
65605.3
59855.1
54078.4
48303
42555.3
36877.7
31319
25923.7
20763.1
15911
11457.6
7511.62
4212.58
1695.74
231.216
)
;
    }
    lowerWall
    {
        type            calculated;
        value           nonuniform List<scalar> 
250
(
1.44778e+06
1.4256e+06
1.4033e+06
1.38144e+06
1.36017e+06
1.33951e+06
1.31948e+06
1.30005e+06
1.28119e+06
1.26285e+06
1.24497e+06
1.22748e+06
1.21028e+06
1.19326e+06
1.17622e+06
1.1589e+06
1.14078e+06
1.1206e+06
947393
947735
948422
949458
950850
952606
954737
957258
960184
963536
967341
971632
976456
981868
987940
994972
1.00276e+06
1.01061e+06
1.01849e+06
1.02641e+06
1.03435e+06
1.04235e+06
1.05044e+06
1.05871e+06
1.06731e+06
1.07658e+06
1.08662e+06
947393
947318
947165
946935
946625
946236
945764
945209
944569
943842
943028
942127
941136
940057
938888
937629
936280
934841
933311
931691
929980
928180
926291
924313
922248
920095
917857
915535
913128
910639
908069
905418
902689
899881
896996
894035
891000
887892
884711
881459
878137
874745
871284
867755
864159
860498
856771
852981
849127
845212
841236
837201
833108
828959
824757
820502
816194
811836
807428
802972
798469
793918
789321
784678
779991
775258
770479
765655
760787
755875
750922
745927
740891
735813
730694
725538
720348
715128
709878
704599
699292
693957
688593
683201
677780
672332
666857
661354
655822
650263
644677
639067
633431
627771
622084
616369
610631
604870
599087
593281
587449
581593
575713
569811
563894
557967
552029
546080
540125
534164
528196
522215
516218
510200
504158
498093
492008
485905
479788
473658
467520
461376
455227
449076
442925
436777
430631
424489
418349
412209
406064
399914
393754
387582
381400
375221
369058
362914
356787
350671
344560
338448
332332
326209
320080
313948
307820
301701
295597
289513
283451
277415
271403
265415
259451
253514
247608
241737
235897
230084
224294
218527
212786
207074
201396
195754
190149
184585
179064
173592
168171
162805
157492
152235
147036
141898
136829
131837
126942
122191
117811
113253
108480
103538
98452.9
93238.4
87903.1
82453.9
76900.7
71257.5
65543.6
59781.9
53995.6
48210.3
42457.3
36774.9
31209.1
25813.2
20650.1
15799.6
11356.2
7426.82
4144.01
1669.69
222.254
)
;
    }
    frontAndBack
    {
        type            empty;
    }
}


// ************************************************************************* //
