/*--------------------------------*- C++ -*----------------------------------*\
  =========                 |
  \\      /  F ield         | OpenFOAM: The Open Source CFD Toolbox
   \\    /   O peration     | Website:  https://openfoam.org
    \\  /    A nd           | Version:  6
     \\/     M anipulation  |
\*---------------------------------------------------------------------------*/
FoamFile
{
    version     2.0;
    format      ascii;
    class       volScalarField;
    location    "0.35";
    object      nut;
}
// * * * * * * * * * * * * * * * * * * * * * * * * * * * * * * * * * * * * * //

dimensions      [0 2 -1 0 0 0 0];

internalField   nonuniform List<scalar> 
12225
(
1.68256e-09
0
0
0
0
0
0
0
0
0
0
0
0
0
0
0
0
3.61147e-09
5.66763e-10
0
0
0
0
0
0
0
0
0
0
0
0
0
0
0
0
9.98299e-10
5.43846e-10
0
0
0
0
0
0
0
0
0
0
0
0
0
0
0
0
0
5.21542e-09
0
0
0
3.05083e-11
6.66517e-10
0
0
0
0
4.51438e-11
0
0
0
0
0
0
0
6.34615e-07
0
0
9.6276e-08
1.9898e-07
2.49565e-07
3.85534e-07
5.85881e-07
4.20034e-07
2.75701e-07
2.36748e-07
1.22076e-07
0
0
0
0
0
0
1.50211e-06
8.89657e-07
0
1.63361e-07
2.9491e-07
5.27592e-07
8.29772e-07
1.00435e-06
9.21521e-07
6.90463e-07
5.16189e-07
4.54595e-07
4.11691e-07
2.11684e-07
0
0
0
0
8.57915e-07
1.25706e-08
0
1.10779e-07
6.90022e-07
1.11231e-06
1.09598e-06
8.32175e-07
6.22621e-07
4.04332e-07
3.12168e-07
3.1661e-07
3.69018e-07
3.95257e-07
3.12057e-07
1.23835e-07
0
0
0
0
4.40786e-07
9.87085e-07
1.07136e-06
2.96727e-07
0
1.21984e-07
2.19776e-07
1.70162e-07
2.55401e-07
5.46515e-07
8.71861e-07
1.03826e-06
9.37027e-07
5.26024e-07
1.05019e-07
0
0
1.01801e-07
8.97788e-07
1.00888e-06
3.1979e-07
0
0
0
1.37438e-07
1.04416e-07
3.30494e-07
1.21243e-06
2.16883e-06
2.44154e-06
2.11245e-06
1.42449e-06
6.42738e-07
1.64325e-07
3.93671e-08
2.46026e-07
7.32519e-07
9.74638e-07
3.5236e-07
0
0
1.64267e-07
2.41936e-07
5.15793e-07
1.77949e-06
3.15319e-06
3.56095e-06
3.30967e-06
2.63073e-06
1.69637e-06
8.18276e-07
2.21597e-07
9.21472e-07
4.12642e-07
3.79269e-07
9.63596e-07
1.18262e-06
7.54371e-07
1.98503e-07
0
0
0
1.83272e-06
3.13462e-06
3.04401e-06
2.42306e-06
1.58946e-06
7.62191e-07
2.67726e-07
3.91045e-08
7.536e-07
5.4286e-07
1.93236e-07
2.392e-07
5.34113e-07
1.01926e-06
2.71403e-07
0
0
0
0
0
2.07665e-07
2.06093e-07
1.09198e-07
5.33028e-08
4.7277e-08
6.95772e-08
0
4.72141e-08
1.27561e-08
0
0
0
0
0
0
0
0
0
0
0
5.57344e-08
1.39506e-07
2.03768e-07
2.33742e-07
1.89398e-07
0
0
0
0
0
0
0
0
0
0
0
0
0
3.16251e-08
1.26921e-07
1.83795e-07
1.89776e-07
6.96224e-07
0
0
0
0
0
0
0
0
0
0
0
1.49692e-07
2.34668e-07
2.92899e-07
3.15472e-07
3.00064e-07
2.58483e-07
0
0
0
0
0
0
0
0
0
0
0
0
2.98065e-07
3.84264e-07
1.97282e-07
7.00152e-09
0
2.09908e-07
5.75712e-07
1.85744e-07
0
0
0
0
0
0
0
0
0
0
1.01228e-07
4.54282e-07
0
0
0
0
1.68634e-07
2.01039e-08
6.68885e-07
0
0
0
0
0
0
0
0
0
2.78009e-07
4.56394e-07
2.52441e-07
1.98959e-10
8.80578e-08
2.85592e-07
0
0
0
0
0
0
0
0
0
7.4153e-08
2.35116e-08
0
0
0
0
0
0
0
1.06761e-06
4.11499e-07
0
0
0
0
1.88422e-06
4.56885e-07
0
0
0
0
0
0
0
0
0
0
1.22592e-06
1.12154e-06
7.49953e-07
3.54874e-07
0
6.70414e-07
9.05084e-07
3.71175e-07
0
0
0
0
0
0
0
0
0
0
6.06598e-07
4.34106e-07
9.1465e-07
1.11799e-06
9.66225e-07
1.04118e-06
8.60615e-07
6.24416e-07
2.91635e-07
0
0
0
0
4.99974e-08
1.14821e-07
1.2601e-07
1.29991e-07
1.25988e-07
0
9.76061e-08
4.43768e-07
0
0
6.09932e-08
1.45785e-07
9.73819e-08
0
0
0
0
0
1.6534e-07
2.8781e-07
2.63999e-07
1.83267e-07
9.35135e-08
0
0
0
0
0
9.6609e-09
9.42169e-08
4.39975e-08
0
0
0
0
0
0
5.96534e-08
2.15661e-08
0
0
4.27221e-07
0
0
0
0
4.51576e-07
4.37298e-07
6.80565e-08
0
0
0
0
0
0
0
0
0
0
1.02126e-06
1.11023e-06
0
0
8.79025e-08
2.21442e-07
2.04474e-07
0
0
0
0
0
0
0
0
0
0
0
1.33104e-08
0
3.5048e-08
3.88906e-08
2.32334e-08
0
0
0
0
0
0
0
0
0
0
0
0
0
0
0
0
0
0
0
0
0
0
0
0
0
0
0
0
0
0
0
0
0
0
0
0
0
0
0
0
0
0
0
0
0
0
0
0
0
0
0
0
0
0
0
0
0
0
0
0
0
0
0
0
0
0
0
2.1668e-05
1.4092e-05
1.27874e-05
1.07801e-05
5.94859e-06
1.41693e-06
0
0
0
0
0
7.77593e-07
1.83606e-06
2.70295e-06
3.28852e-06
3.48148e-06
2.76084e-06
6.12258e-07
0
0
0
0
0
0
0
0
0
1.58357e-05
2.89798e-05
1.38801e-05
1.41156e-06
0
0
0
8.78008e-07
1.47052e-06
1.77079e-06
1.90678e-06
1.91819e-06
1.86339e-06
1.7884e-06
1.68168e-06
1.57787e-06
1.45922e-06
1.33511e-06
1.19875e-06
1.05234e-06
8.93788e-07
7.24051e-07
5.47615e-07
3.60907e-07
1.69418e-07
0
0
0
0
0
0
0
0
0
0
0
0
0
0
0
0
0
0
0
0
0
0
0
0
0
0
4.37431e-07
3.65099e-06
7.35358e-06
1.23151e-05
1.24697e-05
0
0
4.37824e-05
5.81098e-05
6.70473e-05
7.4614e-05
3.29266e-05
8.61069e-06
2.99602e-06
2.0711e-06
1.82647e-06
1.59827e-06
1.28311e-06
1.02077e-06
7.56711e-07
5.5206e-07
3.63208e-07
2.03917e-07
5.85028e-08
0
0
0
0
0
0
0
0
0
0
0
0
0
0
0
0
0
0
0
0
0
0
0
0
0
0
0
0
0
0
0
0
0
0
0
0
0
0
0
0
0
0
0
0
0
0
0
0
0
0
1.62237e-08
1.85584e-07
7.09206e-07
8.42029e-07
0
0
0
2.07698e-06
2.40917e-06
4.56427e-06
8.14544e-06
0
0
0
0
1.79959e-06
2.66936e-06
3.01044e-06
2.28332e-06
1.22384e-06
1.50418e-06
2.38191e-06
1.64486e-06
4.49855e-08
0
0
1.86285e-06
7.55533e-06
1.67504e-05
2.32234e-05
1.76641e-05
1.23321e-05
6.26051e-06
8.59358e-07
0
0
0
0
0
9.63311e-07
3.00152e-06
4.73294e-06
5.94258e-06
6.32673e-06
5.09051e-06
1.83114e-06
0
0
0
0
0
0
0
0
0
0
6.47608e-06
5.44051e-06
0
0
0
0
0
0
6.28476e-07
9.73874e-07
1.12299e-06
1.14398e-06
1.12315e-06
1.05016e-06
9.82987e-07
8.90493e-07
8.00176e-07
7.04241e-07
6.0054e-07
4.98799e-07
3.93468e-07
2.89757e-07
1.84737e-07
7.50194e-08
0
0
0
0
0
0
0
0
0
0
0
0
0
0
0
0
0
0
2.03013e-06
5.27715e-06
5.02586e-06
0
0
0
0
0
5.51376e-07
6.63964e-06
1.13402e-05
1.5073e-05
1.26778e-05
0
0
1.05719e-06
1.0071e-05
1.49991e-05
2.48123e-05
1.92838e-05
8.47516e-06
3.22102e-06
2.28346e-06
1.97499e-06
1.70821e-06
1.38469e-06
1.11169e-06
8.55758e-07
6.35762e-07
4.31663e-07
2.43992e-07
6.49057e-08
0
0
0
0
0
0
0
0
0
0
0
0
0
0
0
0
0
0
0
0
0
0
0
0
0
0
0
0
0
0
0
0
0
0
0
0
0
0
0
0
0
0
0
0
0
0
0
0
0
0
0
9.87457e-08
7.11003e-07
8.09021e-07
0
0
0
3.3778e-07
0
0
0
1.2721e-07
5.35859e-07
3.37555e-07
4.17399e-07
4.20501e-07
3.6478e-07
6.00168e-07
6.51219e-07
1.92494e-07
4.11064e-07
1.3212e-06
1.15614e-06
9.29903e-08
0
9.22158e-07
5.85729e-06
1.81374e-05
6.07755e-06
8.61204e-06
9.90129e-06
9.42091e-06
2.86754e-06
0
0
0
0
0
0
0
1.64998e-05
2.15775e-05
1.7668e-05
1.13545e-05
5.17873e-06
6.03263e-08
0
0
0
0
0
0
0
0
0
0
0
0
0
0
0
0
0
0
0
0
0
0
3.0464e-08
1.51707e-07
2.13041e-07
2.38965e-07
2.34983e-07
2.17995e-07
1.86759e-07
1.50606e-07
1.09601e-07
6.41462e-08
1.14527e-08
0
0
0
0
0
0
0
0
0
0
0
0
0
0
0
0
0
6.13662e-07
1.57306e-06
2.90225e-06
5.17209e-06
7.9035e-06
5.4432e-06
0
0
0
0
0
2.205e-05
2.27872e-05
1.79891e-05
1.09674e-05
0
0
3.65069e-07
5.94053e-06
7.30643e-06
8.42769e-06
9.79768e-06
6.54768e-06
4.21994e-06
4.53795e-06
4.628e-06
4.27802e-06
3.58985e-06
2.89588e-06
2.21818e-06
1.61788e-06
1.08189e-06
5.9652e-07
1.37291e-07
0
0
0
0
0
0
0
0
0
0
0
0
0
0
0
0
0
0
0
0
0
0
0
0
0
0
0
0
0
0
0
0
0
0
0
0
0
0
0
0
0
0
0
0
0
0
0
0
0
1.42004e-08
0
0
6.17394e-07
9.76795e-07
0
0
0
0
0
0
0
0
5.16208e-07
1.45446e-06
7.8045e-07
0
0
0
0
0
0
5.88551e-07
1.86813e-06
2.87918e-07
0
7.58924e-06
3.02514e-05
4.336e-05
9.61239e-07
1.64798e-06
3.83236e-06
3.94709e-06
0
0
0
0
0
0
0
0
1.60931e-05
2.46504e-05
2.09699e-05
1.21993e-05
3.90176e-06
0
0
0
0
0
0
0
0
0
0
0
0
0
0
0
0
0
0
0
0
0
0
0
0
0
0
0
0
0
0
0
0
0
0
0
0
0
0
0
0
3.34184e-07
6.34651e-07
8.91084e-07
1.11044e-06
1.2889e-06
1.41757e-06
1.49444e-06
1.5218e-06
1.51987e-06
1.48832e-06
1.43067e-06
1.35748e-06
1.34977e-06
1.88926e-06
3.92689e-06
6.6423e-06
2.39791e-06
0
0
0
0
0
0
6.07581e-06
4.30744e-06
6.85013e-06
4.06676e-06
0
1.47491e-06
4.13839e-06
3.94373e-06
3.77728e-06
4.91631e-06
3.28718e-06
2.06713e-06
1.36282e-06
1.08593e-06
1.05047e-06
1.09353e-06
1.07869e-06
1.01404e-06
8.55071e-07
6.20409e-07
4.78981e-07
6.05051e-07
6.40455e-07
4.54355e-07
1.82944e-07
0
0
0
0
0
0
0
0
0
0
0
0
0
0
0
0
0
0
0
0
0
0
0
0
0
0
0
0
0
0
0
0
0
0
0
0
0
0
0
0
0
0
0
0
0
0
0
0
0
0
1.15915e-06
0
0
0
0
0
0
0
0
0
1.26273e-07
5.05246e-07
0
0
0
0
0
0
0
0
0
0
2.23024e-06
1.81423e-05
2.22738e-05
2.82425e-07
5.42661e-07
1.63096e-06
2.61376e-06
1.64283e-07
0
0
0
0
0
0
8.73299e-06
1.5676e-05
1.86721e-05
1.77716e-05
1.34405e-05
7.01389e-06
0
0
0
0
0
0
0
0
0
0
0
0
0
0
0
0
0
0
0
0
0
0
0
0
0
0
6.16029e-07
1.51238e-06
2.72477e-06
4.09131e-06
4.05565e-06
0
0
0
0
0
0
0
0
0
0
0
0
2.20978e-07
5.30884e-07
7.82688e-07
9.62489e-07
1.05239e-06
1.09271e-06
1.10023e-06
1.03265e-06
8.49054e-07
6.02547e-07
8.09e-07
3.08273e-06
6.75281e-06
0
0
0
0
0
0
0
0
0
6.08786e-06
2.75904e-06
0
0
1.39115e-06
1.41003e-06
1.03785e-06
1.29386e-06
7.9613e-07
6.85578e-07
5.14464e-07
5.14766e-07
4.62282e-07
4.10957e-07
2.0854e-07
0
0
0
0
3.90248e-07
8.03354e-07
8.3157e-07
6.4857e-07
3.88693e-07
1.19524e-07
0
0
0
0
0
0
0
0
0
0
0
0
0
0
0
0
0
0
0
0
0
0
0
0
0
0
0
0
0
0
0
0
0
0
0
0
0
0
0
0
0
0
0
0
0
0
0
0
9.10672e-07
0
0
0
8.44227e-08
0
0
0
0
0
8.24307e-10
8.76185e-07
1.07068e-06
7.68473e-07
4.17114e-07
1.12871e-07
0
0
0
0
0
0
0
1.0104e-05
1.62696e-05
1.62012e-07
3.11132e-07
8.53232e-07
0
0
0
0
0
0
0
9.93744e-07
7.64693e-06
1.25084e-05
1.4381e-05
1.34503e-05
1.12927e-05
8.10382e-06
0
0
0
0
0
0
0
0
0
0
0
0
0
0
0
0
0
1.35646e-07
2.16296e-07
0
0
0
0
0
0
0
1.1494e-06
3.10101e-06
6.20142e-06
1.04523e-05
1.58704e-07
0
0
0
0
0
0
0
0
0
0
0
0
0
0
0
2.56757e-07
4.32797e-07
4.86632e-07
4.9344e-07
4.49678e-07
2.48958e-07
0
0
2.44486e-06
8.21655e-06
0
0
0
0
0
0
0
0
0
1.96645e-08
0
0
0
0
0
0
9.35221e-07
1.35667e-06
1.27823e-06
1.00865e-06
8.3775e-07
6.18182e-07
3.55275e-07
0
0
0
0
3.96928e-07
1.15569e-06
1.41017e-06
1.36448e-06
1.18662e-06
9.42406e-07
6.81292e-07
4.06071e-07
1.18648e-07
0
0
0
0
0
0
0
0
0
0
0
0
0
0
0
0
0
0
0
0
0
0
0
0
0
0
0
0
0
0
0
0
0
0
0
0
0
0
0
0
0
0
0
0
0
0
0
0
0
0
1.4186e-06
7.55198e-07
0
0
0
2.68184e-07
2.19505e-06
3.15472e-06
3.114e-06
2.46605e-06
1.37699e-06
7.26218e-08
0
0
0
0
0
0
1.05008e-06
9.50305e-06
1.55104e-05
8.49177e-08
1.46816e-07
3.36849e-07
0
0
0
0
0
0
0
5.323e-07
3.81281e-06
7.20381e-06
9.03408e-06
8.51957e-06
7.15856e-06
5.47677e-06
0
0
0
0
0
0
0
0
0
0
0
0
0
0
0
3.94889e-07
1.37975e-06
9.34406e-07
0
0
0
0
0
0
0
3.7685e-07
2.04036e-06
4.5706e-06
7.93206e-06
8.50871e-06
0
0
0
0
0
0
0
0
0
0
0
0
0
0
0
0
0
0
8.35061e-09
2.47597e-07
2.70063e-07
5.57134e-08
0
0
1.83165e-06
8.33435e-06
0
0
0
0
0
0
0
0
0
0
0
0
0
0
0
0
7.18857e-07
1.02096e-06
1.00881e-06
8.42858e-07
7.06495e-07
4.93394e-07
8.62079e-08
0
0
0
9.08229e-08
8.60162e-07
1.01212e-06
9.00066e-07
7.80205e-07
7.2606e-07
7.07489e-07
6.88993e-07
6.11144e-07
4.43331e-07
1.868e-07
0
0
0
0
0
0
0
0
0
0
0
0
0
0
0
0
0
0
0
0
0
0
0
0
0
0
0
0
0
0
0
0
0
0
0
0
0
0
0
0
0
0
0
0
0
0
0
0
0
7.39988e-07
2.2317e-06
0
0
2.53781e-07
2.59894e-06
4.19517e-06
4.65981e-06
3.96154e-06
2.7769e-06
1.27227e-06
1.02738e-08
0
0
0
9.25583e-07
4.09804e-06
6.20031e-06
7.39731e-06
1.08656e-05
1.54115e-05
2.76673e-08
3.55677e-08
4.99244e-08
0
0
0
0
0
0
3.43991e-08
4.92076e-07
1.51747e-06
3.41019e-06
5.05179e-06
5.11482e-06
4.02745e-06
2.7749e-06
0
0
0
0
0
0
0
0
0
0
0
0
0
0
1.68613e-06
3.03673e-06
1.98162e-06
2.05119e-07
0
0
0
0
0
0
0
8.27309e-07
2.17174e-06
3.53531e-06
4.08898e-06
2.81569e-06
5.06334e-07
0
0
0
0
3.99337e-07
7.90814e-07
1.03633e-06
1.13037e-06
1.08055e-06
9.03676e-07
5.93613e-07
1.36055e-07
0
0
0
0
0
0
0
0
0
0
0
2.57171e-07
3.44825e-06
0
0
0
0
0
0
0
0
0
1.47017e-06
1.20369e-06
0
2.32164e-07
2.7436e-07
0
0
3.41952e-07
5.83164e-07
6.02603e-07
5.08628e-07
4.34242e-07
2.52746e-07
0
0
0
0
0
0
0
0
0
0
1.59406e-07
3.99953e-07
5.3813e-07
4.9637e-07
2.73765e-07
0
0
0
0
0
0
0
0
0
0
0
0
0
0
0
0
0
0
0
0
0
0
0
0
0
0
0
0
0
0
0
0
0
0
0
0
0
0
0
0
0
0
0
0
0
0
0
0
0
0
1.41133e-06
8.75809e-07
1.06808e-06
2.95928e-06
4.68878e-06
5.54819e-06
5.28347e-06
4.11306e-06
2.72896e-06
9.61658e-07
0
0
0
0
2.84e-06
7.56957e-06
1.09532e-05
1.12455e-05
1.1082e-05
1.39667e-05
0
0
0
2.84469e-06
5.33622e-06
4.22872e-06
3.70317e-06
3.70314e-06
3.47339e-06
2.62808e-06
1.54645e-06
1.09609e-06
1.89424e-06
3.68714e-06
5.80258e-06
9.04798e-06
1.20842e-05
2.66539e-06
0
0
0
0
0
0
0
0
0
0
0
1.01277e-09
3.00314e-06
4.38171e-06
2.36815e-06
0
0
0
0
0
0
0
0
0
5.95315e-07
1.80389e-06
2.86673e-06
3.28266e-06
2.69634e-06
1.5691e-06
7.69308e-07
6.50135e-07
1.01677e-06
1.58216e-06
2.16165e-06
2.63947e-06
2.97964e-06
3.1546e-06
3.17821e-06
3.08641e-06
2.86194e-06
2.51086e-06
1.92013e-06
9.49938e-07
0
0
0
0
0
0
0
0
0
0
3.5809e-08
0
0
0
0
0
0
3.21952e-07
0
0
6.82596e-06
9.62374e-06
6.89786e-06
8.05351e-06
9.96551e-06
3.88231e-07
0
2.29481e-07
3.49428e-07
2.9362e-07
1.88146e-07
1.43995e-07
1.66659e-08
0
0
0
0
0
0
0
0
0
1.19787e-07
3.8774e-07
5.65387e-07
7.03951e-07
6.85424e-07
4.13393e-07
4.67667e-08
0
0
0
0
0
0
0
0
0
0
0
0
0
0
0
0
0
0
0
0
0
0
0
0
0
0
0
0
0
0
0
0
0
0
0
0
0
0
0
0
0
0
0
0
0
0
0
0
0
0
2.26374e-06
3.80825e-06
5.14854e-06
6.12081e-06
6.40839e-06
5.62988e-06
4.12405e-06
2.44525e-06
5.265e-07
0
0
5.06698e-07
9.34162e-07
3.70759e-06
9.04488e-06
1.31564e-05
1.27896e-05
1.02104e-05
1.25321e-05
0
0
0
0
5.71935e-06
8.80962e-06
9.50019e-06
8.85474e-06
8.06625e-06
6.95835e-06
5.58163e-06
4.73031e-06
5.36786e-06
8.06834e-06
1.3591e-05
2.07468e-05
1.9196e-05
1.11375e-05
4.58253e-06
0
0
0
0
0
0
0
0
0
1.78638e-06
5.22898e-06
6.45348e-06
3.27274e-06
0
0
0
0
0
0
0
0
2.07462e-07
1.93652e-06
4.16524e-06
6.6666e-06
8.8422e-06
9.02094e-06
5.50604e-06
0
0
0
0
0
0
0
6.14462e-07
1.32065e-06
1.72357e-06
1.87038e-06
1.87232e-06
1.87779e-06
1.86858e-06
1.6368e-06
8.30493e-07
0
0
0
0
0
0
0
0
0
0
0
0
0
0
0
2.76033e-07
4.88358e-07
0
7.17855e-07
8.30129e-06
1.23808e-05
1.12486e-05
1.27912e-05
6.60928e-06
3.54446e-07
8.93158e-08
2.88443e-07
2.66954e-07
9.08603e-08
0
0
0
0
0
0
0
0
0
0
0
6.5214e-07
8.04487e-07
6.60133e-07
5.69221e-07
6.51553e-07
7.02424e-07
4.77248e-07
6.72379e-08
0
0
0
0
0
0
0
0
0
0
0
0
0
0
0
0
0
0
0
0
0
0
0
0
0
0
0
0
0
0
4.09148e-06
8.67154e-06
1.30092e-06
0
0
0
0
0
0
0
0
0
0
0
0
0
0
0
0
0
2.56271e-06
5.55034e-06
6.5847e-06
7.0712e-06
7.05535e-06
6.01306e-06
4.16268e-06
2.22317e-06
2.98055e-07
0
3.03539e-07
1.31582e-06
1.66008e-06
3.9229e-06
9.23192e-06
1.39227e-05
1.31606e-05
9.28098e-06
1.16852e-05
0
0
0
0
7.4913e-07
4.02447e-06
6.41449e-06
7.51175e-06
8.28723e-06
8.80314e-06
8.9117e-06
9.08844e-06
1.00991e-05
1.26532e-05
1.78535e-05
2.52118e-05
3.02146e-05
2.63894e-05
1.65575e-05
8.71377e-06
5.27069e-06
3.27188e-06
7.2918e-07
0
0
0
6.67537e-07
4.51507e-06
1.02008e-05
1.18174e-05
5.67702e-06
6.46513e-07
0
0
0
0
0
0
4.28131e-07
2.36078e-06
5.02086e-06
8.62365e-06
1.35137e-05
2.0275e-05
2.90544e-05
3.30711e-05
4.37229e-06
0
0
0
0
0
0
0
0
0
4.7015e-07
9.63714e-07
9.78742e-07
8.48248e-07
9.8207e-07
1.30571e-06
1.14743e-06
0
0
0
0
0
2.07829e-07
2.36941e-07
0
0
0
0
0
0
0
3.32328e-07
2.02464e-07
0
0
1.41895e-06
8.08501e-06
1.17033e-05
1.0867e-05
8.90679e-06
2.47344e-06
0
2.05443e-07
3.83956e-07
2.70281e-07
4.79909e-09
0
0
0
0
0
0
0
0
0
0
5.14047e-07
8.14094e-07
6.18268e-07
3.08497e-07
2.06951e-07
3.83658e-07
5.83083e-07
5.02728e-07
1.51731e-07
0
0
1.24386e-07
5.90199e-08
0
0
0
0
0
0
0
0
0
0
0
0
0
0
0
0
0
0
0
0
0
0
0
0
0
0
5.2587e-06
8.06606e-06
3.97979e-06
0
0
0
0
0
0
0
0
0
0
0
0
0
0
0
0
0
1.12482e-06
6.42472e-06
7.67505e-06
7.91768e-06
7.65123e-06
6.3599e-06
4.34224e-06
2.29953e-06
4.68973e-07
6.13352e-08
8.16363e-07
1.84449e-06
2.16667e-06
3.756e-06
8.53027e-06
1.3745e-05
1.28605e-05
8.48196e-06
1.10791e-05
0
0
0
0
0
0
1.64699e-06
3.28649e-06
4.68867e-06
5.95108e-06
6.86032e-06
7.52009e-06
8.13836e-06
8.91507e-06
9.98653e-06
1.14073e-05
1.29114e-05
1.31611e-05
1.054e-05
6.31276e-06
3.63744e-06
3.15195e-06
2.93625e-06
2.75891e-06
2.67836e-06
2.18738e-06
5.24304e-07
0
0
2.11447e-06
1.50168e-06
0
0
0
0
0
0
1.09895e-06
2.93041e-06
5.28701e-06
8.26474e-06
1.19729e-05
1.63087e-05
2.00718e-05
1.74935e-05
0
0
0
0
0
0
0
0
0
0
0
3.10458e-09
1.01678e-06
1.31685e-06
1.07216e-06
8.76261e-07
1.36067e-06
1.94424e-06
1.1705e-06
0
0
0
0
0
0
5.71808e-07
0
0
0
0
0
0
0
0
0
0
1.88766e-06
8.0259e-06
1.04156e-05
8.50981e-06
4.42441e-06
2.56178e-07
0
2.78725e-07
4.88659e-07
3.55008e-07
4.5778e-08
0
0
0
0
0
0
0
0
0
0
0
0
0
0
1.96118e-08
3.05569e-07
5.20732e-07
5.12776e-07
2.93356e-07
3.18477e-08
8.04527e-09
3.34956e-07
4.98143e-07
0
0
0
0
0
0
0
0
0
0
0
0
0
0
0
0
0
0
0
0
0
0
0
0
0
1.30402e-06
3.2846e-06
0
0
2.85396e-05
1.0744e-05
0
0
0
0
0
0
0
0
0
0
0
0
3.90029e-08
0
0
2.90082e-07
6.53138e-06
8.70056e-06
8.85732e-06
8.23899e-06
6.60547e-06
4.5923e-06
2.76063e-06
1.09691e-06
7.6898e-07
1.39104e-06
2.28038e-06
2.50321e-06
3.40482e-06
7.18217e-06
1.27321e-05
1.19251e-05
7.55707e-06
1.0172e-05
0
0
0
0
0
0
0
0
7.45251e-07
1.82977e-06
2.63657e-06
3.21681e-06
3.57427e-06
3.70267e-06
3.62562e-06
3.49528e-06
3.57164e-06
3.86905e-06
3.92466e-06
3.64743e-06
3.30037e-06
3.13157e-06
3.0866e-06
3.0213e-06
2.58222e-06
1.50427e-06
0
0
0
0
3.36979e-08
0
0
0
0
0
6.36033e-07
1.80705e-06
3.19988e-06
4.70738e-06
6.09642e-06
6.8567e-06
5.92453e-06
1.95135e-06
0
0
0
0
0
0
0
0
0
0
0
0
0
5.81489e-07
1.14713e-06
1.05558e-06
5.02598e-07
3.67522e-07
1.27485e-06
1.78445e-06
5.33133e-09
0
0
0
0
0
0
0
0
0
0
0
0
0
0
0
0
3.24815e-06
8.77495e-06
9.39703e-06
6.3094e-06
1.50704e-06
0
0
2.99501e-07
5.58805e-07
4.89421e-07
2.01382e-07
0
2.60033e-08
1.07147e-07
0
0
0
0
0
0
0
0
0
0
0
1.05261e-07
3.58135e-07
4.10715e-07
3.63945e-07
3.31686e-07
2.8566e-07
3.12497e-07
6.04707e-07
7.81708e-07
2.80555e-07
0
0
0
0
0
0
0
0
0
0
0
0
0
0
0
0
0
1.97133e-07
0
0
0
0
0
0
3.69439e-07
5.30275e-07
0
5.7233e-08
3.77479e-05
2.22621e-05
5.17716e-06
0
0
0
0
0
0
0
0
0
3.63263e-07
2.60864e-06
4.71878e-06
6.13272e-06
5.753e-06
3.74945e-06
6.32602e-06
9.44199e-06
9.6296e-06
8.73476e-06
6.85763e-06
4.85419e-06
3.37417e-06
2.06739e-06
1.65446e-06
1.96331e-06
2.61967e-06
2.71356e-06
3.01638e-06
5.48761e-06
1.10087e-05
1.0443e-05
6.48794e-06
8.94711e-06
0
0
0
0
0
0
0
0
0
0
0
2.79642e-08
5.77525e-07
1.16319e-06
1.81036e-06
2.5161e-06
3.14956e-06
3.40628e-06
3.42885e-06
3.28354e-06
3.08677e-06
3.02546e-06
3.00064e-06
2.84818e-06
2.34044e-06
1.41325e-06
8.57769e-08
0
0
0
0
0
0
0
0
1.07184e-08
4.2938e-07
1.03417e-06
1.61304e-06
1.93232e-06
1.67785e-06
4.48157e-07
0
0
0
0
0
0
0
0
0
0
0
0
0
0
0
4.44914e-07
9.18105e-07
9.13063e-07
3.2743e-07
0
0
0
3.68184e-08
0
0
0
0
0
0
0
0
0
0
0
0
0
0
0
0
4.80662e-06
9.78299e-06
9.3871e-06
4.97629e-06
0
0
0
2.80469e-07
5.50473e-07
5.90452e-07
3.79654e-07
1.69231e-07
2.13531e-07
4.11129e-07
2.74482e-07
0
0
0
0
0
0
0
0
0
0
8.68037e-08
2.27125e-07
1.38246e-07
1.15825e-07
2.93428e-07
5.73229e-07
9.07316e-07
1.18424e-06
1.0808e-06
5.5785e-07
0
0
0
0
0
0
0
0
0
0
0
0
0
0
0
0
0
1.84895e-06
2.25039e-08
0
0
0
0
0
0
0
0
1.25643e-05
3.42314e-05
2.56313e-05
9.41316e-06
0
0
0
0
0
0
0
0
0
9.75079e-07
3.98023e-06
7.07493e-06
9.81831e-06
1.08252e-05
8.88404e-06
7.30432e-06
9.92669e-06
1.04282e-05
9.27922e-06
7.0834e-06
5.08027e-06
3.80547e-06
2.93392e-06
2.49387e-06
2.42458e-06
2.82921e-06
2.82537e-06
2.66483e-06
3.80956e-06
8.75572e-06
8.6025e-06
5.24404e-06
7.43759e-06
0
0
0
0
0
0
0
0
0
0
0
0
0
5.97041e-07
1.47345e-06
2.16469e-06
2.56483e-06
2.75086e-06
2.77198e-06
2.78799e-06
2.80602e-06
2.85283e-06
2.86596e-06
2.72312e-06
2.29656e-06
1.56903e-06
5.86684e-07
0
0
0
7.87733e-08
4.05346e-07
5.37246e-07
4.5386e-07
1.83011e-07
0
0
0
0
0
0
0
0
0
0
0
0
0
0
0
0
0
0
0
0
0
0
7.37118e-07
9.67065e-07
9.23508e-07
6.29874e-07
0
0
0
0
0
0
0
0
0
0
0
0
0
0
0
0
0
0
0
0
4.34217e-06
1.0296e-05
1.00027e-05
4.75074e-06
0
0
0
1.9865e-07
4.69672e-07
6.37836e-07
5.52769e-07
3.72297e-07
3.77191e-07
6.17427e-07
7.97232e-07
4.96957e-07
0
0
0
0
0
0
0
0
0
0
0
0
0
4.04942e-07
1.02825e-06
1.69272e-06
1.80762e-06
1.32767e-06
7.37942e-07
0
0
0
0
0
0
0
0
0
0
0
0
2.04382e-07
2.08673e-06
1.00805e-05
4.659e-06
1.99976e-05
4.2158e-06
1.01311e-06
0
0
0
0
0
0
0
6.44275e-07
1.96116e-05
3.53428e-05
2.90648e-05
1.21997e-05
0
0
0
0
0
0
0
0
0
2.21292e-06
5.51865e-06
8.78087e-06
1.21964e-05
1.4234e-05
1.31553e-05
9.77532e-06
1.01129e-05
1.09166e-05
9.57956e-06
7.21357e-06
5.25265e-06
4.05783e-06
3.36233e-06
3.01076e-06
2.67986e-06
2.86778e-06
2.85917e-06
2.37686e-06
2.3738e-06
6.22895e-06
6.53234e-06
3.72292e-06
5.62534e-06
1.00653e-08
0
0
0
0
0
0
0
0
0
0
0
1.99853e-07
9.254e-07
1.53942e-06
1.9477e-06
2.11571e-06
2.25354e-06
2.32405e-06
2.39948e-06
2.51119e-06
2.63527e-06
2.72266e-06
2.66815e-06
2.37294e-06
1.81931e-06
1.06731e-06
2.98435e-07
0
0
2.94151e-07
7.1164e-07
9.42113e-07
8.71807e-07
4.31874e-07
0
0
0
0
0
0
0
0
0
0
0
0
0
0
0
0
0
0
0
0
0
2.24494e-07
1.03548e-06
8.57765e-07
6.19619e-07
5.72394e-07
2.53111e-07
0
0
2.13454e-07
2.85771e-07
0
0
0
0
0
0
0
0
0
0
0
0
0
0
0
0
7.33537e-06
1.02524e-05
5.27571e-06
0
0
0
2.73366e-08
2.81466e-07
5.37301e-07
6.3264e-07
5.69076e-07
5.5344e-07
7.34283e-07
1.00728e-06
1.11893e-06
8.43265e-07
2.07511e-07
0
0
0
0
0
0
0
0
0
0
0
9.13188e-07
2.034e-06
2.65829e-06
2.24945e-06
1.41845e-06
6.25379e-07
6.65969e-08
0
0
0
0
0
0
0
0
0
0
0
1.0609e-06
5.71858e-06
2.70678e-05
2.19222e-05
3.97643e-05
6.22823e-06
1.92794e-06
0
0
0
0
0
0
0
1.26873e-06
2.28721e-05
3.74999e-05
3.4987e-05
1.53621e-05
0
0
0
0
0
0
0
0
0
3.64913e-06
7.22272e-06
1.01578e-05
1.38947e-05
1.67334e-05
1.6497e-05
1.30174e-05
1.09926e-05
1.14235e-05
9.97754e-06
7.4495e-06
5.44614e-06
4.22449e-06
3.47001e-06
3.10414e-06
2.69044e-06
2.73023e-06
2.85733e-06
2.16431e-06
1.2773e-06
3.68165e-06
4.27535e-06
1.88417e-06
3.48116e-06
0
0
0
0
0
0
0
0
0
0
0
3.08867e-07
8.85274e-07
1.27759e-06
1.51917e-06
1.63726e-06
1.66455e-06
1.72244e-06
1.78814e-06
1.8584e-06
1.98565e-06
2.15402e-06
2.31204e-06
2.36155e-06
2.21073e-06
1.84249e-06
1.31357e-06
7.40121e-07
2.9962e-07
1.78051e-07
4.12835e-07
8.15199e-07
1.13598e-06
1.17255e-06
7.97429e-07
2.79274e-09
0
0
0
0
0
0
0
0
0
0
0
0
0
0
0
0
0
0
0
1.49956e-07
1.01849e-06
1.30985e-06
7.46484e-07
1.67158e-07
2.39299e-07
2.90358e-07
0
0
7.98379e-07
1.01708e-06
0
0
0
0
0
0
0
5.46673e-08
0
0
0
0
0
0
0
0
1.7215e-06
7.11724e-06
4.81957e-06
0
0
0
0
1.02577e-07
3.22893e-07
5.13541e-07
6.37564e-07
7.83732e-07
1.06917e-06
1.49627e-06
1.98769e-06
2.44675e-06
2.75063e-06
2.76401e-06
2.36796e-06
1.48682e-06
2.9832e-07
0
0
0
0
0
0
1.01681e-07
1.89131e-06
3.20834e-06
3.08666e-06
2.16796e-06
1.17619e-06
4.70499e-07
1.30975e-08
0
0
0
0
0
0
0
0
0
0
0
1.33955e-06
1.05212e-05
2.18598e-05
1.99049e-05
2.65321e-05
2.78169e-06
1.70695e-06
0
0
0
0
0
0
0
0
1.38655e-05
2.47266e-05
3.26858e-05
2.00994e-05
0
0
0
0
0
0
0
0
3.79819e-07
4.89266e-06
8.3182e-06
1.05314e-05
1.43326e-05
1.81091e-05
1.86853e-05
1.56627e-05
1.2071e-05
1.17041e-05
1.0178e-05
7.6247e-06
5.55558e-06
4.25936e-06
3.40442e-06
2.90339e-06
2.43828e-06
2.31585e-06
2.80852e-06
2.00591e-06
5.15674e-07
1.32239e-06
1.84773e-06
0
9.78938e-07
4.01126e-07
1.80103e-07
1.8127e-06
2.93947e-06
1.98281e-08
0
0
0
0
0
0
1.08216e-06
1.72638e-06
1.78693e-06
1.56285e-06
1.34268e-06
1.20167e-06
1.18249e-06
1.2346e-06
1.31979e-06
1.46888e-06
1.66903e-06
1.87426e-06
2.00315e-06
1.97037e-06
1.75007e-06
1.39167e-06
9.82275e-07
6.33501e-07
4.54734e-07
5.27898e-07
8.19672e-07
1.15511e-06
1.32716e-06
1.17976e-06
6.14695e-07
0
0
0
0
0
0
0
0
0
0
0
0
0
0
0
0
0
0
9.96753e-07
1.16234e-06
1.04599e-06
1.10764e-06
6.35805e-07
0
0
2.37541e-07
1.18614e-08
0
1.98702e-07
1.05551e-06
5.27091e-08
0
0
0
0
0
0
0
0
0
0
0
0
0
0
0
0
2.92637e-06
3.29483e-06
0
0
0
0
0
2.58547e-07
4.80055e-07
6.82192e-07
1.0172e-06
1.57792e-06
2.38344e-06
3.42995e-06
4.74895e-06
6.24096e-06
7.54892e-06
7.77504e-06
6.04786e-06
3.10252e-06
5.36611e-07
0
0
0
0
0
7.94473e-07
3.22963e-06
3.61757e-06
2.61056e-06
1.56189e-06
9.22831e-07
4.19304e-07
0
0
0
0
2.62904e-07
0
0
0
0
0
0
0
9.76771e-08
1.43441e-05
1.41092e-05
1.43874e-05
2.4689e-06
0
0
0
0
1.39682e-06
0
0
0
0
0
6.94061e-07
4.80356e-06
1.04323e-05
1.62558e-05
0
0
0
0
0
0
0
0
1.28608e-06
5.23496e-06
8.02158e-06
9.38613e-06
1.30891e-05
1.82726e-05
1.99817e-05
1.76771e-05
1.35569e-05
1.21714e-05
1.04661e-05
7.71561e-06
5.56465e-06
4.18557e-06
3.26675e-06
2.62353e-06
2.06275e-06
1.52849e-06
2.69732e-06
1.88273e-06
4.04495e-08
0
0
0
0
9.03973e-07
6.24993e-07
0
1.18262e-06
3.11583e-07
0
0
0
0
0
0
1.00751e-06
2.01443e-06
2.31398e-06
1.98126e-06
1.40088e-06
9.49542e-07
7.66871e-07
7.62664e-07
8.51726e-07
1.01009e-06
1.22641e-06
1.45937e-06
1.64293e-06
1.70468e-06
1.60285e-06
1.35599e-06
1.04212e-06
7.7184e-07
6.12189e-07
6.06111e-07
7.63471e-07
1.0128e-06
1.22e-06
1.23628e-06
9.67351e-07
3.81497e-07
0
0
0
0
0
0
0
0
0
0
0
0
0
0
0
1.05998e-07
1.08753e-06
1.54249e-06
1.177e-06
7.26118e-07
8.21651e-07
6.68504e-07
0
0
0
2.46864e-07
0
0
1.72054e-07
4.81641e-08
0
0
0
0
0
0
0
0
0
0
0
0
0
0
0
0
0
1.18657e-06
0
0
0
0
0
9.66206e-08
6.46131e-07
9.70507e-07
1.33377e-06
1.98073e-06
2.99703e-06
4.3812e-06
6.18316e-06
8.36018e-06
1.08532e-05
1.29431e-05
1.3186e-05
9.50178e-06
8.96923e-07
0
0
0
0
0
2.57507e-06
4.04605e-06
3.044e-06
1.83826e-06
1.13038e-06
7.25247e-07
4.31299e-07
9.03772e-08
0
0
0
2.51817e-07
0
0
0
0
0
0
0
4.50646e-06
8.34849e-06
7.24942e-06
7.56924e-06
0
0
0
0
0
4.10505e-06
8.04327e-07
0
0
0
0
0
0
0
1.6548e-06
0
0
0
0
0
0
0
0
8.27586e-07
2.30093e-06
4.40319e-06
5.55049e-06
9.84316e-06
1.67413e-05
2.00841e-05
1.86702e-05
1.4768e-05
1.26304e-05
1.06967e-05
7.80743e-06
5.45964e-06
4.03964e-06
3.1029e-06
2.34731e-06
1.69389e-06
4.30763e-07
2.38097e-06
1.7472e-06
0
0
0
0
0
4.82449e-07
0
0
0
0
0
0
0
0
0
0
5.02578e-07
1.38488e-06
2.09319e-06
2.16737e-06
1.77547e-06
1.16992e-06
6.67772e-07
4.38603e-07
3.90386e-07
4.56323e-07
6.13752e-07
8.43231e-07
1.08658e-06
1.2696e-06
1.33221e-06
1.24435e-06
1.03042e-06
7.66289e-07
5.73054e-07
5.12083e-07
5.83324e-07
7.40723e-07
9.13173e-07
9.95677e-07
9.23875e-07
6.439e-07
1.69912e-07
0
0
0
0
0
0
0
0
0
0
0
0
0
0
3.62045e-07
7.56562e-07
1.07562e-06
7.72328e-07
4.62918e-07
7.83459e-07
8.47329e-07
4.39859e-08
0
0
8.18832e-08
0
0
0
0
0
0
0
0
0
0
0
0
0
0
0
0
0
0
0
0
0
0
0
0
0
0
0
0
6.84111e-07
1.46189e-06
1.97604e-06
2.56131e-06
3.44106e-06
4.77705e-06
6.594e-06
9.05047e-06
1.25313e-05
1.7501e-05
2.48624e-05
2.81543e-05
0
0
0
0
0
1.07341e-06
4.17751e-06
3.4863e-06
2.15482e-06
1.3034e-06
8.33452e-07
5.81962e-07
4.30102e-07
2.48437e-07
2.25073e-10
0
0
8.11439e-08
2.19705e-07
0
0
0
0
2.85616e-08
1.5502e-06
4.81358e-06
2.52831e-06
1.47219e-06
9.92195e-07
0
0
0
0
0
1.86747e-06
2.28487e-06
0
0
0
0
0
0
0
0
0
0
0
0
0
0
0
2.27951e-06
0
0
0
0
3.97814e-06
1.35778e-05
1.92612e-05
1.89326e-05
1.54343e-05
1.2902e-05
1.07956e-05
7.79385e-06
5.38008e-06
3.8634e-06
2.92029e-06
2.0895e-06
1.3804e-06
0
1.44369e-06
1.49192e-06
0
0
0
0
0
0
0
0
0
0
0
0
0
0
0
0
6.87156e-08
5.97835e-07
1.08987e-06
1.49731e-06
1.51343e-06
1.26901e-06
8.98975e-07
5.49307e-07
3.18124e-07
2.00173e-07
1.73596e-07
2.31953e-07
3.66222e-07
5.45809e-07
7.13312e-07
8.04805e-07
7.73772e-07
6.29693e-07
4.41672e-07
3.05642e-07
2.74612e-07
3.37324e-07
4.50564e-07
5.49564e-07
5.81185e-07
5.18354e-07
3.61685e-07
1.30091e-07
0
0
0
0
0
0
0
0
0
0
0
0
0
0
0
4.88545e-07
4.73833e-07
3.46546e-07
9.4602e-07
1.18219e-06
2.3592e-07
0
0
1.8827e-10
0
0
0
0
0
0
0
0
0
0
2.23214e-08
1.58611e-07
9.48858e-08
2.03187e-08
0
0
0
0
0
0
0
0
0
0
0
0
0
0
3.32968e-07
1.93075e-06
2.86304e-06
3.56804e-06
4.39409e-06
5.61549e-06
7.40992e-06
1.00195e-05
1.39991e-05
1.99811e-05
2.78265e-05
2.2172e-05
0
0
0
0
0
3.9075e-06
3.86709e-06
2.48701e-06
1.49882e-06
9.29328e-07
6.29982e-07
4.78781e-07
4.06733e-07
3.25094e-07
1.67711e-07
2.01096e-08
0
3.52157e-08
2.98896e-07
0
0
0
0
8.38915e-07
1.9568e-06
2.21267e-06
0
0
0
3.8212e-06
3.80244e-06
0
0
0
6.31311e-07
1.78343e-06
4.67544e-07
0
0
0
0
0
0
0
0
0
0
0
0
4.21355e-06
2.01107e-05
1.03081e-05
0
0
0
0
0
8.60264e-06
1.72878e-05
1.83403e-05
1.54254e-05
1.28807e-05
1.06964e-05
7.63873e-06
5.21317e-06
3.77212e-06
2.7131e-06
1.75096e-06
1.01967e-06
0
0
8.6908e-07
0
0
0
0
0
0
0
0
0
0
0
0
0
0
0
0
0
3.92911e-08
2.92722e-07
5.18614e-07
6.54145e-07
6.27709e-07
5.19169e-07
3.60276e-07
1.61523e-07
0
0
0
0
2.36204e-09
1.05364e-07
2.11901e-07
2.75296e-07
2.51749e-07
1.45604e-07
9.27574e-09
0
0
0
0
4.28259e-08
9.19018e-08
1.3466e-07
1.97164e-07
3.17957e-07
5.39321e-07
9.19298e-07
1.52747e-06
2.47881e-06
4.01749e-06
6.62683e-06
1.14632e-05
1.82234e-05
0
0
0
0
0
0
2.54504e-07
3.31598e-07
3.74196e-07
1.24346e-06
1.5402e-06
3.9405e-07
0
0
1.01754e-07
0
0
0
0
0
0
0
0
0
0
2.15255e-08
2.9529e-07
1.99855e-07
8.63318e-08
1.98979e-08
0
0
0
0
0
0
0
0
0
0
0
0
0
0
2.00201e-06
3.65137e-06
4.67871e-06
5.63681e-06
6.85711e-06
8.59534e-06
1.10411e-05
1.4228e-05
1.76514e-05
1.8233e-05
6.91738e-06
0
0
0
0
3.44398e-06
4.0157e-06
2.72051e-06
1.6705e-06
1.02727e-06
6.79956e-07
5.07263e-07
4.27153e-07
4.02027e-07
3.78761e-07
3.01817e-07
1.80586e-07
9.75483e-08
8.66919e-08
2.62286e-07
2.2131e-07
0
0
0
6.55405e-07
7.69651e-07
0
0
0
0
5.72979e-06
5.05448e-06
0
0
0
1.28433e-07
6.3061e-07
1.05929e-06
1.38528e-07
0
0
0
0
0
0
0
0
0
0
4.64372e-06
3.62412e-05
6.87275e-05
3.32066e-05
0
0
0
0
0
1.89041e-06
1.42476e-05
1.71706e-05
1.48356e-05
1.24972e-05
1.03316e-05
7.32082e-06
4.95866e-06
3.53615e-06
2.46738e-06
1.33818e-06
5.82587e-07
8.57568e-08
0
0
0
0
0
0
0
5.38576e-08
0
0
0
0
0
5.34545e-07
7.41195e-07
0
0
0
0
0
0
0
0
0
0
0
0
0
0
0
0
0
0
0
0
0
0
0
0
0
0
0
0
0
0
0
1.60163e-07
6.6647e-07
1.43488e-06
2.55401e-06
4.21536e-06
6.79401e-06
1.08111e-05
1.59643e-05
1.13954e-05
0
0
0
0
0
0
3.42744e-07
1.68924e-07
5.13341e-07
1.6761e-06
1.9111e-06
5.07148e-07
0
0
2.3274e-07
2.12125e-07
0
0
0
0
0
0
0
0
0
0
2.88277e-07
2.40828e-07
1.31885e-07
5.87793e-08
8.45986e-09
0
0
0
0
0
0
0
0
0
0
0
0
0
3.73964e-07
3.42248e-06
5.15301e-06
6.40021e-06
7.68275e-06
9.28605e-06
1.12831e-05
1.34574e-05
1.48718e-05
1.23364e-05
0
0
0
0
3.12391e-06
3.91129e-06
2.78685e-06
1.75952e-06
1.09418e-06
7.23813e-07
5.41226e-07
4.54779e-07
4.21714e-07
4.18028e-07
4.19677e-07
3.9045e-07
3.04263e-07
2.08271e-07
1.59593e-07
2.30802e-07
2.94498e-07
0
0
0
0
0
0
0
0
3.9582e-07
5.00147e-06
4.1136e-06
1.01407e-06
0
0
0
5.02094e-08
6.8535e-07
3.91341e-07
0
0
0
0
0
0
0
0
0
0
2.59798e-05
6.60139e-05
0.000123466
9.31946e-05
0
0
0
0
0
0
1.01955e-05
1.52695e-05
1.37524e-05
1.17781e-05
9.68924e-06
6.82074e-06
4.59416e-06
3.18827e-06
2.07544e-06
8.983e-07
9.50223e-08
4.38458e-07
0
0
0
0
0
0
0
4.86873e-06
5.9144e-06
8.50324e-06
0
0
0
1.64715e-06
1.71853e-06
0
0
0
0
0
0
0
0
0
0
0
0
0
0
0
0
0
0
0
0
0
0
0
0
0
0
0
0
0
0
0
0
3.55564e-07
1.30242e-06
2.67665e-06
4.67885e-06
7.50515e-06
1.09665e-05
1.19178e-05
3.13288e-06
0
0
0
0
0
3.87817e-07
5.01279e-07
0
9.29747e-07
2.20698e-06
2.22898e-06
6.45627e-07
0
0
1.98069e-07
3.26467e-07
0
0
1.98654e-07
4.19057e-07
3.67006e-07
0
0
0
0
0
3.5316e-07
2.95176e-07
1.65287e-07
8.41291e-08
3.83918e-08
0
0
0
0
0
0
0
0
0
0
0
0
0
0
9.26042e-07
4.10591e-06
6.15916e-06
7.76657e-06
9.40481e-06
1.11875e-05
1.2798e-05
1.26069e-05
6.26293e-06
0
0
0
3.04178e-06
3.58806e-06
2.67213e-06
1.7417e-06
1.10355e-06
7.3862e-07
5.60351e-07
4.81241e-07
4.4009e-07
4.19971e-07
4.20082e-07
4.25965e-07
4.13061e-07
3.63739e-07
2.75714e-07
2.12514e-07
2.20347e-07
2.62159e-07
2.27626e-07
0
0
0
0
0
0
0
6.02915e-07
3.31795e-06
2.65682e-06
6.92542e-07
0
0
0
0
0
0
0
0
0
0
0
0
0
0
0
9.58065e-06
3.32421e-05
7.15882e-05
0.000143849
0.000178833
0
0
0
0
0
0
5.59897e-06
1.27735e-05
1.22802e-05
1.07152e-05
8.73704e-06
6.10185e-06
4.09281e-06
2.77299e-06
1.67525e-06
4.76174e-07
0
4.28213e-07
3.1001e-06
0
0
0
0
0
0
6.21163e-06
2.08366e-06
0
0
0
0
0
0
0
0
0
0
0
0
0
0
0
0
0
0
0
0
0
0
0
0
0
0
0
0
0
0
0
0
0
0
0
0
0
0
0
9.83082e-07
2.45481e-06
4.49679e-06
7.10482e-06
9.49305e-06
7.60268e-06
0
0
0
0
0
3.85113e-07
1.19834e-06
3.81801e-07
0
1.78427e-06
2.77213e-06
2.50131e-06
8.50857e-07
0
0
0
0
0
0
5.25758e-07
7.7636e-07
1.17586e-06
9.82173e-07
0
0
0
1.28456e-07
6.37503e-07
4.59956e-07
2.44479e-07
1.10571e-07
4.80257e-08
2.14514e-08
0
0
0
0
0
0
0
0
0
0
0
0
0
0
3.5232e-07
3.46349e-06
5.87085e-06
7.76474e-06
9.16251e-06
9.14878e-06
5.7924e-06
0
0
5.21025e-07
2.93415e-06
3.14761e-06
2.41322e-06
1.62158e-06
1.05173e-06
7.14404e-07
5.5192e-07
4.87178e-07
4.59859e-07
4.39813e-07
4.12973e-07
3.95387e-07
3.92723e-07
3.89865e-07
3.68054e-07
3.15245e-07
2.47444e-07
2.20825e-07
2.28142e-07
2.29183e-07
1.18472e-07
0
0
0
0
0
0
2.64784e-07
1.85212e-06
1.29046e-06
0
0
0
0
0
0
0
0
0
0
0
0
0
0
0
0
1.21769e-05
3.12381e-05
6.85743e-05
0.000147015
0.000251127
0
0
0
0
0
0
9.6504e-07
1.00799e-05
1.05961e-05
9.34563e-06
7.48289e-06
5.15532e-06
3.46736e-06
2.3413e-06
1.34444e-06
1.83265e-07
0
6.35544e-08
5.9769e-06
0
0
0
0
0
0
2.30176e-06
0
0
0
0
0
0
0
0
0
0
0
0
0
0
0
0
0
0
0
0
0
0
0
0
0
0
0
0
0
0
0
0
0
0
0
0
0
0
0
0
4.88166e-07
1.91049e-06
3.85539e-06
6.256e-06
7.78752e-06
4.48799e-06
0
0
0
0
1.14588e-07
1.38093e-06
1.39118e-06
0
0
2.83896e-06
3.15519e-06
2.68751e-06
1.16706e-06
0
1.2788e-06
0
0
0
4.53996e-08
5.9207e-07
7.91152e-07
1.35299e-06
1.68186e-06
5.65027e-07
0
0
6.67144e-07
9.42615e-07
6.56847e-07
3.60632e-07
1.57843e-07
5.07773e-08
1.57022e-08
9.44706e-11
0
0
0
0
0
0
0
0
0
0
0
0
0
0
0
8.49102e-07
2.34804e-06
2.81189e-06
1.93999e-06
3.77909e-07
1.32907e-07
1.42231e-06
2.50084e-06
2.51156e-06
1.99137e-06
1.40015e-06
9.42785e-07
6.55185e-07
5.10958e-07
4.62541e-07
4.51898e-07
4.48798e-07
4.35285e-07
4.02536e-07
3.69789e-07
3.48573e-07
3.42421e-07
3.3897e-07
3.16591e-07
2.6514e-07
2.18713e-07
1.9657e-07
1.79027e-07
1.6593e-07
0
0
0
1.42943e-06
2.71845e-07
0
1.74631e-07
8.76705e-07
2.96079e-07
0
0
0
0
0
0
0
0
0
0
0
0
0
0
0
5.34625e-07
1.08198e-05
2.78635e-05
6.39674e-05
0.000144
0.000286295
0
0
0
0
0
0
0
7.39269e-06
8.60789e-06
7.63845e-06
5.91684e-06
3.96623e-06
2.70973e-06
1.90008e-06
1.08823e-06
4.17744e-08
0
0
8.39879e-06
0
0
0
0
0
0
2.04509e-06
7.67322e-07
0
0
1.46084e-07
1.0776e-07
2.4116e-06
1.40532e-06
0
0
0
0
0
0
0
0
0
0
0
0
0
0
0
0
0
0
0
0
0
0
0
0
0
0
0
0
0
0
0
0
0
0
1.32647e-06
3.24302e-06
5.43173e-06
6.04554e-06
2.17958e-06
0
0
0
0
9.70309e-07
1.8457e-06
9.73648e-07
0
0
3.06771e-06
3.09259e-06
2.91702e-06
2.92849e-06
1.26708e-05
7.8452e-06
0
3.73664e-07
4.03706e-07
1.44881e-07
3.32098e-07
5.5208e-07
1.04587e-06
1.61937e-06
6.66785e-07
0
0
1.00484e-06
1.12102e-06
7.87504e-07
4.55426e-07
2.09096e-07
6.0202e-08
1.90303e-09
0
0
0
0
0
0
0
0
0
0
0
0
0
0
0
0
0
0
0
0
2.67537e-07
1.12636e-06
1.64505e-06
1.70525e-06
1.45338e-06
1.09926e-06
7.84187e-07
5.64479e-07
4.44484e-07
4.04671e-07
4.07453e-07
4.16187e-07
4.13897e-07
4.00391e-07
3.69722e-07
3.41802e-07
3.18519e-07
2.95104e-07
2.87372e-07
2.78666e-07
2.50714e-07
1.98914e-07
1.60822e-07
1.37908e-07
1.30383e-07
1.05428e-07
0
0
0
0
0
3.25732e-07
4.52678e-07
0
0
0
0
0
0
0
0
0
0
0
0
0
0
0
0
8.494e-07
8.76194e-06
2.34294e-05
5.50727e-05
0.000124864
0.000191429
0
0
0
0
0
0
0
4.98564e-06
6.37221e-06
5.52081e-06
4.01566e-06
2.53934e-06
1.80956e-06
1.41836e-06
8.76287e-07
3.39163e-08
0
0
1.09171e-05
0
0
0
0
0
0
2.45268e-07
4.47115e-07
1.12381e-07
2.59194e-07
7.36154e-07
1.14374e-06
3.35998e-06
2.00094e-06
0
0
0
0
0
0
0
0
0
0
0
0
0
0
0
0
0
0
0
0
0
0
0
0
0
0
0
0
0
0
0
0
0
0
8.38287e-07
2.51361e-06
4.17326e-06
4.10343e-06
5.9934e-07
0
0
0
3.09759e-07
1.63395e-06
1.9072e-06
5.6269e-08
0
0
1.90937e-06
2.9875e-06
4.55747e-06
1.03555e-05
1.96475e-05
1.15173e-05
6.73259e-07
1.06177e-06
8.31635e-07
3.93448e-07
1.28679e-07
2.28571e-07
5.24365e-07
1.01535e-06
3.08803e-07
0
3.44686e-07
1.24966e-06
1.20846e-06
8.50922e-07
5.17134e-07
2.5722e-07
8.04296e-08
0
0
0
0
0
0
0
0
0
0
0
0
0
0
0
0
0
0
0
0
0
4.13235e-07
8.35085e-07
9.90102e-07
9.41318e-07
7.86192e-07
6.10001e-07
4.66272e-07
3.78812e-07
3.47133e-07
3.55466e-07
3.74184e-07
3.82841e-07
3.78875e-07
3.62383e-07
3.41623e-07
3.28943e-07
3.13202e-07
2.81503e-07
2.52007e-07
2.39506e-07
2.20326e-07
1.75785e-07
1.32244e-07
1.12947e-07
1.09283e-07
1.19249e-07
1.19244e-07
7.95926e-09
0
0
0
2.61446e-07
2.27815e-07
0
0
0
0
0
0
0
0
0
0
0
0
0
0
0
0
7.33628e-07
7.36434e-06
1.9477e-05
4.51884e-05
9.16855e-05
0
0
0
0
0
0
0
0
3.03795e-06
4.26292e-06
3.40919e-06
2.09209e-06
1.05105e-06
8.41164e-07
9.17919e-07
6.91186e-07
7.7842e-08
0
0
1.1727e-05
0
0
0
0
0
0
4.80814e-08
6.83889e-08
3.5403e-08
7.11271e-08
1.88045e-07
3.1139e-07
7.82047e-07
7.391e-07
0
1.5713e-07
9.93055e-07
1.04145e-06
0
0
0
0
0
0
0
0
0
0
0
0
0
0
0
0
0
0
0
0
0
0
0
0
0
0
0
0
0
0
4.19047e-07
1.86467e-06
3.4076e-06
3.27653e-06
0
0
0
0
9.04917e-07
2.14877e-06
1.38339e-06
0
0
0
2.11391e-06
3.69963e-06
6.30153e-06
8.90279e-06
1.39569e-05
6.56671e-06
9.97965e-07
1.324e-06
9.26294e-07
5.0272e-07
1.39302e-07
5.80717e-08
1.35579e-07
2.64067e-07
0
0
8.2608e-07
1.33658e-06
1.1222e-06
7.83373e-07
4.94646e-07
2.65613e-07
9.60239e-08
2.63034e-09
0
0
0
0
0
0
0
0
0
0
0
0
0
0
0
0
0
0
0
0
2.19807e-07
4.05454e-07
4.70056e-07
4.54321e-07
3.99168e-07
3.37585e-07
2.9319e-07
2.77245e-07
2.85881e-07
3.0629e-07
3.23103e-07
3.27841e-07
3.21399e-07
3.08529e-07
3.07603e-07
3.07739e-07
3.00243e-07
2.72861e-07
2.26593e-07
1.98218e-07
1.76512e-07
1.42661e-07
1.09066e-07
9.48066e-08
9.31148e-08
9.80792e-08
1.14755e-07
1.33721e-07
6.77679e-08
0
0
0
0
0
0
0
0
0
0
0
0
0
0
0
0
0
0
0
0
6.177e-07
5.10267e-06
1.27504e-05
2.73347e-05
3.7542e-05
0
0
0
0
0
0
0
0
1.47627e-06
1.93888e-06
1.03277e-06
0
0
0
2.0166e-07
3.33315e-07
1.87425e-08
0
0
1.16239e-05
0
0
0
0
0
0
1.15532e-08
1.13955e-08
6.6094e-09
1.04567e-08
3.68161e-08
6.6161e-08
1.72452e-07
1.31755e-07
0
1.75199e-07
4.88941e-07
4.11945e-07
0
0
0
0
0
0
0
0
0
0
0
0
0
0
0
0
0
0
0
0
0
0
0
0
0
0
0
0
0
0
3.76979e-07
1.7195e-06
3.08158e-06
2.01972e-06
0
0
0
5.85483e-08
1.78758e-06
2.09846e-06
0
0
0
4.66775e-08
1.92591e-06
2.69009e-06
3.47516e-06
5.08657e-06
7.82684e-06
1.86486e-06
1.10303e-06
1.12494e-06
7.65251e-07
4.6865e-07
1.88353e-07
3.88802e-08
2.2304e-09
0
0
4.84264e-07
1.10922e-06
1.11126e-06
8.37292e-07
5.6431e-07
3.72125e-07
2.22417e-07
9.65975e-08
1.15115e-08
0
0
0
0
0
0
0
0
0
0
0
0
0
0
0
0
0
0
0
0
9.77787e-08
1.87421e-07
2.31382e-07
2.43568e-07
2.36776e-07
2.25335e-07
2.22414e-07
2.33125e-07
2.53005e-07
2.72171e-07
2.83454e-07
2.84257e-07
2.81757e-07
2.84902e-07
2.96764e-07
3.01607e-07
2.96131e-07
2.73684e-07
2.23362e-07
1.81361e-07
1.54255e-07
1.26753e-07
1.04061e-07
9.26682e-08
8.51758e-08
7.94852e-08
7.87402e-08
8.80717e-08
8.81161e-08
8.39264e-08
2.02142e-07
2.67991e-08
0
0
0
0
0
0
1.21107e-07
0
0
0
0
0
0
0
0
0
0
2.35867e-07
2.16611e-06
4.60396e-06
5.51001e-06
0
0
0
0
0
0
0
0
0
4.92484e-07
0
0
0
0
0
0
0
0
0
0
9.10325e-06
0
0
0
0
0
0
4.09005e-10
3.21838e-09
1.15423e-09
0
4.5927e-09
1.16318e-08
3.0903e-08
1.17162e-08
3.91352e-09
3.36145e-08
5.13953e-08
3.55518e-08
0
0
0
0
0
2.51494e-07
0
0
0
0
0
0
0
0
0
0
0
0
0
0
0
0
0
0
0
0
0
0
0
0
2.38148e-07
9.88153e-07
1.24247e-06
0
0
0
0
1.4965e-06
2.55362e-06
1.05903e-06
0
0
7.14542e-06
1.27952e-06
1.12897e-06
1.33502e-06
1.74444e-06
2.8582e-06
3.95937e-06
1.51303e-06
1.09522e-06
7.50662e-07
5.12002e-07
3.53776e-07
1.95211e-07
7.41795e-08
0
0
0
1.10737e-06
1.02855e-06
8.21651e-07
6.18069e-07
3.99257e-07
2.51489e-07
1.52573e-07
7.66143e-08
1.72455e-08
0
0
0
0
0
0
0
0
0
0
0
0
0
0
0
0
0
0
0
0
5.2178e-08
1.03301e-07
1.38652e-07
1.58986e-07
1.68634e-07
1.76534e-07
1.90216e-07
2.102e-07
2.291e-07
2.42988e-07
2.49469e-07
2.55763e-07
2.62554e-07
2.75924e-07
2.90422e-07
2.94935e-07
2.89768e-07
2.69934e-07
2.24173e-07
1.78644e-07
1.48136e-07
1.25405e-07
1.09551e-07
9.83435e-08
8.41762e-08
6.94492e-08
5.87663e-08
5.84738e-08
6.65996e-08
9.41532e-08
2.00203e-07
6.33663e-08
0
1.08221e-07
7.26963e-08
0
0
4.62221e-08
2.60785e-07
0
0
0
0
0
0
0
0
0
1.55841e-08
0
0
0
0
0
0
0
0
0
0
0
0
0
0
0
0
0
0
0
0
0
0
0
0
5.51383e-06
2.16067e-06
0
0
0
0
0
0
0
0
0
0
1.79768e-10
4.01742e-09
0
0
0
0
0
0
0
0
0
1.41106e-07
3.9179e-07
2.22925e-07
4.86529e-08
0
0
0
0
0
0
0
0
0
0
0
0
0
0
0
0
0
0
0
0
0
0
0
6.24678e-07
1.25572e-06
0
0
0
1.00192e-06
2.4335e-06
2.0304e-06
0
0
6.17348e-06
9.90177e-06
1.29736e-06
5.59812e-07
6.3576e-07
9.44363e-07
1.80844e-06
2.73994e-06
1.42966e-06
8.51227e-07
5.02826e-07
3.14519e-07
2.40976e-07
1.72756e-07
1.01036e-07
3.15618e-08
0
9.01956e-08
6.10527e-07
5.67118e-07
4.85583e-07
3.92016e-07
2.62831e-07
1.61789e-07
9.87916e-08
5.52654e-08
1.77337e-08
0
0
0
0
0
0
0
0
0
0
0
0
0
0
0
0
0
0
0
0
3.6035e-08
7.12945e-08
9.89853e-08
1.19234e-07
1.35768e-07
1.53724e-07
1.75062e-07
1.94798e-07
2.09572e-07
2.1768e-07
2.26591e-07
2.35323e-07
2.47919e-07
2.63592e-07
2.72262e-07
2.758e-07
2.72536e-07
2.54767e-07
2.17414e-07
1.80201e-07
1.52177e-07
1.31999e-07
1.15567e-07
9.9232e-08
8.30525e-08
6.83471e-08
5.50348e-08
4.89691e-08
4.43293e-08
7.2242e-08
1.56533e-07
8.00508e-08
5.83524e-08
1.89617e-07
1.5745e-07
0
6.79088e-08
1.82498e-07
3.07062e-07
0
0
0
0
0
9.20272e-07
0
0
1.13462e-06
5.26436e-07
0
0
0
0
0
0
0
0
0
0
0
0
1.51068e-06
0
0
0
0
0
0
0
0
0
0
0
1.85487e-06
5.3529e-06
0
0
0
0
0
2.11709e-08
8.80234e-08
1.83632e-07
2.10746e-07
1.70462e-07
1.21836e-07
8.66859e-08
4.22933e-08
0
0
0
0
0
0
0
7.67296e-08
1.50574e-07
1.09317e-07
1.51039e-07
1.69843e-07
8.05593e-09
0
0
0
0
0
0
0
0
0
0
0
0
0
0
0
0
0
0
0
0
0
0
1.16855e-07
1.48274e-06
9.87167e-07
1.57816e-05
7.57819e-06
2.27265e-06
1.22292e-06
0
0
1.63708e-06
7.77632e-06
9.72204e-06
1.30476e-06
4.28295e-07
4.67265e-07
7.89335e-07
2.16252e-06
1.58032e-06
8.82226e-07
5.41958e-07
3.28716e-07
2.02207e-07
1.50654e-07
1.2866e-07
1.01615e-07
6.82963e-08
4.38953e-08
1.31724e-07
2.92392e-07
2.99484e-07
2.67684e-07
2.25453e-07
1.58455e-07
9.47197e-08
5.67674e-08
3.4795e-08
1.43526e-08
0
0
0
0
0
0
0
0
0
0
0
0
0
0
0
0
0
0
0
0
2.90157e-08
5.58721e-08
7.86807e-08
9.92042e-08
1.20151e-07
1.43206e-07
1.64617e-07
1.81165e-07
1.90806e-07
1.98552e-07
2.06773e-07
2.16356e-07
2.31424e-07
2.39426e-07
2.4265e-07
2.46487e-07
2.44834e-07
2.28348e-07
2.03264e-07
1.81031e-07
1.62932e-07
1.42953e-07
1.11509e-07
8.21001e-08
6.83941e-08
6.22758e-08
5.31806e-08
4.37717e-08
2.85056e-08
6.02605e-08
1.37447e-07
1.00376e-07
1.30342e-07
2.54519e-07
2.36894e-07
9.02981e-08
1.82044e-07
3.33894e-07
2.90998e-07
0
0
0
0
1.88668e-06
2.55999e-06
0
0
3.16753e-06
7.48798e-07
0
0
0
0
0
0
0
0
0
0
0
7.63662e-06
2.50594e-06
0
0
0
0
0
0
0
0
0
0
0
0
3.12599e-06
0
0
0
0
0
0
0
0
2.09276e-07
3.19762e-07
2.45388e-07
1.73018e-07
1.15714e-07
6.9875e-08
3.94001e-08
1.3967e-08
1.01966e-08
3.68083e-09
0
0
1.40099e-07
3.29031e-08
0
0
0
0
0
0
0
0
0
0
0
0
0
0
0
0
0
0
0
0
0
0
0
0
0
0
0
0
0
1.59601e-05
7.13605e-06
2.06627e-06
0
0
0
3.82764e-06
8.31636e-06
4.94906e-06
5.04613e-07
5.98032e-07
8.43216e-07
1.53823e-06
1.15054e-06
6.62957e-07
4.46234e-07
3.03983e-07
2.05789e-07
1.4309e-07
1.06538e-07
8.87694e-08
8.09549e-08
7.2419e-08
6.69678e-08
1.05473e-07
1.81332e-07
1.94473e-07
1.62321e-07
1.26578e-07
9.00727e-08
5.48467e-08
3.17609e-08
1.96265e-08
9.58747e-09
0
0
0
0
0
0
0
0
0
0
0
0
0
0
0
0
0
0
0
3.36189e-09
2.84834e-08
5.02652e-08
6.98895e-08
8.98142e-08
1.11843e-07
1.33911e-07
1.527e-07
1.65444e-07
1.74582e-07
1.82572e-07
1.90465e-07
2.02042e-07
2.11756e-07
2.14418e-07
2.14961e-07
2.1445e-07
2.11163e-07
2.00539e-07
1.88712e-07
1.82242e-07
1.77492e-07
1.64782e-07
1.14385e-07
4.65364e-08
3.27479e-08
3.69522e-08
3.31364e-08
2.29135e-08
6.84328e-09
4.95744e-08
1.274e-07
1.18896e-07
1.80888e-07
3.16101e-07
3.23682e-07
2.27142e-07
3.26278e-07
4.90422e-07
2.81966e-07
0
9.29203e-07
8.46544e-07
0
3.93543e-06
4.02877e-06
0
1.31504e-06
5.08809e-06
8.33683e-07
0
0
0
0
0
0
0
0
0
6.90837e-06
2.23013e-05
1.28368e-05
1.77626e-06
0
0
0
0
0
0
0
0
0
0
0
0
0
0
0
0
0
0
0
0
0
0
4.26339e-09
1.91758e-08
5.38087e-09
0
0
0
0
0
0
0
0
0
8.51682e-08
3.74419e-08
0
0
0
0
0
0
0
0
0
0
0
0
0
0
0
0
0
0
0
0
0
0
0
0
0
0
0
0
8.08917e-06
5.22759e-06
1.03248e-06
0
0
9.66988e-07
3.28356e-06
4.75362e-06
2.27465e-07
4.94708e-07
5.00755e-07
5.54991e-07
6.6112e-07
4.898e-07
3.28497e-07
2.29116e-07
1.65461e-07
1.28351e-07
1.05592e-07
8.5267e-08
6.68613e-08
5.79186e-08
5.72572e-08
5.85775e-08
7.53921e-08
1.01523e-07
1.04716e-07
8.99964e-08
7.29759e-08
5.62396e-08
3.78516e-08
2.3066e-08
1.3783e-08
6.78434e-09
0
0
0
0
0
0
0
0
0
0
0
0
0
0
0
0
0
0
0
1.22457e-08
3.37869e-08
5.1455e-08
6.79476e-08
8.53955e-08
1.04477e-07
1.23592e-07
1.39652e-07
1.52279e-07
1.62193e-07
1.70502e-07
1.79908e-07
1.90811e-07
1.95854e-07
1.97781e-07
1.93628e-07
1.85309e-07
1.82156e-07
1.78712e-07
1.76812e-07
1.8688e-07
1.93823e-07
1.90473e-07
1.42799e-07
2.97703e-08
0
3.83526e-10
0
0
0
4.07488e-08
1.2843e-07
1.40116e-07
2.28638e-07
3.84575e-07
4.23982e-07
3.91075e-07
5.01758e-07
6.47439e-07
3.51481e-07
4.98985e-07
1.99921e-06
1.76655e-06
1.18351e-06
5.78477e-06
5.28315e-06
0
3.60897e-06
6.70369e-06
8.85273e-07
0
0
0
0
0
0
0
0
2.30827e-05
5.82395e-05
3.49615e-05
1.29149e-05
0
0
0
0
0
0
0
0
0
0
0
0
0
0
0
0
0
0
0
0
0
0
0
0
0
0
0
0
0
0
0
0
0
0
0
3.70772e-08
6.3456e-08
4.16508e-08
9.11153e-09
0
0
0
0
0
0
0
0
0
0
0
0
0
0
0
0
0
0
0
0
0
0
0
0
0
0
3.46553e-06
2.32751e-06
0
0
0
0
6.87704e-07
0
6.10215e-07
5.88978e-07
3.69107e-07
2.17905e-07
1.8715e-07
1.80143e-07
1.48992e-07
1.1697e-07
9.42761e-08
8.52211e-08
8.04997e-08
7.10243e-08
5.74752e-08
4.74186e-08
4.43182e-08
4.56237e-08
5.38901e-08
6.51149e-08
6.82811e-08
6.34751e-08
5.49036e-08
4.48254e-08
3.31479e-08
2.27849e-08
1.4209e-08
6.4486e-09
0
0
0
0
0
0
0
0
0
0
0
0
0
0
0
0
0
0
0
2.06177e-08
4.13273e-08
5.67783e-08
6.97551e-08
8.29134e-08
9.77635e-08
1.14241e-07
1.29855e-07
1.42461e-07
1.52544e-07
1.62719e-07
1.73191e-07
1.80099e-07
1.85152e-07
1.84879e-07
1.74676e-07
1.66364e-07
1.61595e-07
1.60647e-07
1.688e-07
1.91718e-07
2.08492e-07
2.12351e-07
1.76112e-07
4.58659e-08
0
0
0
0
0
3.62919e-08
1.44991e-07
1.72541e-07
2.90903e-07
4.69596e-07
5.52581e-07
5.89103e-07
7.15805e-07
8.10441e-07
5.50768e-07
1.36426e-06
2.9722e-06
2.65689e-06
2.70697e-06
7.36699e-06
6.32722e-06
0
5.69632e-06
7.73252e-06
8.63234e-07
0
0
0
0
0
0
0
0
0.000155214
7.95236e-05
3.3526e-05
9.16987e-06
0
0
0
0
0
0
0
0
0
0
0
0
0
0
0
0
0
0
0
0
0
0
0
0
0
0
0
0
0
0
0
0
0
0
0
0
0
0
0
0
0
0
0
0
0
0
0
0
0
0
0
0
0
0
0
0
0
0
0
0
0
0
0
1.4739e-07
5.90118e-06
9.71217e-06
2.51664e-06
0
0
0
0
0
5.5841e-08
4.2763e-07
3.09981e-07
1.77353e-07
9.98878e-08
7.78114e-08
7.85524e-08
7.91288e-08
7.54393e-08
6.91183e-08
6.39301e-08
6.12024e-08
5.72684e-08
5.07766e-08
4.42518e-08
3.91741e-08
3.60599e-08
3.88025e-08
4.60364e-08
5.08142e-08
4.9621e-08
4.40064e-08
3.70334e-08
3.0075e-08
2.33646e-08
1.58412e-08
6.79074e-09
0
0
0
0
0
0
0
0
0
0
0
0
0
0
0
0
0
0
0
2.31401e-08
4.49465e-08
5.9713e-08
7.04762e-08
8.0648e-08
9.33803e-08
1.08481e-07
1.23238e-07
1.35823e-07
1.47714e-07
1.57587e-07
1.64429e-07
1.70227e-07
1.71935e-07
1.64613e-07
1.55497e-07
1.48549e-07
1.46121e-07
1.49268e-07
1.60975e-07
1.86243e-07
2.08042e-07
2.20522e-07
2.02439e-07
7.41846e-08
0
0
0
0
0
2.30094e-08
1.8029e-07
2.35593e-07
3.93029e-07
5.88335e-07
7.24641e-07
8.39586e-07
9.79119e-07
9.96848e-07
9.0752e-07
2.28528e-06
3.84256e-06
3.53501e-06
4.16856e-06
8.69142e-06
7.23064e-06
7.85461e-07
7.74683e-06
8.59698e-06
8.88406e-07
0
0
0
0
0
0
0
8.75858e-05
0.000136466
6.26537e-05
2.40781e-05
3.95819e-06
0
0
0
0
0
0
0
0
0
0
0
0
0
0
0
0
0
0
0
0
0
0
0
0
0
0
0
0
0
0
0
0
0
0
0
0
0
0
0
0
0
0
0
0
6.80106e-10
0
0
0
0
0
0
0
0
0
0
0
0
0
0
0
0
0
0
1.13734e-06
8.3777e-06
1.00527e-05
5.1075e-07
0
0
0
0
0
3.44283e-07
2.30911e-07
1.36857e-07
9.02348e-08
6.88885e-08
6.2064e-08
6.2124e-08
6.35756e-08
6.27827e-08
5.91064e-08
5.40743e-08
4.98805e-08
4.75678e-08
4.55977e-08
4.25136e-08
3.83617e-08
3.50653e-08
3.52249e-08
3.74697e-08
3.88337e-08
3.69437e-08
3.26361e-08
2.90698e-08
2.69741e-08
2.34472e-08
1.71268e-08
7.46468e-09
0
0
0
0
0
0
0
0
0
0
0
0
0
0
0
0
0
0
0
2.31947e-08
4.68013e-08
6.11153e-08
7.06927e-08
7.95786e-08
9.11399e-08
1.0596e-07
1.20525e-07
1.33799e-07
1.44675e-07
1.512e-07
1.56046e-07
1.56334e-07
1.48285e-07
1.38598e-07
1.32146e-07
1.32334e-07
1.38449e-07
1.45869e-07
1.53343e-07
1.70595e-07
1.8974e-07
2.08098e-07
2.10235e-07
9.97338e-08
0
0
0
0
0
0
2.15246e-07
3.41868e-07
5.65293e-07
7.71118e-07
9.53549e-07
1.15426e-06
1.2978e-06
1.23068e-06
1.42823e-06
3.21577e-06
4.62384e-06
4.42385e-06
5.54067e-06
9.80321e-06
7.97164e-06
2.03648e-06
9.82479e-06
9.65511e-06
1.33158e-06
0
0
0
0
0
0
0
5.69038e-05
7.2452e-05
3.88581e-05
1.38452e-05
0
0
0
0
0
0
0
0
0
0
0
0
0
0
0
0
0
0
0
0
6.39461e-08
7.34859e-08
7.34505e-08
6.81063e-08
5.68071e-08
3.56666e-08
2.5898e-09
0
0
0
0
0
0
0
0
0
0
0
0
0
0
0
0
0
0
2.55417e-09
6.60868e-09
8.85595e-09
1.32868e-08
2.45108e-08
3.68596e-08
4.21148e-08
4.1756e-08
3.73221e-08
3.48004e-08
3.38194e-08
2.55119e-08
3.41494e-09
0
2.98334e-08
9.49084e-08
1.19358e-07
1.2007e-07
1.87601e-08
3.91018e-07
3.861e-06
1.89758e-06
0
0
0
0
0
2.76051e-07
1.9334e-07
1.16716e-07
7.89671e-08
6.07481e-08
5.20113e-08
4.82737e-08
4.72575e-08
4.8021e-08
4.89034e-08
4.80736e-08
4.55682e-08
4.32501e-08
4.0834e-08
3.84509e-08
3.61237e-08
3.40921e-08
3.36494e-08
3.41171e-08
3.37429e-08
3.14988e-08
2.71168e-08
2.26314e-08
2.11279e-08
2.15204e-08
2.00661e-08
1.59606e-08
7.93199e-09
0
0
0
0
0
0
0
0
0
0
0
0
0
0
0
0
0
0
0
2.31812e-08
4.95313e-08
6.45609e-08
7.29366e-08
7.94263e-08
8.79005e-08
1.00296e-07
1.13404e-07
1.24318e-07
1.31052e-07
1.35016e-07
1.35337e-07
1.27834e-07
1.16999e-07
1.09318e-07
1.10296e-07
1.17604e-07
1.28492e-07
1.36948e-07
1.40492e-07
1.47697e-07
1.58309e-07
1.73083e-07
1.78652e-07
7.05905e-08
0
0
0
0
0
0
2.08216e-07
4.42925e-07
7.80601e-07
9.97507e-07
1.1919e-06
1.45431e-06
1.58736e-06
1.45496e-06
1.99808e-06
3.95724e-06
5.14461e-06
5.14235e-06
6.61023e-06
1.0492e-05
8.34264e-06
2.91528e-06
1.1529e-05
1.10802e-05
2.53305e-06
0
0
0
0
0
0
0
2.95109e-05
3.73366e-05
2.14067e-05
5.21925e-06
0
0
0
0
0
0
0
0
0
0
0
0
0
0
0
0
0
0
0
0
1.94322e-07
1.53426e-07
1.06637e-07
6.94987e-08
4.24817e-08
2.23694e-08
6.63581e-09
0
0
0
0
0
0
0
0
0
0
0
0
0
0
1.51401e-09
1.4271e-08
2.47295e-08
3.1872e-08
3.64585e-08
3.9421e-08
4.10163e-08
4.26314e-08
4.57255e-08
4.91594e-08
5.41708e-08
6.12906e-08
6.74095e-08
6.99306e-08
6.88494e-08
6.34013e-08
4.79225e-08
3.13004e-08
3.43823e-08
4.61785e-08
4.46393e-08
2.56949e-09
2.60319e-08
7.41752e-07
1.03012e-06
5.70472e-09
0
0
0
0
1.1925e-07
9.61298e-08
5.99056e-08
3.81739e-08
2.53685e-08
1.92908e-08
1.8825e-08
2.09056e-08
2.27934e-08
2.39847e-08
2.46397e-08
2.466e-08
2.48832e-08
2.47343e-08
2.35612e-08
2.19544e-08
2.08895e-08
2.09805e-08
2.22619e-08
2.27642e-08
2.14956e-08
1.79933e-08
1.25437e-08
7.89122e-09
6.93155e-09
8.51845e-09
9.95237e-09
9.81727e-09
5.2821e-09
0
0
0
0
0
0
0
0
0
0
0
0
0
0
0
0
0
0
0
2.49321e-08
4.82868e-08
6.32062e-08
7.15359e-08
7.71465e-08
8.39586e-08
9.44892e-08
1.06674e-07
1.14233e-07
1.17004e-07
1.16348e-07
1.10401e-07
1.00724e-07
9.23274e-08
9.2619e-08
9.93796e-08
1.06992e-07
1.17143e-07
1.25457e-07
1.29623e-07
1.31254e-07
1.30713e-07
1.27364e-07
9.68455e-08
0
0
0
0
0
0
0
2.09863e-07
5.67214e-07
1.04145e-06
1.30241e-06
1.47361e-06
1.74558e-06
1.84273e-06
1.67459e-06
2.59048e-06
4.54786e-06
5.53828e-06
5.84279e-06
7.60802e-06
1.10033e-05
8.60939e-06
3.55349e-06
1.26785e-05
1.25526e-05
4.36239e-06
0
0
0
0
0
0
0
1.59093e-05
1.9767e-05
9.99782e-06
0
0
0
0
0
0
0
0
0
0
0
0
0
0
0
0
0
0
0
0
0
1.33936e-07
1.04974e-07
7.89851e-08
6.14622e-08
5.00303e-08
4.08357e-08
3.10662e-08
2.02564e-08
8.01568e-09
0
0
0
0
0
0
0
0
0
0
0
1.48405e-08
4.26126e-08
6.6257e-08
8.31302e-08
9.20616e-08
9.44496e-08
9.20545e-08
8.68166e-08
7.92987e-08
6.94171e-08
6.15728e-08
5.80477e-08
5.98379e-08
6.51308e-08
7.01676e-08
7.19134e-08
6.92635e-08
6.0878e-08
4.81216e-08
3.88167e-08
3.55703e-08
3.47481e-08
3.36496e-08
4.91815e-08
1.27428e-07
1.04656e-07
0
0
0
9.25921e-09
3.71265e-08
1.8207e-08
0
0
0
0
0
0
0
0
0
0
0
0
0
0
0
0
0
0
0
0
0
0
0
0
0
0
0
0
0
0
0
0
0
0
0
0
0
0
0
0
0
0
0
2.01219e-10
0
2.59303e-09
1.35932e-08
2.93664e-08
4.38241e-08
5.3317e-08
5.85209e-08
6.1982e-08
6.69517e-08
7.66132e-08
9.00499e-08
9.79383e-08
9.80444e-08
9.25711e-08
8.3402e-08
7.46002e-08
7.40568e-08
8.11497e-08
8.68131e-08
9.11435e-08
9.94475e-08
1.0867e-07
1.15361e-07
1.13461e-07
9.73264e-08
6.31302e-08
3.13071e-08
0
0
0
0
0
0
0
3.4379e-07
9.23892e-07
1.45505e-06
1.69863e-06
1.79498e-06
1.994e-06
2.0255e-06
1.86778e-06
3.12104e-06
4.85398e-06
5.67065e-06
6.30554e-06
8.27164e-06
1.11185e-05
8.7647e-06
3.97904e-06
1.30333e-05
1.35196e-05
6.13618e-06
0
0
0
0
0
0
0
8.87989e-06
9.67789e-06
1.95289e-06
0
0
0
0
0
0
0
0
0
0
0
0
0
0
0
0
0
0
0
0
0
1.6426e-07
1.04779e-07
5.45525e-08
2.40965e-08
7.62405e-09
0
0
0
0
0
0
0
0
0
0
0
0
0
2.20017e-08
4.76229e-08
7.27813e-08
9.63689e-08
1.16449e-07
1.31996e-07
1.42852e-07
1.48941e-07
1.5041e-07
1.48595e-07
1.45251e-07
1.39871e-07
1.29588e-07
1.16935e-07
1.04545e-07
9.44548e-08
8.84718e-08
8.71947e-08
9.25622e-08
1.00178e-07
1.04344e-07
1.01356e-07
9.44177e-08
9.14639e-08
9.97957e-08
1.1996e-07
1.52518e-07
1.47713e-07
1.09204e-07
7.84773e-08
5.70745e-08
2.42295e-08
0
0
0
0
0
0
0
0
0
0
0
0
0
0
0
0
0
0
0
0
0
0
0
0
0
0
0
0
0
0
0
0
0
0
0
0
0
0
0
0
0
0
0
9.77278e-09
1.92012e-08
1.77687e-08
1.34853e-08
1.48046e-08
2.36733e-08
3.40029e-08
4.16794e-08
4.46181e-08
4.42582e-08
4.28245e-08
4.20925e-08
4.7672e-08
6.4131e-08
7.76105e-08
8.03368e-08
7.50081e-08
6.55453e-08
5.64178e-08
5.60974e-08
6.06258e-08
6.32556e-08
6.83567e-08
7.83998e-08
8.97137e-08
9.72687e-08
8.97312e-08
5.4276e-08
2.58468e-08
4.87198e-08
4.51679e-08
1.90311e-08
0
0
0
0
0
9.66671e-07
1.99203e-06
2.47789e-06
2.42569e-06
2.32664e-06
2.30259e-06
2.22245e-06
2.11663e-06
3.58754e-06
4.95967e-06
5.6062e-06
6.54101e-06
8.66873e-06
1.09834e-05
9.24973e-06
4.61837e-06
1.32754e-05
1.46774e-05
8.13542e-06
1.59305e-06
0
0
0
0
0
0
4.3261e-06
2.30496e-06
0
0
0
0
0
0
0
0
0
0
0
0
0
0
0
0
0
0
0
0
0
0
5.49582e-07
7.75636e-07
7.60453e-07
6.25103e-07
4.57539e-07
2.92434e-07
1.30908e-07
0
0
0
0
0
2.06357e-08
6.53342e-08
1.00663e-07
1.23215e-07
1.31723e-07
1.30142e-07
1.26039e-07
1.2695e-07
1.36231e-07
1.50611e-07
1.65439e-07
1.78677e-07
1.90958e-07
2.02704e-07
2.12757e-07
2.18978e-07
2.19924e-07
2.15588e-07
2.05768e-07
1.85686e-07
1.55572e-07
1.2656e-07
1.03771e-07
8.97786e-08
8.5069e-08
9.13983e-08
1.12908e-07
1.33686e-07
1.42764e-07
1.43623e-07
1.46145e-07
1.59901e-07
1.71259e-07
1.64024e-07
1.37798e-07
9.98055e-08
5.2481e-08
2.90384e-09
0
0
0
0
0
0
0
0
0
0
0
0
0
0
0
0
0
0
0
0
0
0
0
0
0
0
0
0
0
0
0
0
0
0
0
3.27329e-09
0
0
0
0
0
0
2.11148e-08
3.91138e-08
4.40095e-08
3.92872e-08
2.66703e-08
1.49332e-08
1.55286e-08
2.45116e-08
3.2393e-08
3.43742e-08
3.12788e-08
2.40719e-08
1.34885e-08
1.29675e-08
3.00961e-08
4.82991e-08
5.85713e-08
5.97237e-08
4.93784e-08
3.06382e-08
2.00517e-08
1.76978e-08
1.91814e-08
2.91383e-08
4.55183e-08
6.02518e-08
6.43879e-08
4.18995e-08
1.63934e-09
7.35573e-09
2.18234e-08
9.12772e-08
3.39637e-07
5.84339e-07
4.5816e-07
4.52096e-07
9.91213e-07
1.92875e-06
3.14525e-06
4.35977e-06
4.47258e-06
3.82361e-06
3.17974e-06
2.59829e-06
2.38567e-06
2.3773e-06
3.83021e-06
4.7066e-06
5.17415e-06
6.31827e-06
8.59145e-06
1.04488e-05
9.57587e-06
5.21127e-06
1.3246e-05
1.65089e-05
1.1257e-05
4.66066e-06
0
0
0
0
0
0
8.21608e-07
0
0
0
0
0
0
0
0
0
0
0
0
0
0
0
0
0
0
0
0
0
0
0
8.7736e-09
3.37876e-07
5.12474e-07
5.75552e-07
5.58548e-07
4.81215e-07
3.71908e-07
2.57599e-07
1.64444e-07
1.07274e-07
8.49978e-08
9.11971e-08
1.16293e-07
1.50537e-07
1.8582e-07
2.1359e-07
2.31017e-07
2.40187e-07
2.45094e-07
2.4801e-07
2.4985e-07
2.51441e-07
2.53826e-07
2.58046e-07
2.64853e-07
2.73873e-07
2.82942e-07
2.88922e-07
2.89298e-07
2.83484e-07
2.71306e-07
2.49615e-07
2.23012e-07
1.99657e-07
1.83501e-07
1.75847e-07
1.77155e-07
1.93106e-07
2.25711e-07
2.54488e-07
2.76356e-07
2.89711e-07
2.92209e-07
2.78421e-07
2.44329e-07
1.9523e-07
1.3734e-07
7.12071e-08
3.24459e-09
0
0
0
0
0
0
0
0
0
0
0
0
0
0
0
0
0
0
0
0
0
0
0
0
0
0
0
0
0
0
0
0
0
0
0
0
1.48101e-08
0
0
0
0
0
2.52458e-08
5.37211e-08
5.96665e-08
5.5172e-08
4.71338e-08
3.68781e-08
2.36926e-08
1.10293e-08
6.25135e-09
1.08007e-08
1.52589e-08
1.07993e-08
0
0
0
2.36e-09
2.07721e-08
3.52323e-08
3.84205e-08
2.12842e-08
0
0
0
0
0
0
9.46712e-09
8.4244e-09
0
0
0
0
1.13601e-07
5.70701e-07
4.75196e-07
0
2.06367e-07
7.72797e-06
9.38154e-06
6.85597e-06
7.34827e-06
6.9657e-06
5.72163e-06
4.26825e-06
2.89363e-06
2.49124e-06
2.59236e-06
3.79946e-06
4.16799e-06
4.44573e-06
5.68054e-06
8.12715e-06
9.97596e-06
9.66654e-06
5.7509e-06
1.18163e-05
1.78323e-05
1.49339e-05
9.9213e-06
4.4766e-06
9.45524e-08
0
0
4.76521e-07
1.01416e-06
0
0
0
0
0
0
0
0
0
0
0
0
0
0
0
0
0
0
0
0
0
0
0
0
3.70577e-07
4.18299e-07
4.32131e-07
4.36047e-07
4.37268e-07
4.36981e-07
4.32695e-07
4.18893e-07
3.88521e-07
3.43442e-07
2.94749e-07
2.59807e-07
2.56841e-07
2.92723e-07
3.49018e-07
3.99544e-07
4.29392e-07
4.35612e-07
4.22184e-07
3.95469e-07
3.57824e-07
3.1445e-07
2.75324e-07
2.44421e-07
2.24063e-07
2.14919e-07
2.1617e-07
2.25486e-07
2.38875e-07
2.51663e-07
2.59621e-07
2.59734e-07
2.53853e-07
2.46906e-07
2.44012e-07
2.49664e-07
2.75603e-07
3.23542e-07
3.7283e-07
4.16092e-07
4.45176e-07
4.53206e-07
4.35422e-07
3.88614e-07
3.09782e-07
1.99547e-07
7.16052e-08
0
0
0
0
0
0
0
0
0
0
0
0
0
0
0
0
0
0
0
0
0
0
0
0
0
0
0
0
0
0
0
0
0
0
0
0
0
0
0
0
0
0
0
1.3187e-08
6.79844e-08
8.22281e-08
7.30909e-08
5.65467e-08
4.28086e-08
3.52962e-08
2.98269e-08
1.75391e-08
3.69196e-09
0
0
0
0
0
0
0
1.90637e-09
1.84683e-08
1.21871e-08
0
0
1.35778e-08
0
0
0
0
0
0
0
0
0
0
2.62297e-07
6.46303e-07
0
0
0
0
0
0
4.12654e-06
6.90572e-06
6.99563e-06
5.1949e-06
3.09574e-06
2.56489e-06
2.87681e-06
3.92471e-06
3.92548e-06
3.80228e-06
4.67676e-06
7.19137e-06
9.2089e-06
9.14114e-06
6.86874e-06
8.48161e-06
1.56848e-05
1.62312e-05
1.33979e-05
1.01934e-05
6.49771e-06
3.73828e-06
2.64946e-06
1.88174e-06
0
0
0
0
0
0
0
0
0
0
0
0
0
0
0
0
0
0
0
0
0
0
0
0
0
6.98234e-08
1.91371e-07
2.53012e-07
2.63754e-07
2.41399e-07
2.02834e-07
1.65591e-07
1.45648e-07
1.51367e-07
1.81893e-07
2.23587e-07
2.56716e-07
2.76721e-07
2.9708e-07
3.28822e-07
3.62909e-07
3.88979e-07
3.97814e-07
3.85694e-07
3.53583e-07
2.96864e-07
2.24646e-07
1.48208e-07
6.96e-08
0
0
0
0
0
0
1.20099e-08
8.27662e-08
1.43412e-07
1.88409e-07
2.17847e-07
2.37594e-07
2.60601e-07
3.07406e-07
3.51036e-07
3.80432e-07
3.89458e-07
3.74989e-07
3.35705e-07
2.65005e-07
1.59015e-07
5.11155e-08
0
0
0
0
0
0
0
0
0
0
0
0
0
0
0
0
0
0
0
0
0
0
0
0
0
0
0
0
0
0
0
0
0
0
0
0
0
0
0
0
0
7.01921e-09
2.64767e-07
9.6053e-08
7.42905e-08
1.10239e-07
1.0284e-07
6.98983e-08
3.50931e-08
1.76472e-08
2.68683e-08
4.15628e-08
2.5796e-08
1.38001e-09
0
0
0
0
0
0
0
0
1.09756e-08
0
0
6.25569e-08
3.21399e-08
0
0
0
1.36798e-09
3.28076e-08
8.3587e-09
0
0
0
1.30383e-07
1.2267e-06
1.62532e-06
0
0
0
0
0
0
0
8.0189e-07
4.08815e-06
3.72617e-06
2.38257e-06
2.55091e-06
3.73483e-06
5.28024e-06
5.10112e-06
4.13465e-06
3.92438e-06
5.95927e-06
8.66031e-06
8.77896e-06
8.97202e-06
8.55027e-06
1.16472e-05
1.38781e-05
1.32573e-05
1.15924e-05
9.64996e-06
7.09206e-06
4.24494e-06
8.87355e-07
0
0
0
0
0
0
0
0
0
0
0
0
0
0
0
0
0
0
0
0
0
0
0
0
0
0
2.96277e-08
2.42734e-07
2.39755e-07
1.35919e-07
2.38973e-08
0
0
2.58824e-08
7.52235e-08
1.0941e-07
1.23501e-07
1.22424e-07
1.16716e-07
1.18358e-07
1.36454e-07
1.71105e-07
2.09427e-07
2.31449e-07
2.22511e-07
1.78724e-07
1.08742e-07
2.99309e-08
0
0
0
0
0
4.18378e-09
4.31177e-08
8.23005e-08
1.2281e-07
1.61868e-07
1.96992e-07
2.25551e-07
2.45128e-07
2.55895e-07
2.61833e-07
2.67999e-07
2.75563e-07
2.78229e-07
2.6557e-07
2.26174e-07
1.67958e-07
9.98446e-08
3.09164e-08
0
0
0
0
0
0
0
0
0
0
0
0
0
0
0
0
0
0
0
0
0
0
0
0
0
0
0
0
0
0
0
0
0
0
0
0
0
0
0
0
0
0
1.22504e-07
6.2988e-07
4.24086e-07
2.06135e-07
9.4258e-08
8.71761e-09
0
0
0
1.37037e-07
1.46975e-07
5.50621e-08
0
0
0
0
0
0
0
1.7867e-08
4.89489e-08
5.07329e-08
1.63501e-07
1.46802e-07
0
0
0
0
2.03287e-07
3.26642e-07
2.6166e-07
9.45134e-08
6.4511e-08
2.62076e-07
1.17976e-06
3.62237e-06
3.21138e-06
0
0
0
0
0
0
0
0
0
0
0
1.6907e-06
4.80724e-06
7.23449e-06
6.17597e-06
4.04649e-06
3.07902e-06
4.36609e-06
7.59506e-06
8.34921e-06
8.6925e-06
1.13006e-05
1.16716e-05
1.12258e-05
1.08202e-05
9.89435e-06
8.2573e-06
5.9046e-06
2.71879e-06
0
0
0
0
0
0
0
0
0
0
0
0
0
0
0
0
0
0
0
0
0
0
0
0
0
0
0
0
1.01849e-07
5.20012e-08
0
0
0
0
0
0
0
2.47044e-08
4.22757e-08
4.58861e-08
4.09947e-08
3.12301e-08
1.6737e-08
0
0
0
0
0
0
0
0
0
0
0
0
0
0
0
0
3.78029e-08
8.30849e-08
1.2126e-07
1.45386e-07
1.52641e-07
1.46597e-07
1.33773e-07
1.18073e-07
1.0291e-07
8.8513e-08
7.43834e-08
6.0195e-08
4.48993e-08
2.6023e-08
2.50192e-09
0
0
8.81726e-09
1.40407e-08
0
0
0
0
0
0
0
0
0
0
0
0
0
0
0
0
0
0
0
0
0
0
0
0
0
0
0
0
2.01008e-08
4.03503e-08
3.95097e-08
6.33272e-09
0
0
0
0
2.51268e-07
6.75944e-07
5.16636e-07
2.43903e-07
6.24856e-08
9.2059e-09
0
0
0
1.81038e-07
2.27898e-07
1.17918e-07
3.52794e-08
9.64729e-09
1.17836e-08
1.12479e-08
1.03608e-08
1.67699e-08
2.10245e-08
2.84106e-08
2.87999e-08
2.15345e-08
1.50653e-07
2.22897e-07
2.03506e-08
0
0
2.57047e-07
8.71346e-07
1.08078e-06
8.10947e-07
3.7504e-07
4.15655e-07
1.2227e-06
3.62613e-06
5.47271e-06
4.18929e-06
0
0
0
0
0
0
0
0
0
0
0
0
5.66375e-06
7.64461e-06
2.33236e-06
0
0
1.70515e-06
7.37139e-06
8.64858e-06
8.69073e-06
1.06488e-05
1.41153e-05
1.39826e-05
1.22857e-05
1.02139e-05
7.85199e-06
4.50025e-06
2.85156e-07
0
0
0
0
0
0
0
0
0
0
0
0
0
0
0
0
0
0
0
0
0
0
0
0
0
0
1.10822e-07
8.78305e-08
4.88556e-08
1.25878e-08
0
0
0
0
5.37423e-09
3.40066e-08
6.56846e-08
9.15151e-08
1.05039e-07
1.05046e-07
9.39114e-08
7.52162e-08
5.27607e-08
2.86556e-08
2.55403e-09
0
0
0
0
0
0
0
0
0
0
0
0
0
0
0
0
1.21418e-08
4.17966e-08
6.55946e-08
8.68548e-08
1.07469e-07
1.22425e-07
1.25084e-07
1.12473e-07
8.70497e-08
5.54161e-08
2.25431e-08
0
0
0
0
2.78773e-07
2.84233e-07
1.68921e-07
9.18983e-08
5.50131e-08
4.47312e-08
4.76873e-08
5.29122e-08
5.35963e-08
4.78293e-08
3.80171e-08
2.89192e-08
2.43339e-08
2.68304e-08
3.77564e-08
5.58443e-08
7.66732e-08
8.9494e-08
8.34642e-08
6.0159e-08
3.53201e-08
2.48316e-08
2.74753e-08
2.82889e-08
1.59568e-08
0
0
0
0
2.21276e-09
5.31402e-08
8.44069e-08
8.55165e-08
8.74104e-08
1.02475e-07
1.57689e-07
2.73517e-07
3.45493e-07
1.52658e-07
1.48285e-07
1.7142e-07
3.83609e-08
0
6.22912e-08
1.41977e-07
1.47496e-07
1.47783e-07
1.78762e-07
2.01323e-07
1.73222e-07
1.12141e-07
7.23192e-08
6.52464e-08
6.49779e-08
6.241e-08
5.11297e-08
2.65351e-08
0
0
0
0
0
0
0
0
1.25191e-06
2.83128e-06
2.91219e-06
1.7652e-06
9.22709e-07
1.2908e-06
3.19741e-06
6.28094e-06
7.04872e-06
5.47175e-06
1.18102e-06
0
0
0
0
0
1.29539e-06
8.36335e-07
0
0
0
0
1.58819e-06
0
0
0
0
0
5.14899e-06
8.42766e-06
8.70403e-06
9.17129e-06
1.13886e-05
1.46021e-05
1.49909e-05
1.32048e-05
9.83877e-06
5.0465e-06
0
0
0
0
0
0
0
0
0
0
0
0
0
0
0
0
0
0
0
0
0
0
0
0
0
0
0
5.30752e-08
0
0
0
0
0
0
0
0
0
2.04117e-08
1.07603e-07
1.49032e-07
1.35981e-07
9.89434e-08
7.0277e-08
6.35227e-08
7.53187e-08
9.40166e-08
1.09435e-07
1.13987e-07
1.01201e-07
6.44734e-08
2.8347e-09
0
0
0
0
0
0
0
0
0
0
0
1.80585e-08
2.76561e-08
2.14505e-08
8.82669e-09
1.05271e-10
0
0
0
0
0
0
0
0
0
0
2.34086e-08
9.79694e-08
4.45622e-08
2.00094e-08
1.40829e-08
1.71796e-08
2.37965e-08
3.08284e-08
3.48913e-08
3.26098e-08
2.45224e-08
1.60896e-08
1.34464e-08
1.98358e-08
3.4837e-08
5.3909e-08
6.99123e-08
7.80664e-08
7.76797e-08
7.25054e-08
7.88865e-08
1.1187e-07
1.60773e-07
1.89652e-07
1.72371e-07
1.16549e-07
5.58154e-08
1.58905e-08
8.54356e-09
4.39789e-08
1.22589e-07
1.93625e-07
2.88687e-07
3.97828e-07
4.59221e-07
4.90971e-07
4.71335e-07
2.98737e-07
0
0
0
0
0
2.6224e-07
6.19396e-07
9.32238e-07
8.45285e-07
5.27609e-07
3.29862e-07
2.3342e-07
1.50999e-07
1.00199e-07
7.15653e-08
7.77336e-08
9.70967e-08
5.04718e-08
6.26565e-08
8.91251e-09
0
0
1.6896e-08
0
0
0
0
0
2.85227e-06
3.97039e-06
2.65041e-06
1.77917e-06
2.61423e-06
5.87645e-06
8.30958e-06
8.7244e-06
6.91235e-06
4.11525e-06
0
0
0
0
2.67052e-06
5.56622e-06
3.6876e-07
0
0
0
0
0
0
0
0
0
1.56454e-06
4.0786e-06
6.40354e-06
8.54957e-06
8.82684e-06
9.34167e-06
1.08068e-05
1.33058e-05
1.41454e-05
1.24527e-05
7.8734e-06
2.0828e-08
0
0
0
0
0
0
0
0
0
0
0
0
0
0
0
0
0
0
0
0
0
0
0
0
0
0
0
0
0
0
0
0
0
0
0
0
0
0
0
0
0
0
0
2.60044e-08
8.94699e-08
1.13301e-07
9.75443e-08
5.24e-08
0
0
0
0
0
0
0
0
0
4.55015e-08
1.83883e-07
2.16237e-07
1.8266e-07
1.32397e-07
8.91096e-08
5.45305e-08
2.69298e-08
1.00675e-08
4.77519e-09
8.15985e-09
1.8544e-08
3.46142e-08
5.06157e-08
5.89664e-08
4.17756e-08
0
0
0
0
0
0
0
2.3117e-08
4.59564e-08
5.26843e-08
5.0079e-08
4.83392e-08
4.95883e-08
5.04714e-08
5.1763e-08
5.4814e-08
5.83146e-08
6.31925e-08
7.12834e-08
8.29352e-08
9.66493e-08
1.13248e-07
1.22562e-07
1.22672e-07
1.12281e-07
8.76137e-08
5.43069e-08
2.73481e-08
1.69957e-08
2.27453e-08
4.73119e-08
8.18484e-08
9.41153e-08
7.37712e-08
4.67843e-08
3.94379e-08
5.75326e-08
7.46895e-08
5.79e-08
3.64482e-09
0
0
0
0
0
0
2.50276e-08
5.54505e-08
8.28932e-08
8.85307e-08
7.89281e-08
5.10585e-08
3.8227e-08
1.50097e-08
1.96268e-08
3.87764e-09
0
2.01636e-08
0
3.2441e-08
8.8382e-08
0
3.74131e-07
1.41061e-06
6.95989e-07
0
0
0
0
1.06829e-06
2.856e-06
2.4213e-06
2.12312e-06
3.56429e-06
7.58993e-06
9.65229e-06
1.03265e-05
8.43232e-06
7.02373e-06
3.17193e-06
0
0
0
9.99414e-06
4.93734e-06
0
0
0
0
0
0
0
0
0
0
4.62712e-06
4.72959e-06
4.35256e-06
6.22174e-06
8.45911e-06
8.77898e-06
9.15199e-06
9.82529e-06
1.06419e-05
1.12127e-05
9.06335e-06
1.77901e-06
0
0
0
0
0
0
0
0
0
0
0
0
0
0
0
0
0
0
0
0
0
0
0
0
0
0
0
0
0
0
0
0
0
0
0
0
0
8.27232e-09
0
0
0
0
0
0
0
0
0
0
0
0
0
0
0
0
0
0
0
1.42701e-07
2.97991e-07
3.31885e-07
2.38217e-07
5.91586e-08
0
0
0
0
0
0
0
0
7.10235e-10
9.21847e-09
5.92538e-10
0
0
2.99674e-08
9.42094e-08
1.26587e-07
1.48123e-07
1.54911e-07
1.44834e-07
1.15563e-07
7.57485e-08
4.82029e-08
4.51934e-08
5.71391e-08
6.72331e-08
6.40935e-08
4.74366e-08
2.72695e-08
1.29857e-08
7.32038e-09
1.04723e-08
2.0812e-08
3.56744e-08
5.18409e-08
6.5923e-08
7.42262e-08
7.35834e-08
6.10686e-08
3.77395e-08
9.72949e-09
0
0
0
0
1.07705e-08
8.89878e-09
0
0
0
0
0
0
0
0
0
0
0
0
0
2.57203e-08
3.81738e-08
4.121e-08
2.80619e-08
1.47236e-08
0
7.04e-09
1.18442e-08
4.38221e-08
3.51704e-08
6.99359e-08
2.07279e-07
1.96505e-07
3.73567e-07
2.04167e-06
5.63471e-06
2.90421e-06
0
0
0
0
7.30611e-07
1.54452e-06
1.15388e-06
9.66117e-07
3.09331e-06
8.07531e-06
1.09263e-05
1.2038e-05
9.79026e-06
8.08708e-06
6.77846e-06
1.6969e-06
0
8.93075e-07
1.08201e-05
4.81283e-07
0
0
0
0
0
0
0
0
0
2.38074e-06
7.62204e-06
5.97689e-06
3.28551e-06
3.30254e-06
5.37625e-06
7.82358e-06
8.47193e-06
8.69268e-06
8.8362e-06
8.64017e-06
7.29972e-06
2.01482e-06
0
0
0
0
0
0
0
0
0
0
0
0
0
0
0
0
0
0
0
0
0
0
0
0
0
0
0
0
0
0
0
0
0
0
0
0
0
0
0
0
0
0
2.1863e-08
4.21505e-08
4.87035e-08
1.75554e-08
0
0
0
0
0
0
0
0
0
0
0
0
0
0
0
0
0
0
0
0
0
0
0
0
0
0
0
9.73345e-09
4.60025e-08
6.23486e-08
4.79012e-08
1.14444e-08
0
0
2.85883e-09
9.60051e-09
1.33164e-09
0
0
0
1.62415e-08
3.9125e-08
5.67025e-08
6.50828e-08
6.26838e-08
5.14041e-08
3.28379e-08
7.03593e-09
0
0
0
0
1.63847e-08
2.9935e-08
3.11761e-08
2.67206e-08
2.36841e-08
2.46235e-08
2.71607e-08
2.7623e-08
2.36329e-08
1.49679e-08
3.81453e-09
0
0
0
0
0
7.34581e-09
5.36251e-09
0
0
0
4.07311e-09
2.53534e-08
2.9579e-08
2.53237e-08
1.77516e-08
1.11007e-08
1.39057e-08
0
5.53743e-08
1.04409e-07
1.12597e-07
3.20986e-08
2.24217e-07
7.76141e-07
3.57215e-07
8.21521e-07
5.81882e-06
9.58212e-06
4.84844e-06
0
0
0
0
1.3448e-06
1.24544e-06
2.07517e-07
0
9.59671e-07
6.75923e-06
1.23062e-05
1.45336e-05
1.10892e-05
8.18974e-06
7.15705e-06
5.44542e-06
0
5.35112e-06
4.15885e-06
0
0
0
0
0
0
0
0
0
1.52588e-06
8.46743e-06
1.02287e-05
6.1847e-06
3.14706e-06
2.60075e-06
2.80192e-06
4.06945e-06
6.26305e-06
7.51819e-06
7.87163e-06
7.6559e-06
6.58203e-06
2.1835e-06
0
0
0
0
0
0
0
0
0
0
0
0
0
0
0
0
0
0
0
0
0
1.2952e-08
8.32724e-09
0
0
0
0
0
0
0
0
0
0
0
0
0
6.03031e-10
1.64625e-09
2.45941e-09
3.12301e-09
3.71719e-09
4.28498e-09
4.82642e-09
5.38277e-09
5.87638e-09
6.17027e-09
6.23039e-09
6.04937e-09
5.62519e-09
4.95307e-09
4.00448e-09
2.7747e-09
1.2762e-09
0
0
0
0
0
0
0
0
0
6.00436e-10
1.65164e-09
9.98487e-10
2.34043e-09
9.41751e-10
8.32628e-10
3.11626e-09
0
1.33596e-08
3.75259e-08
0
0
0
0
0
0
0
0
0
0
0
0
0
0
0
0
6.60937e-09
2.86031e-08
3.42714e-08
2.62026e-08
0
0
0
0
0
0
0
0
0
0
0
1.7778e-08
1.97252e-08
1.00091e-08
0
0
0
0
0
1.1719e-08
2.57472e-08
3.96174e-08
5.20759e-08
6.119e-08
6.26369e-08
5.63653e-08
5.24472e-08
5.15847e-08
5.60199e-08
3.81421e-08
1.93783e-08
0
0
0
0
1.99945e-07
3.59195e-07
2.16448e-07
0
3.22197e-07
1.85635e-06
5.18525e-07
9.35628e-08
6.6486e-06
9.14587e-06
4.6898e-06
0
0
0
2.60306e-07
1.57253e-06
7.15653e-07
0
0
0
5.60001e-07
1.64838e-05
1.85407e-05
1.37052e-05
8.569e-06
6.4967e-06
5.8283e-06
4.08176e-06
2.36964e-06
0
0
0
0
0
0
0
0
0
0
0
2.04091e-06
1.10706e-05
6.76398e-06
4.13344e-06
4.92727e-06
3.78232e-06
2.67792e-06
2.45664e-06
2.34174e-06
2.05251e-06
1.42461e-06
6.71926e-07
1.35465e-07
0
0
0
0
0
0
0
0
0
0
0
0
0
0
0
0
0
0
0
0
0
1.96984e-08
2.11795e-08
0
0
0
0
0
0
0
0
0
0
0
0
0
0
0
6.40151e-11
4.04055e-10
7.32215e-10
1.0292e-09
1.27424e-09
1.44957e-09
1.54531e-09
1.5615e-09
1.50615e-09
1.39066e-09
1.22502e-09
1.01335e-09
7.49806e-10
4.25541e-10
3.67218e-11
0
0
0
0
0
0
0
0
0
0
0
0
3.36189e-10
5.92783e-10
4.02648e-09
9.7081e-09
1.41731e-08
9.90062e-08
3.2354e-07
0
0
0
0
0
0
0
0
0
3.51586e-08
1.08191e-07
1.08041e-07
5.15922e-08
0
0
0
0
0
0
0
0
0
0
0
0
0
0
0
0
0
0
0
6.68908e-09
0
0
0
0
1.18834e-08
3.51523e-08
5.67279e-08
7.06568e-08
7.79403e-08
9.15518e-08
1.183e-07
1.43899e-07
1.4196e-07
1.12361e-07
7.14694e-08
5.42329e-08
3.08129e-08
2.09219e-08
0
0
0
0
5.19912e-07
1.06333e-06
4.30331e-07
0
0
2.46053e-06
1.96345e-07
0
3.87701e-06
1.19052e-05
1.37018e-05
3.7639e-06
2.96691e-07
0
0
0
0
0
0
0
0
2.56723e-06
1.30022e-05
2.00284e-05
1.09554e-05
4.72715e-06
1.06957e-06
1.88382e-07
4.57966e-09
0
0
0
0
0
0
0
0
0
0
0
0
8.28224e-07
1.78608e-06
4.33631e-06
1.11879e-05
1.5479e-05
7.47948e-06
2.51498e-06
7.9546e-07
1.35261e-07
0
0
0
0
0
0
0
0
0
0
0
0
0
0
0
0
0
0
0
0
0
0
0
0
9.83182e-10
0
0
0
0
0
0
0
0
0
0
0
0
0
0
0
0
0
0
0
7.88299e-11
2.09121e-10
3.12875e-10
3.86675e-10
4.28503e-10
4.39791e-10
4.22876e-10
3.80816e-10
3.13102e-10
2.17479e-10
9.06337e-11
0
0
0
0
0
0
0
0
0
0
0
0
0
0
0
4.75719e-09
1.42495e-08
4.38373e-08
3.84641e-07
1.57421e-06
0
0
0
0
0
0
0
0
3.98516e-07
6.95725e-07
8.46677e-07
8.05503e-07
6.09015e-07
3.71406e-07
1.56682e-07
6.23942e-10
0
0
0
0
0
0
0
0
0
0
0
0
0
0
0
0
7.06369e-09
1.02981e-08
1.32361e-08
2.01031e-08
3.11625e-08
4.52474e-08
6.00183e-08
7.20061e-08
7.6661e-08
7.93324e-08
9.75006e-08
1.46775e-07
2.17593e-07
2.63877e-07
2.07715e-07
6.33773e-08
0
0
8.09053e-08
9.28632e-08
5.60528e-08
0
0
1.02883e-06
2.55668e-06
4.21493e-07
0
0
1.24398e-06
0
0
2.74098e-06
2.94667e-05
3.36736e-05
4.97657e-06
1.51137e-06
2.90842e-07
0
0
0
0
0
0
0
4.16438e-07
2.35864e-06
1.05913e-05
1.69908e-05
2.33666e-06
1.5985e-07
0
0
0
0
0
0
0
0
0
0
0
0
0
0
3.26543e-07
3.62733e-07
5.75198e-07
2.13119e-06
8.72881e-06
1.93951e-05
5.47854e-06
5.90484e-07
3.588e-09
0
0
0
0
0
0
0
0
0
0
0
0
0
0
1.75154e-10
8.74951e-09
5.78286e-09
7.54662e-10
0
0
0
0
0
0
0
0
0
0
0
0
0
0
0
0
0
0
0
0
0
0
0
0
0
0
0
0
0
0
3.35781e-11
6.57281e-11
8.06932e-11
7.70428e-11
5.42474e-11
2.04538e-11
0
0
0
0
0
0
0
0
0
0
0
0
0
0
0
0
7.9145e-10
1.01166e-08
6.9666e-08
1.03151e-06
4.72186e-06
2.16293e-06
0
0
0
0
0
0
0
2.57389e-07
8.99584e-07
1.1142e-06
9.35299e-07
6.17398e-07
3.64822e-07
1.91622e-07
7.31072e-08
0
0
0
0
0
9.71421e-09
1.22278e-08
0
0
0
0
0
0
0
0
0
4.44162e-09
2.51788e-08
4.69088e-08
6.86908e-08
8.46498e-08
9.18923e-08
9.47789e-08
9.74969e-08
9.36562e-08
9.35785e-08
1.24384e-07
2.31298e-07
4.75037e-07
5.57219e-07
3.99235e-07
1.36174e-07
4.56155e-08
1.73096e-07
5.45767e-07
7.23084e-07
6.86317e-07
3.20464e-07
0
1.05671e-06
2.56807e-06
3.01144e-07
0
0
0
0
0
1.50546e-06
1.71228e-05
1.36423e-05
2.00616e-06
7.3407e-07
2.68659e-07
0
0
0
0
0
0
8.81667e-08
1.62164e-07
8.44173e-07
4.1408e-06
1.17839e-05
7.8233e-07
0
0
0
0
0
0
0
0
0
0
0
0
0
0
0
2.24108e-07
1.74236e-07
1.41881e-07
5.66045e-07
2.19003e-06
5.49369e-06
6.2311e-06
3.07002e-07
0
0
0
0
0
0
0
0
0
0
0
0
0
0
1.96478e-08
2.4987e-08
1.6827e-08
8.20451e-09
2.16612e-09
0
0
0
0
0
0
0
0
0
0
0
1.62419e-05
2.81446e-05
2.27847e-05
3.24633e-06
3.1632e-07
0
0
0
0
0
0
0
0
0
0
0
1.29081e-07
4.4998e-08
0
4.4378e-07
7.47228e-07
4.54069e-08
0
0
0
3.28139e-05
4.04154e-05
2.71326e-05
8.62503e-06
2.06287e-06
1.32124e-07
0
0
0
0
0
0
0
0
0
0
0
0
0
1.47748e-07
4.44155e-07
0
0
0
0
3.42487e-05
2.53198e-05
1.97798e-05
1.56306e-05
9.33757e-06
3.58258e-06
7.48501e-07
0
0
0
0
0
0
0
0
0
0
0
0
0
3.24063e-07
0
0
0
0
1.68969e-05
1.60878e-05
1.70782e-05
1.75318e-05
1.85189e-05
1.94487e-05
1.76902e-05
7.23041e-06
0
0
0
0
0
0
0
0
0
0
0
0
3.22973e-07
0
0
0
0
1.54362e-05
1.64534e-05
1.8983e-05
2.13112e-05
2.27405e-05
2.08209e-05
1.24774e-05
0
3.10396e-06
0
0
0
0
0
0
0
0
0
0
3.59319e-06
6.56274e-06
0
0
0
0
1.66889e-05
1.84085e-05
2.23327e-05
2.38705e-05
2.25157e-05
1.59227e-05
0
0
4.33123e-05
0
0
0
0
0
0
0
0
0
0
4.58324e-06
1.50324e-05
0
0
0
0
1.72226e-05
2.02584e-05
2.34183e-05
2.25236e-05
1.75482e-05
4.16926e-06
0
0
5.43632e-05
2.07543e-05
0
0
0
0
0
0
0
0
0
0
1.92632e-05
0
0
0
0
1.73073e-05
2.06859e-05
2.1951e-05
1.83246e-05
8.86031e-06
0
0
0
4.0399e-05
3.49554e-05
2.70853e-06
0
0
0
0
0
0
0
0
0
1.81618e-05
0
0
0
0
1.72492e-05
1.95081e-05
1.88421e-05
1.21471e-05
0
0
0
0
3.00108e-05
3.83713e-05
1.5378e-05
0
0
0
0
0
0
0
0
0
8.41074e-06
0
0
0
0
1.64944e-05
1.72888e-05
1.46394e-05
5.10394e-06
0
0
0
0
2.36704e-05
3.58591e-05
2.34297e-05
0
0
0
0
0
0
0
0
0
0
0
0
0
1.09953e-05
1.51561e-05
1.44903e-05
1.00111e-05
0
0
0
0
2.70797e-07
1.97678e-05
3.19599e-05
2.66178e-05
5.44556e-06
0
0
0
0
0
0
0
0
0
1.59441e-05
0
0
2.48049e-05
1.33956e-05
1.15213e-05
5.75328e-06
0
0
0
0
1.94242e-06
1.72248e-05
2.82437e-05
2.67337e-05
1.0615e-05
0
0
0
0
0
0
0
0
0
4.01074e-05
0
0
3.07243e-05
1.13855e-05
8.67449e-06
2.46323e-06
0
0
0
0
3.05301e-06
1.55675e-05
2.50202e-05
2.51752e-05
1.32469e-05
0
0
0
0
0
0
0
0
0
6.04207e-05
0
0
2.67661e-05
9.2846e-06
6.2642e-06
4.36086e-07
0
0
0
0
4.15577e-06
1.44632e-05
2.23112e-05
2.27108e-05
1.3855e-05
0
0
0
0
0
0
0
0
0
6.98977e-05
1.04552e-05
5.87971e-06
1.32126e-05
7.21221e-06
4.41502e-06
0
0
0
0
0
5.45046e-06
1.3699e-05
1.97768e-05
1.97794e-05
1.29586e-05
0
0
0
0
0
0
0
0
0
6.88794e-05
2.66375e-05
2.10384e-05
0
5.12761e-06
3.0599e-06
0
0
0
0
1.418e-06
6.85011e-06
1.31421e-05
1.73185e-05
1.65288e-05
1.09839e-05
1.4738e-06
0
0
0
0
0
0
0
0
6.22905e-05
4.37622e-05
3.93677e-05
0
2.92813e-06
1.96727e-06
5.2418e-07
0
0
1.42286e-06
4.09983e-06
8.29903e-06
1.27336e-05
1.48394e-05
1.29144e-05
8.25113e-06
2.27376e-06
0
0
0
0
0
0
0
0
5.3346e-05
6.06246e-05
6.15305e-05
0
4.9052e-07
8.94464e-07
1.36223e-06
2.6584e-06
3.9763e-06
4.82149e-06
6.64574e-06
9.85514e-06
1.24627e-05
1.22449e-05
8.86443e-06
4.97831e-06
2.65718e-06
0
0
0
0
0
0
0
1.38239e-06
4.4274e-05
7.57451e-05
8.7064e-05
0
0
0
2.09432e-06
5.67069e-06
7.8838e-06
8.10349e-06
9.26604e-06
1.16485e-05
1.229e-05
9.40583e-06
4.31444e-06
1.3413e-06
3.0532e-06
3.3076e-06
5.02227e-07
0
0
0
0
0
3.67756e-06
3.63637e-05
8.63839e-05
0.000109773
0
0
0
2.39776e-06
8.3916e-06
1.18758e-05
1.18253e-05
1.25155e-05
1.38936e-05
1.21195e-05
6.08378e-06
0
0
3.95017e-06
8.38922e-06
6.8234e-06
2.74418e-06
0
0
0
0
5.74238e-06
3.01837e-05
9.08402e-05
0.000117258
0
0
0
1.60968e-06
1.03345e-05
1.62158e-05
1.68714e-05
1.71511e-05
1.67971e-05
1.17515e-05
1.88606e-06
0
0
5.89079e-06
1.40172e-05
1.31778e-05
7.79605e-06
1.75614e-06
0
1.93846e-07
0
7.40816e-06
2.53862e-05
8.99971e-05
0.000103921
0
0
0
0
1.04395e-05
2.0551e-05
2.38683e-05
2.38703e-05
2.06131e-05
1.09066e-05
0
0
0
9.42484e-06
2.01878e-05
1.93663e-05
1.25736e-05
4.50846e-06
0
1.96298e-06
0
8.74058e-06
2.20996e-05
8.61276e-05
7.73649e-05
0
0
0
0
7.55164e-06
2.31089e-05
3.2311e-05
3.34712e-05
2.62418e-05
9.41443e-06
0
0
0
1.49828e-05
2.66945e-05
2.51184e-05
1.68649e-05
7.20165e-06
1.05315e-06
3.39492e-06
0
9.89439e-06
1.9995e-05
7.9865e-05
4.65853e-05
0
0
0
0
4.4847e-07
2.09803e-05
3.95147e-05
4.67552e-05
3.63644e-05
7.28329e-06
0
0
0
2.25699e-05
3.31519e-05
3.01967e-05
2.043e-05
9.67667e-06
2.49711e-06
4.60514e-06
0
1.10805e-05
1.86999e-05
7.02696e-05
1.79985e-05
0
0
0
0
0
1.0616e-05
3.84812e-05
6.18794e-05
5.79653e-05
3.6495e-06
0
0
1.04044e-06
3.14237e-05
3.89488e-05
3.42673e-05
2.30194e-05
1.17158e-05
3.46037e-06
5.59808e-06
0
1.17406e-05
1.73799e-05
5.50038e-05
0
0
0
0
0
0
0
2.04161e-05
5.89007e-05
9.3557e-05
0
0
0
1.36709e-05
3.99076e-05
4.32832e-05
3.69202e-05
2.44147e-05
1.31058e-05
3.91717e-06
6.22058e-06
0
1.1979e-05
1.62595e-05
3.00391e-05
0
0
0
0
0
0
0
0
1.92696e-05
5.30895e-05
0
0
0
2.7492e-05
4.52794e-05
4.52458e-05
3.7635e-05
2.43673e-05
1.36711e-05
3.98246e-06
6.46547e-06
0
1.18222e-05
1.51614e-05
0
0
0
0
0
0
0
0
0
0
0
0
0
1.89529e-05
4.0138e-05
5.05956e-05
4.88583e-05
3.96981e-05
2.52169e-05
1.45758e-05
4.2243e-06
6.81083e-06
0
1.27295e-05
1.54251e-05
0
0
0
0
0
0
0
0
0
0
0
0
1.33696e-05
2.91264e-05
4.20356e-05
4.79671e-05
4.61325e-05
3.60719e-05
2.2697e-05
1.34011e-05
3.6846e-06
6.27948e-06
4.28525e-07
1.1822e-05
1.38841e-05
0
0
0
0
0
0
0
0
0
0
0
0
1.14132e-05
2.65296e-05
3.7439e-05
4.2639e-05
4.19905e-05
3.13846e-05
1.97346e-05
1.19454e-05
3.08401e-06
5.59749e-06
6.41772e-07
1.00367e-05
1.19279e-05
0
0
0
0
0
0
0
0
0
0
0
0
6.53973e-06
1.97826e-05
3.01513e-05
3.62696e-05
3.66212e-05
2.57677e-05
1.63548e-05
1.01144e-05
2.53582e-06
5.02692e-06
4.77277e-07
7.81711e-06
9.60586e-06
0
0
0
0
0
0
0
0
0
0
0
0
2.771e-06
1.36675e-05
2.34527e-05
3.02722e-05
3.01595e-05
2.04909e-05
1.29081e-05
8.05016e-06
2.02582e-06
4.43102e-06
8.96596e-08
5.14174e-06
6.83046e-06
0
0
0
0
0
0
0
0
0
0
0
0
1.40556e-07
9.2526e-06
1.86046e-05
2.519e-05
2.33109e-05
1.53022e-05
9.4441e-06
6.08414e-06
1.71681e-06
4.26418e-06
0
2.86829e-06
4.02102e-06
0
0
0
0
0
0
0
0
0
0
0
0
0
6.35316e-06
1.53681e-05
1.99513e-05
1.69967e-05
1.08732e-05
6.78336e-06
4.70558e-06
1.60393e-06
4.47236e-06
0
9.51812e-07
1.63438e-06
0
0
0
0
0
0
0
0
0
0
0
0
0
4.30518e-06
1.24102e-05
1.44365e-05
1.19548e-05
7.60349e-06
4.93024e-06
3.77923e-06
1.64515e-06
5.04485e-06
0
0
0
0
0
0
0
0
0
0
0
0
0
0
0
0
3.32516e-06
1.039e-05
1.06289e-05
7.99201e-06
5.35882e-06
3.79602e-06
3.25352e-06
1.83204e-06
6.17938e-06
0
0
0
0
0
0
0
0
0
0
0
0
0
0
0
0
4.97723e-06
8.35921e-06
6.89337e-06
5.24484e-06
4.03224e-06
3.257e-06
3.03719e-06
2.18574e-06
8.02176e-06
0
0
0
0
0
0
0
0
0
0
0
0
0
0
0
0
4.76541e-06
4.83481e-06
4.27657e-06
3.76295e-06
3.44144e-06
3.13353e-06
3.045e-06
2.68305e-06
9.8223e-06
0
0
0
0
0
0
0
0
0
0
0
0
0
0
0
0
2.51264e-06
3.32585e-06
3.31009e-06
3.24792e-06
3.30961e-06
3.25264e-06
3.20134e-06
3.4217e-06
1.00868e-05
0
0
0
0
0
0
0
0
0
0
0
0
0
0
0
0
1.32943e-06
3.06749e-06
3.22284e-06
3.17987e-06
3.32696e-06
3.4535e-06
3.54822e-06
4.4369e-06
9.14305e-06
0
0
0
0
0
0
0
0
0
0
0
0
0
0
0
0
7.38454e-07
3.37214e-06
3.59913e-06
3.42213e-06
3.62714e-06
3.91304e-06
4.3085e-06
5.69054e-06
8.64007e-06
0
0
0
2.03652e-06
0
0
0
0
0
0
0
0
0
0
0
0
6.55476e-07
4.84503e-06
5.10984e-06
4.50465e-06
4.43318e-06
4.71119e-06
5.40812e-06
7.06705e-06
8.98974e-06
3.66938e-06
0
4.09347e-06
5.39332e-06
0
0
0
0
0
0
0
0
0
0
0
0
7.31349e-07
7.92575e-06
8.19698e-06
6.62678e-06
5.97983e-06
6.37738e-06
6.88866e-06
8.22266e-06
9.45251e-06
8.71849e-06
0
8.94904e-06
8.87648e-06
0
0
0
0
0
0
0
0
0
0
0
0
0
5.53556e-06
8.85994e-06
8.28721e-06
8.38151e-06
9.06399e-06
7.95771e-06
8.68364e-06
9.92676e-06
1.17512e-05
0
1.05278e-05
1.21856e-05
0
0
0
0
0
0
0
0
0
0
0
2.79054e-06
0
0
3.02301e-06
3.27372e-06
3.71912e-06
4.45968e-06
3.85179e-06
3.39698e-06
1.94232e-06
3.85134e-06
0
4.23868e-06
1.51119e-05
0
0
0
0
0
0
0
0
0
0
0
4.57598e-07
0
0
7.59954e-07
5.93865e-07
8.08598e-07
1.30338e-06
9.68064e-07
3.48412e-07
5.47381e-08
3.45304e-07
1.03447e-07
0
1.62363e-05
0
0
0
0
0
0
0
0
0
0
0
0
0
3.72568e-07
2.86758e-07
0
0
1.92451e-07
1.41845e-07
6.98752e-08
2.24637e-08
5.33305e-10
0
0
1.18832e-05
0
0
0
0
0
0
0
0
0
6.84463e-07
0
0
1.32681e-07
8.27071e-07
1.36026e-07
0
0
0
0
0
0
0
0
0
2.9363e-06
0
0
0
0
0
0
0
0
2.28085e-06
3.6089e-06
0
0
1.55376e-07
9.77343e-07
0
0
0
0
0
0
0
0
0
0
0
0
0
0
0
0
0
0
1.24691e-06
5.06376e-06
5.34113e-06
0
0
8.36862e-08
1.00706e-06
0
0
0
0
0
0
0
0
1.26048e-08
0
0
0
0
0
0
0
0
0
1.00104e-06
5.89354e-06
6.17637e-06
5.93663e-07
0
8.07794e-08
1.06053e-06
0
0
0
0
0
0
0
0
2.09992e-08
0
0
0
0
0
0
0
0
0
5.46804e-07
5.30613e-06
6.37977e-06
1.33997e-06
0
1.67773e-07
1.11882e-06
0
0
0
0
0
0
3.55561e-08
5.22835e-09
2.10754e-08
0
0
0
0
1.11317e-07
2.94012e-08
0
0
0
2.35328e-07
3.71792e-06
5.7322e-06
1.98909e-06
0
1.99109e-07
9.41919e-07
0
0
0
0
0
4.57627e-08
4.37539e-08
2.17285e-08
3.49838e-08
0
0
0
3.28295e-08
2.02358e-07
3.38254e-08
0
0
0
0
9.34996e-07
3.09689e-06
2.39271e-06
0
1.66319e-07
6.51962e-07
0
0
0
2.33944e-08
1.47999e-08
1.82694e-08
1.03347e-08
9.45812e-09
2.17789e-09
0
0
0
1.55377e-08
2.10126e-07
2.80246e-09
0
0
0
0
0
1.30971e-07
1.09617e-06
1.63664e-07
3.46321e-07
3.5128e-07
0
0
1.89217e-08
2.42562e-08
7.14781e-09
4.77678e-09
2.3429e-09
2.11683e-09
0
0
0
0
1.0027e-09
1.69664e-07
7.54776e-09
0
0
0
2.49729e-09
0
0
5.89617e-08
1.06231e-06
3.90912e-07
0
0
3.08898e-08
2.3442e-08
1.74278e-08
4.53506e-09
2.56216e-09
2.50161e-09
7.54807e-10
0
0
0
0
1.1752e-09
1.61663e-07
2.31814e-08
8.59104e-09
1.45818e-08
1.34012e-08
9.17032e-09
0
0
0
7.09222e-07
0
0
0
2.58749e-08
1.28397e-08
9.23695e-09
2.42677e-09
1.58753e-09
2.15053e-09
5.33779e-10
0
0
0
0
1.7958e-09
)
;

boundaryField
{
    inlet
    {
        type            zeroGradient;
    }
    outlet
    {
        type            zeroGradient;
    }
    upperWall
    {
        type            zeroGradient;
    }
    lowerWall
    {
        type            zeroGradient;
    }
    frontAndBack
    {
        type            empty;
    }
}


// ************************************************************************* //
