/*--------------------------------*- C++ -*----------------------------------*\
  =========                 |
  \\      /  F ield         | OpenFOAM: The Open Source CFD Toolbox
   \\    /   O peration     | Website:  https://openfoam.org
    \\  /    A nd           | Version:  6
     \\/     M anipulation  |
\*---------------------------------------------------------------------------*/
FoamFile
{
    version     2.0;
    format      ascii;
    class       volScalarField;
    location    "0.35";
    object      p;
}
// * * * * * * * * * * * * * * * * * * * * * * * * * * * * * * * * * * * * * //

dimensions      [0 2 -2 0 0 0 0];

internalField   nonuniform List<scalar> 
12225
(
1048.01
1036.07
1024.89
1015.18
1006.43
998.295
990.635
983.375
976.442
969.742
963.187
956.723
950.325
943.986
937.666
931.256
924.433
916.59
1048.84
1036.02
1024.83
1015.13
1006.38
998.271
990.63
983.376
976.438
969.728
963.168
956.704
950.312
943.98
937.668
931.271
924.534
917.03
1049.97
1035.96
1024.7
1015.05
1006.34
998.249
990.617
983.369
976.429
969.712
963.146
956.685
950.308
943.998
937.709
931.348
924.738
917.672
1049.99
1035.78
1024.55
1014.94
1006.26
998.211
990.616
983.382
976.436
969.705
963.134
956.686
950.334
944.052
937.797
931.502
925.063
918.444
1048.97
1035.34
1024.27
1014.76
1006.16
998.156
990.588
983.373
976.441
969.722
963.163
956.732
950.403
944.153
937.949
931.749
925.514
919.304
1048.76
1034.74
1023.87
1014.5
1006.01
998.075
990.554
983.368
976.453
969.744
963.197
956.787
950.493
944.295
938.167
932.091
926.074
920.215
1047.23
1033.89
1023.37
1014.2
1005.83
997.989
990.529
983.376
976.48
969.788
963.263
956.885
950.637
944.503
938.466
932.528
926.722
921.145
1044.66
1032.67
1022.72
1013.85
1005.63
997.886
990.489
983.384
976.525
969.862
963.364
957.022
950.827
944.77
938.841
933.05
927.436
922.084
1041.21
1031.25
1021.91
1013.37
1005.36
997.75
990.44
983.391
976.571
969.944
963.487
957.191
951.054
945.07
939.241
933.585
928.145
922.982
1036.58
1029.59
1020.96
1012.83
1005.08
997.621
990.409
983.428
976.659
970.076
963.662
957.417
951.345
945.445
939.723
934.197
928.903
923.886
1038.12
1028.03
1020
1012.34
1004.82
997.497
990.386
983.48
976.764
970.225
963.861
957.676
951.674
945.858
940.237
934.83
929.665
924.771
1035.14
1026.49
1019.05
1011.76
1004.53
997.377
990.364
983.534
976.888
970.413
964.11
957.984
952.043
946.294
940.749
935.429
930.356
925.551
1030.61
1024.47
1018.01
1011.21
1004.27
997.308
990.426
983.675
977.068
970.619
964.349
958.274
952.402
946.737
941.286
936.062
931.078
926.349
1024.95
1022.25
1016.93
1010.78
1004.14
997.289
990.475
983.799
977.283
970.93
964.745
958.737
952.919
947.306
941.914
936.757
931.846
927.186
1022.25
1020.84
1016.2
1010.34
1003.93
997.332
990.719
984.145
977.665
971.334
965.187
959.244
953.513
947.996
942.7
937.629
932.791
928.186
1022.06
1019.88
1015.91
1010.49
1004.26
997.713
991.11
984.575
978.166
971.911
965.829
959.939
954.257
948.792
943.554
938.546
933.77
929.222
1026.03
1021.89
1016.9
1011.17
1004.92
998.464
991.947
985.439
979.021
972.765
966.711
960.866
955.23
949.81
944.616
939.653
934.916
930.397
1025.95
1024.34
1019.6
1013.46
1006.79
999.959
993.184
986.553
980.081
973.8
967.743
961.918
956.321
950.949
945.809
940.898
936.209
931.735
1040.68
1033.03
1025.12
1017.36
1009.77
1002.4
995.304
988.425
981.765
975.366
969.24
963.368
957.737
952.344
947.188
942.263
937.561
933.073
1056.86
1042.22
1031.12
1021.64
1012.99
1004.95
997.401
990.197
983.316
976.768
970.529
964.568
958.874
953.445
948.271
943.339
938.637
934.157
1061.06
1046.74
1034.48
1024.28
1015.12
1006.7
998.838
991.424
984.408
977.766
971.461
965.461
959.748
954.309
949.127
944.184
939.467
934.967
1063.91
1048.34
1036.21
1025.92
1016.57
1007.96
999.962
992.432
985.318
978.592
972.218
966.158
960.391
954.904
949.682
944.71
939.975
935.466
1061.75
1048.43
1037.04
1026.86
1017.57
1008.92
1000.79
993.145
985.947
979.155
972.722
966.618
960.827
955.331
950.111
945.145
940.414
935.906
1055.95
1047.29
1037.32
1027.47
1018.19
1009.5
1001.31
993.602
986.357
979.545
973.11
967.004
961.202
955.687
950.443
945.452
940.699
936.172
1051.76
1047.01
1037.75
1027.94
1018.63
1009.92
1001.73
994.001
986.722
979.863
973.379
967.233
961.405
955.877
950.626
945.634
940.881
936.355
1055.58
1048.24
1038.33
1028.36
1018.98
1010.24
1002.01
994.236
986.931
980.063
973.576
967.426
961.588
956.044
950.776
945.769
941.006
936.477
1061.36
1049.85
1039.01
1028.74
1019.19
1010.4
1002.17
994.398
987.065
980.16
973.648
967.493
961.662
956.129
950.87
945.865
941.103
936.571
1067.09
1051.12
1039.4
1028.94
1019.35
1010.55
1002.31
994.524
987.182
980.274
973.758
967.592
961.744
956.19
950.911
945.892
941.121
936.588
1069.11
1052.05
1039.77
1029.09
1019.44
1010.62
1002.37
994.561
987.198
980.278
973.759
967.597
961.76
956.219
950.951
945.936
941.162
936.621
1068.13
1052.32
1039.87
1029.16
1019.48
1010.66
1002.42
994.612
987.24
980.308
973.78
967.614
961.772
956.227
950.953
945.932
941.156
936.618
831.408
831.54
831.733
831.686
831.178
830.209
828.948
827.593
826.293
825.156
824.263
823.672
823.404
823.414
823.611
823.895
824.091
823.999
823.526
822.751
821.918
821.086
820.115
819.041
818.002
816.908
815.547
814.081
812.713
811.28
809.576
807.495
804.972
801.994
798.597
794.862
790.883
786.75
782.549
778.352
774.219
770.203
766.35
762.699
759.286
756.144
753.304
750.796
748.645
746.869
745.481
744.492
743.906
743.72
743.913
744.454
745.305
746.425
747.765
749.276
750.907
752.608
754.329
756.023
757.64
759.125
760.412
761.413
762.006
762.019
761.215
759.335
756.163
751.598
745.759
739.249
733.121
728.307
725.263
723.913
723.657
723.485
722.054
719.159
716.002
713.47
711.051
707.75
704.819
702.62
698.152
690.084
679.741
668.356
656.825
645.661
635.194
625.649
617.221
610.07
604.326
600.075
597.352
596.125
596.28
597.647
600.007
603.103
606.662
610.406
614.069
617.412
620.229
622.361
623.704
624.21
623.878
622.751
620.9
618.413
615.387
611.923
608.118
604.067
599.861
595.577
591.273
586.977
582.682
578.343
573.903
569.323
564.596
559.734
554.752
549.662
544.481
539.229
533.934
528.624
523.324
518.06
512.848
507.692
502.586
497.501
492.416
487.314
482.205
477.13
472.123
467.352
462.818
458.573
455.322
451.95
445.339
436.057
428.721
423.585
417.718
411.052
404.821
400.089
396.796
393.934
390.58
386.412
381.57
376.33
370.87
365.232
359.48
353.785
348.203
342.452
336.296
329.996
323.807
317.422
831.126
831.078
830.873
830.375
829.551
828.458
827.203
825.9
824.65
823.541
822.648
822.024
821.689
821.652
821.876
822.272
822.706
822.952
822.868
822.519
821.985
821.245
820.308
819.317
818.313
817.319
816.052
814.414
812.748
810.968
808.901
806.524
803.783
800.676
797.219
793.478
789.524
785.434
781.282
777.131
773.039
769.053
765.218
761.574
758.161
755.017
752.178
749.678
747.546
745.806
744.472
743.55
743.033
742.907
743.151
743.735
744.622
745.767
747.122
748.637
750.26
751.94
753.628
755.276
756.836
758.255
759.467
760.385
760.882
760.778
759.827
757.743
754.286
749.345
743.147
736.529
730.609
726.075
723.157
721.781
721.444
721.531
720.888
718.79
716.226
713.583
710.84
707.904
704.166
700.15
694.198
685.705
675.704
664.92
653.993
643.295
633.155
623.828
615.553
608.527
602.9
598.763
596.141
594.996
595.233
596.688
599.141
602.337
605.997
609.841
613.603
617.038
619.94
622.145
623.547
624.095
623.792
622.681
620.836
618.347
615.311
611.83
608.003
603.925
599.686
595.368
591.033
586.722
582.431
578.113
573.703
569.155
564.458
559.625
554.667
549.597
544.428
539.183
533.891
528.581
523.279
518.013
512.797
507.637
502.53
497.446
492.358
487.254
482.129
477.045
472.028
467.184
462.669
458.251
454.447
450.845
444.079
435.28
428.847
423.807
417.694
410.803
404.462
399.793
396.674
393.954
390.661
386.497
381.628
376.361
370.888
365.244
359.472
353.741
348.134
342.377
336.197
329.882
323.76
317.377
830.583
830.194
829.404
828.443
827.42
826.326
825.158
823.959
822.793
821.735
820.849
820.181
819.768
819.638
819.787
820.159
820.68
821.261
821.757
821.982
821.798
821.268
820.577
819.848
818.981
817.779
816.307
814.501
812.453
810.196
807.698
804.934
801.891
798.574
795
791.216
787.271
783.225
779.132
775.041
770.999
767.05
763.24
759.611
756.209
753.076
750.253
747.777
745.68
743.985
742.706
741.849
741.406
741.356
741.675
742.326
743.269
744.455
745.834
747.353
748.959
750.6
752.227
753.792
755.247
756.543
757.615
758.37
758.677
758.354
757.149
754.746
750.832
745.293
738.574
731.911
726.366
722.184
719.499
718.347
718.332
718.818
719.183
718.451
717.092
714.601
710.99
706.818
701.608
695.291
687.863
679.386
670.104
660.236
650.092
639.965
630.187
621.078
612.933
605.998
600.451
596.402
593.885
592.866
593.243
594.856
597.482
600.859
604.705
608.735
612.679
616.289
619.351
621.696
623.209
623.84
623.593
622.518
620.692
618.208
615.164
611.66
607.797
603.672
599.375
594.989
590.589
586.233
581.934
577.647
573.289
568.801
564.163
559.382
554.471
549.436
544.293
539.064
533.781
528.474
523.173
517.906
512.689
507.528
502.419
497.333
492.241
487.127
481.979
476.851
471.788
466.863
462.178
457.59
453.335
449.071
442.72
435.155
428.807
423.386
417.466
410.567
404.078
399.508
396.611
394.04
390.778
386.58
381.671
376.387
370.926
365.298
359.514
353.731
348.072
342.284
336.072
329.739
323.631
317.154
829.103
828.53
827.614
826.636
825.635
824.575
823.453
822.307
821.197
820.196
819.356
818.714
818.298
818.127
818.211
818.538
819.08
819.79
820.53
821.043
821.124
820.857
820.419
819.769
818.799
817.426
815.694
813.644
811.312
808.734
805.919
802.856
799.549
796.019
792.303
788.444
784.479
780.444
776.371
772.295
768.255
764.296
760.466
756.814
753.39
750.242
747.417
744.953
742.884
741.236
740.022
739.246
738.899
738.957
739.387
740.144
741.178
742.435
743.858
745.393
746.983
748.578
750.127
751.583
752.902
754.041
754.937
755.494
755.576
755.014
753.587
750.964
746.737
740.854
734.078
727.885
722.844
718.836
716.161
715.105
715.417
716.385
717.534
718.091
717.381
714.574
710.124
704.299
697.423
689.955
682.102
673.814
664.99
655.645
645.919
636.079
626.461
617.433
609.335
602.451
596.98
593.038
590.661
589.81
590.383
592.213
595.078
598.708
602.813
607.1
611.297
615.151
618.44
620.982
622.655
623.404
623.241
622.222
620.434
617.975
614.944
611.437
607.548
603.373
599.006
594.529
590.028
585.588
581.253
576.989
572.699
568.294
563.741
559.04
554.196
549.213
544.104
538.896
533.62
528.311
523.004
517.725
512.498
507.332
502.221
497.142
492.052
486.924
481.749
476.565
471.416
466.354
461.5
456.759
452.114
447.457
441.734
434.944
428.466
422.883
417.106
410.413
404.118
399.683
396.859
394.293
390.974
386.706
381.753
376.438
370.962
365.346
359.572
353.773
348.073
342.25
336.025
329.667
323.446
316.737
827.28
826.807
826.075
825.222
824.266
823.211
822.088
820.94
819.83
818.834
818.011
817.397
817.02
816.883
816.975
817.283
817.806
818.518
819.271
819.796
819.969
819.863
819.48
818.748
817.585
816.037
814.148
811.944
809.439
806.654
803.595
800.279
796.745
793.038
789.203
785.271
781.263
777.194
773.084
768.961
764.858
760.822
756.901
753.154
749.638
746.415
743.539
741.059
739.014
737.431
736.321
735.683
735.497
735.729
736.333
737.252
738.426
739.791
741.284
742.849
744.432
745.985
747.459
748.813
750.006
751.001
751.743
752.138
752.056
751.356
749.854
747.217
743.025
737.366
731.269
725.969
721.338
717.371
714.61
713.43
713.693
714.743
716.076
717.074
716.021
712.74
707.435
700.543
693.022
685.361
677.502
669.256
660.482
651.174
641.453
631.589
621.93
612.874
604.79
597.976
592.629
588.85
586.659
586.016
586.82
588.908
592.056
595.989
600.403
604.996
609.492
613.635
617.196
619.977
621.841
622.729
622.663
621.715
619.983
617.572
614.579
611.098
607.219
603.034
598.627
594.075
589.464
584.903
580.485
576.209
571.974
567.664
563.218
558.619
553.862
548.946
543.882
538.695
533.424
528.106
522.776
517.469
512.213
507.027
501.911
496.839
491.76
486.629
481.42
476.163
470.922
465.744
460.711
455.77
450.874
446.062
440.677
434.306
427.924
422.331
416.798
410.647
404.766
400.405
397.475
394.771
391.314
386.925
381.886
376.516
371.007
365.389
359.643
353.863
348.141
342.289
336.065
329.669
323.246
316.229
826.033
825.668
825.068
824.299
823.381
822.356
821.264
820.142
819.046
818.051
817.225
816.613
816.244
816.12
816.209
816.488
816.961
817.575
818.152
818.531
818.67
818.49
817.96
817.024
815.698
814.032
812.035
809.701
807.033
804.035
800.728
797.168
793.429
789.575
785.642
781.643
777.578
773.446
769.254
765.02
760.779
756.579
752.486
748.572
744.918
741.6
738.684
736.225
734.264
732.823
731.904
731.491
731.552
732.039
732.889
734.032
735.394
736.904
738.494
740.106
741.692
743.213
744.631
745.908
747.011
747.908
748.555
748.867
748.728
748.019
746.582
744.113
740.295
735.336
730.215
725.673
721.377
717.603
714.91
713.591
713.498
714.13
714.96
715.212
713.344
709.516
703.643
696.519
689.082
681.517
673.631
665.244
656.255
646.708
636.761
626.703
616.897
607.764
599.692
592.977
587.787
584.193
582.203
581.776
582.816
585.17
588.618
592.875
597.625
602.549
607.364
611.82
615.68
618.725
620.795
621.827
621.856
620.974
619.298
616.941
614.002
610.573
606.74
602.591
598.204
593.637
588.958
584.28
579.743
575.403
571.183
566.951
562.613
558.128
553.475
548.641
543.629
538.468
533.199
527.863
522.5
517.147
511.843
506.619
501.485
496.418
491.354
486.222
480.983
475.662
470.321
465.006
459.793
454.687
449.644
444.678
439.372
433.357
427.272
421.8
416.574
411.015
405.628
401.403
398.325
395.396
391.754
387.222
382.072
376.614
371.058
365.448
359.735
353.973
348.237
342.378
336.184
329.751
323.085
315.742
825.748
825.446
824.928
824.217
823.332
822.32
821.226
820.088
818.967
817.942
817.092
816.475
816.116
815.994
816.06
816.281
816.643
817.064
817.396
817.568
817.491
817.077
816.283
815.122
813.64
811.837
809.686
807.17
804.286
801.049
797.513
793.774
789.921
786.006
782.039
778.001
773.869
769.626
765.277
760.844
756.376
751.941
747.623
743.513
739.707
736.292
733.347
730.933
729.089
727.833
727.154
727.025
727.396
728.2
729.357
730.781
732.385
734.086
735.809
737.495
739.1
740.593
741.953
743.157
744.18
745.005
745.602
745.906
745.817
745.23
743.998
741.885
738.72
734.721
730.554
726.622
722.787
719.384
716.877
715.418
714.799
714.698
714.543
713.448
710.732
706.264
700.039
693.013
685.765
678.226
670.2
661.552
652.239
642.358
632.103
621.773
611.752
602.493
594.41
587.79
582.762
579.36
577.571
577.352
578.614
581.216
584.943
589.513
594.589
599.837
604.967
609.735
613.904
617.231
619.524
620.709
620.838
620.021
618.391
616.08
613.199
609.834
606.063
601.98
597.663
593.152
588.478
583.735
579.085
574.643
570.388
566.196
561.95
557.577
553.032
548.286
543.336
538.208
532.944
527.588
522.18
516.763
511.387
506.1
500.931
495.864
490.823
485.704
480.443
475.054
469.604
464.157
458.786
453.531
448.356
443.238
437.958
432.272
426.525
421.238
416.285
411.22
406.329
402.326
399.16
396.015
392.174
387.497
382.242
376.708
371.12
365.524
359.83
354.076
348.341
342.498
336.349
329.876
322.959
315.295
826.537
826.278
825.802
825.115
824.242
823.217
822.075
820.863
819.656
818.539
817.599
816.903
816.477
816.29
816.279
816.401
816.615
816.826
816.926
816.843
816.48
815.785
814.748
813.4
811.744
809.751
807.39
804.647
801.531
798.09
794.418
790.623
786.771
782.869
778.88
774.755
770.461
765.986
761.349
756.595
751.795
747.037
742.423
738.062
734.059
730.513
727.508
725.112
723.366
722.283
721.852
722.032
722.76
723.948
725.497
727.299
729.248
731.245
733.205
735.058
736.752
738.261
739.576
740.695
741.619
742.355
742.907
743.246
743.302
742.971
742.104
740.534
738.201
735.26
732.05
728.798
725.566
722.666
720.426
718.778
717.536
716.535
715.222
712.881
709.274
704.008
697.43
690.408
683.163
675.495
667.225
658.25
648.578
638.342
627.75
617.103
606.815
597.396
589.304
582.806
577.973
574.785
573.196
573.158
574.595
577.38
581.318
586.133
591.484
597.01
602.408
607.444
611.893
615.491
617.999
619.33
619.559
618.83
617.278
615.029
612.207
608.909
605.21
601.197
596.963
592.552
587.956
583.223
578.507
573.963
569.633
565.437
561.254
556.977
552.535
547.881
543.001
537.917
532.667
527.293
521.832
516.33
510.847
505.459
500.229
495.163
490.165
485.084
479.822
474.379
468.825
463.241
457.712
452.295
446.979
441.754
436.516
431.093
425.635
420.535
415.815
411.178
406.766
403.023
399.828
396.502
392.482
387.692
382.375
376.797
371.183
365.598
359.922
354.173
348.443
342.625
336.522
329.995
322.828
314.871
828.413
828.164
827.699
827.014
826.129
825.066
823.85
822.536
821.204
819.941
818.839
817.967
817.357
816.983
816.787
816.721
816.739
816.753
816.64
816.298
815.701
814.813
813.616
812.102
810.253
808.04
805.445
802.471
799.156
795.582
791.859
788.07
784.223
780.267
776.129
771.749
767.103
762.204
757.099
751.862
746.59
741.392
736.388
731.696
727.432
723.7
720.59
718.17
716.487
715.563
715.387
715.916
717.073
718.753
720.829
723.165
725.627
728.094
730.462
732.647
734.585
736.238
737.598
738.684
739.531
740.184
740.69
741.074
741.31
741.304
740.906
739.989
738.531
736.616
734.369
731.899
729.351
727.025
725.096
723.266
721.451
719.548
717.147
713.801
709.2
703.036
696.016
688.802
681.361
673.433
664.844
655.511
645.477
634.894
623.965
612.996
602.446
592.895
584.839
578.507
573.888
570.893
569.45
569.522
571.054
573.936
577.994
582.973
588.525
594.264
599.864
605.096
609.759
613.581
616.264
617.69
617.98
617.341
615.911
613.782
611.06
607.85
604.233
600.289
596.131
591.825
587.348
582.692
577.973
573.359
568.943
564.709
560.556
556.355
552.005
547.441
542.64
537.615
532.393
527.002
521.477
515.864
510.232
504.685
499.35
494.283
489.376
484.399
479.182
473.711
468.059
462.326
456.623
451.026
445.554
440.233
435.022
429.779
424.56
419.653
415.163
410.919
406.946
403.459
400.272
396.816
392.667
387.808
382.464
376.864
371.237
365.669
360.015
354.264
348.531
342.735
336.666
330.07
322.675
314.462
831.359
831.119
830.665
829.986
829.094
828.001
826.73
825.334
823.892
822.478
821.177
820.067
819.193
818.552
818.102
817.8
817.588
817.363
817.005
816.462
815.69
814.628
813.242
811.516
809.431
806.968
804.125
800.927
797.441
793.766
789.995
786.157
782.198
778.023
773.543
768.712
763.533
758.05
752.338
746.498
740.647
734.908
729.412
724.288
719.659
715.637
712.32
709.791
708.115
707.33
707.433
708.378
710.075
712.393
715.171
718.233
721.401
724.522
727.472
730.16
732.519
734.494
736.05
737.203
738.033
738.647
739.147
739.605
740.032
740.352
740.429
740.154
739.499
738.477
737.106
735.423
733.573
731.786
730.038
728.058
725.893
723.306
720.076
715.868
710.222
703.178
695.665
688.127
680.372
672.113
663.175
653.488
643.12
632.225
621.004
609.77
599.02
589.391
581.397
575.216
570.748
567.849
566.457
566.565
568.14
571.073
575.19
580.254
585.925
591.803
597.53
602.87
607.656
611.63
614.441
615.902
616.181
615.581
614.282
612.323
609.752
606.668
603.16
599.305
595.219
591.002
586.648
582.109
577.443
572.805
568.321
564.035
559.889
555.744
551.47
546.992
542.278
537.325
532.139
526.733
521.132
515.38
509.54
503.747
498.233
493.164
488.422
483.653
478.561
473.087
467.329
461.419
455.51
449.726
444.107
438.679
433.453
428.333
423.316
418.61
414.356
410.458
406.866
403.624
400.494
396.981
392.758
387.858
382.507
376.913
371.294
365.739
360.098
354.34
348.596
342.811
336.757
330.092
322.505
314.07
835.198
834.981
834.572
833.951
833.117
832.075
830.843
829.473
828.029
826.565
825.147
823.854
822.746
821.844
821.127
820.551
820.046
819.519
818.88
818.061
816.992
815.623
813.932
811.903
809.514
806.753
803.631
800.195
796.529
792.728
788.844
784.847
780.634
776.084
771.115
765.707
759.893
753.743
747.352
740.831
734.307
727.916
721.8
716.107
710.976
706.543
702.928
700.238
698.56
697.943
698.383
699.827
702.17
705.255
708.886
712.834
716.869
720.786
724.429
727.704
730.568
732.983
734.888
736.233
737.081
737.628
738.097
738.64
739.292
739.971
740.533
740.852
740.875
740.575
739.922
738.94
737.726
736.324
734.577
732.591
730.245
727.249
723.512
718.57
711.969
704.151
696.15
688.24
680.133
671.535
662.266
652.271
641.63
630.498
619.077
607.68
596.822
587.154
579.191
573.069
568.637
565.737
564.338
564.464
566.076
569.038
573.159
578.215
583.897
589.812
595.581
600.947
605.754
609.783
612.669
614.146
614.361
613.71
612.474
610.693
608.316
605.385
602.004
598.26
594.262
590.128
585.884
581.471
576.896
572.279
567.758
563.427
559.274
555.166
550.953
546.55
541.921
537.044
531.903
526.492
520.82
514.9
508.763
502.591
496.789
491.707
487.214
482.753
477.845
472.38
466.486
460.359
454.204
448.196
442.432
436.956
431.761
426.759
421.926
417.422
413.392
409.782
406.515
403.528
400.519
397.025
392.777
387.86
382.522
376.96
371.356
365.8
360.16
354.394
348.633
342.842
336.786
330.06
322.323
313.696
839.682
839.498
839.159
838.639
837.925
837.021
835.94
834.726
833.425
832.067
830.694
829.366
828.137
827.034
826.05
825.152
824.279
823.357
822.308
821.065
819.574
817.804
815.734
813.338
810.591
807.489
804.056
800.355
796.474
792.49
788.411
784.155
779.58
774.555
769.013
762.96
756.452
749.573
742.427
735.136
727.841
720.701
713.884
707.568
701.924
697.11
693.266
690.508
688.916
688.526
689.331
691.279
694.26
698.109
702.603
707.471
712.422
717.188
721.564
725.43
728.757
731.575
733.874
735.563
736.584
737.085
737.405
737.891
738.71
739.788
740.894
741.815
742.418
742.675
742.585
742.168
741.417
740.234
738.645
736.753
734.227
731.063
727.033
721.527
714.169
705.711
697.257
688.983
680.54
671.64
662.102
651.878
641.056
629.796
618.3
606.872
596.005
586.323
578.33
572.163
567.685
564.753
563.341
563.471
565.084
568.013
572.057
577.01
582.59
588.424
594.141
599.46
604.2
608.174
611.053
612.538
612.699
611.953
610.68
608.998
606.805
604.04
600.791
597.169
593.276
589.231
585.087
580.795
576.328
571.765
567.24
562.88
558.718
554.636
550.467
546.118
541.557
536.756
531.676
526.285
520.558
514.446
507.921
501.22
495
489.865
485.665
481.566
476.851
471.366
465.31
458.941
452.506
446.243
440.297
434.749
429.636
424.867
420.321
416.067
412.259
408.896
405.913
403.191
400.362
396.952
392.731
387.831
382.526
377.001
371.41
365.84
360.19
354.415
348.632
342.82
336.748
329.975
322.125
313.337
844.538
844.384
844.124
843.724
843.163
842.438
841.56
840.56
839.466
838.288
837.044
835.765
834.483
833.222
831.983
830.748
829.477
828.121
826.627
824.948
823.048
820.893
818.45
815.684
812.574
809.123
805.372
801.392
797.269
793.055
788.719
784.139
779.146
773.602
767.456
760.735
753.512
745.882
737.961
729.89
721.838
713.993
706.561
699.745
693.736
688.697
684.759
682.018
680.539
680.351
681.453
683.803
687.301
691.782
697.011
702.688
708.467
714.018
719.083
723.505
727.227
730.319
732.89
734.928
736.305
737.02
737.333
737.667
738.423
739.732
741.335
742.83
743.956
744.647
744.956
744.912
744.458
743.534
742.273
740.344
737.828
734.642
730.432
724.561
716.665
707.686
698.825
690.22
681.48
672.34
662.62
652.269
641.378
630.113
618.679
607.358
596.592
586.943
578.895
572.632
568.08
565.1
563.648
563.729
565.26
568.061
571.942
576.711
582.09
587.732
593.298
598.498
603.102
606.911
609.666
611.109
611.236
610.393
609.029
607.366
605.306
602.686
599.55
596.044
592.271
588.329
584.284
580.105
575.746
571.255
566.755
562.387
558.22
554.156
550.017
545.7
541.183
536.452
531.456
526.121
520.366
514.061
507.1
499.789
493.056
487.788
483.819
480.037
475.48
469.939
463.689
457.068
450.35
443.792
437.616
431.962
426.897
422.37
418.227
414.391
410.909
407.813
405.092
402.631
400.023
396.759
392.622
387.78
382.518
377.023
371.44
365.85
360.181
354.395
348.587
342.741
336.644
329.837
321.912
312.995
849.501
849.37
849.179
848.893
848.481
847.929
847.24
846.43
845.511
844.486
843.352
842.115
840.792
839.399
837.946
836.427
834.825
833.114
831.264
829.244
827.018
824.547
821.787
818.699
815.267
811.507
807.468
803.224
798.854
794.387
789.766
784.844
779.433
773.392
766.677
759.334
751.451
743.139
734.53
725.79
717.116
708.728
700.856
693.716
687.496
682.343
678.366
675.642
674.23
674.167
675.465
678.094
681.964
686.912
692.698
699
705.435
711.603
717.209
722.089
726.16
729.463
732.177
734.45
736.222
737.332
737.859
738.196
738.832
740.11
741.941
743.835
745.37
746.394
746.953
747.108
746.862
746.229
745.094
743.306
740.968
737.815
733.569
727.552
719.332
709.946
700.733
691.835
682.841
673.526
663.715
653.349
642.509
631.365
620.124
609.045
598.505
588.986
580.933
574.579
569.921
566.852
565.308
565.261
566.613
569.194
572.838
577.353
582.449
587.797
593.107
598.1
602.487
606.03
608.533
609.84
609.927
609.018
607.546
605.843
603.864
601.368
598.322
594.907
591.257
587.432
583.487
579.414
575.161
570.752
566.297
561.941
557.777
553.728
549.609
545.306
540.813
536.141
531.243
525.996
520.252
513.794
506.447
498.583
491.353
485.865
481.939
478.262
473.713
468.062
461.609
454.708
447.666
440.784
434.335
428.525
423.486
419.205
415.506
412.21
409.22
406.498
404.064
401.864
399.503
396.439
392.447
387.699
382.486
377.015
371.434
365.819
360.125
354.328
348.494
342.606
336.478
329.65
321.686
312.676
854.398
854.303
854.176
853.975
853.677
853.252
852.688
851.995
851.184
850.245
849.165
847.937
846.573
845.084
843.48
841.767
839.942
837.992
835.9
833.642
831.183
828.477
825.474
822.138
818.457
814.456
810.187
805.718
801.118
796.403
791.504
786.267
780.499
774.05
766.878
759.034
750.627
741.784
732.654
723.424
714.311
705.557
697.402
690.065
683.722
678.503
674.499
671.779
670.4
670.411
671.828
674.621
678.707
683.933
690.053
696.746
703.612
710.189
716.109
721.239
725.55
729.033
731.841
734.245
736.327
737.867
738.711
739.122
739.654
740.799
742.637
744.736
746.545
747.799
748.504
748.769
748.612
748.094
747.07
745.572
743.332
740.324
736.184
730.247
721.999
712.381
702.873
693.712
684.514
675.082
665.265
654.99
644.319
633.412
622.475
611.749
601.551
592.275
584.31
577.91
573.14
569.942
568.244
567.993
569.088
571.382
574.727
578.918
583.65
588.619
593.583
598.263
602.326
605.5
607.643
608.706
608.713
607.785
606.254
604.487
602.516
600.098
597.13
593.789
590.25
586.55
582.711
578.734
574.581
570.259
565.865
561.539
557.385
553.349
549.244
544.948
540.464
535.836
531.032
525.891
520.201
513.676
506.102
497.894
490.312
484.526
480.344
476.416
471.617
465.722
459.011
451.799
444.363
437.066
430.283
424.285
419.268
415.265
412.07
409.422
407.086
404.884
402.812
400.895
398.806
395.993
392.195
387.573
382.419
376.968
371.385
365.744
360.024
354.214
348.353
342.42
336.256
329.424
321.456
312.388
859.302
859.272
859.214
859.067
858.813
858.437
857.926
857.279
856.504
855.596
854.538
853.31
851.91
850.351
848.648
846.811
844.841
842.732
840.474
838.046
835.418
832.545
829.378
825.877
822.032
817.87
813.437
808.794
803.993
799.047
793.896
788.397
782.368
775.652
768.187
760.022
751.274
742.091
732.638
723.112
713.742
704.776
696.459
689.009
682.593
677.331
673.307
670.585
669.226
669.275
670.747
673.606
677.769
683.09
689.328
696.147
703.161
709.9
715.905
721.026
725.356
728.937
731.821
734.259
736.5
738.414
739.599
740.067
740.476
741.519
743.3
745.403
747.333
748.754
749.569
749.868
749.776
749.266
748.355
746.951
744.829
741.901
737.959
732.36
724.448
714.863
705.158
695.787
686.446
676.953
667.197
657.103
646.704
636.139
625.599
615.309
605.535
596.596
588.818
582.449
577.599
574.258
572.365
571.858
572.646
574.605
577.592
581.377
585.657
590.174
594.709
598.964
602.574
605.271
606.969
607.71
607.572
606.638
605.117
603.315
601.304
598.895
595.984
592.707
589.263
585.686
581.953
578.068
574.009
569.779
565.458
561.177
557.043
553.014
548.917
544.625
540.145
535.544
530.813
525.777
520.176
513.706
506.154
497.915
490.17
483.992
479.21
474.633
469.289
462.978
455.884
448.234
440.291
432.463
425.245
419.018
414.029
410.355
407.76
405.895
404.392
402.888
401.299
399.721
397.94
395.419
391.856
387.389
382.31
376.88
371.29
365.625
359.881
354.057
348.172
342.193
335.991
329.166
321.226
312.138
864.011
863.987
863.93
863.776
863.496
863.112
862.605
861.965
861.194
860.287
859.23
858.005
856.594
854.998
853.23
851.308
849.237
847.018
844.641
842.091
839.345
836.364
833.105
829.529
825.619
821.387
816.874
812.128
807.189
802.071
796.731
791.061
784.901
778.1
770.574
762.342
753.515
744.247
734.716
725.124
715.698
706.688
698.336
690.856
684.413
679.125
675.078
672.341
670.973
671.017
672.476
675.307
679.41
684.646
690.784
697.464
704.294
710.849
716.657
721.522
725.624
729.119
732.018
734.473
736.754
738.865
740.391
741.069
741.43
742.346
744.029
745.983
747.761
749.155
750.047
750.382
750.279
749.793
748.864
747.393
745.355
742.471
738.58
733.399
726.196
717.042
707.346
697.869
688.478
679
669.361
659.507
649.449
639.292
629.205
619.39
610.078
601.532
594.022
587.77
582.902
579.442
577.353
576.581
577.054
578.664
581.248
584.559
588.331
592.352
596.392
600.115
603.165
605.32
606.549
606.939
606.601
605.618
604.126
602.327
600.272
597.834
594.952
591.743
588.376
584.894
581.252
577.446
573.473
569.335
565.096
560.874
556.764
552.734
548.633
544.343
539.868
535.279
530.587
525.629
520.14
513.849
506.585
498.635
490.895
484.219
478.552
473.025
466.897
459.983
452.327
444.042
435.404
426.9
419.148
412.654
407.725
404.439
402.529
401.57
401.077
400.465
399.506
398.353
396.921
394.722
391.425
387.137
382.148
376.745
371.153
365.47
359.706
353.868
347.958
341.934
335.692
328.882
320.998
311.929
868.261
868.115
867.941
867.728
867.439
867.046
866.535
865.894
865.118
864.207
863.148
861.921
860.507
858.897
857.093
855.109
852.959
850.648
848.174
845.526
842.687
839.63
836.32
832.718
828.799
824.562
820.031
815.246
810.239
805.026
799.582
793.831
787.651
780.908
773.505
765.43
756.76
747.64
738.249
728.786
719.478
710.563
702.279
694.837
688.404
683.107
679.041
676.284
674.893
674.893
676.273
678.986
682.917
687.916
693.773
700.114
706.532
712.663
718.066
722.504
726.222
729.504
732.332
734.741
737.01
739.252
741.096
742.108
742.598
743.39
744.816
746.501
748.051
749.286
750.108
750.458
750.312
749.727
748.744
747.244
745.085
742.199
738.37
733.456
726.997
718.61
709.216
699.776
690.421
681.027
671.544
661.948
652.242
642.502
632.869
623.524
614.668
606.524
599.313
593.228
588.393
584.853
582.603
581.609
581.808
583.083
585.243
588.06
591.328
594.852
598.354
601.481
603.934
605.567
606.38
606.457
605.91
604.829
603.321
601.514
599.425
596.962
594.1
590.952
587.65
584.227
580.646
576.903
573.005
568.953
564.799
560.639
556.554
552.515
548.397
544.106
539.641
535.057
530.372
525.455
520.073
514.024
507.198
499.714
492.062
484.85
478.196
471.611
464.586
456.907
448.474
439.33
429.804
420.497
412.139
405.355
400.521
397.694
396.529
396.556
397.2
397.644
397.46
396.823
395.782
393.927
390.913
386.82
381.933
376.567
370.981
365.289
359.511
353.661
347.727
341.659
335.376
328.582
320.777
311.77
872.191
871.935
871.639
871.334
870.99
870.558
870.023
869.359
868.562
867.627
866.55
865.311
863.889
862.268
860.441
858.416
856.205
853.816
851.256
848.518
845.594
842.463
839.1
835.472
831.552
827.33
822.815
818.034
813.015
807.772
802.295
796.533
790.4
783.79
776.609
768.821
760.468
751.663
742.571
733.386
724.324
715.615
707.486
700.148
693.776
688.509
684.451
681.681
680.252
680.165
681.397
683.906
687.57
692.218
697.656
703.51
709.358
714.914
719.817
723.779
727.034
730.014
732.751
735.116
737.303
739.551
741.625
742.994
743.707
744.409
745.479
746.795
748.133
749.278
750.028
750.284
750.042
749.343
748.212
746.594
744.369
741.431
737.615
732.866
726.996
719.492
710.69
701.483
692.256
683
673.699
664.364
655.004
645.669
636.472
627.572
619.148
611.386
604.474
598.577
593.813
590.247
587.897
586.737
586.69
587.617
589.336
591.675
594.469
597.486
600.404
602.901
604.771
605.934
606.398
606.224
605.497
604.302
602.732
600.873
598.737
596.261
593.426
590.323
587.063
583.672
580.127
576.436
572.607
568.633
564.557
560.458
556.4
552.348
548.204
543.909
539.459
534.882
530.187
525.278
519.974
514.156
507.786
500.799
493.245
485.512
477.93
470.332
462.362
453.755
444.322
434.105
423.533
413.339
404.347
397.27
392.564
390.258
389.891
390.953
392.82
394.454
395.176
395.146
394.544
393.052
390.332
386.442
381.67
376.353
370.783
365.091
359.306
353.445
347.489
341.38
335.055
328.275
320.566
311.661
876.054
875.744
875.343
874.903
874.415
873.885
873.282
872.563
871.715
870.732
869.606
868.328
866.877
865.234
863.388
861.335
859.082
856.637
854.006
851.189
848.18
844.967
841.532
837.857
833.919
829.704
825.211
820.456
815.459
810.233
804.776
799.055
793.011
786.564
779.636
772.182
764.214
755.815
747.123
738.314
729.592
721.177
713.286
706.127
699.88
694.691
690.668
687.885
686.388
686.168
687.197
689.436
692.76
696.981
701.9
707.16
712.365
717.303
721.676
725.157
727.941
730.579
733.207
735.562
737.679
739.877
742.081
743.717
744.583
745.161
745.885
746.847
747.979
749.052
749.766
749.943
749.583
748.732
747.435
745.675
743.339
740.367
736.585
731.911
726.414
719.7
711.662
702.915
693.951
684.899
675.803
666.721
657.686
648.733
639.949
631.464
623.438
616.032
609.41
603.717
599.066
595.531
593.124
591.807
591.493
592.054
593.358
595.274
597.616
600.095
602.394
604.271
605.605
606.355
606.522
606.142
605.274
603.981
602.33
600.389
598.187
595.693
592.882
589.814
586.576
583.199
579.68
576.036
572.268
568.365
564.357
560.312
556.283
552.222
548.05
543.75
539.322
534.759
530.048
525.123
519.856
514.212
508.23
501.661
494.169
485.99
477.629
469.124
460.183
450.495
439.876
428.445
416.746
405.636
396.019
388.662
384.1
382.346
382.802
384.913
388.049
390.96
392.693
393.352
393.235
392.122
389.7
386.017
381.368
376.112
370.566
364.884
359.099
353.231
347.256
341.108
334.74
327.968
320.364
311.6
880.037
879.614
879.036
878.401
877.75
877.101
876.402
875.6
874.675
873.618
872.42
871.07
869.556
867.863
865.98
863.9
861.623
859.15
856.481
853.611
850.531
847.232
843.707
839.952
835.958
831.72
827.236
822.511
817.557
812.381
806.981
801.338
795.408
789.135
782.457
775.33
767.755
759.786
751.533
743.152
734.829
726.767
719.176
712.256
706.183
701.105
697.13
694.327
692.741
692.367
693.172
695.111
698.047
701.787
706.127
710.729
715.269
719.618
723.5
726.511
728.816
731.11
733.663
736.064
738.124
740.233
742.504
744.341
745.31
745.741
746.134
746.749
747.64
748.596
749.257
749.381
748.927
747.956
746.508
744.599
742.159
739.124
735.404
730.834
725.535
719.384
712.106
703.974
695.433
686.686
677.839
669.004
660.262
651.656
643.253
635.157
627.504
620.437
614.1
608.621
604.104
600.603
598.121
596.622
596.035
596.273
597.235
598.774
600.647
602.552
604.234
605.543
606.408
606.794
606.694
606.128
605.14
603.764
602.038
600.016
597.744
595.221
592.423
589.38
586.157
582.789
579.294
575.691
571.977
568.134
564.18
560.183
556.184
552.123
547.932
543.629
539.229
534.688
529.963
525.007
519.742
514.217
508.523
502.232
494.732
486.212
477.251
467.937
457.989
447.103
435.194
422.52
409.704
397.695
387.468
379.838
375.42
374.215
375.483
378.626
383.028
387.254
390.068
391.481
391.886
391.165
389.039
385.563
381.041
375.854
370.342
364.675
358.896
353.025
347.034
340.852
334.442
327.671
320.171
311.58
884.149
883.537
882.685
881.813
881
880.222
879.406
878.494
877.467
876.317
875.033
873.596
871.992
870.212
868.259
866.133
863.832
861.35
858.676
855.787
852.661
849.288
845.671
841.82
837.743
833.448
828.94
824.228
819.316
814.206
808.892
803.356
797.562
791.467
785.024
778.198
770.984
763.422
755.601
747.654
739.745
732.062
724.8
718.147
712.274
707.325
703.408
700.593
698.927
698.406
698.991
700.616
703.139
706.367
710.093
714.027
717.947
721.78
725.21
727.751
729.575
731.551
734.086
736.619
738.682
740.687
742.953
744.894
745.889
746.17
746.297
746.618
747.246
748.016
748.571
748.635
748.117
747.051
745.493
743.461
740.927
737.838
734.152
729.724
724.586
718.788
712.125
704.633
696.614
688.281
679.757
671.193
662.72
654.418
646.352
638.608
631.299
624.547
618.476
613.193
608.783
605.288
602.72
601.062
600.267
600.266
600.941
602.092
603.455
604.779
605.898
606.716
607.177
607.241
606.894
606.154
605.048
603.593
601.801
599.712
597.379
594.822
592.027
589.005
585.796
582.439
578.966
575.395
571.72
567.922
564.011
560.054
556.086
552.036
547.841
543.544
539.174
534.663
529.931
524.942
519.661
514.22
508.713
502.541
494.969
486.213
476.789
466.721
455.732
443.603
430.418
416.567
402.714
389.838
379
371.087
366.788
366.101
368.148
372.287
377.918
383.449
387.372
389.581
390.536
390.212
388.374
385.098
380.706
375.594
370.12
364.473
358.703
352.831
346.829
340.62
334.168
327.39
319.986
311.589
888.249
887.433
886.274
885.141
884.144
883.222
882.267
881.22
880.073
878.826
877.456
875.93
874.219
872.32
870.256
868.053
865.712
863.229
860.581
857.716
854.581
851.159
847.461
843.51
839.329
834.946
830.384
825.659
820.775
815.732
810.516
805.105
799.464
793.553
787.333
780.778
773.885
766.686
759.257
751.712
744.198
736.884
729.949
723.57
717.909
713.106
709.268
706.463
704.736
704.082
704.452
705.76
707.86
710.565
713.677
716.985
720.375
723.778
726.787
728.858
730.235
731.95
734.503
737.214
739.358
741.275
743.455
745.395
746.357
746.472
746.362
746.436
746.849
747.455
747.879
747.828
747.225
746.089
744.449
742.327
739.716
736.587
732.919
728.619
723.653
718.104
711.886
704.951
697.466
689.603
681.476
673.232
665.035
657.007
649.23
641.787
634.774
628.295
622.452
617.333
613.009
609.532
606.927
605.181
604.252
604.051
604.416
605.13
605.968
606.761
607.399
607.806
607.92
607.697
607.125
606.217
604.992
603.453
601.598
599.455
597.073
594.482
591.683
588.677
585.488
582.147
578.689
575.134
571.479
567.711
563.838
559.916
555.98
551.952
547.768
543.488
539.151
534.672
529.943
524.928
519.638
514.262
508.842
502.644
494.967
486.058
476.245
465.437
453.405
440.082
425.736
410.835
396.033
382.313
370.832
362.609
358.403
358.198
360.984
366.075
372.88
379.667
384.688
387.709
389.225
389.294
387.732
384.647
380.382
375.345
369.91
364.283
358.523
352.653
346.646
340.415
333.927
327.133
319.812
311.615
892.045
891.052
889.646
888.255
887.076
886.028
884.938
883.735
882.457
881.12
879.684
878.079
876.247
874.197
871.993
869.686
867.289
864.808
862.211
859.398
856.277
852.827
849.068
845.027
840.744
836.264
831.626
826.859
821.979
816.987
811.869
806.592
801.114
795.393
789.391
783.085
776.475
769.595
762.511
755.326
748.171
741.2
734.577
728.466
723.019
718.369
714.619
711.837
710.062
709.288
709.447
710.439
712.119
714.311
716.849
719.62
722.588
725.629
728.232
729.862
730.889
732.434
734.986
737.795
740.037
741.91
743.938
745.766
746.667
746.654
746.345
746.214
746.45
746.923
747.237
747.067
746.339
745.107
743.404
741.228
738.57
735.415
731.761
727.561
722.761
717.42
711.526
705.033
698.026
690.63
682.933
675.058
667.169
659.413
651.898
644.714
637.952
631.705
626.059
621.093
616.874
613.459
610.864
609.068
608.008
607.565
607.567
607.824
608.181
608.525
608.767
608.828
608.642
608.165
607.387
606.319
604.972
603.345
601.428
599.236
596.81
594.187
591.377
588.384
585.217
581.892
578.442
574.887
571.238
567.496
563.658
559.77
555.865
551.866
547.709
543.455
539.152
534.707
529.988
524.962
519.68
514.349
508.928
502.6
494.819
485.805
475.614
464.068
451.048
436.662
421.327
405.517
389.82
375.247
363.078
354.515
350.392
350.647
354.144
360.149
368.064
376.029
382.102
385.922
387.995
388.442
387.138
384.23
380.084
375.121
369.724
364.113
358.361
352.493
346.485
340.241
333.722
326.907
319.648
311.646
895.443
894.232
892.572
890.933
889.634
888.534
887.359
886.009
884.583
883.18
881.719
880.069
878.108
875.865
873.482
871.045
868.575
866.108
863.594
860.854
857.755
854.287
850.478
846.358
841.978
837.403
832.689
827.875
822.986
818.029
812.992
807.838
802.52
796.986
791.196
785.126
778.777
772.181
765.402
758.536
751.703
745.043
738.708
732.846
727.6
723.097
719.438
716.686
714.875
713.983
713.928
714.605
715.884
717.599
719.639
721.987
724.621
727.331
729.544
730.805
731.619
733.096
735.618
738.399
740.646
742.463
744.304
745.956
746.785
746.702
746.249
745.965
746.074
746.431
746.628
746.34
745.495
744.158
742.382
740.164
737.485
734.329
730.698
726.577
721.922
716.765
711.124
704.974
698.364
691.39
684.117
676.637
669.09
661.63
654.381
647.444
640.913
634.877
629.419
624.61
620.514
617.168
614.575
612.698
611.455
610.72
610.341
610.182
610.134
610.108
610.019
609.785
609.337
608.637
607.674
606.454
604.987
603.268
601.288
599.049
596.584
593.929
591.101
588.112
584.961
581.652
578.205
574.645
570.999
567.279
563.477
559.623
555.747
551.78
547.66
543.442
539.174
534.761
530.056
525.036
519.774
514.47
508.972
502.463
494.601
485.487
474.893
462.631
448.738
433.469
417.324
400.718
384.143
368.685
355.797
346.884
342.849
343.558
347.751
354.643
363.6
372.649
379.698
384.277
386.884
387.686
386.616
383.866
379.829
374.933
369.567
363.969
358.222
352.353
346.345
340.097
333.557
326.72
319.501
311.672
898.79
897.209
895.088
893.137
891.787
890.731
889.558
888.057
886.441
884.994
883.566
881.924
879.812
877.304
874.698
872.106
869.551
867.126
864.745
862.111
859.055
855.589
851.738
847.538
843.064
838.399
833.609
828.741
823.833
818.903
813.938
808.897
803.724
798.362
792.767
786.912
780.799
774.46
767.956
761.376
754.832
748.452
742.374
736.739
731.681
727.321
723.752
721.027
719.171
718.15
717.878
718.261
719.173
720.464
722.104
724.138
726.491
728.877
730.729
731.724
732.457
733.942
736.417
739.089
741.246
742.952
744.569
745.999
746.738
746.625
746.092
745.708
745.728
745.98
746.052
745.64
744.683
743.252
741.406
739.149
736.457
733.313
729.718
725.67
721.141
716.146
710.713
704.837
698.553
691.937
685.051
677.96
670.777
663.639
656.677
649.997
643.698
637.87
632.591
627.93
623.935
620.624
617.988
615.981
614.516
613.482
612.761
612.254
611.874
611.54
611.167
610.674
609.997
609.101
607.974
606.616
605.034
603.223
601.175
598.889
596.387
593.701
590.853
587.858
584.715
581.417
577.975
574.416
570.774
567.073
563.304
559.483
555.634
551.698
547.621
543.446
539.214
534.83
530.143
525.142
519.906
514.604
508.979
502.284
494.362
485.116
474.083
461.167
446.56
430.6
413.799
396.468
379.016
362.641
349.035
339.795
335.87
337.038
341.92
349.676
359.603
369.626
377.55
382.828
385.929
387.052
386.185
383.57
379.627
374.788
369.449
363.856
358.108
352.235
346.228
339.982
333.43
326.575
319.377
311.689
902.669
900.18
897.418
895.194
893.821
892.825
891.665
889.916
888.051
886.551
885.208
883.669
881.419
878.604
875.741
872.949
870.256
867.88
865.675
863.155
860.135
856.684
852.815
848.554
843.996
839.246
834.383
829.466
824.542
819.635
814.733
809.792
804.752
799.55
794.132
788.472
782.571
776.46
770.199
763.874
757.589
751.461
745.621
740.198
735.316
731.083
727.583
724.871
722.963
721.814
721.337
721.449
722.024
722.952
724.293
726.101
728.209
730.28
731.825
732.658
733.392
734.921
737.337
739.86
741.876
743.433
744.811
745.988
746.602
746.464
745.899
745.461
745.418
745.571
745.509
744.967
743.905
742.391
740.483
738.19
735.489
732.361
728.804
724.826
720.41
715.562
710.309
704.66
698.644
692.33
685.778
679.043
672.213
665.407
658.744
652.332
646.268
640.641
635.527
630.987
627.054
623.739
621.027
618.868
617.186
615.89
614.887
614.096
613.44
612.84
612.218
611.497
610.619
609.551
608.278
606.796
605.107
603.205
601.088
598.753
596.215
593.5
590.63
587.623
584.48
581.189
577.756
574.207
570.574
566.885
563.142
559.353
555.529
551.626
547.594
543.465
539.271
534.914
530.248
525.273
520.063
514.744
508.964
502.106
494.13
484.696
473.209
459.746
444.6
428.117
410.771
392.765
374.448
357.153
342.861
333.342
329.57
331.2
336.761
345.352
356.17
367.046
375.727
381.622
385.162
386.56
385.86
383.354
379.485
374.692
369.37
363.778
358.022
352.141
346.13
339.894
333.34
326.474
319.286
311.7
907.089
903.07
899.746
897.224
895.695
894.688
893.574
891.635
889.421
887.782
886.667
885.46
883.093
879.752
876.494
873.49
870.687
868.427
866.447
864.06
861.094
857.658
853.738
849.394
844.762
839.951
835.034
830.074
825.14
820.264
815.431
810.589
805.671
800.609
795.348
789.861
784.151
778.249
772.213
766.123
760.078
754.187
748.568
743.339
738.611
734.488
731.053
728.358
726.401
725.12
724.445
724.298
724.554
725.164
726.284
727.942
729.86
731.65
732.937
733.662
734.432
736.009
738.342
740.684
742.532
743.926
745.073
745.985
746.437
746.265
745.7
745.241
745.135
745.169
744.96
744.284
743.121
741.533
739.573
737.246
734.536
731.423
727.907
723.996
719.686
714.977
709.893
704.45
698.676
692.631
686.378
679.971
673.481
667.006
660.65
654.515
648.694
643.269
638.312
633.873
629.983
626.648
623.851
621.547
619.669
618.145
616.899
615.857
614.949
614.103
613.246
612.31
611.243
610.012
608.6
607
605.205
603.212
601.02
598.631
596.054
593.307
590.412
587.388
584.239
580.952
577.531
573.997
570.375
566.696
562.978
559.222
555.427
551.561
547.579
543.5
539.348
535.018
530.379
525.439
520.258
514.9
508.949
501.949
493.904
484.203
472.251
458.341
442.783
425.871
408.021
389.336
370.123
351.89
336.919
327.158
323.589
325.717
331.993
341.448
353.13
364.782
374.148
380.61
384.55
386.192
385.631
383.21
379.4
374.642
369.33
363.731
357.962
352.066
346.046
339.82
333.278
326.41
319.229
311.72
909.633
905.379
901.916
899.225
897.402
896.122
894.817
892.816
890.722
889.132
888.21
887.292
884.647
880.63
877.042
873.869
870.795
868.544
866.875
864.698
861.86
858.548
854.645
850.242
845.524
840.627
835.639
830.636
825.691
820.843
816.077
811.338
806.552
801.637
796.532
791.21
785.677
779.968
774.143
768.279
762.467
756.805
751.399
746.356
741.783
737.775
734.404
731.71
729.679
728.261
727.396
726.986
726.905
727.213
728.165
729.762
731.58
733.139
734.18
734.802
735.614
737.226
739.435
741.552
743.203
744.433
745.364
746.017
746.283
746.061
745.517
745.054
744.865
744.743
744.36
743.545
742.289
740.64
738.636
736.284
733.565
730.467
726.991
723.148
718.941
714.368
709.45
704.204
698.659
692.867
686.891
680.788
674.618
668.462
662.411
656.554
650.975
645.75
640.943
636.599
632.748
629.395
626.521
624.088
622.04
620.316
618.85
617.578
616.434
615.353
614.271
613.129
611.879
610.49
608.944
607.228
605.33
603.245
600.976
598.527
595.905
593.123
590.2
587.153
583.989
580.698
577.284
573.767
570.16
566.495
562.805
559.087
555.33
551.508
547.582
543.558
539.452
535.151
530.547
525.649
520.497
515.085
508.962
501.844
493.7
483.658
471.283
457.076
441.246
424
405.711
386.392
366.325
347.225
331.666
321.753
318.425
321.057
328.05
338.356
350.823
363.108
373.014
379.935
384.201
386.023
385.549
383.174
379.396
374.657
369.345
363.732
357.942
352.023
345.986
339.766
333.247
326.397
319.231
311.773
911.458
907.354
903.934
901.154
899.04
897.376
895.752
893.798
891.85
890.286
889.024
887.637
885.062
881.227
877.557
874.112
870.687
868.612
867.418
865.351
862.531
859.284
855.38
850.968
846.233
841.284
836.215
831.138
826.169
821.36
816.681
812.061
807.413
802.647
797.702
792.553
787.206
781.695
776.079
770.434
764.846
759.405
754.209
749.357
744.938
741.024
737.694
734.989
732.889
731.34
730.269
729.544
729.095
729.134
729.994
731.632
733.435
734.799
735.589
736.108
736.971
738.586
740.609
742.441
743.857
744.914
745.658
746.085
746.166
745.88
745.355
744.876
744.573
744.268
743.704
742.757
741.417
739.717
737.682
735.313
732.592
729.509
726.071
722.294
718.184
713.744
708.985
703.928
698.598
693.042
687.321
681.493
675.614
669.752
663.985
658.389
653.039
648.004
643.339
639.088
635.279
631.914
628.977
626.433
624.238
622.338
620.678
619.2
617.842
616.546
615.258
613.925
612.505
610.968
609.292
607.464
605.469
603.3
600.957
598.447
595.777
592.958
590.004
586.93
583.743
580.438
577.023
573.515
569.926
566.284
562.627
558.952
555.241
551.471
547.602
543.637
539.577
535.308
530.744
525.894
520.77
515.292
509.021
501.815
493.534
483.133
470.455
456.122
440.154
422.681
404.073
384.272
363.545
343.793
327.852
317.915
314.829
317.894
325.514
336.546
349.605
362.284
372.51
379.723
384.188
386.095
385.638
383.262
379.481
374.737
369.412
363.781
357.967
352.021
345.958
339.737
333.247
326.432
319.296
311.875
912.978
909.122
905.787
902.935
900.565
898.548
896.661
894.718
892.769
890.968
889.219
887.313
884.794
881.42
877.812
874.374
871.454
869.461
867.696
865.705
863.433
860.227
856.119
851.581
846.773
841.775
836.673
831.589
826.641
821.88
817.292
812.808
808.32
803.713
798.919
793.92
788.735
783.409
778
772.579
767.221
762.006
757.02
752.342
748.044
744.212
740.931
738.218
736.045
734.365
733.051
731.949
731.142
731.009
731.884
733.595
735.365
736.541
737.127
737.605
738.537
740.092
741.851
743.346
744.485
745.342
745.914
746.159
746.081
745.722
745.19
744.666
744.224
743.732
743.001
741.935
740.522
738.778
736.717
734.336
731.619
728.556
725.157
721.442
717.425
713.109
708.503
703.624
698.497
693.165
687.683
682.107
676.492
670.898
665.39
660.036
654.901
650.045
645.519
641.361
637.597
634.227
631.237
628.599
626.275
624.223
622.393
620.73
619.179
617.688
616.209
614.701
613.122
611.443
609.644
607.708
605.62
603.372
600.961
598.393
595.673
592.812
589.823
586.717
583.502
580.178
576.752
573.246
569.673
566.061
562.443
558.815
555.157
551.445
547.64
543.736
539.723
535.488
530.971
526.172
521.071
515.527
509.139
501.867
493.415
482.685
469.847
455.529
439.522
421.93
403.158
383.09
361.982
341.871
325.773
315.918
313.056
316.459
324.574
336.145
349.545
362.352
372.668
379.991
384.515
386.403
385.889
383.462
379.646
374.875
369.526
363.872
358.034
352.059
345.967
339.733
333.267
326.501
319.414
312.038
914.337
910.704
907.439
904.53
901.974
899.715
897.635
895.588
893.49
891.419
889.35
887.176
884.721
881.674
878.289
875.211
872.564
870.175
868.063
866.072
863.642
860.575
856.871
852.445
847.539
842.427
837.216
832.035
827.037
822.3
817.807
813.468
809.149
804.727
800.127
795.322
790.321
785.174
779.952
774.732
769.589
764.59
759.802
755.298
751.155
747.435
744.168
741.399
739.169
737.366
735.722
734.166
733.077
732.957
733.964
735.664
737.271
738.268
738.783
739.324
740.295
741.683
743.111
744.258
745.105
745.733
746.125
746.22
746.022
745.588
745.014
744.415
743.828
743.162
742.282
741.11
739.627
737.84
735.753
733.362
730.651
727.611
724.254
720.602
716.673
712.474
708.012
703.301
698.366
693.245
687.987
682.647
677.275
671.924
666.651
661.517
656.58
651.891
647.497
643.431
639.713
636.344
633.314
630.598
628.167
625.985
624.004
622.176
620.449
618.779
617.128
615.457
613.73
611.916
609.997
607.957
605.781
603.46
600.987
598.365
595.596
592.691
589.659
586.515
583.267
579.917
576.476
572.968
569.409
565.825
562.25
558.674
555.076
551.43
547.694
543.854
539.889
535.694
531.228
526.482
521.398
515.794
509.321
501.995
493.357
482.368
469.514
455.313
439.349
421.76
403.008
382.944
361.798
341.68
325.655
315.952
313.276
316.907
325.349
337.214
350.656
363.306
373.481
380.727
385.166
386.927
386.284
383.76
379.877
375.06
369.678
363.998
358.136
352.134
346.011
339.757
333.306
326.589
319.57
312.26
915.592
912.13
908.925
905.988
903.324
900.899
898.63
896.408
894.162
891.927
889.696
887.396
884.904
882.009
878.894
875.98
873.232
870.649
868.369
866.097
863.499
860.526
857.055
853.027
848.438
843.293
837.809
832.336
827.137
822.325
817.91
813.79
809.744
805.56
801.154
796.547
791.776
786.88
781.908
776.924
772.001
767.206
762.613
758.302
754.297
750.576
747.261
744.551
742.37
740.303
738.104
736.132
735.041
735.185
736.333
737.858
739.164
740.008
740.568
741.195
742.097
743.212
744.293
745.136
745.726
746.123
746.324
746.28
745.985
745.484
744.849
744.159
743.433
742.607
741.589
740.312
738.757
736.92
734.803
732.398
729.693
726.679
723.367
719.78
715.937
711.849
707.523
702.97
698.215
693.291
688.243
683.122
677.975
672.848
667.792
662.859
658.101
653.566
649.293
645.313
641.642
638.282
635.223
632.446
629.926
627.628
625.513
623.535
621.65
619.821
618.013
616.193
614.326
612.386
610.353
608.214
605.955
603.565
601.036
598.363
595.547
592.595
589.516
586.326
583.036
579.656
576.196
572.682
569.131
565.573
562.042
558.525
554.993
551.422
547.763
543.99
540.074
535.924
531.513
526.82
521.747
516.096
509.568
502.196
493.379
482.226
469.475
455.466
439.625
422.171
403.632
383.869
363.062
343.306
327.593
318.097
315.553
319.292
327.866
339.729
352.882
365.097
374.908
381.896
386.105
387.633
386.795
384.135
380.159
375.281
369.859
364.15
358.266
352.239
346.088
339.811
333.365
326.693
319.749
312.523
916.759
913.425
910.279
907.337
904.599
902.04
899.61
897.246
894.894
892.545
890.184
887.749
885.157
882.343
879.4
876.502
873.718
871.113
868.652
866.115
863.358
860.32
856.916
853.079
848.702
843.694
838.178
832.526
827.152
822.341
818.111
814.208
810.325
806.313
802.133
797.744
793.147
788.428
783.692
778.995
774.368
769.839
765.468
761.318
757.388
753.71
750.489
747.841
745.445
742.889
740.301
738.323
737.504
737.877
738.978
740.202
741.183
741.877
742.436
743.034
743.758
744.571
745.344
745.944
746.331
746.528
746.543
746.356
745.964
745.395
744.696
743.915
743.061
742.09
740.937
739.554
737.919
736.028
733.875
731.452
728.75
725.763
722.499
718.978
715.222
711.241
707.043
702.64
698.053
693.313
688.461
683.544
678.605
673.685
668.827
664.079
659.487
655.092
650.932
647.034
643.411
640.064
636.985
634.157
631.557
629.157
626.921
624.81
622.785
620.813
618.864
616.906
614.91
612.851
610.712
608.481
606.145
603.691
601.109
598.389
595.526
592.525
589.396
586.153
582.812
579.39
575.904
572.379
568.831
565.294
561.81
558.36
554.905
551.42
547.843
544.141
540.278
536.178
531.825
527.18
522.115
516.43
509.875
502.462
493.498
482.284
469.727
455.956
440.32
423.138
404.992
385.81
365.717
346.671
331.511
322.312
319.859
323.578
332.043
343.571
356.113
367.636
376.88
383.443
387.284
388.481
387.393
384.564
380.476
375.527
370.061
364.321
358.414
352.367
346.192
339.895
333.448
326.81
319.938
312.805
917.87
914.634
911.536
908.589
905.794
903.137
900.59
898.109
895.649
893.185
890.699
888.147
885.495
882.734
879.876
877.013
874.239
871.556
868.894
866.16
863.27
860.151
856.733
852.937
848.67
843.864
838.588
833.134
827.931
823.268
819.102
815.204
811.372
807.456
803.345
799.022
794.569
790.055
785.508
780.984
776.565
772.29
768.186
764.293
760.573
756.98
753.694
750.908
748.301
745.478
742.793
740.997
740.444
740.888
741.804
742.722
743.421
743.92
744.336
744.774
745.278
745.822
746.329
746.708
746.913
746.937
746.784
746.453
745.952
745.301
744.528
743.657
742.687
741.587
740.311
738.824
737.111
735.162
732.971
730.529
727.829
724.868
721.653
718.2
714.528
710.651
706.576
702.315
697.886
693.317
688.648
683.92
679.174
674.445
669.772
665.193
660.752
656.487
652.432
648.611
645.035
641.704
638.611
635.738
633.069
630.577
628.234
626.006
623.857
621.756
619.677
617.593
615.478
613.311
611.076
608.762
606.356
603.842
601.209
598.443
595.534
592.484
589.301
586
582.6
579.123
575.594
572.046
568.496
564.979
561.543
558.166
554.802
551.415
547.931
544.305
540.499
536.455
532.159
527.555
522.496
516.793
510.233
502.79
493.73
482.555
470.252
456.75
441.389
424.605
407.003
388.623
369.573
351.547
337.167
328.402
326.041
329.595
337.677
348.543
360.182
370.798
379.309
385.298
388.643
389.429
388.047
385.023
380.811
375.789
370.279
364.506
358.574
352.51
346.318
340.005
333.557
326.945
320.133
313.086
918.909
915.761
912.712
909.772
906.946
904.223
901.583
898.997
896.433
893.868
891.283
888.654
885.97
883.217
880.393
877.551
874.742
871.955
869.158
866.3
863.306
860.118
856.682
852.933
848.818
844.307
839.437
834.403
829.512
824.962
820.744
816.739
812.804
808.817
804.725
800.533
796.239
791.851
787.439
783.094
778.857
774.75
770.833
767.145
763.571
760.03
756.75
753.87
751.028
748.034
745.466
744.034
743.767
744.186
744.822
745.387
745.777
746.029
746.238
746.477
746.765
747.066
747.321
747.472
747.483
747.338
747.033
746.568
745.951
745.201
744.336
743.367
742.288
741.073
739.689
738.11
736.323
734.321
732.093
729.632
726.935
724.001
720.836
717.451
713.861
710.082
706.124
701.997
697.716
693.308
688.808
684.257
679.689
675.139
670.637
666.217
661.916
657.769
653.81
650.059
646.527
643.213
640.108
637.199
634.468
631.896
629.459
627.126
624.866
622.649
620.452
618.252
616.028
613.764
611.444
609.057
606.588
604.021
601.34
598.528
595.573
592.471
589.23
585.865
582.399
578.858
575.269
571.675
568.109
564.611
561.227
557.93
554.671
551.398
548.018
544.476
540.735
536.75
532.509
527.939
522.886
517.179
510.631
503.175
494.08
483.036
471.034
457.827
442.801
426.498
409.552
392.121
374.347
357.62
344.233
336.021
333.759
337.009
344.459
354.37
364.881
374.439
382.089
387.374
390.118
390.433
388.726
385.491
381.153
376.063
370.511
364.703
358.743
352.66
346.457
340.136
333.691
327.1
320.336
313.361
919.915
916.826
913.809
910.873
908.021
905.247
902.537
899.871
897.227
894.583
891.925
889.24
886.514
883.735
880.903
878.045
875.184
872.323
869.447
866.508
863.447
860.22
856.79
853.113
849.156
844.903
840.388
835.733
831.115
826.674
822.444
818.366
814.348
810.33
806.28
802.172
798.003
793.799
789.593
785.412
781.3
777.316
773.534
769.99
766.584
763.206
759.962
756.884
753.797
750.874
748.737
747.726
747.538
747.694
747.899
748.038
748.093
748.103
748.117
748.161
748.232
748.297
748.311
748.235
748.044
747.728
747.278
746.688
745.96
745.104
744.136
743.063
741.876
740.553
739.071
737.41
735.559
733.506
731.244
728.767
726.075
723.169
720.053
716.734
713.225
709.539
705.691
701.69
697.549
693.291
688.948
684.558
680.156
675.772
671.432
667.162
662.993
658.959
655.087
651.401
647.909
644.61
641.496
638.554
635.769
633.126
630.604
628.177
625.815
623.492
621.186
618.879
616.558
614.208
611.816
609.367
606.844
604.231
601.506
598.65
595.646
592.489
589.184
585.748
582.206
578.589
574.926
571.266
567.658
564.166
560.839
557.638
554.498
551.356
548.096
544.649
540.98
537.056
532.867
528.323
523.277
517.577
511.057
503.609
494.544
483.709
472.05
459.186
444.553
428.776
412.538
396.128
379.742
364.505
352.296
344.724
342.547
345.373
351.979
360.731
369.99
378.411
385.107
389.581
391.647
391.453
389.399
385.946
381.488
376.339
370.751
364.908
358.918
352.816
346.605
340.283
333.845
327.277
320.552
313.635
920.884
917.845
914.855
911.923
909.052
906.236
903.468
900.733
898.015
895.301
892.58
889.838
887.065
884.253
881.405
878.528
875.636
872.726
869.781
866.765
863.641
860.38
856.957
853.342
849.509
845.455
841.212
836.852
832.481
828.193
824.023
819.948
815.931
811.935
807.931
803.907
799.868
795.823
791.787
787.798
783.884
780.066
776.401
772.963
769.719
766.558
763.391
760.203
757.147
754.595
752.878
751.948
751.472
751.161
750.895
750.647
750.41
750.187
749.984
749.806
749.647
749.479
749.268
748.981
748.599
748.114
747.519
746.803
745.964
745.006
743.939
742.763
741.471
740.046
738.474
736.738
734.826
732.727
730.433
727.942
725.255
722.377
719.31
716.055
712.622
709.025
705.279
701.396
697.387
693.27
689.073
684.832
680.581
676.35
672.16
668.033
663.992
660.067
656.282
652.658
649.205
645.922
642.799
639.826
636.99
634.281
631.68
629.165
626.71
624.288
621.881
619.478
617.07
614.645
612.191
609.691
607.125
604.472
601.709
598.812
595.761
592.545
589.169
585.648
582.013
578.298
574.543
570.802
567.133
563.622
560.347
557.259
554.266
551.276
548.153
544.814
541.225
537.363
533.221
528.697
523.656
517.972
511.493
504.081
495.106
484.535
473.254
460.797
446.642
431.438
415.902
400.502
385.509
371.793
360.85
353.997
351.883
354.184
359.81
367.326
375.311
382.568
388.241
391.828
393.175
392.449
390.039
386.374
381.808
376.61
370.99
365.116
359.098
352.977
346.758
340.44
334.016
327.472
320.783
313.917
921.722
918.72
915.756
912.835
909.958
907.121
904.318
901.538
898.771
896.006
893.233
890.442
887.625
884.781
881.907
879.005
876.077
873.117
870.11
867.037
863.874
860.596
857.185
853.62
849.887
845.989
841.947
837.811
833.643
829.503
825.422
821.4
817.421
813.468
809.526
805.588
801.653
797.732
793.847
790.025
786.287
782.644
779.12
775.758
772.585
769.548
766.549
763.61
760.915
758.7
757.062
755.881
754.973
754.227
753.596
753.048
752.554
752.098
751.678
751.291
750.921
750.544
750.132
749.661
749.114
748.477
747.743
746.904
745.957
744.904
743.747
742.48
741.095
739.583
737.931
736.129
734.164
732.025
729.704
727.202
724.521
721.667
718.642
715.444
712.08
708.562
704.908
701.13
697.24
693.25
689.185
685.077
680.958
676.859
672.8
668.8
664.877
661.053
657.351
653.789
650.375
647.109
643.981
640.98
638.099
635.329
632.657
630.064
627.523
625.013
622.518
620.031
617.547
615.06
612.555
610.015
607.417
604.737
601.946
599.014
595.918
592.645
589.194
585.578
581.828
577.985
574.096
570.243
566.503
562.968
559.735
556.769
553.952
551.145
548.176
544.956
541.452
537.652
533.551
529.039
524.003
518.339
511.911
504.559
495.733
485.464
474.562
462.555
448.959
434.407
419.571
405.078
391.356
379.058
369.311
363.165
361.108
362.866
367.522
373.857
380.626
386.728
391.348
394.023
394.639
393.378
390.623
386.765
382.107
376.867
371.22
365.321
359.278
353.14
346.916
340.603
334.196
327.679
321.027
314.207
922.575
919.605
916.655
913.734
910.845
907.985
905.15
902.331
899.522
896.713
893.895
891.064
888.214
885.339
882.437
879.505
876.54
873.537
870.489
867.381
864.196
860.913
857.517
853.999
850.351
846.576
842.691
838.728
834.729
830.73
826.755
822.813
818.901
815.016
811.151
807.3
803.469
799.668
795.916
792.229
788.624
785.111
781.702
778.437
775.363
772.478
769.735
767.123
764.702
762.573
760.788
759.317
758.094
757.057
756.149
755.332
754.588
753.911
753.289
752.705
752.136
751.562
750.961
750.315
749.607
748.824
747.956
746.997
745.944
744.795
743.546
742.192
740.723
739.132
737.41
735.549
733.536
731.361
729.018
726.506
723.832
721.001
718.015
714.87
711.57
708.129
704.561
700.882
697.101
693.232
689.293
685.311
681.318
677.34
673.399
669.512
665.695
661.966
658.341
654.839
651.465
648.218
645.086
642.062
639.139
636.314
633.576
630.909
628.29
625.698
623.12
620.556
618.005
615.462
612.915
610.343
607.724
605.029
602.22
599.262
596.126
592.797
589.27
585.551
581.668
577.659
573.577
569.537
565.679
562.122
558.951
556.126
553.52
550.939
548.156
545.068
541.652
537.914
533.849
529.343
524.307
518.666
512.295
505.028
496.408
486.478
475.947
464.412
451.417
437.587
423.525
409.868
397.223
386.163
377.473
371.938
369.924
371.188
374.966
380.217
385.825
390.786
394.351
396.114
395.999
394.222
391.152
387.127
382.389
377.109
371.436
365.517
359.456
353.306
347.079
340.774
334.384
327.894
321.279
314.505
923.458
920.518
917.591
914.681
911.793
908.922
906.065
903.216
900.369
897.518
894.659
891.787
888.896
885.982
883.041
880.071
877.069
874.033
870.955
867.824
864.624
861.343
857.975
854.513
850.953
847.295
843.554
839.749
835.906
832.047
828.193
824.354
820.538
816.746
812.977
809.232
805.516
801.838
798.213
794.653
791.172
787.784
784.51
781.381
778.431
775.667
773.062
770.59
768.273
766.168
764.305
762.666
761.212
759.91
758.738
757.682
756.722
755.832
754.992
754.188
753.407
752.632
751.841
751.014
750.136
749.196
748.186
747.099
745.929
744.673
743.324
741.876
740.321
738.653
736.865
734.945
732.886
730.676
728.311
725.793
723.128
720.322
717.375
714.284
711.052
707.69
704.213
700.634
696.965
693.216
689.406
685.556
681.692
677.837
674.011
670.232
666.515
662.874
659.324
655.879
652.545
649.317
646.184
643.139
640.178
637.3
634.498
631.759
629.06
626.385
623.725
621.084
618.465
615.867
613.281
610.686
608.06
605.365
602.554
599.581
596.411
593.026
589.416
585.577
581.534
577.317
572.971
568.637
564.531
560.883
557.808
555.208
552.894
550.608
548.061
545.131
541.811
538.138
534.104
529.597
524.556
518.935
512.627
505.473
497.112
487.565
477.432
466.414
454.049
440.95
427.741
414.951
403.226
393.174
385.376
380.351
378.362
379.184
382.166
386.396
390.877
394.705
397.211
398.058
397.232
394.982
391.64
387.472
382.658
377.334
371.635
365.699
359.628
353.47
347.244
340.948
334.577
328.115
321.537
314.808
924.485
921.551
918.621
915.702
912.794
909.898
907.008
904.123
901.24
898.354
895.463
892.56
889.641
886.703
883.742
880.753
877.734
874.679
871.58
868.43
865.224
861.956
858.621
855.214
851.735
848.185
844.574
840.913
837.216
833.499
829.777
826.06
822.358
818.674
815.015
811.384
807.787
804.236
800.741
797.315
793.967
790.706
787.549
784.525
781.66
778.963
776.421
774.017
771.751
769.635
767.678
765.883
764.245
762.75
761.379
760.108
758.918
757.795
756.732
755.717
754.731
753.755
752.768
751.755
750.703
749.603
748.444
747.219
745.922
744.548
743.09
741.542
739.898
738.151
736.295
734.318
732.213
729.971
727.588
725.067
722.414
719.635
716.729
713.693
710.531
707.252
703.869
700.393
696.837
693.21
689.529
685.814
682.082
678.353
674.643
670.968
667.344
663.785
660.304
656.913
653.615
650.405
647.273
644.211
641.217
638.291
635.428
632.616
629.839
627.08
624.336
621.612
618.918
616.258
613.632
611.026
608.415
605.747
602.96
599.993
596.8
593.361
589.655
585.663
581.409
576.908
572.19
567.436
562.942
559.051
556.03
553.784
551.944
550.082
547.846
545.108
541.897
538.294
534.286
529.772
524.72
519.114
512.875
505.86
497.794
488.662
478.97
468.547
456.898
444.514
432.125
420.229
409.358
400.098
392.98
388.356
386.37
386.791
389.038
392.297
395.68
398.379
399.828
399.787
398.318
395.667
392.098
387.803
382.911
377.538
371.813
365.866
359.788
353.63
347.407
341.122
334.771
328.339
321.798
315.115
925.57
922.676
919.774
916.868
913.963
911.058
908.153
905.245
902.331
899.411
896.483
893.543
890.588
887.614
884.619
881.597
878.546
875.462
872.343
869.186
865.988
862.743
859.447
856.1
852.703
849.256
845.765
842.235
838.677
835.099
831.511
827.924
824.344
820.782
817.242
813.733
810.261
806.835
803.464
800.157
796.923
793.773
790.721
787.784
784.974
782.301
779.762
777.35
775.064
772.908
770.887
768.998
767.229
765.569
764.004
762.523
761.12
759.786
758.51
757.279
756.077
754.889
753.704
752.508
751.285
750.024
748.714
747.349
745.923
744.429
742.86
741.21
739.474
737.645
735.716
733.68
731.529
729.258
726.863
724.345
721.71
718.961
716.098
713.119
710.028
706.833
703.546
700.175
696.73
693.223
689.67
686.086
682.485
678.878
675.28
671.705
668.169
664.686
661.269
657.926
654.659
651.465
648.335
645.261
642.242
639.274
636.354
633.471
630.613
627.768
624.936
622.123
619.341
616.604
613.93
611.325
608.762
606.171
603.454
600.525
597.332
593.851
590.033
585.839
581.278
576.318
570.974
565.558
560.538
556.338
553.338
551.565
550.464
549.261
547.459
544.954
541.865
538.336
534.35
529.824
524.757
519.165
512.999
506.142
498.39
489.678
480.423
470.619
459.803
448.194
436.535
425.427
415.346
406.752
400.115
395.745
393.707
393.741
395.298
397.634
399.951
401.56
402.027
401.214
399.227
396.267
392.518
388.107
383.135
377.712
371.964
366.01
359.932
353.776
347.56
341.288
334.957
328.555
322.052
315.417
926.738
923.826
920.912
917.999
915.085
912.17
909.252
906.329
903.4
900.463
897.515
894.554
891.578
888.584
885.57
882.535
879.476
876.392
873.28
870.137
866.96
863.747
860.498
857.213
853.891
850.536
847.148
843.735
840.302
836.855
833.4
829.947
826.5
823.068
819.656
816.272
812.922
809.614
806.355
803.154
800.019
796.957
793.98
791.098
788.322
785.658
783.106
780.663
778.328
776.1
773.977
771.957
770.035
768.206
766.464
764.801
763.21
761.682
760.206
758.773
757.374
755.997
754.629
753.255
751.861
750.438
748.98
747.477
745.923
744.31
742.631
740.882
739.055
737.144
735.144
733.05
730.856
728.56
726.157
723.648
721.035
718.321
715.505
712.586
709.568
706.459
703.266
699.997
696.662
693.271
689.84
686.379
682.897
679.404
675.91
672.43
668.977
665.566
662.208
658.909
655.673
652.494
649.369
646.291
643.253
640.25
637.276
634.323
631.379
628.438
625.502
622.581
619.695
616.871
614.144
611.549
609.079
606.633
604.06
601.228
598.077
594.58
590.649
586.216
581.23
575.519
569.092
562.551
556.747
552.274
549.494
548.422
548.315
548.026
546.826
544.614
541.666
538.216
534.25
529.715
524.636
519.06
512.977
506.298
498.871
490.586
481.72
472.431
462.433
451.691
440.764
430.311
420.868
412.844
406.594
402.377
400.218
399.84
400.713
402.154
403.468
404.1
403.745
402.339
399.975
396.786
392.888
388.369
383.321
377.853
372.089
366.132
360.056
353.904
347.694
341.434
335.126
328.753
322.286
315.699
928.123
925.242
922.343
919.431
916.509
913.58
910.642
907.695
904.738
901.771
898.792
895.802
892.8
889.783
886.752
883.705
880.639
877.554
874.448
871.318
868.164
864.983
861.777
858.544
855.287
852.007
848.709
845.394
842.069
838.738
835.405
832.076
828.756
825.451
822.166
818.907
815.677
812.484
809.332
806.226
803.173
800.179
797.25
794.395
791.62
788.93
786.331
783.824
781.412
779.095
776.87
774.735
772.684
770.713
768.816
766.988
765.222
763.513
761.855
760.241
758.658
757.095
755.54
753.987
752.428
750.854
749.253
747.616
745.932
744.197
742.405
740.553
738.635
736.646
734.582
732.438
730.213
727.9
725.498
723.004
720.418
717.741
714.974
712.118
709.175
706.151
703.052
699.883
696.653
693.373
690.053
686.701
683.325
679.932
676.533
673.141
669.767
666.424
663.124
659.873
656.67
653.514
650.4
647.323
644.272
641.239
638.214
635.189
632.151
629.095
626.019
622.943
619.906
616.968
614.198
611.661
609.36
607.161
604.837
602.19
599.154
595.696
591.686
587.018
581.504
574.733
566.755
558.604
551.64
546.793
544.465
544.424
545.567
546.388
545.915
544.051
541.269
537.891
533.931
529.39
524.309
518.766
512.798
506.333
499.25
491.417
482.934
474.029
464.654
454.739
444.596
434.774
425.838
418.247
412.3
408.176
405.848
405.028
405.218
405.812
406.235
406.064
405.083
403.25
400.613
397.242
393.21
388.589
383.472
377.97
372.194
366.235
360.163
354.014
347.81
341.563
335.276
328.933
322.501
315.963
929.432
926.523
923.608
920.687
917.758
914.82
911.875
908.921
905.96
902.99
900.012
897.024
894.026
891.017
887.995
884.961
881.911
878.846
875.762
872.66
869.537
866.395
863.234
860.057
856.864
853.659
850.444
847.224
844
840.775
837.553
834.337
831.13
827.937
824.759
821.601
818.468
815.361
812.286
809.246
806.244
803.286
800.377
797.523
794.731
792.007
789.356
786.779
784.279
781.857
779.513
777.248
775.063
772.956
770.922
768.958
767.055
765.204
763.394
761.616
759.863
758.129
756.408
754.69
752.967
751.229
749.471
747.686
745.869
744.015
742.12
740.178
738.185
736.137
734.027
731.852
729.61
727.295
724.904
722.434
719.883
717.25
714.537
711.746
708.88
705.942
702.936
699.865
696.734
693.552
690.328
687.069
683.783
680.476
677.159
673.843
670.539
667.26
664.016
660.814
657.654
654.533
651.445
648.382
645.328
642.27
639.197
636.098
632.958
629.764
626.503
623.187
619.872
616.689
613.836
611.465
609.533
607.78
605.857
603.507
600.674
597.338
593.329
588.485
582.403
574.431
564.842
555.11
546.904
541.473
539.447
540.393
542.751
544.639
544.832
543.282
540.653
537.309
533.32
528.754
523.68
518.225
512.452
506.273
499.556
492.178
484.123
475.561
466.6
457.292
447.834
438.634
430.174
422.911
417.156
413.047
410.506
409.24
408.796
408.658
408.366
407.592
406.164
404.023
401.171
397.64
393.482
388.768
383.595
378.067
372.282
366.324
360.254
354.109
347.912
341.676
335.411
329.096
322.698
316.21
930.532
927.636
924.726
921.803
918.871
915.932
912.984
910.028
907.062
904.087
901.102
898.107
895.101
892.083
889.054
886.013
882.961
879.897
876.82
873.733
870.634
867.524
864.405
861.278
858.144
855.005
851.863
848.719
845.575
842.433
839.295
836.163
833.038
829.924
826.821
823.733
820.662
817.61
814.581
811.576
808.598
805.649
802.734
799.855
797.019
794.231
791.496
788.821
786.214
783.683
781.236
778.88
776.619
774.446
772.351
770.321
768.343
766.407
764.502
762.62
760.752
758.892
757.037
755.183
753.326
751.461
749.581
747.683
745.763
743.817
741.843
739.836
737.794
735.715
733.593
731.419
729.185
726.883
724.51
722.064
719.544
716.95
714.285
711.549
708.742
705.867
702.926
699.926
696.871
693.765
690.615
687.424
684.2
680.95
677.684
674.416
671.156
667.92
664.717
661.556
658.44
655.362
652.312
649.28
646.249
643.201
640.112
636.958
633.72
630.376
626.898
623.282
619.558
615.915
612.779
610.579
609.276
608.273
606.931
604.924
602.309
599.148
595.233
590.314
583.799
574.982
564.489
554.064
545.315
539.5
537.372
538.561
541.355
543.645
544.052
542.628
540.051
536.639
532.532
527.839
522.733
517.457
512.014
506.189
499.813
492.799
485.121
476.874
468.194
459.22
450.172
441.399
433.319
426.319
420.685
416.538
413.794
412.171
411.26
410.618
409.858
408.703
406.987
404.631
401.611
397.945
393.683
388.898
383.685
378.138
372.348
366.389
360.322
354.18
347.989
341.765
335.522
329.234
322.868
316.43
931.324
928.41
925.481
922.542
919.597
916.646
913.688
910.723
907.751
904.772
901.786
898.792
895.79
892.778
889.757
886.727
883.686
880.636
877.576
874.506
871.428
868.342
865.25
862.152
859.05
855.946
852.843
849.742
846.645
843.554
840.469
837.391
834.321
831.26
828.21
825.17
822.144
819.131
816.132
813.147
810.178
807.225
804.29
801.375
798.487
795.631
792.817
790.056
787.361
784.747
782.225
779.808
777.5
775.297
773.185
771.144
769.145
767.17
765.21
763.261
761.322
759.386
757.447
755.504
753.553
751.594
749.625
747.642
745.644
743.63
741.603
739.559
737.492
735.396
733.268
731.102
728.89
726.617
724.274
721.854
719.36
716.793
714.159
711.46
708.699
705.876
702.989
700.042
697.037
693.977
690.869
687.719
684.533
681.318
678.083
674.839
671.602
668.388
665.211
662.082
659
655.958
652.946
649.95
646.96
643.955
640.894
637.732
634.432
630.941
627.211
623.198
618.905
614.677
611.187
609.134
608.558
608.486
607.81
606.101
603.65
600.65
596.84
591.883
585.176
576.082
565.322
554.742
545.926
540.039
537.784
538.812
541.439
543.536
543.794
542.334
539.689
536.134
531.837
526.915
521.712
516.664
511.638
506.172
500.066
493.301
485.885
477.879
469.409
460.639
451.816
443.28
435.423
428.595
423.04
418.859
415.967
414.102
412.891
411.935
410.89
409.497
407.591
405.078
401.93
398.161
393.824
388.992
383.752
378.192
372.398
366.441
360.377
354.237
348.051
341.838
335.618
329.356
323.023
316.634
931.811
928.891
925.967
923.035
920.096
917.15
914.197
911.235
908.266
905.289
902.305
899.312
896.311
893.301
890.283
887.257
884.222
881.179
878.129
875.072
872.008
868.938
865.865
862.788
859.711
856.635
853.562
850.493
847.432
844.378
841.333
838.297
835.27
832.254
829.247
826.252
823.269
820.296
817.333
814.378
811.427
808.478
805.528
802.578
799.629
796.686
793.762
790.878
788.061
785.341
782.748
780.297
777.983
775.787
773.687
771.663
769.684
767.717
765.739
763.747
761.744
759.736
757.728
755.716
753.697
751.666
749.623
747.567
745.498
743.42
741.339
739.264
737.195
735.121
733.022
730.881
728.684
726.428
724.107
721.717
719.257
716.724
714.122
711.452
708.718
705.925
703.075
700.172
697.214
694.201
691.132
688.008
684.838
681.631
678.403
675.168
671.941
668.743
665.587
662.482
659.427
656.418
653.448
650.504
647.57
644.628
641.63
638.519
635.23
631.648
627.648
623.016
617.65
612.373
608.487
606.879
607.387
608.479
608.505
607.046
604.735
601.862
598.094
593.097
586.424
577.533
566.984
556.524
547.787
541.916
539.534
540.244
542.387
543.984
543.935
542.337
539.556
535.84
531.322
526.118
520.779
515.973
511.395
506.265
500.354
493.758
486.52
478.682
470.359
461.73
453.053
444.664
436.936
430.204
424.691
420.481
417.488
415.46
414.05
412.888
411.65
410.09
408.04
405.407
402.16
398.317
393.927
389.061
383.802
378.233
372.436
366.48
360.418
354.281
348.1
341.898
335.699
329.459
323.158
316.818
932.259
929.34
926.408
923.465
920.514
917.556
914.591
911.62
908.642
905.659
902.669
899.673
896.672
893.666
890.653
887.635
884.61
881.579
878.541
875.498
872.451
869.399
866.344
863.287
860.231
857.175
854.123
851.077
848.039
845.012
841.996
838.995
836.006
833.029
830.064
827.11
824.165
821.23
818.299
815.367
812.43
809.479
806.51
803.518
800.497
797.451
794.39
791.346
788.366
785.51
782.83
780.356
778.079
775.963
773.955
772.003
770.062
768.105
766.122
764.11
762.072
760.012
757.942
755.868
753.789
751.7
749.596
747.476
745.345
743.214
741.09
738.983
736.895
734.827
732.764
730.682
728.546
726.332
724.033
721.655
719.207
716.692
714.116
711.479
708.782
706.026
703.209
700.334
697.401
694.411
691.365
688.263
685.108
681.908
678.676
675.432
672.199
669.002
665.858
662.774
659.744
656.764
653.833
650.94
648.079
645.219
642.32
639.334
636.15
632.627
628.519
623.15
616.174
609.122
604.44
603.536
605.68
608.24
608.985
607.763
605.546
602.703
598.901
593.88
587.36
578.891
568.856
558.758
550.215
544.394
541.859
542.141
543.654
544.665
544.285
542.519
539.606
535.755
531.049
525.607
520.16
515.552
511.347
506.467
500.667
494.176
487.062
479.336
471.103
462.559
453.973
445.678
438.036
431.363
425.872
421.639
418.574
416.435
414.888
413.581
412.206
410.522
408.365
405.643
402.325
398.428
394.001
389.111
383.838
378.262
372.464
366.508
360.449
354.314
348.138
341.948
335.77
329.548
323.274
316.983
932.506
929.575
926.64
923.7
920.754
917.804
914.847
911.883
908.911
905.932
902.943
899.948
896.945
893.937
890.924
887.907
884.886
881.861
878.831
875.797
872.759
869.717
866.673
863.628
860.584
857.543
854.508
851.481
848.464
845.461
842.473
839.5
836.543
833.603
830.677
827.767
824.87
821.983
819.099
816.209
813.302
810.364
807.381
804.344
801.245
798.081
794.86
791.615
788.428
785.41
782.643
780.152
777.914
775.894
774.029
772.227
770.388
768.464
766.46
764.402
762.315
760.211
758.099
755.982
753.856
751.715
749.552
747.366
745.164
742.967
740.802
738.688
736.623
734.585
732.548
730.493
728.399
726.242
724
721.663
719.233
716.722
714.144
711.512
708.834
706.108
703.331
700.497
697.602
694.644
691.617
688.519
685.356
682.14
678.888
675.627
672.382
669.183
666.048
662.989
659.99
657.042
654.134
651.269
648.477
645.699
642.912
640.104
637.113
633.88
630
624.005
615.306
606.314
600.479
599.978
603.709
607.742
609.251
608.267
606.047
603.136
599.275
594.27
587.948
579.933
570.481
560.857
552.594
546.85
544.142
543.958
544.849
545.34
544.678
542.772
539.764
535.826
531.004
525.438
519.947
515.456
511.462
506.716
500.966
494.548
487.531
479.877
471.692
463.19
454.652
446.414
438.826
432.192
426.716
422.465
419.349
417.13
415.486
414.077
412.604
410.83
408.596
405.81
402.442
398.508
394.053
389.146
383.863
378.283
372.484
366.53
360.473
354.339
348.166
341.986
335.83
329.625
323.377
317.129
932.687
929.753
926.815
923.871
920.923
917.97
915.012
912.048
909.077
906.099
903.113
900.12
897.12
894.114
891.104
888.09
885.072
882.05
879.025
875.997
872.967
869.935
866.904
863.875
860.849
857.828
854.812
851.804
848.807
845.823
842.855
839.906
836.975
834.062
831.169
828.294
825.438
822.597
819.766
816.931
814.076
811.175
808.197
805.115
801.909
798.584
795.15
791.645
788.201
785.005
782.182
779.738
777.603
775.711
773.995
772.344
770.628
768.77
766.771
764.671
762.516
760.347
758.188
756.038
753.884
751.708
749.498
747.251
744.978
742.709
740.49
738.359
736.32
734.343
732.381
730.388
728.333
726.197
723.975
721.664
719.263
716.776
714.215
711.596
708.928
706.217
703.459
700.65
697.784
694.853
691.85
688.766
685.6
682.365
679.081
675.783
672.507
669.291
666.159
663.127
660.171
657.271
654.389
651.531
648.786
646.09
643.397
640.679
637.877
635.122
631.689
625.206
615.234
605.144
598.516
597.926
602.438
607.36
609.395
608.523
606.247
603.253
599.339
594.398
588.281
580.657
571.717
562.538
554.547
548.874
545.992
545.392
545.778
545.884
545.022
543.025
539.966
535.986
531.122
525.533
520.038
515.565
511.613
506.909
501.201
494.865
487.94
480.331
472.16
463.67
455.153
446.943
439.385
432.775
427.308
423.044
419.892
417.617
415.905
414.425
412.882
411.046
408.758
405.928
402.524
398.563
394.09
389.17
383.88
378.298
372.497
366.546
360.49
354.358
348.187
342.016
335.878
329.688
323.463
317.259
932.819
929.896
926.965
924.027
921.084
918.134
915.177
912.212
909.239
906.257
903.268
900.272
897.269
894.261
891.249
888.234
885.215
882.193
879.168
876.141
873.112
870.083
867.055
864.031
861.011
857.998
854.994
852.001
849.021
846.056
843.108
840.179
837.271
834.386
831.525
828.689
825.878
823.091
820.321
817.555
814.776
811.947
809.019
805.929
802.612
799.059
795.293
791.413
787.657
784.276
781.412
779.062
777.131
775.501
774.035
772.561
770.93
769.092
767.073
764.929
762.715
760.487
758.279
756.092
753.909
751.696
749.429
747.102
744.737
742.389
740.128
738.002
736.007
734.095
732.205
730.287
728.303
726.223
724.029
721.721
719.309
716.812
714.252
711.647
709.003
706.321
703.592
700.813
697.976
695.072
692.084
688.999
685.816
682.553
679.237
675.906
672.6
669.364
666.228
663.208
660.28
657.431
654.562
651.712
648.974
646.364
643.835
640.984
638.22
635.885
632.689
625.83
615.305
605.066
598.368
597.664
602.199
607.326
609.533
608.631
606.271
603.168
599.21
594.401
588.484
581.146
572.59
563.754
555.972
550.345
547.311
546.389
546.421
546.276
545.292
543.246
540.17
536.187
531.327
525.746
520.224
515.685
511.68
506.979
501.332
495.121
488.303
480.719
472.533
464.032
455.517
447.319
439.777
433.179
427.715
423.441
420.264
417.951
416.192
414.663
413.073
411.194
408.868
406.007
402.579
398.599
394.113
389.186
383.891
378.307
372.507
366.556
360.503
354.372
348.203
342.043
335.92
329.739
323.529
317.368
932.9
929.963
927.021
924.075
921.126
918.172
915.214
912.25
909.281
906.305
903.323
900.333
897.338
894.336
891.329
888.316
885.3
882.279
879.256
876.231
873.206
870.182
867.16
864.144
861.133
858.13
855.135
852.152
849.181
846.225
843.288
840.372
837.481
834.617
831.782
828.98
826.212
823.477
820.773
818.088
815.404
812.68
809.863
806.845
803.493
799.688
795.385
790.896
786.733
783.191
780.321
778.066
776.352
775.072
774.002
772.838
771.36
769.528
767.426
765.17
762.862
760.577
758.346
756.161
753.986
751.769
749.462
747.046
744.55
742.066
739.718
737.586
735.658
733.846
732.055
730.216
728.287
726.247
724.085
721.799
719.398
716.9
714.332
711.718
709.076
706.408
703.706
700.957
698.151
695.274
692.307
689.227
686.03
682.732
679.371
675.991
672.643
669.382
666.243
663.244
660.346
657.557
654.67
651.797
649.021
646.411
644.164
641.123
638.174
636.008
632.67
625.906
615.613
605.511
599.003
598.333
602.642
607.543
609.599
608.653
606.265
603.029
599.021
594.376
588.647
581.492
573.181
564.579
556.937
551.33
548.18
547.035
546.842
546.545
545.489
543.422
540.355
536.391
531.537
525.931
520.355
515.729
511.655
506.948
501.367
495.3
488.614
481.053
472.832
464.303
455.777
447.58
440.044
433.451
427.988
423.706
420.511
418.172
416.382
414.82
413.198
411.291
408.941
406.058
402.614
398.622
394.127
389.194
383.897
378.312
372.513
366.564
360.511
354.38
348.212
342.064
335.958
329.787
323.578
317.448
932.926
930.003
927.071
924.133
921.189
918.239
915.283
912.319
909.348
906.37
903.385
900.393
897.396
894.393
891.386
888.374
885.359
882.34
879.318
876.293
873.268
870.245
867.225
864.21
861.203
858.204
855.217
852.242
849.283
846.341
843.421
840.523
837.65
834.805
831.991
829.215
826.479
823.79
821.146
818.544
815.964
813.365
810.706
807.832
804.617
800.707
795.727
790.36
785.602
781.85
779.036
776.932
775.42
774.439
773.74
772.92
771.673
769.926
767.777
765.401
762.965
760.586
758.31
756.125
753.972
751.784
749.493
747.051
744.476
741.885
739.441
737.266
735.361
733.618
731.91
730.15
728.286
726.29
724.147
721.86
719.449
716.943
714.375
711.77
709.141
706.487
703.796
701.059
698.271
695.417
692.471
689.398
686.191
682.866
679.474
676.06
672.68
669.39
666.226
663.23
660.35
657.634
654.763
651.818
649.002
646.324
644.162
641.259
638.09
635.698
632.323
626.038
616.247
606.303
599.935
599.302
603.305
607.784
609.616
608.706
606.304
602.939
598.893
594.349
588.76
581.735
573.567
565.103
557.544
551.944
548.714
547.431
547.103
546.718
545.622
543.552
540.506
536.555
531.682
526.027
520.395
515.703
511.591
506.895
501.359
495.391
488.819
481.304
473.058
464.501
455.959
447.756
440.218
433.626
428.16
423.873
420.665
418.31
416.5
414.918
413.276
411.35
408.983
406.088
402.633
398.634
394.134
389.198
383.9
378.315
372.515
366.569
360.517
354.385
348.217
342.078
335.984
329.826
323.616
317.505
932.948
930.015
927.077
924.136
921.191
918.243
915.29
912.33
909.364
906.391
903.41
900.422
897.428
894.427
891.421
888.41
885.395
882.375
879.352
876.327
873.301
870.278
867.259
864.247
861.242
858.246
855.26
852.287
849.33
846.394
843.481
840.595
837.74
834.915
832.127
829.376
826.67
824.021
821.423
818.893
816.4
813.923
811.42
808.686
805.726
801.903
796.44
790.321
784.918
780.824
778.023
776.138
774.898
774.182
773.711
773.05
771.885
770.157
767.987
765.564
763.073
760.641
758.326
756.122
753.964
751.776
749.489
747.044
744.456
741.845
739.378
737.183
735.274
733.547
731.866
730.135
728.295
726.315
724.18
721.895
719.482
716.972
714.401
711.796
709.17
706.522
703.839
701.11
698.326
695.478
692.539
689.474
686.268
682.926
679.509
676.074
672.686
669.401
666.236
663.236
660.359
657.651
654.814
651.831
648.96
646.308
644.036
641.257
638.168
635.554
631.994
626.096
616.976
607.234
600.853
600.154
603.856
607.96
609.649
608.796
606.385
602.94
598.862
594.326
588.795
581.869
573.798
565.413
557.892
552.289
549.011
547.65
547.247
546.814
545.699
543.637
540.606
536.65
531.753
526.061
520.383
515.659
511.546
506.871
501.358
495.418
488.896
481.422
473.182
464.624
456.075
447.864
440.322
433.727
428.259
423.966
420.751
418.386
416.565
414.97
413.317
411.38
409.005
406.102
402.642
398.638
394.136
389.199
383.9
378.315
372.516
366.571
360.52
354.388
348.22
342.085
335.995
329.843
323.635
317.543
932.949
930.018
927.083
924.144
921.201
918.253
915.299
912.338
909.37
906.394
903.412
900.424
897.429
894.43
891.426
888.418
885.406
882.389
879.368
876.344
873.32
870.297
867.279
864.268
861.266
858.272
855.291
852.322
849.37
846.437
843.528
840.645
837.792
834.97
832.187
829.443
826.751
824.116
821.54
819.046
816.582
814.176
811.716
809.061
806.198
802.325
796.946
790.863
785.187
780.738
777.728
775.833
774.708
774.109
773.707
773.079
771.924
770.193
768.019
765.597
763.107
760.67
758.344
756.125
753.956
751.763
749.473
747.033
744.459
741.863
739.404
737.208
735.29
733.557
731.876
730.146
728.306
726.322
724.184
721.897
719.484
716.977
714.41
711.807
709.183
706.534
703.849
701.119
698.336
695.488
692.548
689.487
686.286
682.948
679.523
676.077
672.683
669.398
666.239
663.237
660.364
657.643
654.802
651.848
648.987
646.35
644.017
641.254
638.217
635.511
631.836
626.078
617.354
607.813
601.417
600.637
604.158
608.067
609.696
608.867
606.444
602.964
598.862
594.302
588.779
581.902
573.889
565.551
558.048
552.441
549.136
547.74
547.305
546.852
545.734
543.679
540.647
536.671
531.762
526.075
520.386
515.647
511.536
506.872
501.365
495.418
488.896
481.432
473.213
464.669
456.124
447.912
440.368
433.771
428.3
424.005
420.786
418.416
416.59
414.99
413.332
411.391
409.012
406.106
402.643
398.638
394.135
389.198
383.899
378.314
372.516
366.571
360.52
354.388
348.222
342.088
335.997
329.844
323.638
317.559
310.609
302.199
292.238
280.721
267.899
254.44
241.34
229.752
220.713
214.75
211.504
209.622
207.163
202.399
194.451
183.369
169.795
154.446
137.695
120.036
102.35
84.0955
64.2281
40.0043
12.5364
310.212
301.671
291.6
280.009
267.158
253.707
240.649
229.13
220.183
214.318
211.161
209.35
206.928
202.163
194.189
183.09
169.498
154.126
137.364
119.705
102.003
83.7599
63.8657
39.6172
12.2511
309.677
300.936
290.714
279.03
266.125
252.643
239.59
228.122
219.264
213.526
210.526
208.876
206.57
201.845
193.861
182.754
169.167
153.812
137.075
119.405
101.625
83.3797
63.488
39.3468
12.1213
308.988
300.059
289.72
277.936
264.923
251.341
238.234
226.778
217.999
212.406
209.615
208.204
206.095
201.462
193.485
182.378
168.817
153.491
136.787
119.129
101.262
82.9833
63.0665
39.0947
12.0195
308.244
299.169
288.713
276.766
263.552
249.786
236.564
225.086
216.373
210.942
208.401
207.308
205.485
201.014
193.073
181.97
168.443
153.163
136.501
118.862
100.913
82.5887
62.6079
38.7853
11.8922
307.531
298.31
287.676
275.471
261.964
247.95
234.581
223.064
214.412
209.155
206.901
206.186
204.727
200.492
192.631
181.539
168.05
152.822
136.215
118.602
100.579
82.1877
62.1283
38.4314
11.7572
306.862
297.46
286.567
274.017
260.154
245.856
232.326
220.764
212.17
207.088
205.148
204.859
203.832
199.89
192.155
181.09
167.636
152.464
135.922
118.347
100.259
81.7876
61.6404
38.0385
11.6103
306.224
296.596
285.372
272.414
258.154
243.559
229.869
218.271
209.738
204.82
203.195
203.364
202.82
199.218
191.646
180.626
167.209
152.092
135.621
118.093
99.9493
81.3926
61.1589
37.6162
11.4451
305.605
295.712
284.106
270.699
256.025
241.142
227.313
215.697
207.227
202.459
201.122
201.751
201.718
198.491
191.106
180.146
166.772
151.708
135.313
117.838
99.6476
81.0043
60.6862
37.1753
11.2671
305.002
294.815
282.797
268.927
253.852
238.713
224.776
213.158
204.749
200.111
199.025
200.08
200.561
197.724
190.541
179.652
166.324
151.315
134.996
117.578
99.3503
80.6242
60.2245
36.7242
11.0824
304.417
293.924
281.488
267.17
251.731
236.379
222.368
210.756
202.403
197.875
196.994
198.42
199.388
196.936
189.957
179.147
165.868
150.915
134.672
117.313
99.0566
80.2539
59.7788
36.2723
10.8951
303.856
293.065
280.229
265.503
249.751
234.237
220.182
208.584
200.274
195.833
195.11
196.838
198.24
196.146
189.364
178.633
165.407
150.51
134.343
117.043
98.7666
79.8957
59.3533
35.8294
10.7101
303.332
292.268
279.074
263.998
247.994
232.368
218.295
206.713
198.436
194.057
193.444
195.4
197.155
195.373
188.767
178.115
164.941
150.104
134.009
116.767
98.4811
79.5526
58.9498
35.403
10.5324
302.858
291.562
278.075
262.719
246.53
230.836
216.766
205.202
196.947
192.606
192.055
194.156
196.17
194.634
188.173
177.596
164.473
149.696
133.673
116.487
98.2007
79.2255
58.5702
34.9999
10.367
302.448
290.977
277.279
261.727
245.422
229.703
215.651
204.1
195.853
191.523
190.985
193.145
195.313
193.946
187.59
177.08
164.004
149.289
133.337
116.205
97.9261
78.9139
58.2165
34.6283
10.2185
302.119
290.541
276.722
261.068
244.719
229.013
214.984
203.439
195.186
190.841
190.265
192.398
194.608
193.321
187.023
176.567
163.535
148.882
133
115.921
97.658
78.6173
57.89
34.2959
10.0909
301.883
290.273
276.428
260.765
244.442
228.782
214.782
203.239
194.967
190.58
189.915
191.932
194.07
192.767
186.478
176.059
163.066
148.477
132.665
115.639
97.3972
78.3355
57.5909
34.0076
9.98672
301.748
290.183
276.406
260.826
244.594
229.012
215.054
203.511
195.209
190.751
189.943
191.756
193.708
192.291
185.957
175.556
162.601
148.077
132.331
115.359
97.1447
78.069
57.3181
33.765
9.9072
301.719
290.272
276.656
261.251
245.175
229.705
215.801
204.259
195.913
191.354
190.346
191.868
193.522
191.892
185.461
175.057
162.139
147.682
132.002
115.084
96.9015
77.8176
57.0697
33.5673
9.85121
301.793
290.534
277.171
262.032
246.181
230.857
217.019
205.475
197.071
192.378
191.112
192.255
193.504
191.571
184.992
174.565
161.684
147.296
131.678
114.815
96.6687
77.5808
56.843
33.4112
9.81621
301.96
290.955
277.927
263.145
247.587
232.444
218.686
207.144
198.667
193.802
192.218
192.896
193.641
191.321
184.548
174.081
161.237
146.919
131.361
114.554
96.4475
77.358
56.6362
33.2918
9.80002
302.204
291.51
278.89
264.545
249.346
234.426
220.772
209.242
200.676
195.595
193.63
193.762
193.912
191.133
184.128
173.607
160.801
146.554
131.053
114.302
96.2388
77.1487
56.4494
33.2042
9.80115
302.5
292.165
280.013
266.177
251.401
236.754
223.242
211.737
203.061
197.715
195.302
194.813
194.294
190.995
183.729
173.147
160.379
146.201
130.755
114.06
96.0429
76.9529
56.2844
33.1454
9.81851
302.821
292.878
281.24
267.974
253.69
239.377
226.047
214.576
205.769
200.102
197.176
196.002
194.756
190.897
183.349
172.702
159.973
145.863
130.47
113.829
95.8602
76.7709
56.1415
33.1144
9.85155
303.14
293.604
282.508
269.856
256.13
242.218
229.11
217.68
208.719
202.68
199.184
197.281
195.27
190.825
182.986
172.275
159.585
145.541
130.2
113.612
95.6914
76.6044
56.0193
33.1102
9.90022
303.433
294.301
283.754
271.739
258.621
245.174
232.333
220.954
211.818
205.367
201.259
198.6
195.803
190.768
182.64
171.869
159.219
145.236
129.945
113.41
95.5372
76.455
55.9187
33.1289
9.96416
303.685
294.932
284.919
273.545
261.062
248.128
235.596
224.292
214.977
208.089
203.341
199.91
196.328
190.718
182.313
171.486
158.875
144.949
129.706
113.221
95.3987
76.3242
55.8403
33.1666
10.0414
303.915
295.527
286.057
275.362
263.585
251.247
239.09
227.901
218.407
211.025
205.558
201.286
196.869
190.662
181.974
171.093
158.522
144.655
129.464
113.031
95.2638
76.2021
55.7785
33.2275
10.1387
304.123
296.043
287.071
277.04
266
254.318
242.603
231.578
221.909
213.993
207.768
202.638
197.389
190.594
181.634
170.702
158.174
144.364
129.226
112.848
95.1398
76.0988
55.7442
33.3186
10.2619
304.321
296.453
287.86
278.38
267.996
256.937
245.672
234.835
225.017
216.617
209.703
203.807
197.827
190.521
181.329
170.354
157.862
144.103
129.016
112.689
95.0397
76.0254
55.742
33.4332
10.4043
304.547
296.81
288.476
279.411
269.563
259.05
248.213
237.576
227.657
218.85
211.337
204.782
198.182
190.449
181.063
170.05
157.589
143.873
128.834
112.557
94.9637
75.9812
55.7698
33.5688
10.5662
304.827
297.171
288.996
280.215
270.766
260.695
250.234
239.799
229.828
220.692
212.676
205.575
198.471
190.387
180.841
169.791
157.354
143.675
128.68
112.452
94.9119
75.965
55.824
33.7218
10.7452
305.165
297.571
289.494
280.89
271.713
261.972
251.818
241.569
231.579
222.182
213.754
206.215
198.711
190.346
180.664
169.578
157.157
143.509
128.554
112.374
94.8842
75.9752
55.9013
33.8877
10.9382
305.54
298.021
290.018
281.524
272.519
263.007
253.081
242.985
232.987
223.379
214.62
206.738
198.926
190.335
180.534
169.41
156.998
143.376
128.458
112.323
94.8804
76.0102
55.9991
34.0617
11.1418
305.924
298.501
290.581
282.172
273.281
263.916
254.145
244.159
234.142
224.351
215.324
207.178
199.133
190.358
180.451
169.286
156.878
143.275
128.39
112.298
94.9001
76.0685
56.1148
34.2395
11.3524
306.291
298.973
291.153
282.836
274.04
264.778
255.112
245.195
235.132
225.166
215.915
207.567
199.345
190.417
180.411
169.205
156.795
143.208
128.353
112.299
94.9427
76.149
56.2464
34.4179
11.567
306.64
299.417
291.699
283.481
274.782
265.612
256.028
246.155
236.023
225.865
216.409
207.912
199.563
190.508
180.411
169.165
156.749
143.172
128.344
112.327
95.0071
76.2507
56.3933
34.5947
11.7825
306.983
299.838
292.211
284.088
275.485
266.402
256.898
247.067
236.84
226.452
216.794
208.199
199.779
190.628
180.451
169.165
156.74
143.169
128.365
112.38
95.0922
76.3722
56.5564
34.7698
11.9972
307.33
300.254
292.707
284.668
276.154
267.151
257.723
247.924
237.574
226.926
217.071
208.427
199.992
190.776
180.529
169.204
156.766
143.197
128.415
112.46
95.1974
76.5124
56.7365
34.9437
12.2098
307.682
300.673
293.197
285.235
276.8
267.873
258.521
248.741
238.219
227.269
217.235
208.602
200.205
190.95
180.643
169.283
156.828
143.257
128.494
112.565
95.3225
76.671
56.9337
35.116
12.418
308.041
301.095
293.683
285.792
277.427
268.567
259.305
249.557
238.814
227.471
217.244
208.7
200.417
191.152
180.793
169.399
156.924
143.346
128.601
112.695
95.4673
76.848
57.1471
35.2863
12.6184
308.407
301.524
294.171
286.34
278.035
269.239
260.072
250.361
239.364
227.557
217.098
208.705
200.621
191.384
180.98
169.553
157.054
143.465
128.736
112.849
95.632
77.0436
57.3753
35.4569
12.8088
308.768
301.945
294.642
286.859
278.599
269.868
260.807
251.113
239.769
227.45
216.789
208.629
200.813
191.635
181.195
169.737
157.21
143.607
128.892
113.021
95.8082
77.2487
57.6059
35.625
12.9826
309.111
302.341
295.079
287.332
279.099
270.432
261.496
251.815
240.017
227.079
216.258
208.458
200.993
191.897
181.425
169.935
157.378
143.759
129.057
113.197
95.9838
77.4506
57.8252
35.7862
13.1353
309.435
302.716
295.486
287.759
279.542
270.943
262.149
252.479
240.194
226.548
215.554
208.192
201.151
192.166
181.663
170.139
157.549
143.914
129.225
113.372
96.1552
77.6462
58.0315
35.9418
13.2705
309.742
303.073
295.868
288.146
279.934
271.407
262.78
253.113
240.381
226.06
214.869
207.908
201.292
192.433
181.903
170.343
157.721
144.07
129.393
113.544
96.3212
77.8341
58.2244
36.0922
13.3925
310.034
303.414
296.227
288.491
280.277
271.832
263.387
253.74
240.634
225.757
214.377
207.702
201.432
192.688
182.134
170.541
157.887
144.224
129.556
113.71
96.4813
78.0136
58.4042
36.2375
13.5055
310.313
303.744
296.563
288.794
280.577
272.225
263.959
254.364
240.981
225.682
214.127
207.608
201.57
192.916
182.348
170.727
158.047
144.373
129.713
113.869
96.6355
78.1847
58.572
36.3775
13.6133
310.583
304.062
296.87
289.062
280.843
272.589
264.487
254.968
241.413
225.821
214.093
207.61
201.7
193.112
182.538
170.898
158.198
144.516
129.862
114.018
96.7838
78.3474
58.7289
36.5123
13.7184
310.848
304.37
297.149
289.299
281.079
272.918
264.962
255.522
241.889
226.123
214.227
207.685
201.818
193.277
182.706
171.052
158.338
144.652
130.001
114.158
96.9257
78.5012
58.8751
36.6416
13.8221
311.11
304.664
297.401
289.508
281.286
273.205
265.375
256.001
242.354
226.514
214.473
207.811
201.925
193.414
182.851
171.188
158.468
144.781
130.131
114.289
97.0603
78.6451
59.0109
36.765
13.9245
311.373
304.945
297.633
289.694
281.462
273.443
265.705
256.388
242.773
226.923
214.765
207.959
202.016
193.527
182.975
171.309
158.589
144.901
130.251
114.41
97.1866
78.7783
59.1368
36.8821
14.0254
311.637
305.21
297.847
289.864
281.613
273.626
265.941
256.68
243.137
227.306
215.05
208.101
202.093
193.62
183.083
171.416
158.701
145.013
130.362
114.523
97.3041
78.9004
59.2533
36.9928
14.1243
311.885
305.452
298.04
290.017
281.744
273.768
266.099
256.886
243.441
227.644
215.301
208.225
202.157
193.702
183.178
171.512
158.805
145.116
130.464
114.627
97.4127
79.0117
59.361
37.0974
14.2206
312.089
305.648
298.196
290.149
281.862
273.883
266.214
257.035
243.681
227.925
215.511
208.33
202.215
193.774
183.262
171.597
158.901
145.211
130.559
114.724
97.5124
79.1128
59.4609
37.1966
14.3142
312.233
305.785
298.315
290.263
281.973
273.987
266.311
257.152
243.864
228.141
215.675
208.415
202.268
193.84
183.337
171.674
158.988
145.298
130.646
114.813
97.6037
79.2049
59.5539
37.2911
14.4053
312.33
305.882
298.416
290.368
282.074
274.078
266.395
257.254
244.008
228.297
215.79
208.482
202.317
193.902
183.406
171.744
159.069
145.377
130.726
114.895
97.6868
79.2887
59.6398
37.3791
14.4923
)
;

boundaryField
{
    inlet
    {
        type            zeroGradient;
    }
    outlet
    {
        type            fixedValue;
        value           uniform 0;
    }
    upperWall
    {
        type            zeroGradient;
    }
    lowerWall
    {
        type            zeroGradient;
    }
    frontAndBack
    {
        type            empty;
    }
}


// ************************************************************************* //
