/*--------------------------------*- C++ -*----------------------------------*\
  =========                 |
  \\      /  F ield         | OpenFOAM: The Open Source CFD Toolbox
   \\    /   O peration     | Website:  https://openfoam.org
    \\  /    A nd           | Version:  6
     \\/     M anipulation  |
\*---------------------------------------------------------------------------*/
FoamFile
{
    version     2.0;
    format      ascii;
    class       volScalarField;
    location    "0.4";
    object      pPrime2Mean;
}
// * * * * * * * * * * * * * * * * * * * * * * * * * * * * * * * * * * * * * //

dimensions      [0 4 -4 0 0 0 0];

internalField   nonuniform List<scalar> 
12225
(
1.30457e+06
1.28482e+06
1.2649e+06
1.24533e+06
1.22625e+06
1.20771e+06
1.1897e+06
1.17222e+06
1.15525e+06
1.13874e+06
1.12264e+06
1.10688e+06
1.09139e+06
1.07605e+06
1.0607e+06
1.04508e+06
1.02874e+06
1.01054e+06
1.30461e+06
1.28485e+06
1.26493e+06
1.24536e+06
1.22628e+06
1.20773e+06
1.18972e+06
1.17225e+06
1.15528e+06
1.13877e+06
1.12268e+06
1.10693e+06
1.09146e+06
1.07614e+06
1.06083e+06
1.0453e+06
1.02916e+06
1.01161e+06
1.3047e+06
1.28493e+06
1.26499e+06
1.24541e+06
1.22633e+06
1.20778e+06
1.18977e+06
1.1723e+06
1.15534e+06
1.13884e+06
1.12276e+06
1.10704e+06
1.0916e+06
1.07634e+06
1.06112e+06
1.04576e+06
1.02999e+06
1.0135e+06
1.30484e+06
1.28505e+06
1.2651e+06
1.2455e+06
1.22641e+06
1.20786e+06
1.18986e+06
1.17239e+06
1.15544e+06
1.13896e+06
1.12291e+06
1.10723e+06
1.09184e+06
1.07666e+06
1.06158e+06
1.04647e+06
1.0312e+06
1.01577e+06
1.30508e+06
1.28524e+06
1.26525e+06
1.24564e+06
1.22653e+06
1.20798e+06
1.18998e+06
1.17252e+06
1.15559e+06
1.13914e+06
1.12312e+06
1.10749e+06
1.09218e+06
1.07712e+06
1.06223e+06
1.04743e+06
1.0327e+06
1.01822e+06
1.30542e+06
1.2855e+06
1.26547e+06
1.24582e+06
1.2267e+06
1.20814e+06
1.19015e+06
1.17271e+06
1.15579e+06
1.13937e+06
1.12341e+06
1.10785e+06
1.09265e+06
1.07774e+06
1.06307e+06
1.04863e+06
1.03445e+06
1.02077e+06
1.30583e+06
1.28584e+06
1.26575e+06
1.24607e+06
1.22693e+06
1.20836e+06
1.19037e+06
1.17294e+06
1.15606e+06
1.13969e+06
1.12379e+06
1.10832e+06
1.09323e+06
1.0785e+06
1.0641e+06
1.05002e+06
1.03637e+06
1.02336e+06
1.30639e+06
1.28627e+06
1.26611e+06
1.24638e+06
1.22722e+06
1.20864e+06
1.19066e+06
1.17325e+06
1.1564e+06
1.14008e+06
1.12426e+06
1.1089e+06
1.09396e+06
1.07943e+06
1.0653e+06
1.0516e+06
1.03843e+06
1.02598e+06
1.30708e+06
1.28682e+06
1.26656e+06
1.24678e+06
1.22758e+06
1.20899e+06
1.19101e+06
1.17363e+06
1.15683e+06
1.14057e+06
1.12484e+06
1.1096e+06
1.09482e+06
1.08051e+06
1.06667e+06
1.05333e+06
1.0406e+06
1.02861e+06
1.30794e+06
1.28749e+06
1.26712e+06
1.24726e+06
1.22802e+06
1.20942e+06
1.19145e+06
1.17409e+06
1.15734e+06
1.14116e+06
1.12553e+06
1.11042e+06
1.09583e+06
1.08175e+06
1.06819e+06
1.0552e+06
1.04285e+06
1.03125e+06
1.30892e+06
1.28829e+06
1.26779e+06
1.24784e+06
1.22855e+06
1.20993e+06
1.19197e+06
1.17465e+06
1.15795e+06
1.14186e+06
1.12634e+06
1.11138e+06
1.09698e+06
1.08312e+06
1.06984e+06
1.05718e+06
1.04517e+06
1.0339e+06
1.30992e+06
1.28916e+06
1.26852e+06
1.24848e+06
1.22914e+06
1.21049e+06
1.19253e+06
1.17525e+06
1.15861e+06
1.1426e+06
1.12719e+06
1.11238e+06
1.09815e+06
1.08451e+06
1.07147e+06
1.05907e+06
1.04735e+06
1.03634e+06
1.31116e+06
1.29017e+06
1.26936e+06
1.24921e+06
1.2298e+06
1.21112e+06
1.19317e+06
1.17592e+06
1.15934e+06
1.14342e+06
1.12813e+06
1.11346e+06
1.09941e+06
1.08598e+06
1.07317e+06
1.06101e+06
1.04953e+06
1.03875e+06
1.31285e+06
1.2915e+06
1.27046e+06
1.25016e+06
1.23066e+06
1.21195e+06
1.194e+06
1.17679e+06
1.16029e+06
1.14447e+06
1.12932e+06
1.11482e+06
1.10097e+06
1.08775e+06
1.07519e+06
1.06329e+06
1.05205e+06
1.04149e+06
1.31516e+06
1.29327e+06
1.2719e+06
1.25139e+06
1.23178e+06
1.21302e+06
1.19508e+06
1.17792e+06
1.1615e+06
1.14581e+06
1.13081e+06
1.1165e+06
1.10286e+06
1.08988e+06
1.07757e+06
1.06592e+06
1.05492e+06
1.04458e+06
1.31809e+06
1.29554e+06
1.27373e+06
1.25297e+06
1.2332e+06
1.21438e+06
1.19644e+06
1.17934e+06
1.16302e+06
1.14747e+06
1.13264e+06
1.11853e+06
1.10511e+06
1.09238e+06
1.08031e+06
1.0689e+06
1.05814e+06
1.048e+06
1.32179e+06
1.29834e+06
1.27598e+06
1.25489e+06
1.23496e+06
1.21606e+06
1.19813e+06
1.18108e+06
1.16488e+06
1.14947e+06
1.13483e+06
1.12093e+06
1.10773e+06
1.09523e+06
1.0834e+06
1.07222e+06
1.06167e+06
1.05172e+06
1.32591e+06
1.30146e+06
1.2785e+06
1.25708e+06
1.23697e+06
1.21802e+06
1.2001e+06
1.18313e+06
1.16705e+06
1.1518e+06
1.13735e+06
1.12365e+06
1.11067e+06
1.09839e+06
1.08678e+06
1.0758e+06
1.06544e+06
1.05566e+06
1.32985e+06
1.30426e+06
1.28083e+06
1.2592e+06
1.23902e+06
1.22007e+06
1.20223e+06
1.18537e+06
1.16944e+06
1.15436e+06
1.14009e+06
1.12659e+06
1.11381e+06
1.10173e+06
1.09031e+06
1.07951e+06
1.06932e+06
1.05968e+06
1.32892e+06
1.30454e+06
1.28163e+06
1.26027e+06
1.24028e+06
1.2215e+06
1.20379e+06
1.18708e+06
1.17128e+06
1.15635e+06
1.14222e+06
1.12887e+06
1.11624e+06
1.10429e+06
1.093e+06
1.08232e+06
1.07223e+06
1.06269e+06
1.32769e+06
1.30411e+06
1.28171e+06
1.26069e+06
1.24093e+06
1.22231e+06
1.20475e+06
1.18816e+06
1.17247e+06
1.15765e+06
1.14362e+06
1.13036e+06
1.11782e+06
1.10596e+06
1.09475e+06
1.08415e+06
1.07412e+06
1.06464e+06
1.32627e+06
1.30342e+06
1.2815e+06
1.2608e+06
1.24127e+06
1.22282e+06
1.20538e+06
1.1889e+06
1.17331e+06
1.15857e+06
1.14462e+06
1.13143e+06
1.11896e+06
1.10716e+06
1.096e+06
1.08545e+06
1.07546e+06
1.06602e+06
1.32502e+06
1.30272e+06
1.2812e+06
1.26078e+06
1.24144e+06
1.22313e+06
1.2058e+06
1.18941e+06
1.17389e+06
1.15921e+06
1.14532e+06
1.13219e+06
1.11976e+06
1.108e+06
1.09688e+06
1.08636e+06
1.07641e+06
1.06699e+06
1.32388e+06
1.30208e+06
1.2809e+06
1.2607e+06
1.24151e+06
1.22332e+06
1.20608e+06
1.18975e+06
1.17429e+06
1.15966e+06
1.14581e+06
1.13271e+06
1.12032e+06
1.10859e+06
1.0975e+06
1.087e+06
1.07707e+06
1.06767e+06
1.32301e+06
1.30157e+06
1.28064e+06
1.26061e+06
1.24154e+06
1.22344e+06
1.20626e+06
1.18998e+06
1.17456e+06
1.15996e+06
1.14615e+06
1.13307e+06
1.1207e+06
1.10899e+06
1.09792e+06
1.08744e+06
1.07752e+06
1.06814e+06
1.32232e+06
1.30117e+06
1.28043e+06
1.26053e+06
1.24156e+06
1.22351e+06
1.20638e+06
1.19013e+06
1.17474e+06
1.16017e+06
1.14637e+06
1.13331e+06
1.12096e+06
1.10926e+06
1.0982e+06
1.08773e+06
1.07783e+06
1.06845e+06
1.32172e+06
1.30088e+06
1.28029e+06
1.26047e+06
1.24156e+06
1.22355e+06
1.20645e+06
1.19023e+06
1.17486e+06
1.1603e+06
1.14651e+06
1.13347e+06
1.12112e+06
1.10944e+06
1.09838e+06
1.08792e+06
1.07802e+06
1.06865e+06
1.32133e+06
1.30069e+06
1.28019e+06
1.26044e+06
1.24156e+06
1.22358e+06
1.20649e+06
1.19029e+06
1.17493e+06
1.16038e+06
1.1466e+06
1.13356e+06
1.12122e+06
1.10954e+06
1.09849e+06
1.08804e+06
1.07814e+06
1.06877e+06
1.32113e+06
1.30058e+06
1.28014e+06
1.26042e+06
1.24155e+06
1.22359e+06
1.20652e+06
1.19032e+06
1.17496e+06
1.16042e+06
1.14665e+06
1.13361e+06
1.12127e+06
1.1096e+06
1.09855e+06
1.0881e+06
1.0782e+06
1.06883e+06
1.32101e+06
1.30053e+06
1.28012e+06
1.26041e+06
1.24155e+06
1.22359e+06
1.20653e+06
1.19033e+06
1.17498e+06
1.16043e+06
1.14667e+06
1.13363e+06
1.1213e+06
1.10962e+06
1.09858e+06
1.08812e+06
1.07823e+06
1.06886e+06
854383
854315
854178
853970
853690
853339
852913
852413
851836
851182
850448
849636
848743
847771
846717
845583
844367
843070
841691
840231
838690
837067
835364
833581
831718
829778
827760
825665
823495
821251
818933
816543
814081
811549
808948
806279
803543
800741
797874
794943
791950
788893
785775
782597
779359
776062
772707
769294
765824
762297
758716
755080
751393
747655
743868
740032
736149
732219
728245
724227
720166
716061
711915
707728
703501
699233
694924
690573
686184
681757
677292
672791
668254
663679
659068
654423
649748
645046
640317
635560
630775
625965
621128
616264
611374
606459
601519
596554
591563
586547
581508
576446
571362
566257
561128
555976
550802
545610
540398
535167
529913
524637
519336
514013
508673
503322
497959
492584
487203
481824
476443
471056
465655
460235
454792
449325
443837
438329
432805
427268
421723
416172
410616
405059
399503
393950
388400
382855
377312
371770
366226
360677
355122
349557
343985
338418
332863
327324
321798
316280
310765
305248
299727
294201
288670
283137
277608
272088
266581
261093
255626
250181
244759
239359
233981
228627
223301
218007
212740
207498
202277
197077
191900
186750
181630
176543
171489
166472
161494
156560
151672
146833
142043
137303
132614
127981
123410
118909
114496
110212
854691
854623
854485
854276
853995
853642
853214
852710
852130
851472
850735
849919
849023
848045
846987
845848
844627
843324
841939
840473
838924
837295
835585
833795
831926
829979
827954
825853
823677
821426
819102
816706
814240
811703
809096
806422
803681
800875
798004
795068
792070
789010
785888
782705
779463
776161
772802
769386
765912
762382
758797
755158
751467
747726
743935
740096
736210
732278
728302
724283
720220
716113
711965
707775
703544
699273
694961
690609
686218
681790
677325
672822
668282
663706
659094
654449
649775
645073
640343
635586
630802
625991
621153
616289
611399
606482
601541
596574
591582
586567
581528
576467
571384
566278
561149
555998
550826
545635
540423
535191
529936
524658
519357
514034
508694
503340
497975
492602
487226
481851
476473
471085
465684
460262
454817
449348
443858
438348
432822
427284
421737
416184
410628
405071
399515
393962
388413
382868
377325
371783
366238
360688
355131
349566
343998
338436
332885
327348
321821
316301
310784
305265
299743
294215
288683
283150
277621
272100
266592
261103
255634
250188
244765
239364
233986
228632
223308
218013
212747
207504
202282
197081
191904
186754
181635
176547
171493
166475
161497
156562
151674
146835
142044
137304
132614
127981
123408
118904
114485
110180
855311
855241
855102
854891
854608
854251
853818
853309
852723
852059
851315
850491
849586
848599
847531
846381
845149
843834
842437
840958
839396
837753
836030
834226
832343
830382
828344
826230
824040
821777
819441
817033
814555
812007
809391
806707
803956
801141
798261
795317
792310
789241
786111
782920
779670
776360
772993
769569
766088
762551
758959
755313
751615
747867
744070
740224
736333
732397
728418
724395
720327
716217
712063
707868
703632
699356
695040
690685
686291
681860
677390
672883
668339
663760
659147
654503
649829
645126
640395
635636
630851
626039
621201
616336
611443
606524
601580
596611
591619
586604
581567
576507
571424
566318
561190
556041
550871
545681
540468
535234
529976
524696
519393
514069
508727
503371
498006
492637
487268
481898
476522
471135
465732
460308
454860
449388
443894
438380
432851
427310
421761
416207
410650
405093
399537
393984
388436
382891
377348
371805
366259
360708
355150
349587
344025
338470
332924
327388
321861
316338
310818
305296
299771
294241
288708
283175
277645
272123
266613
261121
255650
250202
244777
239375
233996
228643
223319
218025
212758
207514
202291
197090
191913
186763
181643
176555
171500
166481
161501
156566
151677
146837
142046
137305
132614
127978
123402
118893
114465
110133
856245
856175
856033
855819
855532
855169
854730
854213
853618
852943
852188
851351
850433
849432
848348
847181
845931
844598
843182
841683
840102
838439
836696
834872
832969
830988
828929
826795
824586
822304
819950
817524
815028
812464
809832
807133
804368
801539
798646
795689
792670
789589
786447
783244
779981
776660
773282
769846
766353
762804
759201
755545
751837
748078
744272
740418
736519
732576
728590
724560
720486
716369
712208
708006
703764
699482
695161
690801
686402
681964
677488
672975
668426
663844
659229
654583
649908
645203
640471
635710
630923
626109
621268
616401
611505
606583
601636
596666
591674
586659
581622
576562
571480
566375
561250
556103
550935
545744
540531
535293
530032
524747
519441
514114
508769
503413
498052
492690
487326
481960
476587
471200
465795
460368
454917
449441
443942
438424
432890
427346
421794
416238
410680
405122
399566
394013
388465
382921
377379
371837
366290
360737
355180
349622
344066
338516
332974
327440
321912
316387
310864
305339
299811
294279
288745
283211
277680
272156
266643
261147
255672
250221
244794
239390
234011
228658
223334
218040
212772
207527
202303
197102
191925
186775
181654
176565
171509
166489
161508
156571
151681
146841
142049
137307
132614
127975
123395
118880
114439
110080
857501
857428
857283
857065
856771
856400
855952
855424
854816
854127
853355
852501
851563
850541
849435
848246
846972
845614
844172
842648
841040
839351
837580
835729
833800
831792
829708
827548
825314
823007
820628
818179
815660
813073
810420
807701
804917
802069
799158
796185
793150
790053
786894
783675
780397
777060
773666
770214
766706
763142
759524
755852
752130
748359
744540
740675
736765
732812
728815
724776
720693
716566
712397
708187
703938
699649
695321
690954
686546
682100
677617
673098
668544
663958
659340
654691
650013
645306
640571
635807
631017
626199
621355
616483
611584
606659
601709
596737
591744
586729
581692
576632
571551
566449
561325
556181
551014
545823
540608
535368
530102
524812
519501
514170
508824
503470
498114
492758
487399
482037
476665
471278
465872
460441
454985
449503
443999
438476
432938
427389
421835
416276
410717
405157
399601
394049
388501
382958
377418
371876
366329
360777
355222
349669
344118
338573
333034
327502
321973
316446
310920
305391
299860
294326
288790
283256
277723
272197
266681
261181
255702
250247
244816
239411
234030
228678
223354
218059
212790
207543
202319
197116
191939
186789
181668
176578
171521
166500
161517
156578
151687
146846
142053
137309
132614
127972
123387
118864
114410
110027
859085
859009
858860
858634
858332
857951
857489
856946
856321
855612
854819
853941
852978
851930
850797
849577
848273
846884
845410
843852
842211
840488
838684
836800
834837
832796
830680
828488
826223
823885
821476
818997
816450
813836
811156
808411
805603
802731
799798
796803
793747
790629
787451
784212
780914
777558
774144
770673
767145
763562
759924
756234
752495
748707
744872
740992
737067
733100
729090
725037
720942
716804
712625
708406
704148
699851
695514
691138
686722
682267
677777
673252
668693
664101
659478
654825
650142
645431
640692
635925
631130
626308
621458
616581
611677
606749
601797
596823
591828
586812
581775
576715
571636
566536
561416
556273
551107
545916
540700
535456
530185
524891
519575
514240
508894
503544
498192
492840
487486
482126
476756
471368
465958
460524
455062
449575
444065
438536
432993
427440
421882
416321
410759
405198
399641
394089
388543
383001
377462
371921
366376
360825
355275
349726
344180
338638
333103
327571
322041
316513
310983
305451
299916
294380
288843
283307
277774
272245
266725
261221
255737
250278
244844
239436
234055
228702
223377
218081
212810
207562
202336
197133
191956
186805
181683
176592
171534
166512
161528
156588
151695
146853
142059
137313
132615
127969
123379
118848
114381
109975
861008
860928
860772
860537
860223
859827
859347
858784
858136
857403
856582
855676
854682
853600
852432
851177
849835
848407
846894
845296
843615
841852
840008
838083
836081
834001
831846
829616
827313
824938
822493
819979
817397
814750
812038
809262
806424
803524
800563
797541
794459
791316
788113
784850
781528
778149
774711
771216
767665
764059
760398
756687
752926
749117
745263
741363
737421
733436
729409
725341
721232
717081
712891
708661
704393
700085
695738
691353
686929
682467
677969
673437
668870
664271
659641
654982
650294
645577
640832
636060
631259
626432
621576
616693
611784
606851
601896
596920
591924
586908
581869
576811
571733
566636
561518
556377
551212
546021
540802
535556
530282
524983
519663
514325
508979
503630
498281
492933
487582
482225
476854
471465
466052
460613
455147
449654
444138
438603
433055
427498
421935
416370
410806
405244
399686
394134
388588
383048
377511
371972
366429
360882
355337
349791
344248
338710
333176
327644
322114
316583
311050
305514
299976
294437
288899
283363
277828
272297
266775
261266
255777
250313
244876
239466
234083
228729
223404
218106
212833
207583
202356
197152
191975
186824
181701
176608
171550
166526
161541
156599
151706
146862
142066
137317
132617
127967
123370
118832
114351
109926
863282
863197
863032
862785
862454
862038
861537
860948
860271
859506
858652
857709
856677
855556
854345
853047
851660
850187
848627
846983
845255
843444
841553
839582
837533
835408
833207
830932
828585
826168
823680
821125
818503
815816
813066
810253
807380
804445
801451
798398
795286
792113
788881
785590
782241
778833
775368
771846
768267
764633
760947
757209
753423
749590
745712
741790
737825
733820
729773
725687
721562
717396
713193
708950
704670
700351
695994
691599
687166
682695
678189
673648
669073
664465
659827
655159
650464
645740
640988
636209
631402
626567
621706
616817
611903
606966
602007
597028
592030
587012
581973
576915
571840
566744
561628
556489
551324
546132
540913
535665
530389
525087
519762
514422
509075
503726
498378
493032
487683
482327
476957
471566
466150
460707
455237
449739
444218
438677
433123
427560
421993
416424
410856
405292
399733
394182
388637
383099
377564
372027
366487
360944
355402
349860
344320
338784
333251
327719
322187
316653
311117
305578
300037
294497
288958
283420
277884
272352
266826
261313
255820
250352
244911
239498
234115
228760
223433
218133
212858
207606
202378
197173
191995
186844
181720
176627
171567
166542
161556
156613
151718
146872
142074
137323
132619
127965
123363
118815
114322
109880
865922
865829
865653
865390
865039
864600
864070
863449
862737
861933
861038
860051
858973
857803
856543
855193
853754
852228
850614
848916
847133
845269
843323
841298
839196
837017
834764
832438
830040
827572
825036
822433
819765
817033
814239
811385
808471
805497
802466
799376
796228
793021
789756
786432
783050
779611
776114
772561
768952
765288
761571
757804
753989
750128
746222
742274
738284
734255
730186
726079
721934
717751
713531
709274
704980
700649
696281
691875
687432
682952
678435
673883
669298
664681
660033
655357
650652
645920
641159
636371
631556
626714
621846
616952
612032
607090
602127
597145
592144
587124
582084
577027
571952
566858
561743
556604
551439
546247
541027
535778
530500
525196
519868
514525
509176
503826
498478
493133
487785
482430
477059
471666
466248
460803
455329
449827
444300
438754
433194
427626
422053
416480
410909
405343
399784
394232
388688
383152
377618
372084
366547
361008
355469
349929
344391
338857
333324
327791
322257
316721
311182
305640
300097
294556
289016
283478
277941
272406
266878
261362
255865
250393
244949
239533
234148
228792
223463
218161
212884
207631
202400
197195
192017
186865
181740
176646
171585
166560
161573
156629
151733
146884
142083
137329
132622
127963
123354
118799
114294
109837
868945
868844
868654
868372
867997
867527
866963
866304
865549
864699
863754
862715
861582
860355
859036
857627
856127
854539
852863
851102
849257
847329
845321
843234
841069
838830
836517
834131
831676
829152
826561
823904
821184
818402
815559
812657
809696
806678
803603
800471
797281
794035
790731
787370
783952
780478
776946
773359
769716
766018
762269
758469
754622
750730
746794
742817
738798
734742
730647
726516
722348
718145
713906
709633
705323
700978
696597
692179
687724
683231
678702
674139
669543
664916
660259
655574
650860
646117
641347
636549
631724
626873
621997
617096
612171
607223
602255
597268
592263
587240
582199
577141
572066
566972
561857
556718
551553
546360
541140
535890
530612
525305
519976
514631
509279
503927
498578
493231
487884
482528
477157
471763
466344
460896
455419
449914
444383
438831
433266
427692
422115
416537
410964
405396
399836
394284
388741
383205
377673
372140
366606
361071
355534
349996
344459
338925
333391
327856
322321
316783
311242
305698
300154
294611
289071
283532
277994
272458
266927
261409
255908
250433
244986
239569
234182
228824
223494
218190
212911
207656
202424
197218
192039
186887
181762
176667
171605
166579
161592
156647
151749
146898
142094
137337
132625
127961
123346
118782
114267
109796
872375
872265
872058
871752
871348
870843
870239
869533
868728
867823
866820
865718
864521
863228
861841
860361
858791
857130
855382
853548
851630
849630
847550
845391
843157
840849
838468
836016
833495
830907
828254
825537
822758
819918
817020
814063
811049
807979
804853
801672
798435
795143
791796
788394
784935
781421
777852
774228
770549
766817
763032
759199
755318
751393
747424
743414
739364
735277
731154
726995
722802
718576
714316
710024
705697
701335
696938
692505
688035
683528
678986
674411
669805
665168
660503
655808
651084
646331
641550
636741
631905
627044
622159
617250
612319
607364
602390
597397
592387
587359
582315
577255
572179
567083
561966
556826
551660
546466
541245
535995
530716
525409
520079
514734
509380
504025
498673
493325
487976
482619
477246
471851
466431
460982
455503
449995
444460
438904
433334
427757
422176
416596
411020
405450
399889
394336
388793
383256
377725
372194
366662
361130
355595
350057
344520
338985
333449
327912
322375
316835
311292
305748
300203
294661
289121
283582
278043
272505
266973
261452
255949
250471
245022
239603
234215
228856
223525
218219
212938
207681
202448
197241
192061
186909
181783
176688
171626
166599
161611
156665
151765
146912
142104
137344
132628
127958
123336
118764
114238
109757
876244
876122
875895
875562
875123
874576
873923
873164
872299
871330
870258
869084
867811
866440
864973
863411
861757
860012
858179
856261
854259
852176
850014
847775
845461
843073
840614
838086
835491
832830
830106
827320
824473
821568
818605
815585
812511
809382
806199
802963
799673
796331
792936
789487
785984
782428
778817
775154
771437
767668
763847
759979
756063
752103
748099
744055
739973
735853
731699
727511
723290
719038
714756
710441
706094
701714
697298
692847
688360
683838
679283
674696
670080
665434
660760
656056
651322
646558
641766
636945
632097
627226
622331
617414
612474
607512
602530
597530
592513
587480
582431
577368
572288
567189
562069
556926
551757
546561
541338
536087
530808
525503
520174
514829
509475
504117
498762
493410
488058
482698
477324
471928
466506
461056
455576
450065
444528
438969
433396
427817
422234
416653
411075
405504
399941
394387
388841
383304
377772
372242
366712
361182
355647
350109
344571
339033
333495
327956
322417
316876
311333
305788
300244
294703
289164
283625
278085
272545
267012
261489
255985
250506
245055
239635
234245
228885
223553
218246
212964
207705
202471
197263
192083
186930
181804
176708
171646
166619
161630
156683
151781
146925
142115
137350
132629
127954
123325
118744
114210
109717
880592
880456
880205
879840
879359
878763
878053
877229
876294
875249
874095
872836
871473
870009
868445
866785
865032
863188
861257
859242
857144
854965
852709
850376
847969
845490
842941
840325
837643
834899
832093
829228
826305
823324
820289
817200
814058
810863
807618
804322
800975
797577
794129
790630
787079
783477
779823
776117
772360
768552
764695
760790
756839
752844
748806
744727
740610
736458
732271
728052
723803
719525
715216
710878
706509
702106
697669
693199
688694
684157
679589
674990
670364
665710
661027
656314
651571
646797
641992
637158
632299
627416
622511
617584
612635
607664
602674
597665
592641
587602
582547
577478
572393
567289
562164
557017
551843
546643
541417
536165
530887
525583
520257
514913
509559
504200
498841
493485
488128
482766
477388
471990
466566
461115
455634
450122
444582
439022
433449
427870
422288
416707
411128
405555
399990
394434
388886
383346
377812
372282
366754
361224
355689
350149
344608
339067
333527
327986
322445
316903
311360
305817
300275
294735
289197
283658
278118
272578
267043
261521
256016
250537
245085
239663
234273
228912
223579
218271
212988
207729
202494
197285
192103
186950
181823
176727
171664
166637
161648
156700
151796
146937
142123
137354
132629
127947
123312
118723
114180
109678
885471
885318
885039
884634
884103
883448
882668
881767
880746
879608
878355
876991
875518
873941
872262
870486
868617
866657
864611
862481
860270
857980
855613
853171
850658
848074
845423
842706
839927
837087
834189
831234
828225
825162
822047
818881
815666
812401
809087
805726
802317
798860
795355
791801
788199
784548
780848
777098
773299
769451
765556
761614
757628
753597
749525
745413
741263
737077
732859
728610
724332
720025
715690
711327
706933
702507
698048
693557
689034
684481
679899
675289
670653
665990
661299
656578
651826
647041
642224
637378
632505
627610
622694
617757
612798
607819
602819
597802
592770
587723
582662
577585
572493
567383
562251
557097
551918
546712
541482
536228
530950
525648
520325
514984
509630
504270
498908
493548
488187
482820
477438
472035
466609
461156
455674
450161
444621
439061
433490
427913
422334
416755
411177
405602
400034
394475
388924
383380
377844
372313
366785
361254
355717
350175
344631
339087
333544
328001
322459
316917
311375
305834
300294
294757
289220
283681
278140
272600
267066
261545
256041
250562
245110
239687
234296
228935
223602
218294
213010
207750
202514
197304
192122
186968
181841
176745
171682
166654
161664
156715
151809
146947
142130
137356
132626
127939
123296
118700
114148
109638
890944
890770
890456
890002
889408
888677
887810
886810
885680
884424
883048
881555
879949
878236
876421
874506
872498
870401
868218
865954
863611
861192
858700
856135
853501
850800
848034
845205
842317
839371
836371
833319
830215
827063
823861
820612
817317
813975
810589
807158
803683
800163
796597
792985
789328
785625
781875
778079
774236
770348
766414
762436
758414
754350
750244
746099
741916
737700
733451
729172
724865
720531
716169
711779
707360
702910
698429
693917
689375
684806
680209
675588
670941
666269
661570
656841
652080
647284
642456
637597
632711
627803
622875
617928
612960
607972
602964
597938
592898
587843
582774
577690
572589
567469
562330
557167
551981
546769
541534
536277
530998
525698
520377
515039
509687
504326
498962
493598
488232
482859
477472
472065
466634
461178
455694
450180
444641
439084
433516
427945
422371
416795
411217
405642
400072
394509
388954
383406
377867
372334
366803
361270
355732
350187
344640
339093
333547
328002
322459
316917
311377
305838
300302
294767
289231
283693
278152
272613
267081
261561
256060
250582
245131
239708
234317
228956
223623
218315
213031
207770
202533
197323
192139
186984
181857
176761
171697
166669
161679
156728
151820
146955
142134
137355
132620
127927
123279
118675
114116
109598
897285
897082
896719
896196
895515
894679
893692
892559
891285
889878
888343
886686
884914
883032
881045
878959
876781
874516
872170
869746
867249
864680
862043
859338
856566
853731
850834
847880
844870
841806
838693
835531
832323
829070
825772
822431
819048
815624
812158
808651
805103
801513
797881
794205
790487
786727
782924
779078
775189
771258
767284
763267
759209
755110
750970
746793
742579
738332
734054
729746
725411
721048
716658
712242
707797
703322
698818
694284
689723
685136
680524
675888
671230
666548
661840
657103
652332
647527
642687
637815
632917
627996
623056
618098
613121
608125
603110
598076
593026
587963
582885
577791
572680
567550
562400
557229
552034
546815
541574
536313
531033
525733
520415
515079
509729
504368
499003
493635
488264
482884
477490
472077
466641
461181
455694
450180
444643
439091
433530
427965
422398
416825
411249
405673
400101
394535
388976
383424
377880
372343
366809
361273
355732
350185
344635
339085
333536
327989
322445
316905
311366
305831
300298
294765
289230
283693
278154
272617
267088
261572
256074
250598
245148
239726
234335
228974
223641
218334
213050
207789
202551
197340
192155
187000
181872
176776
171712
166683
161692
156740
151829
146961
142136
137353
132613
127915
123260
118650
114083
109559
904305
904063
903632
903015
902214
901238
900092
898787
897330
895732
894001
892144
890169
888082
885891
883605
881232
878777
876248
873650
870984
868254
865459
862602
859684
856707
853674
850587
847450
844265
841035
837761
834444
831087
827689
824252
820778
817267
813718
810132
806508
802845
799143
795401
791619
787800
783941
780044
776108
772133
768118
764063
759968
755834
751663
747455
743213
738939
734633
730299
725936
721546
717130
712687
708217
703719
699192
694638
690058
685453
680825
676175
671503
666810
662093
657346
652566
647750
642900
638018
633109
628176
623225
618257
613272
608269
603246
598204
593146
588073
582985
577881
572759
567619
562459
557278
552074
546848
541600
536334
531052
525752
520435
515102
509753
504392
499026
493654
488277
482890
477489
472069
466627
461162
455673
450160
444627
439080
433527
427971
422411
416843
411269
405693
400119
394550
388988
383431
377883
372340
366801
361262
355718
350169
344616
339063
333512
327964
322421
316881
311345
305813
300282
294751
289217
283681
278145
272611
267086
261575
256082
250609
245161
239741
234350
228989
223657
218350
213066
207805
202567
197355
192170
187014
181887
176790
171726
166696
161703
156749
151836
146965
142136
137349
132603
127900
123240
118624
114051
109521
911383
911095
910579
909843
908895
907748
906415
904908
903240
901424
899471
897392
895195
892891
890487
887996
885425
882783
880075
877307
874479
871593
868649
865648
862591
859479
856316
853106
849850
846552
843213
839834
836416
832960
829468
825941
822380
818786
815158
811496
807799
804067
800298
796492
792651
788775
784864
780918
776937
772919
768864
764772
760643
756478
752278
748043
743777
739478
735149
730792
726405
721991
717551
713085
708592
704073
699527
694955
690358
685737
681093
676429
671745
667040
662312
657555
652765
647940
643081
638191
633274
628333
623374
618398
613405
608393
603363
598313
593247
588165
583067
577953
572821
567671
562502
557313
552102
546868
541615
536345
531059
525758
520441
515108
509760
504399
499031
493655
488272
482878
477470
472043
466596
461127
455636
450124
444596
439057
433512
427964
422410
416847
411276
405701
400127
394556
388990
383430
377876
372328
366785
361241
355695
350143
344589
339034
333481
327933
322390
316852
311318
305788
300258
294728
289196
283663
278129
272600
267081
261575
256086
250618
245173
239754
234365
229004
223672
218365
213081
207820
202583
197371
192186
187029
181902
176805
171740
166709
161715
156759
151843
146969
142136
137345
132595
127887
123221
118600
114022
109487
918493
918145
917522
916637
915507
914153
912595
910851
908940
906878
904681
902364
899937
897410
894795
892102
889340
886517
883639
880708
877727
874695
871611
868475
865289
862053
858770
855444
852078
848674
845234
841757
838246
834699
831120
827509
823867
820195
816491
812757
808991
805192
801361
797497
793599
789670
785709
781716
777691
773633
769540
765413
761252
757057
752830
748571
744281
739961
735611
731232
726824
722389
717927
713440
708927
704390
699827
695238
690626
685990
681333
676656
671959
667241
662500
657731
652931
648098
643232
638337
633414
628469
623503
618520
613518
608499
603460
598403
593328
588237
583130
578007
572868
567710
562533
557336
552118
546879
541621
536346
531057
525754
520436
515102
509753
504391
499021
493641
488252
482851
477437
472005
466553
461081
455590
450080
444556
439023
433486
427946
422398
416840
411272
405699
400125
394553
388985
383422
377864
372311
366763
361215
355666
350113
344557
339001
333447
327898
322356
316819
311287
305758
300230
294701
289171
283640
278111
272587
267073
261572
256089
250625
245184
239768
234379
229020
223688
218380
213097
207836
202600
197388
192203
187047
181919
176822
171756
166724
161728
156771
151852
146975
142138
137343
132588
127876
123206
118580
113998
109459
925627
925203
924440
923364
922005
920396
918569
916550
914366
912037
909585
907024
904368
901624
898803
895917
892974
889979
886938
883854
880729
877561
874348
871088
867782
864430
861036
857603
854135
850633
847099
843533
839934
836305
832646
828958
825241
821496
817723
813921
810091
806232
802343
798424
794475
790496
786488
782451
778384
774287
770159
765998
761806
757584
753331
749050
744738
740396
736026
731627
727200
722746
718264
713758
709228
704673
700095
695493
690867
686218
681548
676858
672148
667417
662662
657882
653072
648231
643360
638460
633534
628584
623613
618623
613614
608587
603540
598475
593392
588293
583178
578048
572902
567737
562553
557349
552126
546882
541620
536341
531049
525742
520421
515086
509736
504372
498998
493614
488220
482813
477393
471957
466502
461029
455537
450029
444510
438983
433452
427917
422375
416821
411257
405687
400114
394542
388973
383408
377847
372290
366738
361187
355634
350080
344523
338967
333412
327864
322322
316786
311254
305726
300198
294671
289143
283616
278091
272573
267064
261569
256091
250632
245195
239782
234395
229036
223704
218397
213114
207854
202619
197408
192224
187068
181940
176842
171776
166743
161745
156785
151865
146984
142144
137345
132587
127871
123198
118568
113982
109440
932791
932265
931317
929993
928345
926424
924281
921955
919477
916872
914161
911360
908479
905527
902512
899443
896327
893171
889977
886751
883493
880198
876865
873490
870072
866612
863115
859583
856020
852429
848809
845160
841483
837779
834047
830289
826505
822695
818858
814996
811107
807192
803251
799282
795285
791261
787209
783131
779025
774891
770729
766537
762316
758067
753791
749487
745154
740792
736402
731985
727540
723068
718570
714046
709499
704930
700338
695722
691084
686423
681741
677039
672316
667572
662805
658013
653193
648345
643468
638565
633635
628682
623706
618709
613693
608658
603604
598531
593441
588335
583214
578077
572924
567753
562563
557353
552124
546877
541612
536330
531033
525723
520400
515062
509710
504343
498966
493578
488179
482768
477343
471904
466447
460972
455481
449976
444460
438937
433411
427881
422344
416795
411235
405668
400098
394527
388958
383391
377827
372268
366712
361158
355603
350047
344490
338933
333379
327831
322289
316753
311222
305694
300167
294642
289117
283593
278073
272560
267057
261567
256094
250641
245208
239797
234412
229054
223722
218416
213133
207875
202641
197432
192249
187093
181965
176867
171800
166766
161767
156805
151882
146999
142156
137353
132592
127873
123197
118564
113975
109431
940003
939333
938131
936480
934470
932184
929687
927032
924250
921367
918401
915365
912269
909119
905921
902682
899407
896099
892764
889406
886023
882611
879165
875682
872160
868601
865007
861385
857735
854063
850366
846644
842896
839124
835328
831507
827663
823794
819901
815984
812043
808078
804089
800075
796035
791969
787878
783761
779619
775452
771258
767036
762788
758514
754215
749889
745536
741155
736746
732311
727850
723362
718848
714309
709747
705163
700558
695931
691281
686610
681916
677202
672467
667711
662932
658128
653299
648444
643562
638654
633721
628763
623782
618780
613757
608715
603654
598575
593478
588366
583238
578095
572936
567759
562563
557349
552116
546866
541598
536313
531013
525699
520373
515032
509677
504308
498928
493536
488133
482718
477290
471847
466389
460914
455424
449921
444409
438890
433368
427841
422307
416762
411207
405644
400077
394507
388938
383371
377806
372245
366686
361130
355573
350015
344458
338902
333349
327801
322259
316723
311192
305664
300139
294615
289093
283573
278058
272549
267052
261567
256100
250651
245222
239814
234431
229074
223743
218437
213156
207900
202667
197460
192279
187124
181996
176898
171830
166795
161795
156831
151906
147020
142174
137369
132606
127885
123207
118572
113981
109435
947297
946407
944842
942762
940319
937622
934750
931755
928669
925511
922298
919039
915740
912406
909039
905643
902220
898774
895309
891827
888327
884804
881253
877670
874052
870402
866723
863018
859292
855546
851780
847993
844182
840350
836495
832619
828720
824799
820856
816891
812904
808894
804862
800806
796727
792624
788497
784347
780172
775973
771749
767500
763226
758928
754607
750261
745889
741489
737062
732611
728133
723631
719102
714549
709974
705378
700760
696122
691461
686779
682074
677349
672603
667836
663046
658232
653394
648531
643643
638730
633793
628830
623845
618837
613809
608761
603694
598609
593507
588388
583254
578105
572940
567757
562557
557339
552103
546850
541579
536291
530988
525671
520342
514999
509641
504270
498886
493491
488084
482666
477235
471790
466331
460857
455368
449867
444358
438843
433323
427799
422268
416727
411176
405617
400053
394485
388917
383350
377785
372222
366662
361103
355545
349987
344430
338875
333322
327774
322232
316696
311165
305638
300114
294592
289073
283556
278045
272542
267049
261570
256108
250663
245238
239833
234452
229096
223766
218462
213183
207928
202698
197493
192313
187159
182032
176934
171866
166831
161829
156864
151937
147049
142202
137395
132630
127907
123228
118592
114000
109452
954745
953488
951402
948778
945833
942694
939436
936104
932721
929301
925854
922386
918899
915396
911874
908334
904777
901204
897619
894023
890416
886791
883143
879468
875763
872031
868275
864498
860703
856892
853065
849219
845353
841466
837559
833633
829687
825720
821732
817724
813695
809644
805573
801481
797367
793230
789071
784889
780685
776457
772206
767932
763634
759314
754972
750606
746215
741797
737354
732886
728394
723878
719336
714771
710183
705575
700946
696297
691626
686933
682218
677483
672726
667948
663149
658326
653479
648608
643713
638795
633852
628886
623896
618883
613850
608797
603725
598635
593527
588403
583263
578108
572937
567750
562546
557325
552086
546830
541557
536266
530960
525641
520308
514963
509603
504229
498842
493444
488035
482614
477181
471734
466274
460801
455314
449816
444309
438797
433279
427757
422228
416690
411143
405588
400026
394461
388894
383328
377763
372200
366639
361079
355520
349962
344405
338851
333299
327751
322210
316674
311143
305617
300094
294574
289057
283544
278037
272538
267050
261576
256118
250678
245256
239854
234475
229120
223792
218490
213213
207961
202734
197531
192352
187199
182073
176975
171908
166872
161871
156905
151977
147088
142238
137430
132664
127941
123261
118625
114032
109483
962497
960576
957743
954454
950956
947361
943723
940068
936406
932742
929078
925417
921759
918101
914438
910767
907087
903400
899706
896007
892302
888585
884849
881091
877309
873504
869680
865840
861984
858116
854234
850336
846419
842484
838531
834560
830570
826562
822535
818489
814422
810336
806230
802104
797958
793791
789603
785393
781162
776908
772632
768334
764014
759673
755311
750927
746518
742083
737623
733141
728635
724106
719552
714975
710377
705757
701117
696458
691777
687074
682350
677604
672838
668051
663242
658410
653555
648677
643775
638851
633903
628931
623937
618920
613882
608825
603749
598654
593541
588412
583267
578106
572930
567739
562532
557307
552066
546808
541532
536239
530931
525608
520273
514925
509563
504187
498798
493398
487986
482562
477127
471680
466220
460747
455262
449767
444263
438753
433237
427716
422189
416653
411109
405557
399999
394436
388871
383306
377742
372180
366618
361058
355499
349941
344385
338831
333280
327733
322192
316656
311126
305601
300080
294561
289046
283536
278032
272537
267054
261584
256131
250694
245275
239876
234499
229147
223821
218521
213247
207997
202772
197571
192395
187243
182118
177021
171955
166920
161918
156952
152024
147134
142285
137476
132710
127987
123307
118670
114077
109527
970845
967620
963753
959704
955636
951597
947601
943646
939730
935844
931984
928149
924336
920538
916746
912957
909167
905376
901585
897795
894003
890203
886389
882557
878706
874837
870954
867057
863149
859229
855299
851353
847392
843414
839419
835408
831381
827336
823273
819192
815092
810973
806836
802680
798505
794311
790097
785862
781606
777328
773029
768709
764369
760008
755628
751226
746800
742349
737874
733378
728859
724317
719752
715165
710556
705926
701276
696606
691916
687204
682470
677715
672939
668144
663326
658486
653623
648737
643829
638899
633945
628969
623970
618949
613908
608847
603766
598667
593551
588417
583267
578101
572921
567726
562515
557288
552044
546783
541505
536210
530899
525575
520238
514888
509524
504146
498755
493352
487938
482513
477076
471628
466168
460697
455214
449721
444219
438711
433197
427677
422151
416617
411075
405526
399970
394410
388848
383285
377722
372161
366600
361040
355481
349923
344368
338815
333265
327720
322179
316644
311115
305591
300070
294553
289040
283532
278031
272540
267061
261595
256145
250711
245295
239898
234524
229175
223851
218554
213282
208036
202813
197614
192439
187289
182166
177070
172005
166971
161971
157006
152079
147189
142340
137531
132765
128042
123363
118726
114133
109581
979890
974398
969263
964443
959835
955390
951071
946850
942706
938624
934592
930603
926649
922725
918819
914924
911035
907153
903277
899405
895536
891663
887780
883882
879970
876045
872109
868164
864208
860244
856269
852282
848281
844264
840233
836186
832125
828046
823952
819839
815709
811561
807396
803214
799013
794794
790556
786299
782020
777720
773400
769060
764700
760322
755924
751505
747063
742597
738108
733598
729067
724514
719938
715341
710722
706083
701424
696744
692044
687323
682580
677816
673032
668228
663402
658555
653684
648791
643877
638940
633982
629001
623998
618973
613928
608864
603780
598677
593556
588418
583264
578094
572910
567711
562497
557267
552021
546757
541477
536180
530867
525541
520202
514850
509485
504105
498713
493308
487892
482466
477028
471580
466120
460649
455168
449677
444178
438671
433158
427640
422114
416582
411042
405495
399943
394385
388825
383265
377704
372144
366584
361025
355466
349909
344355
338804
333255
327711
322171
316637
311108
305585
300065
294550
289038
283532
278033
272545
267069
261607
256160
250729
245315
239921
234550
229204
223883
218588
213319
208074
202854
197657
192483
187335
182214
177121
172058
167026
162027
157065
152139
147251
142402
137594
132829
128107
123427
118791
114196
109643
989192
980526
974109
968604
963534
958742
954147
949697
945359
941108
936928
932805
928729
924694
920687
916699
912725
908762
904811
900868
896931
892994
889051
885096
881131
877156
873174
869185
865188
861183
857169
853145
849108
845057
840992
836914
832822
828714
824590
820450
816292
812118
807928
803721
799497
795255
790996
786717
782417
778097
773757
769398
765020
760624
756210
751776
747318
742837
738335
733812
729269
724704
720118
715511
710883
706234
701566
696877
692168
687437
682685
677912
673120
668307
663474
658618
653741
648841
643920
638978
634014
629029
624021
618993
613944
608877
603790
598683
593559
588417
583259
578085
572897
567694
562477
557244
551995
546729
541446
536147
530833
525505
520164
514811
509444
504063
498669
493263
487846
482418
476979
471530
466071
460601
455121
449632
444135
438630
433119
427601
422077
416546
411008
405464
399914
394360
388803
383245
377687
372129
366570
361012
355454
349898
344345
338796
333249
327706
322167
316634
311106
305582
300064
294549
289038
283534
278038
272553
267080
261620
256175
250746
245335
239945
234577
229235
223918
218626
213358
208115
202896
197700
192529
187383
182265
177175
172115
167087
162092
157132
152209
147323
142475
137669
132904
128183
123504
118867
114270
109714
994894
985742
978581
972517
967047
961947
957102
952442
947923
943515
939194
934945
930756
926614
922509
918433
914378
910338
906314
902304
898303
894305
890304
886295
882279
878258
874231
870200
866162
862118
858066
854005
849933
845849
841753
837644
833521
829384
825232
821064
816880
812681
808466
804235
799988
795724
791443
787143
782823
778482
774122
769744
765348
760935
756504
752053
747580
743084
738568
734032
729476
724900
720303
715685
711048
706390
701712
697013
692294
687554
682792
678010
673208
668387
663545
658682
653797
648890
643963
639015
634046
629055
624043
619011
613959
608888
603797
598688
593560
588415
583253
578075
572883
567676
562455
557218
551966
546697
541412
536112
530796
525467
520125
514770
509402
504020
498625
493218
487799
482370
476930
471481
466022
460553
455074
449587
444091
438588
433078
427562
422039
416509
410973
405432
399885
394335
388782
383228
377673
372117
366560
361003
355446
349892
344341
338793
333248
327706
322168
316635
311107
305583
300064
294550
289040
283537
278043
272560
267089
261632
256189
250763
245355
239968
234606
229267
223953
218663
213397
208155
202937
197742
192573
187429
182314
177229
172174
167151
162161
157207
152288
147404
142558
137753
132990
128269
123590
118950
114351
109792
999424
990398
982909
976451
970642
965258
960172
955305
950605
946036
941572
937193
932884
928631
924425
920254
916111
911991
907893
903811
899743
895681
891619
887554
883485
879414
875341
871265
867185
863100
859007
854907
850798
846678
842548
838407
834253
830085
825903
821707
817495
813269
809029
804773
800502
796215
791911
787588
783246
778885
774504
770106
765691
761260
756811
752342
747852
743342
738810
734260
729691
725102
720494
715865
711217
706549
701861
697152
692422
687672
682900
678108
673296
668466
663615
658744
653851
648938
644004
639050
634075
629079
624063
619026
613971
608896
603802
598689
593558
588410
583244
578063
572867
567656
562431
557191
551936
546665
541378
536076
530759
525429
520085
514729
509359
503977
498581
493173
487753
482323
476883
471433
465974
460505
455028
449542
444048
438547
433039
427524
422002
416475
410941
405403
399860
394313
388764
383214
377662
372109
366554
360998
355444
349891
344342
338796
333252
327710
322171
316637
311108
305584
300065
294550
289040
283538
278045
272563
267094
261639
256198
250775
245371
239988
234630
229294
223983
218694
213429
208187
202969
197775
192607
187466
182355
177274
172225
167209
162227
157279
152365
147484
142640
137836
133073
128352
123671
119029
114426
109862
1.00329e+06
994606
987037
980341
974271
968642
963337
958274
953398
948670
944061
939549
935117
930751
926439
922169
917936
913732
909553
905396
901256
897126
893000
888876
884752
880629
876508
872385
868259
864129
859993
855851
851703
847546
843380
839205
835017
830817
826604
822378
818137
813884
809617
805336
801040
796728
792399
788053
783689
779306
774903
770484
766050
761599
757131
752644
748137
743610
739063
734498
729914
725312
720691
716051
711392
706713
702014
697294
692553
687791
683009
678206
673385
668545
663685
658806
653905
648985
644044
639084
634103
629102
624080
619039
613980
608902
603804
598688
593554
588402
583234
578049
572849
567635
562406
557163
551904
546631
541342
536039
530721
525390
520045
514688
509317
503933
498537
493128
487708
482278
476837
471386
465927
460459
454983
449498
444006
438507
433000
427487
421968
416443
410912
405377
399838
394296
388751
383204
377655
372104
366552
360999
355446
349896
344348
338802
333258
327715
322175
316639
311108
305582
300061
294545
289036
283533
278041
272560
267092
261638
256200
250780
245381
240003
234647
229314
224004
218715
213450
208207
202988
197795
192628
187490
182383
177308
172265
167256
162282
157343
152434
147556
142714
137911
133148
128426
123743
119097
114490
109921
1.00679e+06
998470
990955
984144
977894
972070
966574
961331
956289
951408
946657
942012
937457
932975
928554
924184
919857
915564
911302
907065
902848
898646
894453
890267
886085
881907
877733
873559
869384
865206
861026
856841
852651
848455
844251
840039
835816
831581
827335
823078
818808
814525
810230
805922
801599
797261
792908
788538
784150
779743
775319
770879
766423
761952
757464
752958
748434
743889
739326
734745
730146
725530
720895
716242
711571
706880
702170
697438
692686
687912
683119
678306
673474
668624
663756
658868
653959
649031
644084
639117
634130
629123
624096
619051
613986
608904
603804
598685
593548
588393
583222
578034
572830
567612
562380
557133
551872
546597
541306
536002
530683
525351
520005
514646
509274
503890
498493
493084
487664
482233
476792
471341
465882
460415
454940
449457
443966
438468
432964
427453
421936
416414
410887
405356
399821
394283
388742
383199
377652
372104
366553
361003
355452
349904
344357
338811
333265
327719
322176
316637
311103
305574
300051
294534
289023
283521
278028
272548
267081
261629
256194
250779
245383
240009
234656
229324
224013
218723
213456
208213
202993
197800
192634
187498
182395
177326
172289
167289
162324
157392
152489
147615
142774
137973
133210
128487
123801
119152
114540
109967
1.01006e+06
1.00208e+06
994684
987843
981482
975512
969858
964458
959264
954237
949348
944575
939897
935300
930770
926298
921874
917489
913140
908820
904523
900246
895983
891731
887487
883250
879019
874790
870563
866336
862108
857878
853644
849406
845161
840909
836649
832378
828098
823807
819506
815193
810869
806532
802181
797815
793435
789040
784627
780198
775751
771289
766811
762319
757810
753285
748742
744180
739600
735002
730387
725755
721106
716439
711755
707052
702329
697585
692820
688035
683230
678406
673564
668705
663827
658930
654014
649078
644123
639149
634156
629144
624111
619060
613991
608905
603801
598678
593538
588381
583207
578016
572810
567588
562353
557104
551841
546563
541271
535965
530645
525312
519965
514605
509232
503847
498449
493040
487620
482190
476749
471299
465841
460374
454900
449418
443928
438432
432930
427422
421908
416390
410867
405340
399810
394275
388738
383197
377653
372106
366558
361009
355461
349913
344366
338819
333269
327719
322172
316628
311090
305558
300032
294513
289002
283499
278007
272527
267062
261612
256180
250769
245377
240004
234652
229319
224006
218715
213446
208202
202982
197789
192624
187491
182391
177326
172296
167302
162345
157421
152524
147654
142817
138017
133255
128532
123844
119192
114575
109998
1.01319e+06
1.00551e+06
998251
991434
985017
978946
973168
967634
962304
957143
952125
947227
942430
937719
933082
928506
923984
919506
915068
910662
906284
901929
897592
893271
888961
884660
880368
876082
871800
867520
863241
858962
854683
850400
846112
841818
837517
833208
828891
824566
820231
815887
811531
807163
802783
798389
793981
789559
785121
780667
776198
771713
767213
762699
758169
753623
749061
744480
739882
735267
730635
725987
721323
716642
711943
707227
702490
697734
692956
688159
683343
678508
673656
668786
663899
658994
654069
649125
644162
639182
634182
629163
624125
619068
613994
608904
603796
598670
593527
588367
583190
577997
572788
567564
562326
557075
551809
546530
541236
535929
530608
525273
519925
514564
509190
503804
498406
492997
487578
482148
476708
471259
465802
460337
454863
449382
443894
438400
432900
427395
421885
416371
410853
405331
399804
394273
388737
383198
377656
372111
366564
361017
355470
349922
344373
338821
333267
327711
322158
316609
311067
305531
300002
294482
288970
283467
277976
272498
267034
261586
256158
250749
245359
239987
234634
229299
223983
218689
213420
208174
202954
197762
192598
187467
182371
177309
172283
167295
162345
157427
152535
147670
142836
138039
133280
128557
123869
119214
114596
110016
1.01623e+06
1.0088e+06
1.00169e+06
994923
988489
982354
976484
970841
965393
960112
954974
949958
945047
940225
935481
930803
926182
921611
917082
912590
908128
903694
899281
894886
890507
886141
881785
877437
873097
868761
864428
860098
855768
851437
847103
842765
838422
834073
829717
825355
820985
816606
812217
807817
803405
798982
794546
790096
785632
781152
776658
772150
767627
763090
758538
753971
749389
744789
740172
735539
730889
726224
721544
716848
712135
707404
702654
697884
693094
688284
683456
678611
673748
668869
663973
659058
654124
649172
644201
639213
634207
629181
624137
619076
613997
608901
603789
598660
593514
588351
583172
577976
572765
567539
562300
557046
551779
546498
541202
535894
530571
525236
519887
514524
509149
503762
498365
492956
487537
482109
476671
471224
465768
460303
454831
449351
443865
438373
432876
427374
421868
416359
410845
405327
399804
394275
388741
383202
377660
372116
366570
361024
355475
349924
344371
338815
333255
327692
322133
316578
311031
305492
299962
294441
288929
283428
277938
272461
266999
261553
256127
250719
245330
239956
234600
229261
223943
218647
213377
208132
202913
197721
192559
187429
182335
177275
172251
167266
162320
157406
152520
147659
142831
138038
133283
128562
123874
119220
114601
110020
1.01921e+06
1.01198e+06
1.00501e+06
998319
991895
985726
979790
974060
968514
963128
957881
952756
947736
942808
937960
933181
928463
923798
919178
914598
910053
905537
901047
896577
892126
887691
883269
878857
874455
870060
865671
861286
856903
852520
848137
843752
839364
834973
830577
826175
821767
817351
812927
808492
804048
799594
795128
790649
786156
781650
777130
772597
768051
763491
758916
754328
749724
745104
740468
735816
731148
726466
721769
717057
712329
707583
702819
698035
693232
688410
683571
678715
673842
668953
664046
659122
654179
649219
644240
639245
634231
629200
624150
619083
613999
608899
603783
598650
593501
588335
583153
577956
572743
567515
562274
557019
551750
546467
541170
535860
530537
525200
519849
514486
509111
503724
498326
492918
487501
482074
476638
471192
465738
460275
454805
449326
443842
438354
432860
427362
421860
416355
410845
405330
399809
394282
388747
383208
377665
372120
366574
361025
355473
349918
344360
338797
333229
327661
322095
316535
310985
305444
299913
294393
288882
283383
277895
272419
266958
261513
256087
250679
245287
239911
234551
229208
223887
218591
213321
208077
202859
197669
192508
187380
182285
177226
172202
167218
162273
157362
152479
147623
142801
138013
133263
128546
123862
119210
114592
110013
1.02213e+06
1.01509e+06
1.00825e+06
1.00163e+06
995235
989054
983074
977279
971653
966176
960832
955607
950486
945457
940509
935633
930819
926061
921351
916683
912053
907455
902886
898340
893816
889310
884819
880342
875876
871420
866971
862528
858089
853653
849218
844783
840348
835911
831471
827027
822578
818123
813661
809191
804712
800225
795727
791217
786695
782161
777614
773055
768484
763900
759302
754691
750065
745425
740768
736097
731411
726711
721997
717269
712525
707764
702985
698187
693371
688537
683686
678819
673936
669037
664120
659187
654235
649266
644279
639276
634256
629218
624163
619091
614002
608898
603778
598641
593489
588320
583136
577936
572721
567492
562249
556993
551722
546438
541140
535829
530504
525166
519815
514452
509076
503689
498292
492885
487469
482044
476610
471167
465714
460254
454785
449309
443828
438343
432853
427359
421861
416360
410853
405340
399820
394291
388755
383214
377669
372121
366571
361018
355462
349900
344335
338765
333191
327617
322046
316483
310931
305390
299860
294340
288832
283334
277848
272373
266912
261467
256039
250628
245233
239852
234488
229142
223820
218523
213256
208014
202799
197610
192450
187322
182227
177165
172139
167153
162206
157295
152415
147565
142748
137966
133222
128511
123831
119184
114571
109996
1.02502e+06
1.01814e+06
1.01141e+06
1.00487e+06
998511
992332
986326
980484
974793
969240
963813
958498
953284
948161
943118
938148
933241
928392
923592
918838
914123
909443
904794
900171
895572
890994
886434
881889
877358
872838
868328
863825
859328
854836
850347
845861
841375
836890
832403
827914
823422
818925
814423
809915
805400
800877
796345
791803
787250
782686
778111
773524
768927
764318
759697
755062
750413
745751
741074
736383
731679
726961
722229
717484
712723
707946
703152
698340
693511
688665
683803
678925
674031
669121
664195
659252
654292
649314
644320
639310
634283
629239
624178
619101
614008
608900
603775
598635
593480
588308
583121
577919
572703
567472
562227
556969
551697
546412
541113
535801
530475
525137
519785
514422
509046
503660
498264
492859
487445
482021
476589
471147
465697
460239
454774
449301
443823
438342
432856
427367
421873
416375
410869
405356
399833
394301
388762
383216
377667
372115
366560
361002
355439
349870
344298
338722
333143
327564
321990
316426
310873
305333
299805
294287
288781
283285
277799
272324
266861
261413
255982
250567
245168
239783
234415
229068
223745
218451
213186
207948
202734
197547
192387
187259
182162
177097
172067
167076
162125
157213
152334
147488
142676
137901
133163
128458
123786
119146
114541
109974
1.02764e+06
1.02088e+06
1.01426e+06
1.00778e+06
1.00146e+06
995297
989281
983409
977674
972064
966571
961184
955894
950691
945568
940516
935528
930598
925719
920886
916095
911340
906617
901924
897256
892611
887985
883378
878785
874206
869637
865079
860528
855983
851443
846907
842373
837841
833309
828776
824242
819704
815163
810617
806066
801509
796943
792370
787787
783194
778590
773977
769355
764721
760076
755419
750748
746065
741369
736659
731936
727200
722451
717689
712913
708121
703312
698486
693645
688788
683915
679026
674123
669203
664268
659316
654348
649363
644362
639344
634311
629262
624196
619114
614017
608905
603777
598633
593475
588300
583111
577907
572688
567455
562209
556950
551677
546390
541090
535777
530451
525112
519761
514398
509024
503640
498246
492842
487429
482007
476576
471137
465689
460234
454771
449302
443828
438351
432870
427384
421894
416396
410890
405374
399847
394310
388765
383215
377660
372101
366539
360974
355403
349829
344250
338669
333087
327507
321933
316368
310817
305278
299752
294237
288731
283235
277749
272271
266805
261353
255918
250499
245096
239709
234340
228992
223670
218379
213118
207882
202671
197484
192324
187194
182093
177024
171990
166992
162036
157120
152243
147400
142593
137823
133091
128394
123730
119100
114506
109950
1.03022e+06
1.02357e+06
1.01703e+06
1.01062e+06
1.00434e+06
998194
992176
986284
980513
974856
969307
963856
958498
953223
948024
942896
937831
932823
927867
922958
918092
913264
908469
903705
898969
894257
889567
884895
880241
875602
870976
866360
861755
857157
852565
847979
843396
838817
834239
829662
825085
820506
815924
811340
806751
802158
797558
792951
788337
783714
779083
774442
769793
765134
760465
755784
751091
746387
741670
736940
732198
727445
722679
717900
713107
708299
703475
698637
693783
688914
684030
679132
674218
669289
664345
659384
654408
649415
644407
639384
634345
629289
624219
619132
614031
608915
603784
598637
593475
588298
583106
577899
572679
567445
562197
556936
551662
546374
541074
535760
530434
525095
519745
514383
509011
503629
498237
492835
487424
482003
476574
471136
465691
460239
454780
449314
443844
438371
432893
427411
421922
416423
410914
405394
399861
394317
388765
383208
377646
372080
366510
360936
355359
349778
344195
338611
333029
327450
321878
316316
310766
305229
299704
294189
288684
283186
277696
272215
266744
261289
255850
250428
245023
239635
234267
228921
223601
218313
213054
207821
202611
197424
192264
187130
182026
176952
171912
166908
161945
157027
152149
147308
142504
137739
133013
128324
123670
119052
114470
109930
1.03312e+06
1.02658e+06
1.02014e+06
1.01379e+06
1.00756e+06
1.00143e+06
995412
989504
983702
978001
972396
966882
961452
956101
950823
945612
940463
935371
930330
925337
920387
915476
910600
905756
900942
896154
891389
886645
881920
877212
872519
867838
863169
858510
853859
849215
844577
839943
835313
830685
826057
821430
816803
812173
807541
802906
798266
793621
788971
784313
779648
774976
770296
765607
760909
756201
751483
746754
742013
737261
732498
727724
722938
718139
713328
708502
703662
698808
693940
689059
684163
679252
674327
669388
664433
659464
654479
649478
644463
639433
634387
629326
624250
619159
614053
608933
603797
598647
593481
588301
583107
577898
572675
567439
562190
556927
551652
546364
541063
535749
530423
525086
519737
514377
509008
503628
498238
492839
487429
482011
476583
471148
465706
460257
454801
449339
443872
438401
432926
427444
421953
416452
410938
405411
399871
394318
388758
383193
377623
372048
366469
360887
355303
349718
344133
338549
332969
327394
321826
316268
310721
305185
299659
294142
288634
283133
277639
272152
266678
261219
255778
250355
244951
239565
234199
228856
223540
218254
212997
207765
202556
197368
192205
187068
181959
176880
171835
166826
161859
156936
152057
147217
142415
137654
132934
128253
123610
119005
114440
109916
1.03636e+06
1.02993e+06
1.02357e+06
1.01729e+06
1.0111e+06
1.005e+06
998987
993068
987239
981498
975840
970264
964763
959335
953975
948679
943441
938258
933126
928041
922999
917997
913031
908099
903197
898323
893474
888648
883843
879057
874288
869533
864792
860063
855344
850634
845932
841236
836545
831859
827175
822493
817813
813132
808451
803768
799082
794394
789701
785003
780299
775590
770874
766151
761420
756681
751933
747176
742408
737630
732843
728045
723236
718415
713582
708737
703879
699008
694124
689227
684317
679393
674456
669504
664539
659559
654564
649555
644532
639494
634441
629374
624291
619195
614084
608959
603819
598665
593496
588312
583115
577904
572679
567441
562190
556926
551650
546361
541060
535747
530423
525087
519741
514384
509017
503640
498253
492856
487449
482032
476607
471174
465735
460288
454835
449376
443911
438441
432964
427479
421984
416478
410957
405423
399873
394311
388742
383167
377588
372004
366417
360829
355242
349655
344071
338491
332915
327344
321781
316225
310680
305143
299615
294094
288581
283074
277575
272085
266608
261148
255707
250285
244883
239501
234139
228801
223488
218203
212947
207714
202504
197315
192150
187009
181895
176811
171762
166750
161780
156855
151973
147133
142332
137574
132859
128186
123555
118965
114417
109914
1.03993e+06
1.03359e+06
1.02731e+06
1.02109e+06
1.01495e+06
1.00887e+06
1.00287e+06
996949
991098
985320
979615
973979
968411
962907
957465
952082
946753
941476
936249
931066
925927
920826
915763
910734
905737
900768
895827
890910
886016
881142
876288
871450
866628
861820
857025
852241
847466
842700
837942
833190
828442
823699
818959
814221
809484
804748
800011
795272
790532
785788
781041
776290
771533
766772
762004
757229
752447
747658
742860
738053
733237
728412
723577
718732
713876
709009
704130
699240
694338
689424
684498
679559
674607
669642
664664
659673
654668
649649
644617
639570
634509
629435
624346
619243
614127
608996
603852
598693
593520
588334
583133
577920
572693
567453
562201
556936
551660
546371
541071
535759
530438
525105
519762
514409
509045
503670
498285
492890
487484
482069
476645
471215
465778
460334
454882
449424
443957
438483
433000
427508
422007
416493
410965
405422
399863
394292
388713
383128
377540
371949
366358
360769
355182
349599
344020
338444
332873
327306
321744
316190
310643
305103
299570
294044
288525
283013
277510
272018
266542
261083
255644
250225
244827
239448
234091
228756
223445
218160
212903
207669
202457
197266
192099
186955
181837
176750
171698
166684
161713
156786
151904
147062
142263
137507
132796
128130
123510
118935
114405
109923
1.04378e+06
1.03752e+06
1.03131e+06
1.02516e+06
1.01906e+06
1.01301e+06
1.00702e+06
1.00109e+06
995224
989416
983667
977978
972346
966771
961249
955780
950362
944991
939666
934384
929143
923940
918775
913643
908544
903474
898433
893417
888426
883458
878510
873581
868671
863776
858896
854030
849175
844332
839498
834673
829855
825044
820238
815436
810638
805842
801048
796255
791462
786668
781872
777074
772273
767468
762659
757846
753026
748201
743369
738530
733683
728828
723965
719093
714211
709320
704419
699507
694585
689651
684707
679750
674783
669803
664811
659807
654790
649761
644718
639662
634593
629510
624414
619305
614182
609046
603896
598733
593557
588367
583164
577949
572721
567481
562228
556964
551687
546400
541101
535793
530474
525145
519805
514454
509092
503719
498335
492940
487536
482121
476699
471270
465833
460389
454936
449474
444001
438518
433025
427523
422011
416489
410954
405403
399837
394258
388671
383079
377484
371890
366299
360713
355132
349555
343982
338411
332843
327277
321715
316158
310607
305062
299523
293992
288468
282954
277449
271959
266485
261030
255594
250178
244782
239407
234052
228719
223410
218125
212865
207629
202415
197223
192053
186907
181787
176699
171645
166631
161659
156733
151850
147008
142209
137455
132747
128088
123477
118916
114404
109943
1.04784e+06
1.04165e+06
1.03551e+06
1.0294e+06
1.02334e+06
1.01732e+06
1.01134e+06
1.00541e+06
999528
993694
987909
982172
976483
970841
965247
959697
954193
948731
943311
937930
932589
927284
922014
916778
911574
906400
901254
896136
891043
885974
880928
875902
870896
865909
860938
855983
851043
846116
841201
836297
831402
826517
821639
816768
811903
807043
802187
797334
792483
787634
782785
777937
773087
768236
763382
758526
753666
748802
743932
739058
734178
729291
724397
719496
714587
709670
704744
699809
694864
689910
684945
679971
674985
669989
664982
659963
654933
649891
644837
639771
634692
629601
624497
619380
614251
609110
603955
598788
593609
588418
583214
577999
572772
567532
562281
557018
551744
546458
541161
535854
530537
525209
519870
514520
509159
503787
498404
493009
487605
482190
476767
471335
465895
460445
454985
449513
444029
438533
433027
427512
421990
416460
410918
405363
399793
394211
388620
383024
377427
371833
366245
360665
355091
349521
343953
338385
332818
327251
321685
316123
310566
305016
299473
293938
288413
282899
277397
271910
266440
260989
255556
250142
244748
239374
234021
228689
223380
218094
212832
207594
202378
197185
192013
186866
181745
176656
171603
166589
161618
156692
151809
146966
142168
137416
132712
128058
123456
118906
114411
109971
1.05196e+06
1.04584e+06
1.03974e+06
1.03368e+06
1.02765e+06
1.02165e+06
1.01568e+06
1.00975e+06
1.00386e+06
998004
992188
986410
980672
974972
969312
963691
958108
952562
947054
941582
936144
930742
925372
920034
914727
909450
904201
898980
893784
888614
883467
878343
873240
868157
863092
858046
853016
848002
843002
838016
833041
828078
823126
818182
813247
808319
803398
798482
793571
788663
783759
778856
773955
769055
764154
759253
754350
749445
744537
739625
734709
729789
724863
719931
714994
710049
705097
700138
695170
690194
685209
680214
675211
670197
665174
660140
655096
650041
644975
639898
634809
629709
624597
619474
614339
609192
604035
598866
593686
588496
583295
578083
572859
567624
562375
557114
551839
546552
541253
535944
530624
525295
519956
514607
509248
503877
498493
493097
487687
482266
476834
471393
465940
460477
455004
449518
444021
438512
432994
427471
421942
416407
410863
405307
399737
394156
388566
382970
377374
371783
366199
360623
355054
349490
343926
338360
332791
327221
321650
316083
310520
304966
299421
293887
288363
282852
277354
271872
266407
260960
255529
250115
244721
239347
233993
228662
223354
218068
212805
207564
202347
197152
191979
186831
181711
176622
171569
166556
161586
156661
151777
146935
142137
137387
132686
128037
123442
118904
114424
110004
1.05503e+06
1.04895e+06
1.04289e+06
1.03686e+06
1.03084e+06
1.02486e+06
1.0189e+06
1.01297e+06
1.00707e+06
1.00121e+06
995372
989570
983800
978064
972362
966693
961058
955457
949889
944354
938851
933380
927940
922530
917150
911799
906476
901180
895909
890664
885443
880245
875069
869914
864779
859664
854566
849485
844420
839371
834335
829312
824301
819301
814312
809331
804359
799394
794435
789483
784534
779590
774649
769710
764772
759835
754898
749961
745022
740081
735137
730190
725239
720284
715323
710357
705385
700407
695421
690428
685426
680417
675399
670372
665336
660291
655236
650171
645096
640011
634916
629810
624694
619567
614430
609282
604125
598958
593782
588596
583399
578191
572970
567736
562486
557220
551941
546648
541345
536032
530710
525378
520039
514689
509328
503954
498565
493158
487734
482297
476848
471389
465922
460447
454963
449470
443967
438455
432936
427412
421884
416351
410808
405252
399684
394104
388515
382921
377326
371736
366155
360584
355019
349457
343895
338330
332760
327187
321612
316040
310475
304920
299377
293845
288325
282818
277324
271845
266383
260938
255508
250094
244698
239324
233969
228637
223330
218046
212781
207539
202319
197123
191950
186802
181681
176593
171541
166528
161559
156635
151751
146909
142112
137363
132665
128020
123431
118901
114435
110034
1.05702e+06
1.05096e+06
1.04492e+06
1.0389e+06
1.0329e+06
1.02693e+06
1.02097e+06
1.01505e+06
1.00915e+06
1.00327e+06
997427
991610
985823
980066
974339
968642
962977
957342
951738
946165
940622
935109
929626
924172
918746
913349
907978
902635
897317
892024
886755
881510
876287
871086
865905
860744
855602
850478
845371
840280
835203
830141
825092
820055
815029
810014
805008
800010
795020
790037
785060
780087
775119
770154
765192
760231
755272
750313
745353
740392
735430
730465
725497
720526
715551
710571
705585
700594
695597
690592
685580
680560
675533
670497
665454
660401
655340
650270
645190
640101
635003
629895
624777
619651
614514
609369
604214
599050
593876
588693
583498
578291
573069
567831
562576
557306
552021
546723
541415
536098
530772
525437
520093
514740
509373
503990
498590
493170
487732
482279
476817
471347
465871
460391
454906
449413
443912
438402
432887
427365
421839
416306
410763
405209
399641
394062
388473
382879
377284
371696
366118
360550
354987
349426
343865
338300
332730
327156
321579
316006
310441
304888
299347
293818
288301
282797
277305
271828
266368
260924
255495
250079
244683
239307
233952
228620
223314
218030
212764
207520
202300
197102
191928
186780
181661
176573
171521
166509
161541
156617
151733
146891
142095
137348
132651
128009
123425
118903
114448
110066
1.05842e+06
1.05238e+06
1.04636e+06
1.04035e+06
1.03436e+06
1.02839e+06
1.02244e+06
1.01651e+06
1.01061e+06
1.00474e+06
998883
993057
987258
981487
975744
970029
964343
958686
953058
947458
941888
936347
930834
925349
919892
914462
909059
903683
898331
893005
887703
882424
877168
871934
866721
861528
856354
851199
846061
840940
835835
830744
825668
820604
815552
810512
805481
800460
795447
790442
785444
780451
775464
770480
765500
760522
755546
750571
745596
740621
735645
730667
725687
720705
715719
710729
705735
700736
695730
690718
685699
680673
675639
670597
665548
660491
655426
650352
645270
640180
635081
629973
624857
619731
614597
609452
604298
599134
593960
588775
583580
578370
573144
567901
562642
557366
552075
546772
541458
536135
530801
525460
520109
514748
509373
503981
498571
493141
487693
482232
476763
471290
465815
460337
454854
449363
443864
438357
432842
427322
421796
416263
410720
405166
399599
394020
388432
382838
377245
371659
366083
360517
354955
349396
343835
338271
332700
327126
321551
315978
310415
304864
299325
293799
288285
282782
277292
271816
266356
260913
255484
250068
244671
239295
233940
228608
223301
218016
212750
207505
202284
197086
191912
186764
181645
176558
171507
166496
161528
156604
151720
146878
142083
137336
132642
128002
123421
118905
114461
110097
1.05941e+06
1.05338e+06
1.04737e+06
1.04137e+06
1.03538e+06
1.02942e+06
1.02347e+06
1.01755e+06
1.01165e+06
1.00577e+06
999909
994078
988271
982490
976736
971009
965309
959636
953992
948375
942786
937225
931692
926186
920707
915255
909829
904430
899055
893705
888380
883078
877798
872541
867305
862089
856893
851716
846556
841414
836288
831177
826081
820999
815928
810870
805822
800784
795755
790734
785721
780714
775712
770715
765722
760732
755744
750757
745772
740786
735800
730813
725825
720834
715842
710846
705847
700844
695834
690817
685793
680762
675723
670677
665624
660564
655495
650420
645337
640246
635148
630042
624927
619802
614667
609520
604363
599196
594019
588832
583634
578420
573189
567940
562676
557394
552098
546789
541468
536136
530794
525445
520087
514719
509338
503941
498525
493090
487639
482178
476710
471240
465767
460292
454811
449321
443822
438315
432802
427283
421758
416223
410679
405125
399558
393980
388392
382801
377210
371626
366052
360487
354926
349367
343807
338243
332673
327099
321526
315956
310395
304846
299310
293785
288273
282771
277282
271807
266348
260905
255476
250060
244663
239286
233930
228598
223290
218006
212738
207493
202271
197072
191899
186751
181633
176547
171497
166486
161519
156594
151710
146868
142074
137328
132635
127997
123419
118908
114473
110126
1.0601e+06
1.05408e+06
1.04807e+06
1.04208e+06
1.0361e+06
1.03014e+06
1.02419e+06
1.01827e+06
1.01237e+06
1.00648e+06
1.00062e+06
994789
988977
983190
977429
971693
965984
960301
954645
949017
943415
937841
932293
926773
921279
915812
910370
904955
899564
894198
888856
883538
878242
872968
867716
862484
857273
852080
846906
841749
836608
831484
826374
821278
816194
811123
806063
801014
795973
790941
785917
780900
775889
770882
765880
760881
755885
750890
745897
740904
735910
730917
725922
720927
715930
710932
705932
700926
695914
690894
685865
680830
675787
670737
665681
660617
655547
650470
645386
640296
635200
630096
624980
619854
614715
609565
604403
599232
594051
588862
583659
578440
573203
567948
562678
557391
552090
546775
541448
536109
530761
525407
520044
514671
509286
503887
498470
493036
487587
482129
476666
471199
465729
460255
454774
449284
443785
438280
432768
427250
421725
416189
410644
405088
399521
393943
388358
382769
377181
371599
366026
360461
354901
349342
343782
338217
332648
327076
321504
315937
310379
304832
299298
293775
288264
282763
277275
271800
266342
260898
255469
250054
244656
239279
233923
228591
223282
217996
212729
207483
202260
197062
191888
186741
181624
176539
171489
166479
161512
156586
151702
146861
142067
137322
132630
127993
123418
118911
114483
110151
1.06058e+06
1.05456e+06
1.04855e+06
1.04256e+06
1.03659e+06
1.03063e+06
1.02469e+06
1.01876e+06
1.01286e+06
1.00698e+06
1.00112e+06
995277
989462
983671
977905
972163
966448
960758
955095
949458
943848
938264
932708
927177
921673
916196
910744
905317
899915
894538
889185
883855
878549
873264
868000
862758
857535
852332
847147
841980
836830
831696
826576
821471
816379
811299
806231
801173
796125
791085
786054
781030
776012
770999
765990
760985
755983
750982
745983
740985
735987
730988
725989
720990
715992
710994
705994
700987
695973
690949
685917
680876
675829
670777
665718
660653
655581
650504
645419
640330
635234
630128
625012
619883
614741
609586
604419
599243
594059
588865
583658
578433
573190
567930
562655
557365
552061
546742
541411
536069
530719
525362
519996
514622
509235
503835
498420
492988
487544
482091
476631
471166
465697
460223
454742
449253
443756
438251
432740
427223
421697
416161
410614
405057
399489
393913
388330
382743
377158
371578
366005
360440
354880
349321
343761
338196
332627
327056
321486
315921
310366
304822
299289
293768
288257
282758
277270
271796
266337
260893
255464
250049
244651
239274
233918
228585
223276
217989
212721
207474
202252
197053
191880
186734
181617
176533
171484
166474
161506
156581
151696
146856
142062
137318
132626
127990
123417
118913
114491
110173
1.06089e+06
1.05488e+06
1.04888e+06
1.04289e+06
1.03691e+06
1.03096e+06
1.02502e+06
1.01909e+06
1.01319e+06
1.00731e+06
1.00144e+06
995604
989786
983993
978223
972478
966759
961064
955396
949754
944138
938549
932986
927449
921938
916453
910994
905560
900152
894767
889406
884069
878755
873462
868192
862942
857712
852501
847310
842136
836979
831838
826713
821602
816504
811418
806344
801280
796227
791183
786146
781118
776095
771078
766065
761056
756049
751045
746042
741040
736039
731036
726034
721034
716035
711037
706037
701028
696011
690984
685947
680903
675853
670799
665740
660673
655600
650523
645437
640345
635248
630141
625022
619890
614745
609587
604416
599236
594047
588848
583636
578407
573159
567897
562620
557329
552024
546705
541372
536029
530678
525321
519955
514579
509192
503792
498379
492950
487510
482061
476603
471140
465671
460197
454717
449229
443732
438228
432717
427200
421674
416137
410589
405031
399464
393890
388309
382725
377141
371563
365990
360424
354864
349305
343745
338180
332612
327041
321473
315910
310356
304814
299283
293762
288252
282753
277266
271792
266333
260890
255460
250045
244648
239270
233914
228581
223271
217983
212714
207468
202245
197047
191874
186728
181612
176529
171480
166470
161503
156577
151692
146852
142058
137314
132623
127988
123417
118915
114497
110191
1.0611e+06
1.05508e+06
1.04908e+06
1.0431e+06
1.03712e+06
1.03117e+06
1.02523e+06
1.0193e+06
1.0134e+06
1.00752e+06
1.00166e+06
995814
989996
984200
978429
972681
966959
961262
955591
949945
944326
938732
933165
927624
922109
916620
911156
905718
900304
894915
889549
884207
878888
873591
868315
863060
857826
852611
847415
842236
837076
831931
826802
821687
816585
811495
806418
801351
796294
791246
786207
781176
776151
771131
766115
761103
756094
751087
746082
741077
736073
731068
726064
721063
716064
711066
706063
701052
696031
691001
685962
680916
675864
670808
665749
660682
655608
650529
645442
640348
635248
630138
625016
619881
614734
609573
604400
599216
594023
588820
583605
578373
573124
567862
562585
557295
551990
546671
541338
535995
530645
525289
519924
514547
509159
503760
498348
492922
487485
482039
476583
471120
465651
460177
454698
449211
443715
438210
432698
427181
421654
416117
410569
405012
399446
393873
388294
382711
377129
371552
365978
360411
354851
349293
343733
338169
332600
327031
321464
315902
310350
304808
299278
293758
288249
282750
277263
271790
266331
260887
255457
250042
244644
239267
233910
228578
223267
217978
212709
207462
202240
197042
191869
186724
181608
176526
171477
166468
161500
156574
151689
146849
142056
137312
132621
127987
123416
118916
114501
110205
1.06122e+06
1.05521e+06
1.04921e+06
1.04322e+06
1.03725e+06
1.0313e+06
1.02536e+06
1.01943e+06
1.01353e+06
1.00765e+06
1.00178e+06
995942
990122
984326
978553
972804
967080
961382
955708
950061
944439
938844
933274
927731
922213
916721
911255
905813
900397
895005
889636
884291
878969
873668
868390
863132
857894
852677
847478
842297
837134
831987
826856
821738
816634
811543
806463
801394
796335
791285
786245
781212
776185
771164
766147
761134
756123
751115
746108
741102
736096
731089
726084
721081
716082
711082
706078
701065
696041
691008
685968
680921
675867
670811
665751
660684
655610
650529
645439
640343
635241
630128
625004
619867
614717
609555
604380
599193
593998
588793
583576
578344
573094
567832
562557
557268
551963
546644
541312
535971
530622
525266
519901
514525
509136
503737
498326
492902
487468
482024
476568
471105
465636
460162
454684
449198
443702
438196
432684
427166
421639
416101
410554
404997
399433
393861
388283
382702
377121
371544
365970
360401
354841
349284
343725
338161
332593
327024
321457
315897
310345
304805
299275
293755
288246
282748
277261
271788
266329
260884
255454
250040
244642
239264
233908
228575
223264
217975
212705
207458
202236
197038
191865
186720
181606
176523
171475
166466
161498
156572
151687
146847
142054
137310
132619
127985
123415
118916
114504
110215
1.06128e+06
1.05528e+06
1.04928e+06
1.04329e+06
1.03732e+06
1.03136e+06
1.02542e+06
1.0195e+06
1.0136e+06
1.00772e+06
1.00185e+06
996010
990191
984394
978620
972871
967146
961446
955772
950123
944501
938904
933333
927788
922269
916776
911308
905865
900447
895053
889683
884336
879012
873710
868430
863170
857931
852712
847511
842329
837165
832017
826884
821766
816661
811568
806487
801416
796356
791306
786265
781231
776204
771182
766164
761150
756139
751131
746123
741116
736108
731101
726095
721091
716090
711089
706083
701069
696044
691010
685969
680921
675868
670811
665750
660683
655608
650525
645433
640335
635231
630117
624991
619853
614703
609539
604363
599176
593979
588772
583554
578322
573074
567812
562538
557249
551944
546626
541295
535955
530607
525251
519887
514511
509122
503723
498312
492889
487457
482014
476559
471096
465626
460153
454675
449189
443693
438187
432674
427155
421628
416091
410544
404988
399424
393853
388277
382697
377117
371540
365965
360395
354834
349278
343720
338156
332588
327020
321454
315894
310343
304802
299273
293754
288245
282746
277260
271786
266327
260883
255453
250038
244641
239263
233907
228573
223262
217973
212703
207456
202234
197035
191863
186718
181604
176522
171474
166465
161496
156570
151686
146846
142052
137309
132618
127984
123414
118916
114505
110220
1.06131e+06
1.0553e+06
1.0493e+06
1.04332e+06
1.03735e+06
1.03139e+06
1.02545e+06
1.01953e+06
1.01363e+06
1.00774e+06
1.00188e+06
996038
990218
984421
978647
972898
967173
961473
955798
950149
944525
938928
933357
927811
922292
916798
911329
905886
900467
895073
889702
884355
879030
873727
868446
863186
857946
852726
847525
842342
837177
832028
826895
821777
816671
811578
806496
801425
796365
791314
786272
781238
776211
771188
766170
761156
756145
751136
746128
741121
736113
731106
726099
721095
716092
711090
706083
701069
696044
691011
685969
680921
675867
670810
665749
660681
655605
650521
645429
640330
635225
630110
624984
619846
614695
609531
604354
599167
593970
588762
583544
578312
573064
567803
562529
557240
551936
546618
541288
535948
530600
525245
519880
514504
509116
503717
498306
492884
487452
482009
476555
471091
465622
460148
454670
449185
443688
438182
432669
427151
421623
416086
410539
404983
399420
393850
388274
382694
377114
371537
365963
360393
354831
349275
343717
338153
332586
327018
321452
315892
310342
304801
299272
293753
288244
282745
277259
271786
266327
260882
255452
250037
244640
239262
233906
228572
223261
217972
212702
207454
202232
197034
191861
186717
181603
176521
171474
166464
161496
156570
151685
146845
142052
137308
132617
127984
123414
118916
114505
110223
106263
102153
97849.7
93393.9
88808.2
84106.5
79296.3
74384.1
69378.5
64291.8
59140.4
53944.4
48725.5
43507.6
38319.1
33193.5
28171.1
23301.1
18641.6
14265.2
10256.7
6712.09
3749.65
1513.23
202.145
106107
101978
97672.9
93219.2
88637
83939.3
79133.7
74226.3
69225.7
64144.2
58998.4
53808.6
48596.3
43385.6
38204.9
33087.4
28073.5
23212.3
18562
14195.4
10197.5
6664.1
3713.89
1490.72
194.818
105982
101827
97514.8
93059.7
88478.6
83783.5
78981.4
74078
69081.5
64004.4
58863.7
53679.6
48473.6
43270
38096.8
32987.1
27981.4
23128.6
18486.8
14129.3
10141.4
6618.6
3680.11
1469.8
188.775
105878
101696
97372.9
92913.8
88332
83638.3
78838.8
73938.5
68945.5
63872.2
58736.1
53557.2
48357.3
43160.4
37994.3
32892.2
27894.2
23049.3
18415.7
14066.8
10088.2
6575.42
3648.11
1450.28
183.651
105787
101581
97245.5
92780.6
88196.7
83503.2
78705.4
73807.6
68817.3
63747.5
58615.5
53441.5
48247.1
43056.4
37897.1
32802.1
27811.5
22974.2
18348.3
14007.4
10037.7
6534.41
3617.78
1432.04
179.256
105706
101480
97130.8
92659
88071.8
83377.5
78580.7
73684.7
68696.9
63630.2
58502
53332.5
48143.2
42958.2
37805.1
32716.7
27733
22902.9
18284.3
13951.1
9989.67
6495.47
3589.02
1414.99
175.44
105634
101389
97027.3
92547.9
87956.5
83260.6
78463.9
73569.2
68583.6
63519.9
58395.4
53230.1
48045.6
42865.9
37718.4
32636
27658.7
22835.1
18223.6
13897.7
9944.07
6458.49
3561.8
1399.09
172.093
105569
101307
96933.4
92446.1
87850
83151.7
78354.5
73460.8
68477.2
63416.3
58295.3
53134.1
47954.1
42779.2
37637
32560
27588.3
22771
18166
13847
9900.76
6423.42
3536.07
1384.26
169.131
105510
101233
96847.7
92352.6
87751.4
83050.3
78252.2
73359
68377.4
63319.2
58201.6
53044.2
47868.4
42698
37560.5
32488.4
27522
22710.3
18111.5
13799
9859.69
6390.2
3511.78
1370.44
166.493
105454
101164
96768.8
92266.2
87659.9
82955.8
78156.5
73263.8
68283.7
63228.2
58113.8
52960
47788.1
42621.9
37488.7
32421.1
27459.5
22653.1
18060.1
13753.7
9820.87
6358.84
3488.92
1357.57
164.134
105402
101100
96695.3
92185.7
87574.7
82867.7
78067.1
73174.5
68196
63143
58031.7
52881.3
47713.1
42550.7
37421.4
32357.9
27400.6
22599.1
18011.8
13711.1
9784.35
6329.36
3467.5
1345.61
162.022
105352
101040
96626.1
92110.3
87495.1
82785.4
77983.5
73091.1
68114
63063.3
57955
52807.8
47643
42484.1
37358.3
32298.5
27345.3
22548.5
17966.4
13671.3
9750.23
6301.82
3447.53
1334.54
160.132
105303
100982
96560.7
92039.5
87420.6
82708.5
77905.4
73013.2
68037.4
62989
57883.5
52739.4
47577.8
42422.1
37299.4
32242.9
27293.5
22501.1
17924.1
13634.2
9718.59
6276.27
3429.04
1324.35
158.449
105255
100926
96498.5
91972.8
87351
82636.9
77832.8
72940.6
67966.2
62920.1
57817.3
52676.2
47517.4
42364.6
37244.8
32191.2
27245.2
22457
17884.8
13600.1
9689.5
6252.79
3412.08
1315.05
156.965
105208
100872
96439.9
91910.6
87286.4
82570.7
77765.6
72873.7
67900.5
62856.5
57756.5
52618.2
47462.1
42311.9
37194.5
32143.5
27200.7
22416.3
17848.7
13568.8
9663.06
6231.44
3396.69
1306.66
155.672
105162
100822
96385.3
91853.2
87227.2
82510.2
77704.4
72812.6
67840.6
62798.8
57701.4
52565.8
47412.2
42264.2
37148.9
32100.1
27160.2
22379.2
17815.9
13540.7
9639.34
6212.31
3382.94
1299.2
154.566
105120
100775
96335.9
91801.7
87174.4
82456.3
77649.9
72758.2
67787.3
62747.5
57652.6
52519.4
47368.1
42221.9
37108.2
32061.4
27123.9
22346.1
17786.7
13515.7
9618.42
6195.44
3370.86
1292.68
153.638
105083
100735
96293.1
91757.4
87129
82410
77602.9
72711.3
67741.3
62703.3
57610.6
52479.6
47330.1
42185.4
37073
32027.7
27092.2
22317.2
17761.2
13494
9600.38
6180.9
3360.51
1287.15
152.885
105052
100702
96258.6
91721.7
87092.3
82372.4
77564.7
72672.9
67703.6
62666.9
57576.1
52446.9
47298.9
42155.2
37043.5
31999.3
27065.4
22292.7
17739.6
13475.7
9585.29
6168.75
3351.91
1282.6
152.302
105031
100679
96234.2
91696.2
87065.7
82344.7
77536.1
72643.9
67674.9
62639.2
57549.6
52421.7
47274.7
42131.5
37020.2
31976.7
27043.9
22272.9
17722.2
13461.1
9573.22
6159.04
3345.09
1279.06
151.884
105021
100667
96221.3
91682
87050.3
82328
77518.2
72625.2
67655.9
62620.5
57531.7
52404.5
47257.9
42114.8
37003.4
31960
27027.8
22258
17709.2
13450.1
9564.25
6151.82
3340.07
1276.5
151.627
105023
100669
96221.1
91680.2
87046.7
82322.7
77511.3
72617.1
67647.1
62611.4
57522.5
52395.4
47248.7
42105
36993.1
31949.4
27017.4
22248.3
17700.6
13442.9
9558.41
6147.11
3336.82
1274.91
151.525
105040
100684
96234.1
91691
87055.3
82329
77515.6
72619.6
67648.3
62611.7
57522.1
52394.4
47246.9
42102.3
36989.4
31945
27012.7
22243.8
17696.6
13439.6
9555.73
6144.89
3335.32
1274.26
151.569
105070
100712
96259.7
91714
87075.6
82346.6
77530.7
72632.5
67659.3
62621.1
57530.2
52401.1
47252.3
42106.4
36992.2
31946.6
27013.6
22244.3
17697
13440
9556.16
6145.12
3335.51
1274.52
151.75
105112
100752
96296.7
91747.9
87106.4
82374.5
77555.5
72654.7
67679.2
62638.9
57546
52415.1
47264.5
42116.9
37001
31954
27019.9
22249.8
17701.8
13444.1
9559.62
6147.71
3337.31
1275.66
152.059
105164
100801
96343.1
91790.9
87146.1
82410.9
77588.8
72684.9
67706.7
62663.9
57568.5
52435.4
47282.7
42133.1
37015.4
31966.6
27031.2
22260
17710.7
13451.7
9565.96
6152.54
3340.6
1277.62
152.485
105223
100857
96395.9
91840.5
87192.3
82453.7
77628.3
72721.4
67740.3
62694.7
57596.6
52460.9
47306
42154.3
37034.5
31984
27047
22274.3
17723.3
13462.6
9574.98
6159.45
3345.28
1280.35
153.016
105292
100923
96457.9
91898.9
87247.3
82505.3
77676.5
72766.3
67782
62733.3
57632.1
52493.5
47336.1
42182.1
37060.1
32007.4
27068.6
22294.1
17741
13477.9
9587.63
6169.16
3351.81
1284.16
153.705
105366
100993
96524
91961.9
87307.3
82562.3
77730.5
72817.3
67829.9
62777.9
57673.5
52532.1
47372.2
42216
37091.8
32037.1
27096.4
22319.7
17764.1
13497.9
9604.31
6181.98
3360.42
1289.16
154.531
105432
101055
96583.9
92019.5
87362.9
82616
77782.2
72866.9
67877.1
62822.4
57715.4
52571.7
47409.8
42251.8
37125.9
32069.6
27127.1
22348.3
17790.2
13520.8
9623.42
6196.64
3370.27
1294.91
155.395
105486
101107
96633.4
92067.7
87410.3
82662.7
77828.1
72911.8
67920.6
62864.2
57755.4
52610.2
47447.1
42287.9
37161
32103.6
27159.6
22378.9
17818.5
13545.8
9644.4
6212.7
3381.13
1301.28
156.263
105528
101146
96670.4
92104.4
87447.4
82700.4
77866.3
72950
67958.5
62901.5
57791.9
52646.1
47482.5
42322.9
37195.8
32137.9
27192.8
22410.4
17848
13572.2
9666.72
6229.77
3392.79
1308.11
157.099
105555
101171
96694.8
92129.4
87473.8
82728.5
77895.9
72980.8
67990.1
62933.4
57824.1
52678.6
47515.3
42356.3
37229.6
32171.7
27225.8
22442.1
17878.1
13599.4
9689.88
6247.49
3405.09
1315.3
157.87
105570
101184
96708.1
92144.1
87490.8
82748.1
77917.8
73004.8
68015.6
62960.2
57852.1
52707.7
47545.5
42387.7
37262.3
32204.8
27258.3
22473.5
17908.2
13626.9
9713.53
6265.61
3417.94
1322.73
158.557
105573
101188
96713
92151.3
87501.1
82761.5
77934.2
73023.7
68036.6
62983
57876.7
52734.1
47573.8
42417.8
37294
32237.1
27290.3
22504.6
17938.2
13654.6
9737.44
6284.02
3431.31
1330.31
159.152
105567
101184
96712.9
92154.8
87508.2
82772.1
77948
73040.2
68055.5
63004.1
57899.8
52759.4
47601.4
42447.7
37325.6
32269.3
27321.9
22535.4
17968.1
13682.3
9761.56
6302.72
3445.25
1337.98
159.667
105556
101178
96711.7
92158.4
87516.1
82783.8
77962.9
73057.8
68075.5
63026.1
57923.9
52785.8
47630.2
42478.8
37358.2
32302.2
27354
22566.6
17998.1
13710.3
9786.02
6321.88
3459.87
1345.74
160.132
105542
101173
96713.5
92166.5
87529.2
82800.7
77982.7
73080
68099.7
63052.2
57951.9
52815.8
47662.4
42512.9
37393.3
32337
27387.6
22598.8
18028.8
13738.8
9811.1
6341.77
3475.34
1353.62
160.598
105530
101171
96722
92183.1
87551.7
82827
78011.4
73110.4
68131.6
63085.5
57986.6
52852
47700.2
42551.7
37432.2
32375
27423.8
22633
18061
13768.5
9837.24
6362.74
3491.85
1361.72
161.14
105523
101178
96740.7
92211.6
87586.9
82866.2
78052.4
73152.2
68174.2
63128.8
58030.7
52896.9
47745.5
42597
37476.8
32417.8
27464
22670.5
18095.7
13800.2
9864.97
6385.23
3509.63
1370.17
161.858
105526
101196
96772.9
92254.6
87637.5
82921
78108.7
73208.5
68230.1
63184.6
58086.5
52952.3
47800.2
42650.4
37528.3
32466.8
27509.3
22712.3
18133.8
13834.7
9894.91
6409.75
3528.91
1379.18
162.873
105542
101230
96821.2
92314.2
87704.9
82992.9
78182
73281.2
68301.5
63254.7
58155.6
53019.8
47865.7
42713
37588.1
32523.1
27561
22759.5
18176.4
13872.7
9927.73
6436.87
3549.92
1389
164.324
105572
101278
96884.8
92388.6
87786.4
83078.6
78269.1
73367.5
68385.6
63336.6
58235.3
53096.7
47939.4
42782.7
37654.1
32584.9
27617.3
22810.8
18222.2
13913.1
9962.47
6465.78
3571.89
1399.44
166.279
105612
101337
96958.4
92471.6
87875.3
83170.9
78362.6
73460
68475.9
63424
58319.7
53177.5
48016
42854.7
37722
32648.2
27674.7
22863
18268.7
13953.9
9997.3
6494.93
3593.62
1410.09
168.687
105660
101404
97038.7
92560
87968.4
83266.3
78458.7
73555
68568.6
63513.7
58405.8
53259.3
48093.3
42927.1
37790
32711.5
27732.1
22915.2
18315.1
13994.3
10031.8
6523.82
3614.85
1420.86
171.492
105714
101476
97122.7
92650.9
88063
83362.5
78554.9
73649.8
68661.2
63603.2
58491.6
53340.5
48169.7
42998.4
37856.8
32773.7
27788.6
22966.6
18360.8
14034
10065.6
6552.13
3635.44
1431.68
174.608
105770
101550
97208.4
92742.3
88157.1
83457.3
78649.3
73742.7
68751.7
63690.7
58575.4
53419.6
48244
43067.6
37921.6
32834
27843.5
23016.6
18405.2
14072.6
10098.4
6579.55
3655.3
1442.46
177.942
105828
101626
97293.9
92832.5
88249.2
83549.5
78740.6
73832.2
68839
63774.9
58656.1
53495.8
48315.3
43134
37983.6
32891.7
27896.2
23064.8
18448
14109.8
10129.9
6605.88
3674.31
1453.09
181.401
105886
101701
97378
92920.3
88338
83637.9
78827.9
73917.6
68922.1
63855.1
58732.7
53568.2
48383.3
43197.3
38042.5
32946.4
27946.6
23110.8
18488.9
14145.3
10160
6630.92
3692.43
1463.47
184.902
105944
101776
97459.7
93004.7
88422.9
83722
78910.6
73998.3
69000.6
63930.8
58805.1
53636.6
48447.4
43257.1
38097.9
32998
27994.4
23154.5
18527.8
14179
10188.6
6654.59
3709.59
1473.51
188.38
106002
101849
97538.3
93085.2
88503.3
83801.3
78988.3
74074.2
69074.3
64001.8
58872.9
53700.8
48507.6
43313.3
38149.9
33046.3
28039.6
23195.8
18564.4
14210.8
10215.6
6676.82
3725.77
1483.16
191.785
106059
101919
97613.4
93161.4
88579
83875.7
79061
74145.1
69143.1
64068.1
58936.1
53760.7
48563.8
43365.8
38198.4
33091.3
28082.1
23234.5
18598.8
14240.7
10240.9
6697.62
3740.98
1492.36
195.079
106115
101988
97684.7
93233.1
88649.9
83945.2
79128.7
74211.1
69207
64129.7
58994.8
53816.4
48616
43414.9
38243.5
33133.1
28122.1
23270.7
18631
14268.7
10264.5
6717
3755.22
1501.09
198.236
106171
102053
97752
93300.3
88715.9
84009.7
79191.6
74272.4
69266.2
64186.8
59049.1
53868
48664.4
43460.5
38285.3
33171.7
28159.5
23304.4
18661
14294.8
10286.5
6735.01
3768.52
1509.36
201.236
106227
102116
97815.3
93363
88777.3
84069.6
79249.8
74329.2
69320.9
64239.6
59099.2
53915.9
48709.3
43502.8
38324
33207.4
28194.4
23335.8
18688.9
14319.1
10307.1
6751.77
3780.95
1517.17
204.069
106282
102175
97874.5
93421.4
88834.3
84125
79303.6
74381.6
69371.4
64288.3
59145.4
53960
48750.7
43542.1
38359.8
33240.4
28226.9
23364.9
18714.8
14341.7
10326.3
6767.37
3792.58
1524.56
206.727
106337
102232
97929.8
93475.6
88886.9
84176.2
79353.1
74429.9
69417.9
64333.1
59188
54000.7
48788.9
43578.3
38392.9
33270.9
28256.9
23391.8
18738.7
14362.6
10344
6781.82
3803.42
1531.5
209.208
)
;

boundaryField
{
    inlet
    {
        type            calculated;
        value           nonuniform List<scalar> 
30
(
1.30457e+06
1.30461e+06
1.3047e+06
1.30484e+06
1.30508e+06
1.30542e+06
1.30583e+06
1.30639e+06
1.30708e+06
1.30794e+06
1.30892e+06
1.30992e+06
1.31116e+06
1.31285e+06
1.31516e+06
1.31809e+06
1.32179e+06
1.32591e+06
1.32985e+06
1.32892e+06
1.32769e+06
1.32627e+06
1.32502e+06
1.32388e+06
1.32301e+06
1.32232e+06
1.32172e+06
1.32133e+06
1.32113e+06
1.32101e+06
)
;
    }
    outlet
    {
        type            calculated;
        value           uniform 0;
    }
    upperWall
    {
        type            calculated;
        value           nonuniform List<scalar> 
223
(
1.32101e+06
1.30053e+06
1.28012e+06
1.26041e+06
1.24155e+06
1.22359e+06
1.20653e+06
1.19033e+06
1.17498e+06
1.16043e+06
1.14667e+06
1.13363e+06
1.1213e+06
1.10962e+06
1.09858e+06
1.08812e+06
1.07823e+06
1.06886e+06
1.06131e+06
1.0553e+06
1.0493e+06
1.04332e+06
1.03735e+06
1.03139e+06
1.02545e+06
1.01953e+06
1.01363e+06
1.00774e+06
1.00188e+06
996038
990218
984421
978647
972898
967173
961473
955798
950149
944525
938928
933357
927811
922292
916798
911329
905886
900467
895073
889702
884355
879030
873727
868446
863186
857946
852726
847525
842342
837177
832028
826895
821777
816671
811578
806496
801425
796365
791314
786272
781238
776211
771188
766170
761156
756145
751136
746128
741121
736113
731106
726099
721095
716092
711090
706083
701069
696044
691011
685969
680921
675867
670810
665749
660681
655605
650521
645429
640330
635225
630110
624984
619846
614695
609531
604354
599167
593970
588762
583544
578312
573064
567803
562529
557240
551936
546618
541288
535948
530600
525245
519880
514504
509116
503717
498306
492884
487452
482009
476555
471091
465622
460148
454670
449185
443688
438182
432669
427151
421623
416086
410539
404983
399420
393850
388274
382694
377114
371537
365963
360393
354831
349275
343717
338153
332586
327018
321452
315892
310342
304801
299272
293753
288244
282745
277259
271786
266327
260882
255452
250037
244640
239262
233906
228572
223261
217972
212702
207454
202232
197034
191861
186717
181603
176521
171474
166464
161496
156570
151685
146845
142052
137308
132617
127984
123414
118916
114505
110223
106337
102232
97929.8
93475.6
88886.9
84176.2
79353.1
74429.9
69417.9
64333.1
59188
54000.7
48788.9
43578.3
38392.9
33270.9
28256.9
23391.8
18738.7
14362.6
10344
6781.82
3803.42
1531.5
209.208
)
;
    }
    lowerWall
    {
        type            calculated;
        value           nonuniform List<scalar> 
250
(
1.30457e+06
1.28482e+06
1.2649e+06
1.24533e+06
1.22625e+06
1.20771e+06
1.1897e+06
1.17222e+06
1.15525e+06
1.13874e+06
1.12264e+06
1.10688e+06
1.09139e+06
1.07605e+06
1.0607e+06
1.04508e+06
1.02874e+06
1.01054e+06
854383
854691
855311
856245
857501
859085
861008
863282
865922
868945
872375
876244
880592
885471
890944
897285
904305
911383
918493
925627
932791
940003
947297
954745
962497
970845
979890
854383
854315
854178
853970
853690
853339
852913
852413
851836
851182
850448
849636
848743
847771
846717
845583
844367
843070
841691
840231
838690
837067
835364
833581
831718
829778
827760
825665
823495
821251
818933
816543
814081
811549
808948
806279
803543
800741
797874
794943
791950
788893
785775
782597
779359
776062
772707
769294
765824
762297
758716
755080
751393
747655
743868
740032
736149
732219
728245
724227
720166
716061
711915
707728
703501
699233
694924
690573
686184
681757
677292
672791
668254
663679
659068
654423
649748
645046
640317
635560
630775
625965
621128
616264
611374
606459
601519
596554
591563
586547
581508
576446
571362
566257
561128
555976
550802
545610
540398
535167
529913
524637
519336
514013
508673
503322
497959
492584
487203
481824
476443
471056
465655
460235
454792
449325
443837
438329
432805
427268
421723
416172
410616
405059
399503
393950
388400
382855
377312
371770
366226
360677
355122
349557
343985
338418
332863
327324
321798
316280
310765
305248
299727
294201
288670
283137
277608
272088
266581
261093
255626
250181
244759
239359
233981
228627
223301
218007
212740
207498
202277
197077
191900
186750
181630
176543
171489
166472
161494
156560
151672
146833
142043
137303
132614
127981
123410
118909
114496
110212
106263
102153
97849.7
93393.9
88808.2
84106.5
79296.3
74384.1
69378.5
64291.8
59140.4
53944.4
48725.5
43507.6
38319.1
33193.5
28171.1
23301.1
18641.6
14265.2
10256.7
6712.09
3749.65
1513.23
202.145
)
;
    }
    frontAndBack
    {
        type            empty;
    }
}


// ************************************************************************* //
