/*--------------------------------*- C++ -*----------------------------------*\
  =========                 |
  \\      /  F ield         | OpenFOAM: The Open Source CFD Toolbox
   \\    /   O peration     | Website:  https://openfoam.org
    \\  /    A nd           | Version:  6
     \\/     M anipulation  |
\*---------------------------------------------------------------------------*/
FoamFile
{
    version     2.0;
    format      ascii;
    class       volScalarField;
    location    "0.15";
    object      s;
}
// * * * * * * * * * * * * * * * * * * * * * * * * * * * * * * * * * * * * * //

dimensions      [0 0 0 0 0 0 0];

internalField   nonuniform List<scalar> 
12225
(
1
1
1
1
1
1
1
1
1
1
1
1
1
1
1
1
1
1
1
1
1
1
1
1
1
1
1
1
1
1
1
1
1
1
1
1
1
1
1
1
1
1
1
1
1
1
1
1
1
1
1
1
1
1
1
1
1
1
1
1
1
1
1
1
1
1
1
1
1
1
1
1
1
1
1
1
1
1
1
1
1
1
1
1
1
1
1
1
1
1
1
1
1
1
1
1
1
1
1
1
1
1
1
1
1
1
1
1
1
1
1
1
1
1
1
1
1
1
1
1
1
1
1
1
1
1
1
1
1
1
1
1
1
1
1
1
1
1
1
1
1
1
1
1
1
1
1
1
1
1
1
1
1
1
1
1
1
1
1
1
1
1
1
1
1
1
1
1
1
1
1
1
1
1
1
1
1
1
1
1
1
1
1
1
1
1
1
1
1
1
1
1
1
1
1
1
1
1
1
1
1
1
1
1
1
1
1
1
1
1
1
1
1
1
1
1
1
1
1
1
1
1
1
1
1
1
1
1
1
1
1
1
1
1
1
1
1
1
1
1
1
1
1
1
1
1
1
1
1
1
1
1
1
1
1
1
1
1
1
1
1
1
1
1
1
1
1
1
1
1
1
1
1
1
1
1
1
1
1
1
1
1
1
1
1
1
1
1
1
1
1
1
1
1
1
1
1
1
1
1
1
1
1
1
1
1
1
1
1
1
1
1
1
1
1
1
1
1
1
1
1
1
1
1
1
1
1
1
1
1
1
1
1
1
1
1
1
1
1
1
1
1
1
1
1
1
1
1
1
1
1
1
1
1
1
1
1
1
1
1
1
1
1
1
1
1
1
1
1
1
1
1
1
1
1
1
1
1
1
1
1
1
1
1
1
1
1
1
1
1
1
1
1
1
1
1
1
1
1
1
1
1
1
1
1
1
1
1
1
1
1
1
1
1
1
1
1
1
1
1
1
1
1
1
1
1
1
1
1
1
1
1
1
1
1
1
1
1
1
1
1
1
1
1
1
1
1
1
1
1
1
1
1
1
1
1
1
1
1
1
1
1
1
1
1
1
1
1
1
1
1
1
1
1
1
1
1
1
1
1
1
1
1
1
1
1
1
1
1
1
1
1
1
1
1
1
1
1
1
1
1
1
1
1
1
1
1
1
1
1
1
1
1
1
1
1
1
1
1
1
1
1
1
1
1
1
1
1
1
1
1
1
1
1
1
1
1
1
1
1
0.85487
0.868437
0.863916
0.8091
0.77142
0.771454
0.785351
0.803032
0.815246
0.826948
0.846642
0.876077
0.885987
0.886407
0.883298
0.876708
0.869495
0.865828
0.864466
0.863984
0.863921
0.864357
0.865726
0.86887
0.87324
0.877978
0.883442
0.889049
0.894297
0.899267
0.903402
0.907242
0.909691
0.913723
0.919026
0.924449
0.92953
0.934128
0.938355
0.940585
0.940906
0.940532
0.939175
0.936697
0.934464
0.932913
0.930062
0.923737
0.913053
0.903459
0.899754
0.898062
0.89709
0.895671
0.892559
0.887152
0.882308
0.88135
0.881825
0.883768
0.886531
0.887716
0.887716
0.888616
0.891797
0.894299
0.895913
0.89685
0.897354
0.897601
0.897827
0.897881
0.897904
0.898787
0.904514
0.922659
0.941652
0.955666
0.963299
0.966104
0.967106
0.968394
0.972016
0.976676
0.979459
0.980487
0.980724
0.980668
0.980241
0.978324
0.97494
0.972991
0.971679
0.970924
0.970653
0.970743
0.971247
0.97215
0.973135
0.97405
0.975083
0.976226
0.977208
0.978051
0.978914
0.979729
0.980494
0.981331
0.982041
0.982377
0.98264
0.982731
0.982753
0.982729
0.982616
0.982472
0.98234
0.982244
0.982141
0.982054
0.981964
0.981897
0.981867
0.981816
0.981439
0.977923
0.979822
0.983428
0.983267
0.982124
0.979764
0.977443
0.971962
0.968706
0.968617
0.972663
0.980568
0.979188
0.978872
0.97886
0.978899
0.979012
0.9792
0.979434
0.979655
0.979801
0.979951
0.980081
0.980128
0.98014
0.980129
0.980156
0.980125
0.980339
0.980765
0.981448
0.982149
0.982918
0.983465
0.983827
0.984107
0.984317
0.984469
0.98458
0.984648
0.984669
0.98465
0.984548
0.984396
0.984269
0.98413
0.983997
0.983861
0.983759
0.98367
0.983627
0.983599
0.983586
0.983559
0.983438
0.856002
0.805373
0.784771
0.786138
0.796345
0.829414
0.84297
0.850621
0.856985
0.865074
0.874484
0.877603
0.877521
0.866419
0.851978
0.84721
0.845521
0.845106
0.845023
0.845358
0.846935
0.850413
0.856782
0.865654
0.87837
0.895584
0.914518
0.928286
0.938119
0.944321
0.948006
0.95024
0.951818
0.952427
0.952511
0.952664
0.953038
0.953959
0.954876
0.954994
0.954493
0.953549
0.951879
0.949753
0.948623
0.945527
0.937576
0.926292
0.917999
0.915255
0.914882
0.915518
0.91671
0.917597
0.919408
0.923165
0.928347
0.932806
0.937097
0.940153
0.941278
0.94136
0.939632
0.934462
0.930614
0.927354
0.924132
0.921444
0.920054
0.92031
0.922522
0.924757
0.925145
0.926227
0.932157
0.942364
0.950488
0.957363
0.961819
0.963911
0.965135
0.967505
0.974265
0.980753
0.983715
0.984627
0.984563
0.983912
0.981084
0.975435
0.973665
0.972996
0.972668
0.972905
0.973545
0.974885
0.976456
0.978373
0.980142
0.982063
0.983919
0.98572
0.987202
0.988758
0.990094
0.991336
0.992054
0.992401
0.992553
0.992657
0.992714
0.992747
0.992759
0.99272
0.992653
0.992529
0.992388
0.992313
0.992281
0.992292
0.992382
0.992547
0.992806
0.993216
0.993637
0.993208
0.993384
0.9933
0.993027
0.992578
0.991673
0.989084
0.981422
0.975811
0.976456
0.979314
0.979746
0.97782
0.977549
0.9778
0.978764
0.979717
0.980346
0.981257
0.98221
0.982898
0.983687
0.984349
0.98464
0.984699
0.983796
0.982869
0.980889
0.979028
0.977722
0.977079
0.97688
0.977271
0.978199
0.979565
0.981062
0.982543
0.983781
0.984623
0.985218
0.985674
0.986036
0.986323
0.986485
0.986541
0.986548
0.986515
0.986382
0.986232
0.986149
0.986146
0.986167
0.986312
0.986345
0.985961
0.833495
0.79307
0.790735
0.80882
0.839197
0.850413
0.856706
0.862358
0.866369
0.869775
0.870894
0.868738
0.85576
0.846331
0.843693
0.843127
0.843066
0.842997
0.842983
0.843394
0.844728
0.848265
0.857134
0.87757
0.912621
0.94298
0.953824
0.957976
0.959784
0.960662
0.961067
0.961277
0.961565
0.961535
0.961367
0.961094
0.96097
0.961122
0.961368
0.96129
0.960746
0.959364
0.956677
0.95275
0.948569
0.944864
0.942672
0.941659
0.942733
0.947393
0.95092
0.952976
0.954449
0.956418
0.95829
0.959019
0.959336
0.959472
0.959481
0.959121
0.958718
0.958586
0.958518
0.956762
0.955602
0.954448
0.95314
0.951893
0.951624
0.952979
0.956396
0.958488
0.959229
0.959632
0.960224
0.96061
0.961325
0.962646
0.963679
0.964947
0.967837
0.975063
0.98099
0.983422
0.984201
0.984438
0.984321
0.982769
0.977054
0.974557
0.974574
0.975923
0.977945
0.979474
0.980904
0.982473
0.984003
0.985423
0.986457
0.987419
0.988363
0.989934
0.991657
0.992828
0.993333
0.993539
0.993583
0.993563
0.993473
0.993445
0.993445
0.993544
0.993664
0.993761
0.993928
0.994005
0.994046
0.993839
0.993562
0.993171
0.992814
0.992672
0.99262
0.992828
0.993518
0.993711
0.993273
0.992642
0.991771
0.992002
0.991927
0.990908
0.986018
0.980048
0.979494
0.979203
0.97774
0.977144
0.978058
0.980124
0.981843
0.982563
0.98299
0.983256
0.983606
0.98428
0.985163
0.986704
0.988264
0.98953
0.99013
0.990523
0.990753
0.989902
0.987158
0.98315
0.979166
0.97682
0.975895
0.975769
0.976188
0.977118
0.978548
0.980483
0.982479
0.98416
0.985421
0.986295
0.986923
0.987299
0.987476
0.987549
0.987583
0.987622
0.987705
0.987905
0.988475
0.989117
0.990244
0.990077
0.833418
0.796269
0.804985
0.839159
0.850747
0.854639
0.857402
0.859997
0.861197
0.861616
0.860386
0.856878
0.853875
0.850564
0.84917
0.848823
0.848433
0.846589
0.84541
0.845165
0.845478
0.849376
0.864646
0.902822
0.947731
0.958175
0.960547
0.961157
0.961284
0.961353
0.961344
0.961302
0.961109
0.960782
0.960573
0.960523
0.960664
0.961165
0.961648
0.962
0.96224
0.962139
0.960987
0.958092
0.956719
0.957002
0.960389
0.962153
0.962764
0.963357
0.963603
0.963666
0.963494
0.963181
0.963107
0.963217
0.963492
0.963914
0.964524
0.964505
0.96379
0.963488
0.963412
0.963327
0.963238
0.96316
0.963037
0.962918
0.962864
0.962975
0.963065
0.963066
0.963106
0.96322
0.963359
0.963552
0.963955
0.965335
0.968232
0.97232
0.976501
0.979919
0.981752
0.982096
0.982029
0.981776
0.98003
0.976056
0.975117
0.975303
0.978554
0.981304
0.982984
0.983972
0.984974
0.985966
0.986895
0.987702
0.988319
0.989754
0.992285
0.993475
0.993924
0.994027
0.993954
0.993489
0.992737
0.991957
0.991531
0.991334
0.991295
0.991668
0.992072
0.992388
0.993219
0.993988
0.994559
0.994943
0.995254
0.995401
0.995283
0.99469
0.993812
0.993036
0.992858
0.992685
0.992464
0.990578
0.987498
0.987904
0.989953
0.98993
0.985102
0.980172
0.979465
0.978414
0.977094
0.977437
0.98013
0.98137
0.981548
0.981231
0.979741
0.978357
0.977776
0.977575
0.977906
0.979905
0.983466
0.987662
0.989714
0.990756
0.99196
0.992824
0.993288
0.993186
0.991628
0.98764
0.982711
0.978975
0.977324
0.976893
0.977111
0.978147
0.979807
0.981854
0.98396
0.985742
0.986963
0.987725
0.988119
0.988271
0.988317
0.988362
0.98848
0.98875
0.989637
0.990271
0.991593
0.992186
0.836555
0.803335
0.82275
0.855148
0.861754
0.86303
0.863121
0.863743
0.865139
0.865483
0.864989
0.862324
0.8582
0.856639
0.857316
0.859927
0.8614
0.859307
0.854715
0.852877
0.851634
0.857942
0.890422
0.940911
0.958313
0.960895
0.961312
0.96137
0.96131
0.961127
0.960814
0.960537
0.960394
0.960124
0.959815
0.959721
0.959923
0.960343
0.960491
0.961484
0.962984
0.963754
0.96419
0.96433
0.964395
0.964425
0.964399
0.963919
0.96355
0.963175
0.963056
0.963073
0.963322
0.964183
0.965905
0.968158
0.969254
0.969336
0.968186
0.965848
0.964436
0.963975
0.963842
0.963832
0.963965
0.964027
0.963937
0.963785
0.963695
0.963701
0.963812
0.963975
0.964598
0.965758
0.967805
0.96986
0.971311
0.972915
0.974213
0.975137
0.976299
0.978976
0.980162
0.979979
0.97878
0.974683
0.973048
0.97404
0.975542
0.978598
0.982539
0.98415
0.985277
0.985985
0.986688
0.987374
0.988057
0.989
0.990888
0.993248
0.99399
0.994132
0.993816
0.993061
0.991588
0.988965
0.986942
0.986117
0.985765
0.985687
0.986092
0.987117
0.988017
0.988834
0.989317
0.990112
0.99133
0.99264
0.994197
0.995446
0.996168
0.996624
0.996814
0.996532
0.99509
0.994072
0.993657
0.990348
0.985547
0.985358
0.986963
0.98783
0.983237
0.97999
0.979036
0.977214
0.976809
0.978531
0.980822
0.981051
0.979987
0.976762
0.973409
0.971427
0.969686
0.968682
0.968415
0.969086
0.972994
0.980366
0.985905
0.988332
0.990528
0.992328
0.993441
0.994202
0.994595
0.994461
0.993365
0.99025
0.98569
0.982209
0.980497
0.979959
0.980143
0.981507
0.983662
0.985653
0.987287
0.988407
0.989032
0.989293
0.989372
0.989427
0.989591
0.989918
0.990807
0.991638
0.992819
0.993404
0.843496
0.805747
0.822233
0.857364
0.866626
0.868388
0.868725
0.868988
0.869638
0.870028
0.870153
0.87137
0.875405
0.881776
0.886704
0.888735
0.888786
0.882843
0.874803
0.8699
0.861828
0.864588
0.909731
0.954256
0.960582
0.961239
0.96135
0.96126
0.960777
0.959817
0.958802
0.958631
0.958328
0.958034
0.957842
0.957623
0.957637
0.958224
0.960024
0.962268
0.964781
0.965452
0.965469
0.964969
0.96408
0.963683
0.963537
0.963485
0.963582
0.96407
0.965307
0.967679
0.971019
0.972827
0.973409
0.97348
0.973004
0.971186
0.968046
0.965439
0.964511
0.964191
0.964117
0.964172
0.964558
0.964743
0.964615
0.964542
0.96485
0.966045
0.968469
0.971545
0.974527
0.97692
0.978299
0.97904
0.97915
0.97887
0.978221
0.977839
0.978122
0.97983
0.979829
0.978094
0.97253
0.970774
0.97223
0.974621
0.977818
0.982655
0.984712
0.985629
0.98637
0.986873
0.98746
0.988076
0.988999
0.990978
0.993456
0.994174
0.99422
0.993659
0.992137
0.988727
0.985634
0.984261
0.983497
0.983138
0.983018
0.983134
0.983995
0.985225
0.986615
0.987934
0.988512
0.988743
0.988963
0.989223
0.989791
0.991038
0.993104
0.995322
0.996757
0.997433
0.997527
0.997278
0.996606
0.990692
0.984614
0.984148
0.985432
0.986079
0.981683
0.979609
0.978057
0.97644
0.976639
0.979641
0.980693
0.980319
0.978152
0.975192
0.972641
0.970125
0.966688
0.964728
0.964188
0.964262
0.967008
0.974287
0.982504
0.986794
0.989468
0.99122
0.992501
0.993776
0.99471
0.995153
0.99526
0.994981
0.993807
0.990953
0.987786
0.985798
0.984891
0.98469
0.985051
0.986752
0.988516
0.989613
0.990178
0.990384
0.990428
0.990466
0.990577
0.990931
0.992087
0.993128
0.994404
0.994932
0.859148
0.812291
0.816976
0.85175
0.86585
0.868968
0.870054
0.870427
0.870606
0.871685
0.876671
0.889416
0.901477
0.907202
0.910298
0.911448
0.911203
0.90899
0.902199
0.894242
0.881577
0.866818
0.908744
0.956938
0.960874
0.96122
0.961288
0.960677
0.958315
0.955564
0.954262
0.954009
0.954474
0.955005
0.955613
0.956287
0.957192
0.958574
0.961355
0.964502
0.965445
0.965475
0.96495
0.964303
0.964017
0.963955
0.964273
0.965267
0.967141
0.970387
0.973214
0.974668
0.975269
0.975495
0.975536
0.975312
0.974303
0.972546
0.970529
0.968479
0.966755
0.965822
0.96542
0.965355
0.965892
0.966703
0.967491
0.968383
0.970118
0.972313
0.974388
0.976373
0.978865
0.981712
0.983195
0.984127
0.984338
0.984246
0.98355
0.982541
0.982166
0.981597
0.97959
0.972861
0.969838
0.970659
0.973106
0.977062
0.982295
0.984928
0.98602
0.986548
0.987039
0.987403
0.987897
0.988622
0.990424
0.993244
0.99422
0.994314
0.993728
0.991795
0.987543
0.984732
0.983507
0.982819
0.982087
0.9817
0.981506
0.981422
0.982009
0.983111
0.984899
0.987378
0.988592
0.989088
0.989174
0.989018
0.988959
0.989072
0.989401
0.990406
0.992912
0.995908
0.997484
0.99782
0.997404
0.991245
0.983737
0.983156
0.984497
0.984685
0.980773
0.97928
0.976818
0.975809
0.976894
0.980045
0.980615
0.980104
0.978235
0.975754
0.973395
0.970072
0.965143
0.961628
0.960759
0.96097
0.964309
0.971274
0.980576
0.986118
0.989179
0.991022
0.992187
0.993004
0.994058
0.995032
0.995472
0.995611
0.995536
0.995003
0.993498
0.991862
0.990868
0.990559
0.990534
0.990685
0.991312
0.991759
0.991913
0.991901
0.991845
0.991823
0.991888
0.992231
0.993416
0.994529
0.995737
0.996284
0.873928
0.83488
0.818526
0.829638
0.852895
0.864462
0.868346
0.869948
0.870362
0.871169
0.874432
0.88724
0.902589
0.909524
0.913205
0.916467
0.920104
0.922825
0.921438
0.908761
0.894597
0.87153
0.908201
0.95815
0.960879
0.961175
0.961294
0.960034
0.956227
0.954058
0.953748
0.953797
0.954169
0.95488
0.955679
0.956662
0.958206
0.961161
0.964336
0.965325
0.965486
0.965325
0.964967
0.964831
0.965296
0.966589
0.968661
0.970921
0.972954
0.974526
0.975572
0.976036
0.976483
0.976795
0.977108
0.97767
0.978044
0.97813
0.977774
0.976616
0.974106
0.970874
0.968457
0.967248
0.966797
0.967276
0.968226
0.969401
0.971019
0.972557
0.97362
0.974229
0.975797
0.978915
0.981308
0.983344
0.984259
0.984332
0.983648
0.982193
0.981824
0.980746
0.975724
0.970429
0.96986
0.971741
0.976234
0.981709
0.984813
0.986182
0.986767
0.987174
0.987525
0.987874
0.988399
0.989489
0.99212
0.994107
0.99442
0.994019
0.992263
0.987821
0.984736
0.983464
0.982833
0.982154
0.981491
0.981217
0.980924
0.98023
0.97969
0.979602
0.98106
0.984348
0.987926
0.989514
0.990107
0.990334
0.989868
0.989243
0.989028
0.989112
0.989551
0.991172
0.995219
0.997379
0.997439
0.992335
0.983475
0.98259
0.983895
0.98362
0.980192
0.978572
0.975827
0.975217
0.976991
0.980158
0.980611
0.980191
0.978648
0.976452
0.973235
0.968141
0.9613
0.958481
0.958059
0.95869
0.961628
0.968159
0.979126
0.985438
0.989055
0.991019
0.992166
0.9929
0.993446
0.994263
0.995186
0.995638
0.995787
0.995787
0.995572
0.99506
0.994663
0.99422
0.993747
0.993353
0.993097
0.992975
0.992938
0.9929
0.992898
0.992928
0.993099
0.993745
0.995251
0.996356
0.997351
0.997715
0.881726
0.867684
0.832241
0.830594
0.835627
0.844978
0.853233
0.861214
0.866682
0.868945
0.870533
0.874323
0.884066
0.893653
0.898371
0.904077
0.909874
0.919889
0.923469
0.920964
0.905491
0.874896
0.92014
0.9594
0.960597
0.961477
0.961899
0.960194
0.95627
0.954782
0.954428
0.954394
0.954833
0.955789
0.957097
0.959278
0.962249
0.964505
0.965352
0.965594
0.965682
0.965723
0.966148
0.967743
0.969521
0.971244
0.972376
0.973564
0.974627
0.975495
0.97617
0.976769
0.977578
0.978504
0.979282
0.97962
0.979721
0.979711
0.979637
0.979456
0.978943
0.978066
0.976525
0.973949
0.971015
0.968766
0.968069
0.968125
0.968562
0.968693
0.968359
0.967463
0.966675
0.967448
0.970347
0.975778
0.980138
0.981215
0.980015
0.975383
0.974634
0.975146
0.973212
0.970112
0.9709
0.975357
0.980876
0.984326
0.985993
0.986716
0.987095
0.987479
0.987815
0.988289
0.989036
0.990715
0.993493
0.994384
0.994343
0.993096
0.98936
0.98521
0.983677
0.983025
0.98261
0.981975
0.981538
0.981356
0.981047
0.980223
0.9788
0.977281
0.976777
0.978352
0.983474
0.987999
0.989943
0.990721
0.990998
0.990852
0.990025
0.989245
0.989153
0.98945
0.990924
0.995373
0.997167
0.99483
0.983762
0.982295
0.983406
0.982844
0.979918
0.978058
0.975089
0.974607
0.976837
0.980115
0.980611
0.980344
0.979033
0.976369
0.971481
0.963689
0.958521
0.957226
0.957103
0.957737
0.960136
0.966023
0.977447
0.984658
0.988927
0.991292
0.992352
0.992984
0.9934
0.993774
0.994344
0.995163
0.995673
0.995863
0.995894
0.995865
0.995747
0.995393
0.99465
0.993984
0.993549
0.993353
0.993302
0.993308
0.993358
0.993538
0.994052
0.995271
0.99663
0.997612
0.998476
0.998782
0.881961
0.879861
0.869233
0.853139
0.845246
0.846609
0.84931
0.853565
0.858596
0.862986
0.866077
0.868687
0.870621
0.872523
0.878125
0.893179
0.902504
0.911189
0.919881
0.921085
0.910027
0.879258
0.934631
0.95951
0.96029
0.96235
0.963354
0.962639
0.960111
0.958117
0.957437
0.957285
0.958071
0.959636
0.961206
0.963211
0.964737
0.965487
0.965834
0.966159
0.966569
0.967763
0.96945
0.970925
0.97185
0.972803
0.97342
0.974261
0.975231
0.976273
0.97732
0.978707
0.979369
0.979501
0.979437
0.97886
0.978038
0.977264
0.976899
0.976838
0.977459
0.978236
0.978703
0.978982
0.97876
0.977295
0.974022
0.970624
0.968673
0.967817
0.966973
0.966056
0.964809
0.963991
0.963877
0.96525
0.97072
0.975845
0.976196
0.972884
0.967916
0.968326
0.97075
0.970651
0.973814
0.978865
0.983428
0.985623
0.98653
0.986894
0.987231
0.987578
0.987903
0.988496
0.989546
0.99191
0.994189
0.994602
0.994106
0.991763
0.986439
0.984121
0.983306
0.982941
0.982506
0.981909
0.981582
0.981414
0.981149
0.980358
0.978662
0.975823
0.973703
0.972969
0.974851
0.981867
0.98678
0.98937
0.990709
0.991239
0.991289
0.990719
0.989572
0.989327
0.989625
0.99169
0.996311
0.995996
0.984825
0.98215
0.982919
0.982166
0.979767
0.977439
0.974186
0.973815
0.976323
0.979936
0.980578
0.980409
0.97923
0.976165
0.969906
0.962778
0.958092
0.956912
0.956803
0.957253
0.958876
0.964254
0.97528
0.983412
0.988543
0.991366
0.99285
0.99338
0.993583
0.993774
0.994014
0.994369
0.995003
0.995559
0.995806
0.995861
0.995824
0.995593
0.994855
0.994133
0.993708
0.993526
0.993498
0.993529
0.99369
0.994198
0.995585
0.997123
0.998283
0.998983
0.999412
0.99957
0.87666
0.884036
0.880832
0.877505
0.877146
0.877011
0.876658
0.875634
0.874521
0.87411
0.874174
0.874503
0.875229
0.876543
0.879362
0.888267
0.899045
0.907196
0.917275
0.920052
0.908838
0.881762
0.946115
0.959174
0.960046
0.962971
0.964387
0.964336
0.963395
0.962422
0.962079
0.962019
0.962688
0.963467
0.964134
0.965202
0.965908
0.966319
0.966935
0.967666
0.968734
0.969961
0.970979
0.971766
0.972486
0.973185
0.973932
0.975068
0.976813
0.978494
0.978983
0.979069
0.978758
0.977363
0.974584
0.971374
0.969479
0.96852
0.968057
0.967871
0.968019
0.968795
0.970758
0.974
0.978059
0.98024
0.98124
0.980868
0.977811
0.973439
0.969658
0.967541
0.965768
0.964225
0.963327
0.963186
0.963959
0.968681
0.97347
0.972629
0.967101
0.965476
0.968118
0.970331
0.975048
0.981226
0.984527
0.98596
0.986712
0.987074
0.987452
0.987717
0.987963
0.988532
0.989845
0.992738
0.994634
0.994773
0.993562
0.989174
0.984942
0.983625
0.983117
0.98273
0.982116
0.981284
0.980956
0.980902
0.980845
0.980169
0.978036
0.974256
0.970139
0.967861
0.967197
0.970216
0.977781
0.983183
0.987199
0.98983
0.991128
0.99147
0.991016
0.989797
0.989529
0.989994
0.994399
0.996088
0.985888
0.982096
0.982461
0.981667
0.979674
0.9772
0.973526
0.972909
0.975088
0.97945
0.980456
0.980388
0.979305
0.975823
0.969826
0.965124
0.958772
0.95695
0.956764
0.957102
0.958308
0.962372
0.972419
0.981658
0.98802
0.991344
0.993264
0.994051
0.994115
0.994078
0.994085
0.994202
0.994412
0.994784
0.99522
0.995449
0.995487
0.995386
0.994836
0.994137
0.993788
0.993703
0.993729
0.993886
0.994386
0.995708
0.997277
0.998482
0.999223
0.999585
0.999775
0.999847
0.880515
0.895393
0.900242
0.901911
0.901697
0.901143
0.900048
0.899723
0.899761
0.899744
0.899389
0.898269
0.89724
0.897137
0.897347
0.89858
0.900746
0.905154
0.91589
0.919097
0.902652
0.891817
0.954271
0.958404
0.95913
0.962778
0.96482
0.965082
0.964995
0.964706
0.964604
0.964637
0.96502
0.965339
0.965696
0.966358
0.966847
0.967377
0.968158
0.968973
0.969816
0.970589
0.971276
0.971956
0.972793
0.973751
0.975179
0.977465
0.97835
0.978547
0.978289
0.976533
0.972464
0.968381
0.966978
0.966554
0.96644
0.966461
0.966499
0.966318
0.965988
0.965381
0.964536
0.963877
0.964445
0.969924
0.978005
0.982279
0.983795
0.983707
0.981027
0.975887
0.971115
0.967687
0.965046
0.963517
0.963247
0.964141
0.968952
0.971641
0.968768
0.964459
0.965314
0.969044
0.974678
0.981286
0.984867
0.986439
0.986879
0.987446
0.988023
0.988098
0.988146
0.988573
0.989985
0.993249
0.994869
0.994817
0.992956
0.987926
0.98441
0.983254
0.982765
0.982114
0.980658
0.978902
0.978493
0.979799
0.979903
0.979193
0.976394
0.971862
0.969062
0.96545
0.962399
0.961344
0.963688
0.969382
0.976283
0.983163
0.988112
0.990786
0.99144
0.990992
0.98983
0.98975
0.991822
0.995779
0.986725
0.982005
0.981986
0.981285
0.979697
0.976926
0.972757
0.972004
0.973293
0.978204
0.980072
0.980184
0.979227
0.975296
0.971201
0.968526
0.960937
0.957505
0.956938
0.957113
0.958121
0.9609
0.969269
0.980175
0.987841
0.991611
0.993642
0.994845
0.994976
0.994849
0.994577
0.9944
0.994379
0.994467
0.994587
0.994685
0.994707
0.994655
0.994386
0.994026
0.993906
0.993931
0.994098
0.994628
0.996011
0.997617
0.998757
0.99938
0.999699
0.999847
0.999917
0.999942
0.900246
0.902562
0.901032
0.897658
0.893085
0.888721
0.884376
0.882586
0.881919
0.882429
0.883629
0.885862
0.887909
0.889136
0.889153
0.888169
0.887942
0.897936
0.916416
0.917447
0.889781
0.91276
0.954717
0.95666
0.956915
0.961532
0.964602
0.965197
0.965391
0.96546
0.965505
0.965629
0.965859
0.966041
0.966322
0.966836
0.967353
0.967951
0.968697
0.96942
0.970092
0.970726
0.971434
0.972267
0.973512
0.975482
0.977444
0.978065
0.978105
0.977167
0.973847
0.968988
0.967112
0.966515
0.966438
0.966665
0.96711
0.967826
0.96892
0.970174
0.970785
0.970541
0.968367
0.964843
0.961334
0.958881
0.959809
0.970467
0.980667
0.98476
0.985794
0.985486
0.98281
0.977263
0.97143
0.966978
0.964403
0.96397
0.965582
0.970014
0.97004
0.965277
0.963973
0.966113
0.973065
0.980719
0.984688
0.986419
0.987377
0.988391
0.989358
0.989248
0.988726
0.988811
0.990047
0.99348
0.995114
0.994886
0.992435
0.987142
0.98373
0.982796
0.981903
0.980062
0.976057
0.974375
0.975545
0.978607
0.97909
0.977988
0.973793
0.970728
0.969099
0.965667
0.961722
0.95934
0.958557
0.95935
0.96164
0.967446
0.977558
0.986064
0.990355
0.991294
0.990716
0.989826
0.990338
0.994749
0.988095
0.981995
0.981663
0.980892
0.979767
0.976971
0.972219
0.971014
0.97159
0.974843
0.978819
0.97943
0.978511
0.974941
0.972007
0.969989
0.963813
0.959001
0.957563
0.95757
0.958139
0.960403
0.967416
0.979438
0.987854
0.992471
0.994565
0.995895
0.996181
0.996065
0.995684
0.995138
0.994733
0.994541
0.99449
0.99446
0.994392
0.994237
0.994069
0.99399
0.99402
0.994191
0.994749
0.996203
0.997809
0.998902
0.999481
0.999762
0.99989
0.999943
0.999963
0.999967
0.902534
0.898058
0.886863
0.872281
0.858482
0.849583
0.841545
0.841102
0.843222
0.848832
0.860047
0.867824
0.870682
0.871672
0.873986
0.877759
0.887547
0.910141
0.917919
0.905889
0.891971
0.936394
0.953287
0.952519
0.952089
0.958299
0.963448
0.964765
0.965267
0.965478
0.965597
0.965757
0.965968
0.966135
0.966386
0.96684
0.967374
0.968026
0.968779
0.969509
0.970208
0.970922
0.971823
0.973148
0.975799
0.97746
0.977972
0.977769
0.976512
0.972256
0.968473
0.96706
0.966696
0.966655
0.966812
0.96699
0.967244
0.967817
0.969075
0.971369
0.973941
0.976478
0.978553
0.977997
0.972156
0.96231
0.955193
0.95338
0.962054
0.977657
0.984708
0.986735
0.987019
0.98617
0.982815
0.975846
0.969311
0.965899
0.965645
0.968306
0.970173
0.967774
0.963777
0.964171
0.969198
0.979058
0.984065
0.98624
0.987305
0.989408
0.990866
0.990819
0.990252
0.989582
0.990357
0.993551
0.995271
0.995025
0.992523
0.986609
0.983304
0.981686
0.979664
0.975308
0.972133
0.971229
0.973734
0.977903
0.978598
0.976529
0.972228
0.970803
0.970203
0.968249
0.964117
0.960244
0.958421
0.958103
0.958346
0.959042
0.961821
0.972376
0.984613
0.990167
0.991043
0.990287
0.990046
0.993262
0.990868
0.982152
0.981325
0.980598
0.979797
0.97717
0.971908
0.970267
0.970273
0.971576
0.975033
0.976965
0.976141
0.973784
0.971911
0.970331
0.966166
0.960641
0.958431
0.958235
0.958622
0.960326
0.966575
0.979162
0.988443
0.993611
0.99588
0.997188
0.997701
0.997626
0.997333
0.996616
0.995747
0.995086
0.994721
0.994537
0.994382
0.994199
0.994109
0.994127
0.994266
0.994779
0.996252
0.997951
0.999017
0.999553
0.999806
0.999916
0.999959
0.999973
0.999973
0.99997
0.901698
0.878595
0.844088
0.826787
0.818891
0.815047
0.814396
0.815708
0.820068
0.832332
0.846378
0.859127
0.865739
0.867238
0.869549
0.88222
0.905245
0.916832
0.909929
0.89655
0.901351
0.944055
0.950303
0.946841
0.945959
0.951208
0.959419
0.962634
0.964137
0.964995
0.96534
0.965587
0.965855
0.966046
0.966307
0.966708
0.967247
0.967934
0.968737
0.969583
0.970452
0.971469
0.973133
0.975765
0.977563
0.978119
0.977835
0.976584
0.972383
0.96875
0.967281
0.966832
0.966729
0.966698
0.966502
0.96642
0.966511
0.966972
0.968132
0.971021
0.974561
0.97788
0.981511
0.98477
0.98575
0.982126
0.966085
0.952179
0.948996
0.956395
0.97559
0.984658
0.987337
0.987814
0.987454
0.985655
0.979411
0.971516
0.968124
0.968306
0.97023
0.969783
0.965114
0.963576
0.965431
0.974832
0.982558
0.985731
0.987029
0.989343
0.991967
0.992369
0.99205
0.991092
0.991271
0.993581
0.995374
0.995234
0.992859
0.986782
0.982207
0.979984
0.976081
0.971935
0.970046
0.969859
0.972485
0.977428
0.977945
0.974723
0.972026
0.971831
0.973903
0.975235
0.972602
0.967078
0.962823
0.961002
0.96003
0.959003
0.958434
0.959793
0.969829
0.98462
0.990259
0.99067
0.990079
0.991815
0.992782
0.983291
0.980951
0.980284
0.979783
0.977602
0.972054
0.969628
0.969152
0.969498
0.970813
0.973161
0.972966
0.972116
0.971076
0.970049
0.967588
0.962134
0.959394
0.958938
0.959219
0.960663
0.966373
0.979622
0.989379
0.994844
0.997281
0.998479
0.999086
0.999127
0.99902
0.998646
0.997607
0.996389
0.995562
0.995033
0.994661
0.994521
0.994519
0.994604
0.99501
0.996305
0.998074
0.999113
0.999612
0.999839
0.999934
0.99997
0.99998
0.999979
0.999973
0.999957
0.886878
0.840229
0.821486
0.814745
0.811843
0.810964
0.811396
0.814056
0.823952
0.836047
0.844717
0.850603
0.857741
0.866996
0.87877
0.906159
0.915679
0.911103
0.899225
0.898719
0.921207
0.941104
0.942401
0.938995
0.939006
0.944182
0.950402
0.957316
0.960911
0.96307
0.964408
0.964934
0.96544
0.965764
0.966093
0.966496
0.967012
0.967792
0.968728
0.969835
0.971205
0.973447
0.976286
0.977938
0.978468
0.978133
0.977261
0.973758
0.969661
0.967734
0.967023
0.966806
0.966743
0.966581
0.966286
0.966308
0.966512
0.967128
0.968518
0.972
0.977456
0.981298
0.984658
0.988115
0.990781
0.991594
0.988034
0.966039
0.948513
0.945887
0.954089
0.975553
0.98531
0.988016
0.988437
0.988209
0.986947
0.981626
0.973819
0.970944
0.970996
0.971018
0.968217
0.963902
0.963979
0.968183
0.979344
0.984566
0.986391
0.989039
0.992012
0.99361
0.993522
0.992878
0.99269
0.993801
0.995471
0.995452
0.993565
0.98747
0.981899
0.97803
0.973584
0.970348
0.969213
0.969501
0.971952
0.977098
0.976914
0.973924
0.972482
0.974862
0.981225
0.986039
0.986931
0.983112
0.976458
0.972589
0.970445
0.967053
0.961522
0.958456
0.959603
0.970719
0.986021
0.990357
0.990279
0.990663
0.993062
0.985628
0.981031
0.980141
0.979742
0.978093
0.972591
0.96944
0.968239
0.968146
0.968453
0.969705
0.970461
0.970331
0.970052
0.96955
0.968059
0.963426
0.960348
0.959772
0.960047
0.961573
0.967361
0.980841
0.990704
0.996093
0.998485
0.999318
0.999635
0.999714
0.999698
0.99962
0.999354
0.998453
0.997126
0.996153
0.995643
0.995471
0.995474
0.995686
0.996653
0.998397
0.999262
0.999679
0.999869
0.999948
0.999978
0.999986
0.999985
0.999978
0.999949
0.999883
0.878102
0.831566
0.81911
0.81407
0.811661
0.811134
0.812585
0.817208
0.824755
0.83373
0.842592
0.851769
0.861795
0.879695
0.905868
0.914073
0.911489
0.900041
0.898315
0.907303
0.926197
0.930594
0.928499
0.927544
0.930717
0.938183
0.942508
0.94969
0.956045
0.959859
0.962798
0.9642
0.965055
0.96561
0.96599
0.966452
0.966961
0.967824
0.968977
0.97072
0.973488
0.976494
0.978461
0.979178
0.978853
0.978016
0.975778
0.971505
0.968601
0.967355
0.966911
0.96677
0.96668
0.966485
0.966456
0.966726
0.967623
0.969477
0.972707
0.978567
0.985603
0.990107
0.993344
0.995808
0.996749
0.996752
0.995812
0.985765
0.956815
0.944719
0.944505
0.956488
0.978402
0.986879
0.988813
0.988965
0.988713
0.987551
0.982579
0.976096
0.973686
0.973022
0.971401
0.965637
0.963767
0.965101
0.973109
0.982016
0.985205
0.988364
0.991774
0.993903
0.994651
0.994384
0.994072
0.994428
0.995593
0.995649
0.994398
0.98889
0.982256
0.977887
0.973326
0.970252
0.969215
0.969491
0.972088
0.976566
0.976312
0.973868
0.974416
0.980632
0.986998
0.989737
0.992117
0.99329
0.992552
0.990999
0.989792
0.987098
0.978132
0.964121
0.959052
0.960957
0.975115
0.98804
0.990245
0.990313
0.992495
0.989737
0.981574
0.980162
0.979751
0.978497
0.973476
0.969593
0.967761
0.967255
0.967257
0.967634
0.968624
0.969187
0.96919
0.96902
0.968075
0.964232
0.961209
0.960683
0.960981
0.962601
0.968944
0.982616
0.992239
0.997065
0.999003
0.999628
0.999833
0.999897
0.999901
0.999887
0.999832
0.999648
0.999015
0.998019
0.997346
0.997095
0.997118
0.997533
0.998751
0.999434
0.99975
0.999897
0.99996
0.999984
0.99999
0.99999
0.999984
0.999957
0.999863
0.999651
0.875252
0.831518
0.82223
0.818431
0.814699
0.813681
0.815778
0.821301
0.827516
0.836022
0.846422
0.860171
0.88251
0.906172
0.91297
0.912035
0.901813
0.897758
0.899213
0.912476
0.919734
0.919378
0.917039
0.916122
0.917983
0.926517
0.935642
0.943323
0.951423
0.95665
0.960866
0.963569
0.964904
0.965719
0.966124
0.966673
0.967211
0.968252
0.969948
0.972948
0.976142
0.9786
0.979777
0.97986
0.979251
0.977892
0.974411
0.970577
0.968468
0.967368
0.966923
0.966718
0.966449
0.966534
0.967091
0.968694
0.971959
0.976121
0.982937
0.989926
0.994941
0.997151
0.998234
0.998916
0.999313
0.999357
0.998955
0.994196
0.969425
0.94808
0.943543
0.946482
0.965825
0.983635
0.989065
0.989724
0.989494
0.988936
0.987487
0.982189
0.977505
0.975922
0.97439
0.969055
0.964325
0.964221
0.967471
0.978124
0.983471
0.987081
0.991174
0.993776
0.995033
0.995327
0.995181
0.995253
0.995824
0.995868
0.995084
0.991393
0.983339
0.978244
0.973619
0.970465
0.969453
0.969752
0.972255
0.976366
0.975994
0.974295
0.977788
0.986063
0.988483
0.990186
0.992672
0.994792
0.996189
0.996977
0.997298
0.997078
0.995276
0.982989
0.964617
0.960525
0.96467
0.981897
0.989417
0.990139
0.991453
0.992103
0.984071
0.980413
0.979824
0.978789
0.974923
0.970043
0.967804
0.966838
0.966667
0.966774
0.967391
0.968356
0.968655
0.96859
0.967879
0.96457
0.961995
0.961632
0.962007
0.963951
0.971575
0.985036
0.993826
0.99783
0.999296
0.999771
0.999914
0.999958
0.999965
0.999963
0.999951
0.999911
0.99978
0.999451
0.999125
0.99899
0.999015
0.999261
0.99963
0.999826
0.999924
0.99997
0.999988
0.999993
0.999993
0.999989
0.999969
0.999892
0.999633
0.99903
0.8746
0.837281
0.832054
0.82949
0.822053
0.81903
0.819733
0.827099
0.834265
0.845186
0.861909
0.890153
0.907131
0.912378
0.911037
0.900201
0.892334
0.891985
0.895877
0.902628
0.904285
0.904715
0.905727
0.905303
0.904498
0.906086
0.916704
0.93229
0.947347
0.955444
0.960084
0.963707
0.965375
0.966632
0.967074
0.967739
0.968468
0.970085
0.97282
0.975713
0.978185
0.979899
0.980531
0.980435
0.979711
0.977688
0.973349
0.970115
0.968299
0.967388
0.9667
0.966374
0.966605
0.967815
0.970973
0.976781
0.982678
0.988898
0.993563
0.9965
0.998182
0.999051
0.999469
0.999698
0.999828
0.999849
0.999747
0.998294
0.984903
0.956849
0.945934
0.945835
0.955159
0.978062
0.98871
0.990968
0.990632
0.989737
0.989009
0.98699
0.981326
0.97817
0.976709
0.973331
0.966071
0.96421
0.965273
0.972711
0.980652
0.985437
0.990102
0.993408
0.994978
0.995742
0.995879
0.995944
0.996184
0.996162
0.995644
0.993274
0.985678
0.979225
0.974394
0.971011
0.97008
0.970379
0.972852
0.976332
0.975909
0.975811
0.981769
0.98771
0.988976
0.990182
0.992552
0.994843
0.996583
0.997847
0.998625
0.998879
0.998646
0.996309
0.979684
0.964215
0.963331
0.972604
0.986917
0.989853
0.990457
0.99239
0.988364
0.981254
0.980001
0.979024
0.975993
0.97101
0.968047
0.966845
0.966438
0.966439
0.966726
0.967752
0.968276
0.968252
0.967597
0.964615
0.962681
0.962534
0.963067
0.965589
0.974879
0.987725
0.994954
0.998208
0.999445
0.999841
0.999951
0.999981
0.999987
0.999987
0.999984
0.999974
0.999942
0.999853
0.999764
0.999732
0.999739
0.999802
0.999897
0.99995
0.999979
0.999991
0.999996
0.999996
0.999994
0.999982
0.99993
0.999732
0.999083
0.997476
0.875814
0.84531
0.842536
0.844676
0.838701
0.831286
0.830488
0.838912
0.850579
0.870673
0.896966
0.908906
0.912616
0.911575
0.901659
0.89339
0.891759
0.893733
0.902356
0.916204
0.929348
0.939259
0.94339
0.93971
0.928157
0.912494
0.904751
0.906889
0.924278
0.948984
0.961658
0.967609
0.968974
0.970029
0.970264
0.970743
0.971828
0.973921
0.976198
0.978407
0.980129
0.981033
0.981191
0.980974
0.980104
0.977224
0.973102
0.970174
0.968449
0.967351
0.966938
0.967383
0.969732
0.975565
0.9819
0.986689
0.990656
0.993955
0.996458
0.998115
0.999076
0.999569
0.999797
0.999904
0.999955
0.999966
0.999942
0.999511
0.994917
0.971302
0.95321
0.949648
0.953255
0.971008
0.98687
0.992111
0.992404
0.990993
0.989837
0.98889
0.985892
0.980945
0.97882
0.976495
0.969623
0.964806
0.964694
0.967984
0.977379
0.983162
0.988421
0.992633
0.994767
0.995733
0.996233
0.996431
0.996519
0.996476
0.996121
0.994621
0.988992
0.981133
0.97599
0.972229
0.971022
0.971237
0.973533
0.976482
0.97606
0.97701
0.984299
0.988291
0.989132
0.989995
0.991937
0.994453
0.996484
0.99789
0.998789
0.999255
0.999299
0.998818
0.993903
0.973476
0.965284
0.967954
0.9822
0.989186
0.990085
0.991753
0.991535
0.984041
0.980486
0.979438
0.977117
0.971951
0.96856
0.966975
0.966439
0.966346
0.966499
0.967373
0.967839
0.967773
0.967028
0.964429
0.963333
0.963389
0.964254
0.96777
0.979037
0.990167
0.996132
0.998703
0.999615
0.999895
0.999972
0.999991
0.999995
0.999995
0.999995
0.999992
0.999983
0.999957
0.999934
0.999926
0.999928
0.999945
0.999971
0.999986
0.999994
0.999997
0.999998
0.999997
0.999991
0.999963
0.99984
0.999377
0.997861
0.995001
0.880292
0.852911
0.850706
0.86271
0.866705
0.8597
0.858401
0.869154
0.886225
0.903292
0.911682
0.91461
0.914704
0.908897
0.899616
0.895536
0.900675
0.921131
0.955537
0.976003
0.985045
0.987334
0.987922
0.988779
0.988365
0.980221
0.95305
0.918395
0.906241
0.913813
0.943653
0.964931
0.973292
0.975752
0.975718
0.97541
0.975464
0.976286
0.978372
0.980227
0.9815
0.98196
0.981934
0.981547
0.980357
0.977076
0.973217
0.970414
0.968712
0.968068
0.968664
0.972862
0.979184
0.982081
0.98487
0.988336
0.991992
0.995048
0.997247
0.99862
0.999373
0.999737
0.999894
0.999958
0.999985
0.999992
0.999987
0.999875
0.998508
0.986835
0.96549
0.957807
0.958065
0.967693
0.98414
0.992308
0.994004
0.993195
0.990806
0.989795
0.988485
0.984394
0.980872
0.978817
0.973825
0.966446
0.964768
0.965965
0.97287
0.980188
0.986285
0.991485
0.994317
0.995629
0.996267
0.996678
0.996769
0.996739
0.996504
0.995557
0.992229
0.984183
0.978283
0.973814
0.972202
0.972369
0.974564
0.97675
0.97653
0.978026
0.98527
0.988463
0.989162
0.989713
0.991077
0.993637
0.995975
0.997682
0.998749
0.999303
0.99948
0.999369
0.997892
0.985566
0.969905
0.968294
0.976228
0.987643
0.989863
0.990724
0.992081
0.988698
0.981688
0.979903
0.978102
0.973811
0.969489
0.967351
0.966532
0.966355
0.966406
0.966871
0.967047
0.966932
0.966099
0.964327
0.963987
0.964255
0.965664
0.970731
0.983247
0.992549
0.997321
0.999203
0.999788
0.999946
0.999986
0.999996
0.999998
0.999998
0.999998
0.999997
0.999994
0.999987
0.99998
0.999978
0.999979
0.999984
0.999991
0.999996
0.999998
0.999999
0.999998
0.999995
0.999983
0.999923
0.999654
0.998645
0.995767
0.992825
0.884253
0.863112
0.860404
0.87261
0.890823
0.893074
0.892577
0.898645
0.911434
0.915811
0.917312
0.91731
0.915304
0.908802
0.902904
0.906806
0.936715
0.968892
0.98234
0.986117
0.986403
0.985328
0.985798
0.988446
0.992926
0.995625
0.99576
0.986677
0.943031
0.911159
0.911446
0.938659
0.965621
0.976025
0.979295
0.979355
0.978984
0.979006
0.979823
0.981387
0.982298
0.982526
0.982459
0.982023
0.98063
0.977158
0.973545
0.970813
0.969702
0.970408
0.976299
0.98057
0.981591
0.982226
0.983921
0.987983
0.99218
0.995424
0.99758
0.998848
0.999507
0.99981
0.999933
0.999977
0.999993
0.999997
0.999997
0.999973
0.999656
0.996918
0.982938
0.971014
0.968387
0.970793
0.982708
0.992074
0.995162
0.995132
0.992799
0.990559
0.989583
0.987505
0.983223
0.980959
0.977498
0.969279
0.965229
0.965301
0.968767
0.977168
0.98368
0.989573
0.993427
0.995341
0.996216
0.996711
0.996918
0.996914
0.99678
0.996193
0.994203
0.988143
0.981279
0.975844
0.973772
0.97387
0.97577
0.977235
0.977257
0.978972
0.985666
0.988484
0.989146
0.989527
0.990408
0.992735
0.995217
0.997195
0.998535
0.999264
0.999533
0.999528
0.998986
0.99395
0.976711
0.970488
0.973147
0.984959
0.989638
0.990268
0.991585
0.991259
0.984837
0.98104
0.978973
0.975122
0.971236
0.968252
0.966874
0.966447
0.966417
0.96647
0.966446
0.966254
0.965358
0.964583
0.964626
0.965265
0.967561
0.975127
0.98695
0.994815
0.998408
0.999565
0.99989
0.999974
0.999993
0.999998
0.999999
0.999999
0.999999
0.999999
0.999998
0.999996
0.999994
0.999993
0.999993
0.999995
0.999997
0.999999
0.999999
0.999999
0.999998
0.999992
0.999967
0.999847
0.999294
0.997209
0.993687
0.991185
0.890762
0.880506
0.878753
0.883467
0.902326
0.909218
0.911382
0.913847
0.918821
0.920421
0.920974
0.920309
0.916363
0.911481
0.911451
0.935942
0.96521
0.980329
0.984228
0.982963
0.980485
0.979585
0.978555
0.978992
0.983912
0.992752
0.997152
0.997938
0.994231
0.959757
0.917392
0.914017
0.937265
0.967405
0.978011
0.981482
0.981702
0.981524
0.981628
0.982367
0.982907
0.982977
0.98287
0.982377
0.980883
0.977442
0.97392
0.971792
0.972373
0.978393
0.98135
0.980616
0.978613
0.978273
0.980259
0.986806
0.992152
0.995783
0.997958
0.999101
0.999637
0.999865
0.999954
0.999986
0.999996
0.999999
0.999999
0.999995
0.999936
0.999427
0.996398
0.988005
0.982731
0.981471
0.984237
0.992086
0.995935
0.996474
0.9953
0.991782
0.990272
0.98909
0.985823
0.982878
0.980201
0.973206
0.966461
0.965336
0.966736
0.973313
0.980794
0.987123
0.99196
0.994718
0.996049
0.996681
0.996963
0.997013
0.996948
0.996598
0.995391
0.991467
0.984574
0.978612
0.975818
0.975755
0.97709
0.977878
0.977669
0.979227
0.985625
0.988437
0.989046
0.989346
0.989991
0.991959
0.994507
0.996638
0.998201
0.999143
0.999536
0.999593
0.999368
0.997142
0.984358
0.973841
0.973484
0.981325
0.989083
0.990245
0.990936
0.991693
0.989486
0.983021
0.98069
0.97685
0.972692
0.969686
0.967699
0.96678
0.966533
0.966415
0.966289
0.965998
0.965198
0.965101
0.965406
0.966707
0.970318
0.980181
0.990866
0.996704
0.998985
0.999728
0.999934
0.999985
0.999997
0.999999
1
1
1
1
0.999999
0.999998
0.999998
0.999998
0.999998
0.999998
0.999999
1
1
0.999999
0.999997
0.999987
0.999941
0.999709
0.998635
0.995286
0.991926
0.990352
0.89987
0.89937
0.901422
0.907222
0.916564
0.919538
0.921041
0.92335
0.924372
0.924381
0.923807
0.922478
0.919651
0.918468
0.930331
0.957275
0.975514
0.982524
0.983303
0.981753
0.981433
0.981036
0.978237
0.977294
0.979927
0.989401
0.99565
0.998465
0.998666
0.994879
0.960247
0.92128
0.919054
0.942353
0.970703
0.980099
0.983057
0.983396
0.983366
0.983492
0.983611
0.983594
0.983422
0.982854
0.981337
0.977753
0.974588
0.974512
0.978408
0.980449
0.978835
0.976073
0.975329
0.975626
0.978733
0.986477
0.992453
0.99623
0.998304
0.999308
0.999741
0.99991
0.99997
0.999991
0.999997
0.999999
1
0.999999
0.999989
0.999905
0.999413
0.997441
0.995049
0.993384
0.992678
0.993818
0.996786
0.997546
0.997105
0.993952
0.991031
0.989932
0.987874
0.98469
0.982363
0.977155
0.968696
0.965641
0.965948
0.969833
0.977574
0.984518
0.990228
0.993896
0.995709
0.996582
0.99695
0.997055
0.997034
0.996843
0.996115
0.993801
0.987982
0.981834
0.978223
0.97783
0.978512
0.978675
0.978173
0.979573
0.985525
0.988339
0.988865
0.989052
0.989551
0.991251
0.993898
0.996151
0.997859
0.998975
0.99951
0.999627
0.999529
0.998421
0.990524
0.978018
0.975236
0.978684
0.988043
0.990485
0.990725
0.991412
0.991097
0.986943
0.982309
0.979373
0.975212
0.971332
0.968819
0.967489
0.966871
0.966566
0.966398
0.965858
0.965635
0.965807
0.966723
0.969056
0.974414
0.985417
0.993837
0.997942
0.999435
0.999862
0.999968
0.999993
0.999998
1
1
1
1
1
1
0.999999
0.999999
0.999999
0.999999
0.999999
1
1
1
0.999999
0.999994
0.999977
0.999896
0.999466
0.99749
0.993303
0.991012
0.989935
0.912497
0.9156
0.918157
0.918262
0.922895
0.925117
0.925945
0.926896
0.927576
0.928142
0.927887
0.927413
0.92713
0.929111
0.940118
0.961043
0.975721
0.982168
0.982833
0.982671
0.982874
0.982296
0.978219
0.976079
0.978943
0.988826
0.995373
0.998436
0.999337
0.998924
0.992221
0.95076
0.923305
0.924674
0.951444
0.974767
0.982078
0.984278
0.984599
0.984581
0.984491
0.984335
0.984056
0.983447
0.9818
0.978066
0.976805
0.978318
0.980104
0.979144
0.97594
0.974579
0.974272
0.97466
0.977791
0.986144
0.992514
0.996369
0.998416
0.999376
0.999775
0.999925
0.999977
0.999993
0.999998
0.999999
1
1
0.999998
0.999983
0.999892
0.999464
0.998603
0.997937
0.997588
0.997575
0.998127
0.998535
0.998346
0.996405
0.992245
0.990544
0.989273
0.986345
0.984182
0.980549
0.971897
0.966454
0.965899
0.967585
0.974128
0.981781
0.988047
0.9923
0.99504
0.996347
0.996892
0.997053
0.997063
0.996972
0.996547
0.995166
0.991249
0.985288
0.980899
0.979624
0.979786
0.979571
0.978652
0.979764
0.985249
0.988154
0.988651
0.988724
0.989032
0.990441
0.993243
0.995677
0.997523
0.998781
0.999459
0.999656
0.999613
0.999005
0.994638
0.982595
0.977629
0.978501
0.986168
0.990732
0.991008
0.991134
0.991623
0.990538
0.986023
0.98128
0.978055
0.974712
0.970952
0.968905
0.96768
0.967195
0.96668
0.966401
0.966538
0.967246
0.969425
0.972513
0.979525
0.98998
0.996416
0.998991
0.999742
0.999938
0.999986
0.999997
0.999999
1
1
1
1
1
1
1
1
1
1
1
1
1
0.999999
0.999998
0.999991
0.999963
0.999825
0.999062
0.995745
0.992231
0.99032
0.989648
0.914342
0.927893
0.931286
0.931945
0.937053
0.939477
0.940635
0.939566
0.936732
0.933284
0.931754
0.931055
0.931025
0.932197
0.939444
0.958545
0.973563
0.980347
0.982029
0.982934
0.982839
0.981096
0.974564
0.974312
0.979632
0.991086
0.996736
0.998908
0.999648
0.999653
0.99819
0.982757
0.937011
0.923853
0.930247
0.961562
0.978637
0.983705
0.985162
0.985334
0.985272
0.985074
0.984738
0.984124
0.982068
0.979361
0.979309
0.980202
0.979992
0.97711
0.974829
0.973639
0.97333
0.973683
0.976941
0.985969
0.992667
0.996585
0.998573
0.999461
0.999813
0.99994
0.999982
0.999995
0.999999
1
1
1
1
0.999996
0.999976
0.999878
0.999566
0.99925
0.999065
0.999038
0.999198
0.999298
0.999189
0.998222
0.994177
0.99124
0.990102
0.987896
0.985692
0.982985
0.97587
0.968088
0.966074
0.966653
0.970918
0.978859
0.985558
0.990364
0.993837
0.99587
0.996736
0.997023
0.997063
0.997025
0.996785
0.995961
0.99373
0.988534
0.983424
0.981359
0.981088
0.980183
0.978862
0.979709
0.984796
0.987871
0.988389
0.98836
0.988499
0.989603
0.992499
0.995174
0.997185
0.998565
0.999375
0.999682
0.999685
0.999329
0.996887
0.987265
0.980516
0.979863
0.984234
0.990723
0.991689
0.991386
0.991582
0.991455
0.989977
0.985366
0.980537
0.977337
0.974878
0.972245
0.970228
0.968864
0.968149
0.968263
0.968843
0.970707
0.972832
0.976451
0.985552
0.994325
0.998253
0.999522
0.999879
0.999971
0.999994
0.999999
1
1
1
1
1
1
1
1
1
1
1
1
1
1
0.999999
0.999996
0.999985
0.999942
0.999712
0.998418
0.994204
0.991084
0.989856
0.989505
0.920258
0.922845
0.926377
0.931325
0.94125
0.957496
0.971395
0.979273
0.980165
0.977525
0.973249
0.96633
0.950487
0.938705
0.939282
0.94604
0.964053
0.974173
0.979225
0.980273
0.979001
0.972693
0.970943
0.973494
0.985117
0.995162
0.998568
0.999567
0.999861
0.999881
0.99952
0.995585
0.965749
0.930707
0.92679
0.940948
0.970637
0.981706
0.984865
0.985704
0.985763
0.985665
0.985373
0.984764
0.982594
0.981099
0.980982
0.980795
0.978727
0.976146
0.974519
0.973279
0.972854
0.973202
0.976576
0.986163
0.993142
0.996984
0.998802
0.999567
0.999857
0.999956
0.999988
0.999997
0.999999
1
1
1
1
0.999999
0.999993
0.999965
0.999855
0.999697
0.999589
0.999559
0.999605
0.99966
0.999617
0.999169
0.996437
0.992289
0.990756
0.989062
0.986965
0.984836
0.979752
0.970679
0.966588
0.966459
0.968486
0.975561
0.982993
0.988666
0.992317
0.994983
0.996381
0.996917
0.99704
0.997022
0.996893
0.996403
0.995052
0.991272
0.985589
0.982931
0.982287
0.980639
0.979043
0.979645
0.984254
0.987533
0.988063
0.987956
0.987992
0.988881
0.991729
0.994659
0.996865
0.998358
0.999269
0.999683
0.99975
0.999579
0.998201
0.99141
0.983839
0.981874
0.983545
0.990209
0.99257
0.992202
0.991693
0.99178
0.991505
0.989939
0.985785
0.980621
0.977366
0.975003
0.973629
0.972156
0.971752
0.971943
0.972593
0.973719
0.975959
0.981817
0.992056
0.9973
0.999194
0.999782
0.999946
0.999987
0.999997
0.999999
1
1
1
1
1
1
1
1
1
1
1
1
1
1
0.999999
0.999994
0.999977
0.999912
0.999541
0.997456
0.992734
0.990414
0.98957
0.989381
0.99849
0.997809
0.998389
0.998648
0.998986
0.999213
0.999422
0.999435
0.999296
0.998128
0.996572
0.996896
0.997132
0.992591
0.961145
0.950832
0.952442
0.956971
0.966062
0.967097
0.966539
0.966914
0.969519
0.980334
0.993508
0.998043
0.999405
0.999815
0.999942
0.999956
0.999841
0.998397
0.985854
0.943647
0.927504
0.929817
0.9545
0.976736
0.983741
0.985561
0.985991
0.985992
0.985828
0.985253
0.983461
0.982505
0.982004
0.980576
0.977971
0.976458
0.975093
0.973331
0.972641
0.972928
0.976429
0.986448
0.993458
0.99718
0.998902
0.999611
0.999874
0.999963
0.99999
0.999997
0.999999
1
1
1
1
1
0.999998
0.999989
0.999951
0.999876
0.999816
0.999789
0.999796
0.999824
0.99981
0.999623
0.998333
0.993903
0.991362
0.990037
0.988094
0.986373
0.983018
0.974352
0.967787
0.966563
0.967363
0.972084
0.980023
0.986387
0.990539
0.99329
0.99555
0.996595
0.996936
0.996978
0.996892
0.996587
0.995714
0.993038
0.987214
0.984298
0.983349
0.981043
0.979172
0.979528
0.983544
0.987076
0.987672
0.987515
0.987461
0.988158
0.990886
0.994068
0.996511
0.99815
0.999148
0.999657
0.999806
0.99975
0.999076
0.995002
0.987616
0.984417
0.984552
0.988953
0.993275
0.993638
0.992597
0.992057
0.992086
0.991799
0.990512
0.987515
0.982617
0.978775
0.976906
0.975182
0.974757
0.974982
0.975732
0.977471
0.981645
0.991283
0.996662
0.998892
0.999673
0.999912
0.999978
0.999995
0.999999
1
1
1
1
1
1
1
1
1
1
1
1
1
1
1
0.999997
0.999989
0.999965
0.999865
0.999266
0.996019
0.991602
0.989809
0.9893
0.989267
0.999996
0.999995
0.999998
1
1
1
1
1
0.999999
0.999993
0.999993
0.999994
0.999983
0.999719
0.996959
0.987636
0.968649
0.962812
0.962814
0.963065
0.964695
0.9693
0.981605
0.9934
0.997894
0.999355
0.9998
0.999936
0.99998
0.999986
0.999952
0.999474
0.995281
0.966795
0.93346
0.928064
0.936438
0.966361
0.980629
0.984876
0.985912
0.986102
0.986056
0.98562
0.984343
0.983577
0.982326
0.979735
0.977874
0.977352
0.976515
0.97365
0.972347
0.972662
0.976688
0.987177
0.99407
0.997572
0.999109
0.999702
0.999908
0.999974
0.999993
0.999998
1
1
1
1
1
1
0.999999
0.999996
0.999984
0.999953
0.999923
0.999905
0.999903
0.99991
0.999906
0.999834
0.999289
0.996274
0.992301
0.990774
0.989134
0.98768
0.985351
0.978954
0.970177
0.966991
0.967012
0.969141
0.976498
0.983586
0.988371
0.991478
0.993768
0.995731
0.996568
0.996808
0.996791
0.996571
0.995898
0.993707
0.988187
0.98531
0.984169
0.981429
0.979258
0.979366
0.982627
0.986429
0.987164
0.98699
0.98684
0.987365
0.989948
0.993391
0.996093
0.997921
0.999015
0.999604
0.999834
0.999852
0.999625
0.997827
0.991789
0.987587
0.986695
0.988201
0.993259
0.994982
0.994686
0.993058
0.992507
0.992511
0.992334
0.991595
0.989358
0.986794
0.984715
0.98204
0.98135
0.981685
0.982855
0.985973
0.99262
0.996814
0.998817
0.999612
0.999885
0.999969
0.999992
0.999998
1
1
1
1
1
1
1
1
1
1
1
1
1
1
1
0.999999
0.999995
0.999982
0.999945
0.999791
0.998817
0.994418
0.990451
0.989206
0.989031
0.989119
1
1
1
1
1
1
1
1
1
1
1
1
1
0.999989
0.999807
0.998888
0.996534
0.990491
0.985694
0.986183
0.98835
0.992926
0.996704
0.998734
0.999567
0.999859
0.999954
0.999985
0.999995
0.999997
0.999987
0.99983
0.998241
0.985867
0.945954
0.929412
0.929725
0.946802
0.973029
0.98265
0.985421
0.986041
0.986083
0.985902
0.985188
0.984186
0.981942
0.979265
0.978149
0.977942
0.977217
0.97383
0.972161
0.972531
0.977436
0.98843
0.995049
0.998146
0.999366
0.9998
0.999942
0.999984
0.999996
0.999999
1
1
1
1
1
1
1
0.999999
0.999995
0.999984
0.999971
0.999961
0.999959
0.999959
0.999957
0.999931
0.999715
0.998377
0.993967
0.991492
0.989962
0.988723
0.987103
0.983375
0.974012
0.968135
0.967133
0.967882
0.972224
0.980374
0.986087
0.989666
0.991933
0.993714
0.995356
0.996182
0.99638
0.996285
0.995762
0.99374
0.988572
0.985919
0.984713
0.98181
0.979302
0.979178
0.981567
0.985594
0.986545
0.986388
0.98615
0.986552
0.989005
0.992728
0.995673
0.997693
0.998891
0.999536
0.999827
0.999899
0.999844
0.999272
0.995936
0.991233
0.989332
0.989424
0.992314
0.995694
0.996248
0.995646
0.99371
0.993104
0.993075
0.99319
0.992982
0.992435
0.99165
0.990266
0.990256
0.990725
0.992123
0.99507
0.997503
0.998927
0.999597
0.999865
0.999959
0.999989
0.999997
0.999999
1
1
1
1
1
1
1
1
1
1
1
1
1
1
1
0.999998
0.999991
0.99997
0.999918
0.999685
0.998168
0.992845
0.989451
0.988607
0.988648
0.988976
1
1
1
1
1
1
1
1
1
1
1
1
1
1
0.999991
0.999933
0.999754
0.999098
0.998655
0.998714
0.998922
0.999326
0.999668
0.999863
0.999949
0.999982
0.999994
0.999998
0.999999
0.999999
0.999998
0.999961
0.99952
0.995768
0.970518
0.937004
0.929595
0.933357
0.956722
0.976795
0.983655
0.985607
0.985991
0.985921
0.985546
0.984449
0.981459
0.979189
0.978547
0.978379
0.977566
0.97372
0.971833
0.972435
0.978924
0.989793
0.995765
0.99844
0.999481
0.999842
0.999955
0.999988
0.999997
0.999999
1
1
1
1
1
1
1
1
0.999999
0.999995
0.99999
0.999986
0.999984
0.999983
0.999982
0.999973
0.999894
0.999364
0.996501
0.992609
0.990677
0.989572
0.988456
0.986189
0.979419
0.970637
0.967605
0.967578
0.969285
0.976067
0.983097
0.987517
0.990167
0.991919
0.993275
0.994259
0.994793
0.99491
0.994686
0.993057
0.988381
0.986103
0.984993
0.982196
0.979274
0.97886
0.98038
0.984505
0.985771
0.985686
0.985399
0.985694
0.987982
0.992047
0.995271
0.997479
0.998786
0.999475
0.999804
0.999918
0.999919
0.999769
0.998753
0.995105
0.992403
0.991724
0.992377
0.995467
0.997221
0.997331
0.996696
0.99469
0.993977
0.993934
0.994051
0.994667
0.994996
0.995125
0.995413
0.995942
0.997044
0.998231
0.999105
0.999609
0.99985
0.999949
0.999984
0.999996
0.999999
1
1
1
1
1
1
1
1
1
1
1
1
1
1
1
1
0.999997
0.999983
0.999953
0.999883
0.999537
0.997253
0.991344
0.98852
0.987938
0.988218
0.988894
1
1
1
1
1
1
1
1
1
1
1
1
1
1
1
0.999998
0.99999
0.999957
0.999949
0.999949
0.999958
0.999972
0.999985
0.999993
0.999997
0.999999
1
1
1
1
1
0.999992
0.999879
0.998755
0.990701
0.955349
0.93362
0.931566
0.938904
0.96424
0.978481
0.983854
0.985452
0.985712
0.985513
0.984508
0.981367
0.979419
0.97893
0.978672
0.977552
0.973008
0.971399
0.972557
0.981288
0.99165
0.996744
0.998876
0.999649
0.999899
0.999973
0.999993
0.999998
1
1
1
1
1
1
1
1
1
1
0.999999
0.999997
0.999996
0.999995
0.999994
0.999993
0.99999
0.999964
0.999767
0.998619
0.994573
0.991558
0.99021
0.989385
0.988001
0.984589
0.975134
0.968982
0.967744
0.968208
0.97135
0.979485
0.984715
0.988061
0.990179
0.99153
0.992258
0.992565
0.992583
0.992308
0.990669
0.987506
0.986154
0.985243
0.982504
0.979136
0.978405
0.979254
0.983047
0.984793
0.98481
0.984518
0.984717
0.986819
0.991249
0.99484
0.997277
0.9987
0.999434
0.99978
0.999921
0.999949
0.999919
0.999658
0.998347
0.99576
0.994408
0.994248
0.9952
0.997419
0.998244
0.99824
0.997796
0.996207
0.995244
0.995164
0.995337
0.995966
0.996634
0.99725
0.997921
0.998611
0.999201
0.999606
0.999833
0.999938
0.99998
0.999994
0.999998
1
1
1
1
1
1
1
1
1
1
1
1
1
1
1
1
0.999999
0.999993
0.999968
0.999931
0.999841
0.999323
0.996025
0.989986
0.987449
0.98704
0.987694
0.988694
1
1
1
1
1
1
1
1
1
1
1
1
1
1
1
1
1
0.999999
0.999999
0.999999
0.999999
1
1
1
1
1
1
1
1
1
1
0.999999
0.999975
0.999694
0.997432
0.982676
0.946609
0.934212
0.934615
0.94638
0.969079
0.979541
0.983604
0.984912
0.985051
0.984269
0.981331
0.979653
0.97919
0.978837
0.97703
0.971995
0.971031
0.973403
0.984845
0.993983
0.997982
0.999392
0.999829
0.999954
0.999988
0.999997
0.999999
1
1
1
1
1
1
1
1
1
1
1
0.999999
0.999999
0.999998
0.999998
0.999998
0.999997
0.999989
0.999922
0.999499
0.997281
0.993082
0.99091
0.989992
0.989139
0.987335
0.981703
0.972146
0.968466
0.968164
0.969154
0.973958
0.981587
0.985794
0.98827
0.989663
0.99043
0.990715
0.990715
0.99045
0.988982
0.987142
0.986374
0.985488
0.982441
0.978699
0.977683
0.978092
0.981199
0.983533
0.983733
0.983521
0.98369
0.985721
0.990405
0.994342
0.997048
0.998614
0.999405
0.999767
0.999918
0.999964
0.999963
0.999901
0.999573
0.998507
0.99726
0.996626
0.99662
0.997419
0.998588
0.998967
0.998953
0.998711
0.997907
0.997133
0.996972
0.99705
0.997348
0.997981
0.998606
0.999157
0.999567
0.999812
0.99993
0.999976
0.999993
0.999998
0.999999
1
1
1
1
1
1
1
1
1
1
1
1
1
1
1
1
0.999998
0.999987
0.99995
0.999905
0.999784
0.99901
0.994578
0.988583
0.986191
0.985946
0.986987
0.988406
1
1
1
1
1
1
1
1
1
1
1
1
1
1
1
1
1
1
1
1
1
1
1
1
1
1
1
1
1
1
1
1
0.999995
0.999935
0.999378
0.995696
0.974431
0.944486
0.937023
0.938685
0.95253
0.971889
0.980321
0.983263
0.983772
0.983403
0.981336
0.979975
0.97955
0.978972
0.975349
0.970648
0.970649
0.976276
0.989249
0.996061
0.998754
0.999646
0.999907
0.999977
0.999994
0.999999
1
1
1
1
1
1
1
1
1
1
1
1
1
1
1
1
0.999999
0.999999
0.999997
0.999977
0.999833
0.999041
0.995689
0.992114
0.990548
0.989844
0.988841
0.9864
0.97847
0.970697
0.968505
0.968567
0.970147
0.976117
0.983101
0.986513
0.988182
0.988906
0.989169
0.989184
0.989022
0.988115
0.987151
0.986644
0.985764
0.982666
0.978581
0.977122
0.977183
0.97918
0.98194
0.982445
0.982329
0.98254
0.984687
0.98967
0.993884
0.996815
0.998527
0.999381
0.99976
0.999916
0.99997
0.999979
0.999965
0.999874
0.999537
0.999073
0.998671
0.998455
0.998462
0.99883
0.999313
0.999463
0.999456
0.999342
0.998958
0.998751
0.998748
0.998808
0.999005
0.999376
0.999672
0.999851
0.99994
0.999978
0.999993
0.999998
0.999999
1
1
1
1
1
1
1
1
1
1
1
1
1
1
1
1
1
0.999997
0.999975
0.999929
0.999876
0.999702
0.998534
0.992918
0.987014
0.984809
0.984746
0.986285
0.988035
1
1
1
1
1
1
1
1
1
1
1
1
1
1
1
1
1
1
1
1
1
1
1
1
1
1
1
1
1
1
1
1
0.999999
0.999987
0.999869
0.998984
0.994109
0.970126
0.945763
0.941014
0.942989
0.955609
0.972886
0.980024
0.982201
0.982253
0.981194
0.980249
0.97974
0.978379
0.971707
0.969229
0.971058
0.982683
0.993616
0.998007
0.999433
0.999848
0.999961
0.999991
0.999998
0.999999
1
1
1
1
1
1
1
1
1
1
1
1
1
1
1
1
1
1
0.999999
0.999994
0.99995
0.999681
0.998374
0.994309
0.991489
0.990354
0.989711
0.9885
0.985294
0.975828
0.970046
0.968783
0.969037
0.970986
0.977387
0.983683
0.986649
0.987905
0.988219
0.988212
0.988114
0.987655
0.987184
0.986801
0.986034
0.98332
0.979024
0.976975
0.976694
0.97749
0.980108
0.980911
0.980935
0.981276
0.983648
0.98903
0.993564
0.996666
0.998459
0.999359
0.999758
0.999916
0.999973
0.999987
0.999985
0.99996
0.999846
0.999665
0.999518
0.999422
0.999389
0.999419
0.999586
0.999727
0.999768
0.999764
0.999712
0.999638
0.999634
0.999653
0.999716
0.999827
0.999913
0.999962
0.999985
0.999995
0.999998
1
1
1
1
1
1
1
1
1
1
1
1
1
1
1
1
1
1
0.999999
0.999993
0.999957
0.999906
0.999836
0.99957
0.9978
0.990962
0.985317
0.983451
0.983975
0.986057
0.987778
1
1
1
1
1
1
1
1
1
1
1
1
1
1
1
1
1
1
1
1
1
1
1
1
1
1
1
1
1
1
1
1
1
0.999998
0.999977
0.999807
0.99873
0.993735
0.972072
0.950279
0.945886
0.947403
0.955273
0.971031
0.977872
0.979972
0.980021
0.979701
0.978893
0.972561
0.967364
0.968047
0.976391
0.990866
0.997072
0.999148
0.999769
0.999941
0.999986
0.999997
0.999999
1
1
1
1
1
1
1
1
1
1
1
1
1
1
1
1
1
1
1
1
0.999998
0.999986
0.999906
0.999472
0.997507
0.993384
0.991137
0.990255
0.989585
0.988155
0.98406
0.974323
0.969966
0.969145
0.969451
0.971395
0.97733
0.983424
0.986225
0.987281
0.987599
0.98757
0.987398
0.987126
0.986845
0.986314
0.984769
0.980429
0.977459
0.976576
0.976698
0.978207
0.979218
0.979401
0.979947
0.982653
0.988489
0.993388
0.996612
0.998438
0.99935
0.999754
0.999916
0.999973
0.99999
0.999992
0.999986
0.99995
0.999874
0.999812
0.999773
0.999759
0.999764
0.999808
0.999869
0.999907
0.999919
0.999919
0.999915
0.999916
0.999923
0.999941
0.999965
0.999983
0.999993
0.999997
0.999999
1
1
1
1
1
1
1
1
1
1
1
1
1
1
1
1
1
1
1
0.999999
0.999988
0.999936
0.999878
0.999775
0.999336
0.996627
0.988723
0.983592
0.982434
0.98367
0.986027
0.98772
1
1
1
1
1
1
1
1
1
1
1
1
1
1
1
1
1
1
1
1
1
1
1
1
1
1
1
1
1
1
1
1
1
1
0.999997
0.999969
0.999777
0.99877
0.994687
0.97945
0.958164
0.951565
0.952082
0.954942
0.963473
0.970548
0.972471
0.972048
0.96747
0.964031
0.964654
0.97268
0.989295
0.996467
0.998951
0.999713
0.999927
0.999982
0.999996
0.999999
1
1
1
1
1
1
1
1
1
1
1
1
1
1
1
1
1
1
1
1
1
1
0.999997
0.999975
0.999848
0.999242
0.996718
0.992873
0.99096
0.990211
0.989493
0.987854
0.983013
0.973943
0.970168
0.969444
0.969698
0.971304
0.975864
0.98221
0.98516
0.986377
0.986846
0.986935
0.986884
0.986726
0.98636
0.985469
0.982188
0.978333
0.976631
0.976364
0.976838
0.977561
0.977814
0.978587
0.982034
0.988224
0.993312
0.996672
0.998506
0.999383
0.999765
0.999918
0.999974
0.999992
0.999995
0.999994
0.999984
0.999954
0.999926
0.999908
0.999902
0.999903
0.999919
0.999943
0.999961
0.999973
0.999978
0.99998
0.999982
0.999986
0.99999
0.999995
0.999997
0.999999
1
1
1
1
1
1
1
1
1
1
1
1
1
1
1
1
1
1
1
1
1
0.999998
0.99998
0.999914
0.999834
0.999662
0.99889
0.994678
0.986372
0.982186
0.981903
0.983601
0.986028
0.98772
1
1
1
1
1
1
1
1
1
1
1
1
1
1
1
1
1
1
1
1
1
1
1
1
1
1
1
1
1
1
1
1
1
1
1
0.999996
0.999971
0.999819
0.999145
0.996591
0.989551
0.971661
0.959873
0.957767
0.958407
0.960528
0.961351
0.961137
0.961136
0.963358
0.976588
0.990981
0.996968
0.999083
0.999746
0.999935
0.999984
0.999996
0.999999
1
1
1
1
1
1
1
1
1
1
1
1
1
1
1
1
1
1
1
1
1
1
1
0.999999
0.999994
0.999962
0.999788
0.999046
0.996199
0.992623
0.990897
0.990214
0.989469
0.987738
0.982826
0.974282
0.970608
0.9697
0.969804
0.970818
0.973459
0.97919
0.982965
0.984836
0.98575
0.986074
0.986053
0.985838
0.985129
0.982404
0.978391
0.9763
0.975715
0.975754
0.9759
0.976112
0.977156
0.981738
0.988133
0.993412
0.996851
0.998662
0.999476
0.999806
0.999932
0.999978
0.999993
0.999997
0.999997
0.999995
0.999984
0.999972
0.999964
0.999961
0.999961
0.999966
0.999976
0.999984
0.99999
0.999993
0.999995
0.999996
0.999997
0.999999
0.999999
1
1
1
1
1
1
1
1
1
1
1
1
1
1
1
1
1
1
1
1
1
1
1
0.999996
0.999969
0.999888
0.999752
0.999419
0.997986
0.991842
0.984138
0.981339
0.981478
0.983659
0.986128
0.987816
1
1
1
1
1
1
1
1
1
1
1
1
1
1
1
1
1
1
1
1
1
1
1
1
1
1
1
1
1
1
1
1
1
1
1
1
0.999997
0.999978
0.999887
0.999523
0.99834
0.995233
0.98716
0.974955
0.967834
0.966418
0.966628
0.967941
0.974274
0.987227
0.994865
0.998213
0.999445
0.999843
0.999959
0.99999
0.999998
0.999999
1
1
1
1
1
1
1
1
1
1
1
1
1
1
1
1
1
1
1
1
1
1
1
1
1
0.999999
0.999991
0.999947
0.999734
0.998891
0.995845
0.992496
0.990873
0.990207
0.989488
0.987827
0.983528
0.9752
0.971232
0.969962
0.969853
0.970229
0.97153
0.974282
0.978052
0.981645
0.983422
0.983772
0.983585
0.982673
0.978942
0.975247
0.973799
0.973526
0.973532
0.973609
0.973952
0.976077
0.981974
0.988534
0.993737
0.997046
0.998782
0.999551
0.999847
0.99995
0.999984
0.999995
0.999998
0.999999
0.999998
0.999995
0.99999
0.999986
0.999985
0.999985
0.999986
0.99999
0.999994
0.999996
0.999997
0.999998
0.999999
0.999999
1
1
1
1
1
1
1
1
1
1
1
1
1
1
1
1
1
1
1
1
1
1
1
1
0.999999
0.999993
0.999956
0.999841
0.999579
0.998854
0.996085
0.988247
0.982239
0.980637
0.981183
0.983904
0.986519
0.988227
1
1
1
1
1
1
1
1
1
1
1
1
1
1
1
1
1
1
1
1
1
1
1
1
1
1
1
1
1
1
1
1
1
1
1
1
1
0.999998
0.999989
0.999948
0.999806
0.999388
0.99829
0.994947
0.991028
0.989876
0.990189
0.992175
0.99599
0.998278
0.999355
0.999785
0.999935
0.999982
0.999995
0.999999
1
1
1
1
1
1
1
1
1
1
1
1
1
1
1
1
1
1
1
1
1
1
1
1
1
1
1
1
0.999998
0.999989
0.999937
0.999706
0.998853
0.995905
0.99261
0.990955
0.990194
0.989573
0.988217
0.985217
0.978005
0.972742
0.970704
0.969937
0.969924
0.970184
0.97092
0.972729
0.975453
0.97618
0.975973
0.97485
0.97146
0.969187
0.968568
0.968621
0.969206
0.970038
0.971742
0.976041
0.982744
0.989462
0.994469
0.997451
0.998953
0.999613
0.99987
0.999959
0.999988
0.999997
0.999999
0.999999
0.999999
0.999998
0.999996
0.999995
0.999994
0.999994
0.999995
0.999996
0.999998
0.999999
0.999999
0.999999
1
1
1
1
1
1
1
1
1
1
1
1
1
1
1
1
1
1
1
1
1
1
1
1
1
1
0.999999
0.999989
0.999932
0.999733
0.999203
0.997486
0.992054
0.984661
0.980586
0.979905
0.981034
0.984524
0.987519
0.989282
1
1
1
1
1
1
1
1
1
1
1
1
1
1
1
1
1
1
1
1
1
1
1
1
1
1
1
1
1
1
1
1
1
1
1
1
1
1
0.999999
0.999996
0.999985
0.99995
0.999852
0.999445
0.998915
0.998837
0.998932
0.999382
0.999734
0.999897
0.999964
0.999988
0.999997
0.999999
1
1
1
1
1
1
1
1
1
1
1
1
1
1
1
1
1
1
1
1
1
1
1
1
1
1
1
1
1
1
1
0.999998
0.999988
0.999939
0.999735
0.999023
0.996684
0.993205
0.991335
0.990292
0.989747
0.98891
0.987125
0.983413
0.977691
0.97348
0.971382
0.970447
0.970125
0.970205
0.97052
0.970525
0.970213
0.968727
0.966938
0.966066
0.965833
0.965869
0.966242
0.967492
0.970763
0.976767
0.984124
0.990742
0.995366
0.997971
0.9992
0.999709
0.999901
0.999969
0.999991
0.999997
0.999999
1
1
1
0.999999
0.999998
0.999998
0.999998
0.999998
0.999999
0.999999
1
1
1
1
1
1
1
1
1
1
1
1
1
1
1
1
1
1
1
1
1
1
1
1
1
1
1
1
1
0.999998
0.999982
0.999885
0.999518
0.998387
0.994009
0.98594
0.980945
0.97931
0.979501
0.981461
0.985951
0.989486
0.991267
1
1
1
1
1
1
1
1
1
1
1
1
1
1
1
1
1
1
1
1
1
1
1
1
1
1
1
1
1
1
1
1
1
1
1
1
1
1
1
1
0.999999
0.999998
0.999993
0.999967
0.999942
0.999942
0.999958
0.999983
0.999993
0.999998
0.999999
1
1
1
1
1
1
1
1
1
1
1
1
1
1
1
1
1
1
1
1
1
1
1
1
1
1
1
1
1
1
1
1
1
1
1
0.999998
0.99999
0.999954
0.999811
0.999321
0.998004
0.994621
0.99223
0.990875
0.990021
0.98953
0.988722
0.987145
0.984763
0.98208
0.978174
0.974765
0.972672
0.971545
0.970692
0.969408
0.967884
0.966683
0.966042
0.96578
0.965751
0.96595
0.966993
0.971086
0.979274
0.986941
0.992818
0.996554
0.998548
0.999456
0.999814
0.999941
0.999982
0.999995
0.999998
1
1
1
1
1
1
0.999999
0.999999
1
1
1
1
1
1
1
1
1
1
1
1
1
1
1
1
1
1
1
1
1
1
1
1
1
1
1
1
1
1
1
1
0.999997
0.999972
0.999796
0.999145
0.996754
0.98764
0.981228
0.979168
0.978929
0.97946
0.982561
0.988425
0.992561
0.994203
1
1
1
1
1
1
1
1
1
1
1
1
1
1
1
1
1
1
1
1
1
1
1
1
1
1
1
1
1
1
1
1
1
1
1
1
1
1
1
1
1
1
1
0.999999
0.999999
0.999999
1
1
1
1
1
1
1
1
1
1
1
1
1
1
1
1
1
1
1
1
1
1
1
1
1
1
1
1
1
1
1
1
1
1
1
1
1
1
1
1
1
0.999999
0.999994
0.999972
0.999892
0.999631
0.998941
0.997159
0.994131
0.992163
0.991005
0.99021
0.989648
0.989234
0.988601
0.987871
0.986664
0.983834
0.980555
0.977713
0.975344
0.973532
0.972098
0.970574
0.969305
0.968835
0.969019
0.970477
0.97624
0.984297
0.990841
0.99536
0.997945
0.999189
0.99971
0.999904
0.99997
0.999991
0.999997
0.999999
1
1
1
1
1
1
1
1
1
1
1
1
1
1
1
1
1
1
1
1
1
1
1
1
1
1
1
1
1
1
1
1
1
1
1
1
1
1
1
1
0.999996
0.999958
0.99965
0.998726
0.995344
0.985717
0.980643
0.979174
0.979142
0.980123
0.984732
0.991749
0.995649
0.996953
1
1
1
1
1
1
1
1
1
1
1
1
1
1
1
1
1
1
1
1
1
1
1
1
1
1
1
1
1
1
1
1
1
1
1
1
1
1
1
1
1
1
1
1
1
1
1
1
1
1
1
1
1
1
1
1
1
1
1
1
1
1
1
1
1
1
1
1
1
1
1
1
1
1
1
1
1
1
1
1
1
1
1
1
1
1
1
1
0.999999
0.999997
0.999987
0.999951
0.999843
0.999544
0.998891
0.997436
0.995178
0.993166
0.991912
0.991129
0.990548
0.990129
0.989688
0.989103
0.988248
0.987174
0.986184
0.985325
0.984124
0.982485
0.981154
0.980793
0.981047
0.982497
0.98679
0.991539
0.99534
0.997767
0.999048
0.999631
0.999868
0.999956
0.999986
0.999996
0.999999
1
1
1
1
1
1
1
1
1
1
1
1
1
1
1
1
1
1
1
1
1
1
1
1
1
1
1
1
1
1
1
1
1
1
1
1
1
1
1
1
1
0.999994
0.99994
0.99949
0.998521
0.995168
0.991145
0.985595
0.981694
0.981046
0.982071
0.987519
0.99421
0.996815
0.997944
1
1
1
1
1
1
1
1
1
1
1
1
1
1
1
1
1
1
1
1
1
1
1
1
1
1
1
1
1
1
1
1
1
1
1
1
1
1
1
1
1
1
1
1
1
1
1
1
1
1
1
1
1
1
1
1
1
1
1
1
1
1
1
1
1
1
1
1
1
1
1
1
1
1
1
1
1
1
1
1
1
1
1
1
1
1
1
1
1
1
0.999999
0.999995
0.999983
0.999948
0.999858
0.999647
0.999174
0.998279
0.997186
0.995948
0.99467
0.993419
0.992381
0.991635
0.991076
0.990565
0.990003
0.989357
0.988729
0.988316
0.988198
0.988242
0.988539
0.989424
0.992015
0.995447
0.997785
0.999039
0.999615
0.999856
0.99995
0.999984
0.999995
0.999999
1
1
1
1
1
1
1
1
1
1
1
1
1
1
1
1
1
1
1
1
1
1
1
1
1
1
1
1
1
1
1
1
1
1
1
1
1
1
1
1
1
0.999999
0.999993
0.999926
0.99942
0.998473
0.998109
0.99817
0.996488
0.989329
0.985663
0.985983
0.99032
0.995272
0.997304
0.99836
1
1
1
1
1
1
1
1
1
1
1
1
1
1
1
1
1
1
1
1
1
1
1
1
1
1
1
1
1
1
1
1
1
1
1
1
1
1
1
1
1
1
1
1
1
1
1
1
1
1
1
1
1
1
1
1
1
1
1
1
1
1
1
1
1
1
1
1
1
1
1
1
1
1
1
1
1
1
1
1
1
1
1
1
1
1
1
1
1
1
1
1
0.999999
0.999996
0.999988
0.999968
0.999921
0.999815
0.999584
0.999308
0.998917
0.998292
0.997589
0.997013
0.996547
0.996021
0.995359
0.994745
0.994406
0.994339
0.994366
0.994513
0.99497
0.99638
0.997926
0.998941
0.999509
0.99979
0.999917
0.999969
0.999989
0.999997
0.999999
1
1
1
1
1
1
1
1
1
1
1
1
1
1
1
1
1
1
1
1
1
1
1
1
1
1
1
1
1
1
1
1
1
1
1
1
1
1
1
1
1
1
0.999999
0.999992
0.999921
0.999418
0.998871
0.998739
0.998869
0.99907
0.997407
0.992516
0.991651
0.993291
0.996221
0.997767
0.998672
1
1
1
1
1
1
1
1
1
1
1
1
1
1
1
1
1
1
1
1
1
1
1
1
1
1
1
1
1
1
1
1
1
1
1
1
1
1
1
1
1
1
1
1
1
1
1
1
1
1
1
1
1
1
1
1
1
1
1
1
1
1
1
1
1
1
1
1
1
1
1
1
1
1
1
1
1
1
1
1
1
1
1
1
1
1
1
1
1
1
1
1
1
1
0.999999
0.999998
0.999994
0.999986
0.999964
0.999936
0.999882
0.999731
0.999577
0.999502
0.999414
0.999179
0.998914
0.998789
0.998777
0.998793
0.99884
0.998957
0.999262
0.999567
0.999774
0.999892
0.999952
0.99998
0.999992
0.999997
0.999999
1
1
1
1
1
1
1
1
1
1
1
1
1
1
1
1
1
1
1
1
1
1
1
1
1
1
1
1
1
1
1
1
1
1
1
1
1
1
1
1
1
1
1
1
0.999999
0.999991
0.999927
0.999486
0.998985
0.998824
0.998862
0.999257
0.999128
0.997294
0.996184
0.996308
0.997404
0.998528
0.99898
1
1
1
1
1
1
1
1
1
1
1
1
1
1
1
1
1
1
1
1
1
1
1
1
1
1
1
1
1
1
1
1
1
1
1
1
1
1
1
1
1
1
1
1
1
1
1
1
1
1
1
1
1
1
1
1
1
1
1
1
1
1
1
1
1
1
1
1
1
1
1
1
1
1
1
1
1
1
1
1
1
1
1
1
1
1
1
1
1
1
1
1
1
1
1
1
1
0.999999
0.999998
0.999995
0.999989
0.99997
0.999948
0.999939
0.999925
0.999886
0.999857
0.99985
0.999852
0.999857
0.999869
0.999903
0.999942
0.999969
0.999985
0.999993
0.999997
0.999999
0.999999
1
1
1
1
1
1
1
1
1
1
1
1
1
1
1
1
1
1
1
1
1
1
1
1
1
1
1
1
1
1
1
1
1
1
1
0.999999
0.999999
0.999999
1
1
1
1
1
1
1
1
0.999999
0.99999
0.999937
0.99962
0.999156
0.9991
0.998975
0.999214
0.999527
0.998852
0.997932
0.998016
0.998685
0.999068
0.999251
1
1
1
1
1
1
1
1
1
1
1
1
1
1
1
1
1
1
1
1
1
1
1
1
1
1
1
1
1
1
1
1
1
1
1
1
1
1
1
1
1
1
1
1
1
1
1
1
1
1
1
1
1
1
1
1
1
1
1
1
1
1
1
1
1
1
1
1
1
1
1
1
1
1
1
1
1
1
1
1
1
1
1
1
1
1
1
1
1
1
1
1
1
1
1
1
1
1
1
1
0.999999
0.999997
0.999996
0.999995
0.999993
0.99999
0.99999
0.99999
0.99999
0.999991
0.999993
0.999995
0.999998
0.999999
0.999999
1
1
1
1
1
1
1
1
1
1
1
1
1
1
1
1
1
1
1
1
1
1
1
1
1
1
1
1
1
1
1
1
1
1
1
1
1
0.999999
0.999999
0.999998
0.999998
0.999999
0.999999
1
1
1
1
1
1
1
0.999999
0.999989
0.999946
0.999653
0.999454
0.999443
0.999137
0.999191
0.99965
0.999484
0.99906
0.999091
0.999336
0.999507
0.999521
1
1
1
1
1
1
1
1
1
1
1
1
1
1
1
1
1
1
1
1
1
1
1
1
1
1
1
1
1
1
1
1
1
1
1
1
1
1
1
1
1
1
1
1
1
1
1
1
1
1
1
1
1
1
1
1
1
1
1
1
1
1
1
1
1
1
1
1
1
1
1
1
1
1
1
1
1
1
1
1
1
1
1
1
1
1
1
1
1
1
1
1
1
1
1
1
1
1
1
1
1
1
1
1
1
1
1
1
1
1
1
1
1
1
1
1
1
1
1
1
1
1
1
1
1
1
1
1
1
1
1
1
1
1
1
1
1
1
1
1
1
1
1
1
1
1
1
1
1
1
1
0.999999
0.999998
0.999998
0.999998
0.999998
0.999998
0.999999
1
1
1
1
1
1
1
0.999998
0.999987
0.999945
0.999708
0.999615
0.999566
0.999197
0.999096
0.999632
0.999743
0.999607
0.999619
0.999715
0.999729
0.999704
1
1
1
1
1
1
1
1
1
1
1
1
1
1
1
1
1
1
1
1
1
1
1
1
1
1
1
1
1
1
1
1
1
1
1
1
1
1
1
1
1
1
1
1
1
1
1
1
1
1
1
1
1
1
1
1
1
1
1
1
1
1
1
1
1
1
1
1
1
1
1
1
1
1
1
1
1
1
1
1
1
1
1
1
1
1
1
1
1
1
1
1
1
1
1
1
1
1
1
1
1
1
1
1
1
1
1
1
1
1
1
1
1
1
1
1
1
1
1
1
1
1
1
1
1
1
1
1
1
1
1
1
1
1
1
1
1
1
1
1
1
1
1
1
1
1
1
1
1
1
1
0.999998
0.999998
0.999998
0.999998
0.999998
0.999998
0.999999
0.999999
1
1
1
1
1
1
0.999997
0.999984
0.999941
0.999754
0.999688
0.999629
0.99927
0.999005
0.999543
0.999857
0.999824
0.99983
0.999852
0.999843
0.999831
1
1
1
1
1
1
1
1
1
1
1
1
1
1
1
1
1
1
1
1
1
1
1
1
1
1
1
1
1
1
1
1
1
1
1
1
1
1
1
1
1
1
1
1
1
1
1
1
1
1
1
1
1
1
1
1
1
1
1
1
1
1
1
1
1
1
1
1
1
1
1
1
1
1
1
1
1
1
1
1
1
1
1
1
1
1
1
1
1
1
1
1
1
1
1
1
1
1
1
1
1
1
1
1
1
1
1
1
1
1
1
1
1
1
1
1
1
1
1
1
1
1
1
1
1
1
1
1
1
1
1
1
1
1
1
1
1
1
1
1
1
1
1
1
1
1
1
1
1
1
0.999999
0.999996
0.999997
0.999998
0.999998
0.999998
0.999998
0.999999
0.999999
0.999999
1
1
1
1
0.999999
0.999995
0.999977
0.999927
0.999773
0.999719
0.999647
0.999289
0.998962
0.999485
0.999901
0.99991
0.999908
0.999908
0.9999
0.999897
1
1
1
1
1
1
1
1
1
1
1
1
1
1
1
1
1
1
1
1
1
1
1
1
1
1
1
1
1
1
1
1
1
1
1
1
1
1
1
1
1
1
1
1
1
1
1
1
1
1
1
1
1
1
1
1
1
1
1
1
1
1
1
1
1
1
1
1
1
1
1
1
1
1
1
1
1
1
1
1
1
1
1
1
1
1
1
1
1
1
1
1
1
1
1
1
1
1
1
1
1
1
1
1
1
1
1
1
1
1
1
1
1
1
1
1
1
1
1
1
1
1
1
1
1
1
1
1
1
1
1
1
1
1
1
1
1
1
1
1
1
1
1
1
1
1
1
1
1
1
0.999997
0.999993
0.999997
0.999999
0.999998
0.999998
0.999998
0.999999
0.999999
0.999999
0.999999
0.999999
0.999999
0.999999
0.999998
0.999992
0.999966
0.999892
0.999774
0.999729
0.999641
0.999258
0.998897
0.999416
0.999909
0.99994
0.999937
0.999935
0.99993
0.999928
1
1
1
1
1
1
1
1
1
1
1
1
1
1
1
1
1
1
1
1
1
1
1
1
1
1
1
1
1
1
1
1
1
1
1
1
1
1
1
1
1
1
1
1
1
1
1
1
1
1
1
1
1
1
1
1
1
1
1
1
1
1
1
1
1
1
1
1
1
1
1
1
1
1
1
1
1
1
1
1
1
1
1
1
1
1
1
1
1
1
1
1
1
1
1
1
1
1
1
1
1
1
1
1
1
1
1
1
1
1
1
1
1
1
1
1
1
1
1
1
1
1
1
1
1
1
1
1
1
1
1
1
1
1
1
1
1
1
1
1
1
1
1
1
1
1
0.999999
0.999999
0.999999
0.999998
0.999992
0.999989
0.999995
0.999998
0.999999
0.999999
0.999999
0.999999
0.999999
0.999999
0.999999
0.999999
0.999999
0.999998
0.999995
0.999986
0.999957
0.99986
0.999775
0.999727
0.999574
0.999079
0.998741
0.999255
0.99988
0.999946
0.999949
0.999948
0.999948
0.99995
1
1
1
1
1
1
1
1
1
1
1
1
1
1
1
1
1
1
1
1
1
1
1
1
1
1
1
1
1
1
1
1
1
1
1
1
1
1
1
1
1
1
1
1
1
1
1
1
1
1
1
1
1
1
1
1
1
1
1
1
1
1
1
1
1
1
1
1
1
1
1
1
1
1
1
1
1
1
1
1
1
1
1
1
1
1
1
1
1
1
1
1
1
1
1
1
1
1
1
1
1
1
1
1
1
1
1
1
1
1
1
1
1
1
1
1
1
1
1
1
1
1
1
1
1
1
1
1
1
1
1
1
1
1
1
1
1
1
1
1
1
1
0.999999
0.999999
0.999998
0.999998
0.999998
0.999997
0.999996
0.999993
0.999985
0.99998
0.999988
0.999996
0.999999
0.999999
0.999999
0.999999
0.999999
0.999998
0.999997
0.999996
0.999994
0.999988
0.999984
0.999974
0.999951
0.999853
0.999789
0.999714
0.999312
0.998679
0.998482
0.998962
0.999734
0.999905
0.999932
0.999931
0.999935
0.999947
1
1
1
1
1
1
1
1
1
1
1
1
1
1
1
1
1
1
1
1
1
1
1
1
1
1
1
1
1
1
1
1
1
1
1
1
1
1
1
1
1
1
1
1
1
1
1
1
1
1
1
1
1
1
1
1
1
1
1
1
1
1
1
1
1
1
1
1
1
1
1
1
1
1
1
1
1
1
1
1
1
1
1
1
1
1
1
1
1
1
1
1
1
1
1
1
1
1
1
1
1
1
1
1
1
1
1
1
1
1
1
1
1
1
1
1
1
1
1
1
1
1
1
1
1
1
1
1
1
1
1
1
1
1
1
1
1
1
0.999999
0.999999
0.999998
0.999997
0.999997
0.999996
0.999995
0.999995
0.999994
0.999993
0.999993
0.99999
0.999984
0.999975
0.999971
0.999981
0.999992
0.999997
0.999998
0.999996
0.999992
0.999982
0.999977
0.999976
0.99997
0.999952
0.999948
0.999935
0.999896
0.999833
0.999796
0.999619
0.99854
0.99797
0.997963
0.998536
0.999262
0.999576
0.999677
0.999674
0.999697
0.999766
1
1
1
1
1
1
1
1
1
1
1
1
1
1
1
1
1
1
1
1
1
1
1
1
1
1
1
1
1
1
1
1
1
1
1
1
1
1
1
1
1
1
1
1
1
1
1
1
1
1
1
1
1
1
1
1
1
1
1
1
1
1
1
1
1
1
1
1
1
1
1
1
1
1
1
1
1
1
1
1
1
1
1
1
1
1
1
1
1
1
1
1
1
1
1
1
1
1
1
1
1
1
1
1
1
1
1
1
1
1
1
1
1
1
1
1
1
1
1
1
1
1
1
1
1
1
1
1
1
1
1
1
1
1
1
1
0.999999
0.999996
0.999993
0.999992
0.999993
0.999994
0.999994
0.999994
0.999994
0.999993
0.999992
0.999992
0.999991
0.99999
0.999986
0.999976
0.999963
0.999952
0.999943
0.999936
0.99993
0.999914
0.999889
0.999863
0.999847
0.999817
0.999656
0.999222
0.999184
0.999012
0.999053
0.999437
0.999435
0.999189
0.997719
0.9974
0.997895
0.998519
0.998681
0.998684
0.998689
0.998726
0.998779
0.998786
0.983532
0.98351
0.98348
0.983413
0.983308
0.983258
0.983171
0.981659
0.970562
0.964647
0.964242
0.964176
0.964211
0.964495
0.964747
0.964822
0.964917
0.965023
0.965046
0.965051
0.96513
0.965651
0.965923
0.966088
0.96691
0.986423
0.9864
0.986319
0.986105
0.985488
0.984918
0.984323
0.982999
0.977043
0.973266
0.971255
0.969083
0.967504
0.966614
0.966493
0.966684
0.966776
0.966646
0.965862
0.964658
0.96371
0.963083
0.963002
0.963127
0.964371
0.991099
0.991632
0.991795
0.99172
0.991302
0.990352
0.987928
0.985707
0.981207
0.97822
0.977917
0.978257
0.977541
0.972783
0.969001
0.968164
0.968398
0.969473
0.970094
0.97016
0.969638
0.967259
0.966065
0.965797
0.966296
0.993307
0.994024
0.994824
0.995327
0.995318
0.995135
0.994349
0.9917
0.98521
0.981427
0.980522
0.980528
0.980431
0.978896
0.97352
0.970764
0.970503
0.971412
0.973117
0.973794
0.973769
0.972863
0.971853
0.971546
0.971898
0.99453
0.995263
0.995903
0.996693
0.997077
0.997094
0.996915
0.995866
0.991885
0.985955
0.982997
0.982216
0.981924
0.981008
0.97704
0.974581
0.974679
0.97701
0.979983
0.980825
0.98064
0.978722
0.977177
0.976716
0.977097
0.995866
0.99657
0.997034
0.997532
0.997972
0.998116
0.998077
0.997719
0.996272
0.991934
0.98738
0.98453
0.983477
0.982296
0.978969
0.977759
0.97832
0.982049
0.985879
0.987072
0.987018
0.985208
0.982524
0.981044
0.980933
0.997096
0.997671
0.998096
0.998482
0.998753
0.998813
0.998784
0.998618
0.998036
0.996456
0.992485
0.988011
0.986184
0.983409
0.980397
0.97978
0.980582
0.98472
0.988419
0.98967
0.989744
0.988899
0.986332
0.984084
0.983499
0.998281
0.99862
0.998858
0.999109
0.999282
0.99931
0.999288
0.999188
0.998898
0.998193
0.996288
0.992068
0.989053
0.984987
0.981963
0.981482
0.982347
0.986341
0.9897
0.990916
0.991047
0.990555
0.988489
0.986006
0.98535
0.999186
0.9994
0.999498
0.99958
0.99961
0.999601
0.999572
0.999498
0.999335
0.998976
0.998105
0.995941
0.991654
0.986578
0.983395
0.982913
0.98373
0.987517
0.990911
0.992222
0.992375
0.991849
0.98969
0.987229
0.986611
0.999728
0.999804
0.999844
0.999868
0.999866
0.999853
0.999818
0.999745
0.999586
0.999364
0.998896
0.997754
0.994469
0.988388
0.984774
0.984156
0.984852
0.988431
0.99223
0.993856
0.994107
0.993557
0.991239
0.988541
0.98785
0.999904
0.999927
0.999937
0.999939
0.999937
0.999932
0.999916
0.999878
0.999765
0.999587
0.999291
0.998593
0.996401
0.990259
0.986081
0.985258
0.985842
0.989234
0.993451
0.995461
0.995907
0.995511
0.993458
0.990199
0.989264
0.999956
0.999957
0.999955
0.999951
0.999951
0.99995
0.999946
0.999931
0.999877
0.999728
0.999512
0.999029
0.997453
0.991915
0.987249
0.986235
0.986736
0.989953
0.994406
0.996709
0.997377
0.997184
0.995805
0.992202
0.990993
0.999965
0.999959
0.99994
0.999922
0.999926
0.999939
0.999943
0.999941
0.999921
0.999842
0.999663
0.999275
0.998038
0.993141
0.988254
0.987115
0.987564
0.990646
0.995135
0.997534
0.998355
0.998314
0.997552
0.994271
0.992698
0.999952
0.999921
0.999833
0.999766
0.999782
0.99984
0.999907
0.999931
0.999927
0.99989
0.999765
0.99944
0.998389
0.994009
0.989111
0.987915
0.988332
0.991336
0.99573
0.998072
0.998949
0.999
0.998606
0.996038
0.994403
0.999874
0.999761
0.999457
0.99926
0.999306
0.999479
0.999747
0.999882
0.999914
0.9999
0.99982
0.999547
0.998602
0.994574
0.989806
0.98861
0.989015
0.991994
0.996241
0.998444
0.99926
0.999343
0.99908
0.997147
0.995962
0.999625
0.999273
0.998426
0.998019
0.998123
0.99853
0.999278
0.999716
0.999872
0.999887
0.999835
0.999594
0.998684
0.994852
0.990326
0.989182
0.989594
0.992602
0.996679
0.998707
0.999417
0.999485
0.999234
0.997686
0.997078
0.998983
0.997973
0.996338
0.995799
0.995977
0.996607
0.998176
0.999299
0.999754
0.999855
0.999825
0.999601
0.99869
0.994937
0.990689
0.989629
0.990069
0.993152
0.997044
0.998892
0.999496
0.999535
0.999258
0.99804
0.997919
0.997446
0.995456
0.993605
0.993175
0.99339
0.994114
0.996032
0.998393
0.999484
0.999788
0.999793
0.999593
0.99867
0.994884
0.990906
0.989964
0.990453
0.993646
0.997341
0.999021
0.999542
0.999557
0.999292
0.998591
0.998756
0.994892
0.992696
0.991426
0.991263
0.991461
0.992105
0.99355
0.996777
0.998928
0.999646
0.999729
0.999555
0.99858
0.994691
0.991015
0.990215
0.990769
0.994093
0.99758
0.99911
0.999598
0.999629
0.999568
0.999358
0.999514
0.992433
0.99097
0.990434
0.990401
0.990518
0.99098
0.992092
0.994885
0.997982
0.999372
0.999632
0.999483
0.998437
0.994415
0.99107
0.99041
0.991045
0.994503
0.997768
0.999169
0.999682
0.999802
0.999832
0.999807
0.999859
0.990889
0.99019
0.990041
0.990131
0.990233
0.990465
0.991168
0.993284
0.996866
0.998926
0.999461
0.999364
0.998309
0.994235
0.991122
0.990573
0.991299
0.994875
0.997927
0.999237
0.999734
0.999885
0.999934
0.999945
0.999961
0.990149
0.98988
0.98991
0.99016
0.990273
0.990363
0.990724
0.992083
0.995748
0.998405
0.999262
0.999228
0.998203
0.994125
0.991173
0.990713
0.991543
0.995217
0.99808
0.999305
0.999767
0.999916
0.999967
0.999985
0.999979
0.989817
0.98976
0.989882
0.990627
0.990804
0.990643
0.990707
0.991424
0.994539
0.99783
0.999033
0.999065
0.998094
0.99405
0.991219
0.990835
0.991785
0.995547
0.998228
0.999368
0.99979
0.999931
0.999978
0.999993
0.999978
0.989663
0.989702
0.990063
0.991708
0.99199
0.991442
0.990916
0.991229
0.993509
0.997227
0.998769
0.998878
0.997963
0.993984
0.991253
0.990942
0.992038
0.995874
0.998372
0.999425
0.999811
0.999939
0.999982
0.999995
0.99997
0.989563
0.989683
0.990464
0.993112
0.993584
0.992909
0.991388
0.991356
0.992767
0.996621
0.998487
0.998685
0.997815
0.993899
0.991279
0.991045
0.992314
0.996196
0.998512
0.99948
0.999829
0.999946
0.999984
0.999995
0.99996
0.989492
0.989738
0.991156
0.994341
0.995012
0.994472
0.992243
0.991574
0.992432
0.995997
0.998207
0.998484
0.997643
0.993786
0.991295
0.991141
0.992624
0.99651
0.998649
0.999533
0.999848
0.999952
0.999986
0.999995
0.999947
0.989423
0.989847
0.992048
0.994951
0.995755
0.995425
0.993279
0.991924
0.992393
0.99545
0.997927
0.998263
0.997441
0.993656
0.9913
0.991232
0.992982
0.99681
0.998784
0.999586
0.999866
0.999958
0.999988
0.999995
0.99993
0.989383
0.989975
0.992689
0.995453
0.996168
0.995962
0.994142
0.992338
0.992495
0.994999
0.997598
0.99795
0.997122
0.993397
0.991273
0.99131
0.993434
0.99713
0.99893
0.999643
0.999887
0.999965
0.99999
0.999995
0.999906
0.989355
0.990035
0.993
0.995697
0.996344
0.996217
0.994679
0.992734
0.992719
0.994723
0.997228
0.997513
0.996616
0.992947
0.9912
0.9914
0.993989
0.997481
0.999089
0.999704
0.999904
0.999968
0.99999
0.999994
0.999871
0.989312
0.990039
0.993074
0.995771
0.996374
0.996246
0.994831
0.99297
0.992915
0.994653
0.996846
0.997001
0.995952
0.9924
0.991112
0.991533
0.994614
0.997834
0.999246
0.999756
0.999911
0.999962
0.999983
0.999989
0.999822
0.989243
0.989858
0.992652
0.995621
0.996251
0.996056
0.99471
0.993166
0.993117
0.994704
0.996437
0.99644
0.995133
0.991875
0.991045
0.991756
0.995303
0.998178
0.999404
0.999792
0.99988
0.99991
0.999945
0.999969
0.999746
0.989154
0.989748
0.991942
0.995149
0.99594
0.995556
0.99443
0.99343
0.993422
0.994828
0.995969
0.995825
0.994244
0.991459
0.991007
0.992124
0.99602
0.998522
0.999555
0.999768
0.999744
0.999733
0.999779
0.999894
0.999609
0.989098
0.989571
0.991191
0.994619
0.995613
0.995198
0.994235
0.993666
0.993742
0.994918
0.995463
0.995243
0.993404
0.991126
0.990995
0.99273
0.996719
0.998867
0.999632
0.99964
0.999321
0.999187
0.999306
0.999679
0.999353
0.988952
0.989384
0.990383
0.993817
0.995187
0.99505
0.994248
0.99389
0.994054
0.994888
0.995061
0.99479
0.992529
0.990861
0.991023
0.993622
0.997375
0.999169
0.999622
0.999366
0.998283
0.997914
0.99821
0.999189
0.998896
0.98881
0.989248
0.989847
0.992433
0.994728
0.995065
0.994438
0.994191
0.994305
0.994758
0.994826
0.994222
0.991599
0.990667
0.991216
0.994708
0.998021
0.999383
0.999549
0.998729
0.996385
0.995699
0.996334
0.998347
0.998191
0.988786
0.989196
0.989559
0.990811
0.994031
0.994859
0.994544
0.994404
0.994423
0.994662
0.994583
0.993115
0.990862
0.990567
0.991756
0.995906
0.998598
0.99949
0.999418
0.997449
0.993709
0.992843
0.994002
0.997263
0.997288
0.988792
0.989186
0.98943
0.989935
0.992346
0.994322
0.994569
0.994439
0.994431
0.994502
0.994027
0.991702
0.990409
0.99056
0.992891
0.997008
0.999047
0.999512
0.999172
0.996169
0.991541
0.990453
0.991961
0.996068
0.996256
0.98889
0.989221
0.989396
0.989562
0.990454
0.993162
0.994224
0.994337
0.994307
0.994049
0.992421
0.990604
0.990205
0.990808
0.994487
0.997953
0.99934
0.999523
0.999028
0.995758
0.990809
0.989361
0.990575
0.994539
0.995075
0.989272
0.989435
0.989446
0.98946
0.989684
0.990722
0.992702
0.993455
0.993463
0.992384
0.990842
0.990058
0.990186
0.991845
0.996201
0.998695
0.999523
0.999554
0.998962
0.995643
0.990669
0.988737
0.989519
0.992744
0.994194
0.990214
0.990078
0.989786
0.9895
0.989495
0.989721
0.990586
0.991151
0.991274
0.990614
0.990018
0.989935
0.990482
0.993995
0.997578
0.999212
0.99964
0.999597
0.99893
0.995737
0.990831
0.988523
0.988577
0.989868
0.993099
0.991985
0.991483
0.990811
0.98991
0.989552
0.98949
0.989658
0.989914
0.989999
0.989864
0.989805
0.990069
0.992067
0.996241
0.998606
0.999535
0.999719
0.999639
0.999046
0.996597
0.991718
0.98871
0.988129
0.988681
0.992173
0.994569
0.993812
0.992872
0.991292
0.990174
0.989679
0.989565
0.989657
0.989728
0.989783
0.989976
0.991237
0.995116
0.997904
0.99926
0.999716
0.99978
0.99971
0.999344
0.998049
0.993805
0.989634
0.988108
0.988271
0.991526
0.997139
0.996407
0.995562
0.994128
0.992276
0.9908
0.99012
0.98994
0.989986
0.990258
0.991356
0.994586
0.99734
0.998925
0.999614
0.999818
0.999836
0.999781
0.999534
0.998763
0.996061
0.991284
0.988597
0.988407
0.991292
0.99824
0.997923
0.997393
0.996775
0.995676
0.994055
0.992567
0.991783
0.991678
0.992657
0.994925
0.997124
0.998645
0.999465
0.999788
0.999859
0.999841
0.99971
0.999408
0.998864
0.997401
0.993277
0.98953
0.988804
0.991313
0.998732
0.998583
0.9982
0.997846
0.997389
0.996708
0.995878
0.995359
0.9953
0.996098
0.997391
0.998554
0.999337
0.999729
0.999859
0.999864
0.999766
0.999437
0.999199
0.998873
0.998035
0.995159
0.99069
0.989457
0.991439
0.999148
0.999191
0.999066
0.998767
0.998471
0.998145
0.997795
0.997564
0.9976
0.998053
0.998717
0.999301
0.999676
0.999844
0.999879
0.999844
0.999593
0.999244
0.99907
0.998897
0.998482
0.996989
0.992245
0.990264
0.99164
0.999305
0.999406
0.999413
0.999303
0.999144
0.998987
0.998848
0.998766
0.998823
0.999061
0.999388
0.999664
0.999828
0.999886
0.999885
0.999822
0.999528
0.999184
0.999023
0.998917
0.998696
0.997922
0.993953
0.991198
0.991974
0.999466
0.999568
0.999588
0.999574
0.999512
0.999453
0.999407
0.999389
0.999435
0.999555
0.999706
0.999826
0.999887
0.9999
0.999887
0.9998
0.999477
0.999169
0.999039
0.998988
0.9989
0.99852
0.995495
0.992265
0.992563
0.999633
0.999683
0.999699
0.999701
0.999694
0.999686
0.99968
0.999688
0.999719
0.999777
0.999843
0.999889
0.999906
0.999905
0.999882
0.999764
0.999411
0.999164
0.999089
0.999076
0.999053
0.998838
0.996566
0.993306
0.993283
0.999781
0.999792
0.999788
0.99979
0.999791
0.999802
0.999811
0.999823
0.999842
0.999868
0.999893
0.999908
0.999911
0.999905
0.999873
0.999728
0.999361
0.999157
0.999128
0.999183
0.999223
0.999094
0.997314
0.994223
0.994075
0.999874
0.99987
0.999861
0.999857
0.999858
0.99987
0.999879
0.999888
0.999897
0.999906
0.999913
0.999916
0.999915
0.999905
0.999865
0.999694
0.999309
0.999128
0.99912
0.999223
0.999311
0.999236
0.997948
0.995061
0.994832
0.999914
0.999906
0.999902
0.999901
0.999904
0.99991
0.999914
0.999917
0.999918
0.99992
0.999921
0.999921
0.999917
0.999904
0.999854
0.999627
0.999204
0.999048
0.999062
0.999234
0.999337
0.999283
0.998422
0.995897
0.995427
0.999937
0.999936
0.999936
0.999937
0.999938
0.999938
0.999936
0.999933
0.999932
0.99993
0.999929
0.999927
0.999921
0.999902
0.999823
0.999444
0.998984
0.99888
0.998952
0.999212
0.999294
0.99925
0.998703
0.996577
0.995844
0.99995
0.99995
0.999953
0.999955
0.999957
0.999957
0.999955
0.999952
0.999948
0.999945
0.999941
0.999934
0.999921
0.99988
0.999654
0.998904
0.998496
0.99848
0.998684
0.99891
0.99892
0.998863
0.998711
0.997869
0.996603
0.999928
0.999926
0.999937
0.999941
0.99995
0.999957
0.999961
0.999958
0.999955
0.999949
0.999942
0.99993
0.999878
0.999595
0.998488
0.997545
0.997336
0.997414
0.997536
0.997485
0.997339
0.997452
0.997941
0.997929
0.997143
0.999648
0.999633
0.999652
0.999639
0.999651
0.999721
0.999835
0.999916
0.999892
0.999837
0.999687
0.999213
0.997884
0.995831
0.994166
0.993477
0.99291
0.992324
0.991879
0.991761
0.991954
0.993374
0.995286
0.995598
0.994803
0.998742
0.998676
0.998475
0.998038
0.997223
0.996034
0.994976
0.994474
0.993972
0.993248
0.992128
0.990551
0.988939
0.987957
0.987542
0.987369
0.987345
0.987604
0.988449
0.989375
0.99023
0.99107
0.991769
0.992038
0.992974
)
;

boundaryField
{
    inlet
    {
        type            fixedValue;
        value           uniform 1;
    }
    outlet
    {
        type            inletOutlet;
        inletValue      uniform 0;
        value           nonuniform List<scalar> 
57
(
0.96691
0.964371
0.966296
0.971898
0.977097
0.980933
0.983499
0.98535
0.986611
0.98785
0.989264
0.990993
0.992698
0.994403
0.995962
0.997078
0.997919
0.998756
0.999514
0.999859
0.999961
0.999979
0.999978
0.99997
0.99996
0.999947
0.99993
0.999906
0.999871
0.999822
0.999746
0.999609
0.999353
0.998896
0.998191
0.997288
0.996256
0.995075
0.994194
0.993099
0.992173
0.991526
0.991292
0.991313
0.991439
0.99164
0.991974
0.992563
0.993283
0.994075
0.994832
0.995427
0.995844
0.996603
0.997143
0.994803
0.992974
)
;
    }
    upperWall
    {
        type            zeroGradient;
    }
    lowerWall
    {
        type            zeroGradient;
    }
    frontAndBack
    {
        type            empty;
    }
}


// ************************************************************************* //
