/*--------------------------------*- C++ -*----------------------------------*\
  =========                 |
  \\      /  F ield         | OpenFOAM: The Open Source CFD Toolbox
   \\    /   O peration     | Website:  https://openfoam.org
    \\  /    A nd           | Version:  6
     \\/     M anipulation  |
\*---------------------------------------------------------------------------*/
FoamFile
{
    version     2.0;
    format      ascii;
    class       volScalarField;
    location    "0.15";
    object      s_0;
}
// * * * * * * * * * * * * * * * * * * * * * * * * * * * * * * * * * * * * * //

dimensions      [0 0 0 0 0 0 0];

internalField   nonuniform List<scalar> 
12225
(
1
1
1
1
1
1
1
1
1
1
1
1
1
1
1
1
1
1
1
1
1
1
1
1
1
1
1
1
1
1
1
1
1
1
1
1
1
1
1
1
1
1
1
1
1
1
1
1
1
1
1
1
1
1
1
1
1
1
1
1
1
1
1
1
1
1
1
1
1
1
1
1
1
1
1
1
1
1
1
1
1
1
1
1
1
1
1
1
1
1
1
1
1
1
1
1
1
1
1
1
1
1
1
1
1
1
1
1
1
1
1
1
1
1
1
1
1
1
1
1
1
1
1
1
1
1
1
1
1
1
1
1
1
1
1
1
1
1
1
1
1
1
1
1
1
1
1
1
1
1
1
1
1
1
1
1
1
1
1
1
1
1
1
1
1
1
1
1
1
1
1
1
1
1
1
1
1
1
1
1
1
1
1
1
1
1
1
1
1
1
1
1
1
1
1
1
1
1
1
1
1
1
1
1
1
1
1
1
1
1
1
1
1
1
1
1
1
1
1
1
1
1
1
1
1
1
1
1
1
1
1
1
1
1
1
1
1
1
1
1
1
1
1
1
1
1
1
1
1
1
1
1
1
1
1
1
1
1
1
1
1
1
1
1
1
1
1
1
1
1
1
1
1
1
1
1
1
1
1
1
1
1
1
1
1
1
1
1
1
1
1
1
1
1
1
1
1
1
1
1
1
1
1
1
1
1
1
1
1
1
1
1
1
1
1
1
1
1
1
1
1
1
1
1
1
1
1
1
1
1
1
1
1
1
1
1
1
1
1
1
1
1
1
1
1
1
1
1
1
1
1
1
1
1
1
1
1
1
1
1
1
1
1
1
1
1
1
1
1
1
1
1
1
1
1
1
1
1
1
1
1
1
1
1
1
1
1
1
1
1
1
1
1
1
1
1
1
1
1
1
1
1
1
1
1
1
1
1
1
1
1
1
1
1
1
1
1
1
1
1
1
1
1
1
1
1
1
1
1
1
1
1
1
1
1
1
1
1
1
1
1
1
1
1
1
1
1
1
1
1
1
1
1
1
1
1
1
1
1
1
1
1
1
1
1
1
1
1
1
1
1
1
1
1
1
1
1
1
1
1
1
1
1
1
1
1
1
1
1
1
1
1
1
1
1
1
1
1
1
1
1
1
1
1
1
1
1
1
1
1
1
1
1
1
1
1
1
1
1
1
1
1
1
1
1
1
1
1
1
1
1
1
1
1
1
1
1
1
1
1
0.854869
0.868488
0.863903
0.808981
0.771395
0.771449
0.78533
0.803
0.815207
0.826874
0.846444
0.875902
0.885977
0.886431
0.883377
0.876824
0.869599
0.865879
0.8645
0.864011
0.863945
0.864372
0.865728
0.868855
0.873217
0.877952
0.883414
0.889027
0.894284
0.899257
0.903401
0.90725
0.909713
0.913752
0.919056
0.924474
0.929547
0.934137
0.938357
0.940584
0.940906
0.940536
0.939187
0.936714
0.93448
0.932936
0.930118
0.923854
0.913223
0.903553
0.899798
0.898087
0.897113
0.895715
0.892641
0.88727
0.882325
0.881312
0.881747
0.88365
0.886407
0.887615
0.887625
0.888554
0.891754
0.894271
0.895895
0.896835
0.897341
0.897587
0.89781
0.897861
0.897889
0.898802
0.90465
0.922953
0.941893
0.955827
0.963376
0.966134
0.967125
0.968425
0.972089
0.976734
0.979488
0.980497
0.980726
0.980666
0.980231
0.978286
0.974905
0.972974
0.971673
0.970925
0.970653
0.970738
0.971232
0.972123
0.973102
0.974009
0.975029
0.976167
0.977152
0.977994
0.978854
0.979671
0.980434
0.981268
0.981987
0.982326
0.982594
0.982688
0.982711
0.98269
0.982579
0.982437
0.982306
0.982209
0.982105
0.982017
0.981925
0.981856
0.981824
0.981773
0.981401
0.977897
0.979782
0.983382
0.983221
0.982078
0.979727
0.977395
0.971902
0.968687
0.96861
0.97274
0.980608
0.979206
0.978873
0.978858
0.978893
0.978999
0.979182
0.979414
0.979636
0.979783
0.979929
0.980062
0.980109
0.980122
0.980112
0.980146
0.98012
0.980341
0.980773
0.981461
0.982166
0.982933
0.983473
0.983833
0.984112
0.98432
0.984471
0.984581
0.984647
0.984667
0.984646
0.984541
0.984389
0.984262
0.984123
0.983989
0.983854
0.983753
0.983666
0.983624
0.983596
0.983584
0.983556
0.983436
0.856036
0.805452
0.784768
0.786094
0.796254
0.829361
0.842961
0.850613
0.856957
0.864991
0.874444
0.877608
0.877567
0.866614
0.852067
0.847245
0.845536
0.845114
0.845029
0.845357
0.846924
0.850389
0.856739
0.865591
0.878269
0.895442
0.914399
0.928206
0.93807
0.944297
0.947997
0.950242
0.951829
0.952452
0.952547
0.952707
0.953083
0.954002
0.954914
0.955029
0.954529
0.953588
0.951922
0.949794
0.94867
0.94562
0.937735
0.92648
0.918107
0.915315
0.914926
0.915545
0.916724
0.917589
0.919348
0.923042
0.928188
0.932632
0.936923
0.940015
0.941166
0.941251
0.939521
0.934337
0.930488
0.927236
0.924024
0.921352
0.919977
0.92024
0.922457
0.924664
0.925059
0.926185
0.932255
0.942477
0.950606
0.957462
0.961879
0.963944
0.96517
0.967571
0.974401
0.980832
0.983748
0.984635
0.984565
0.9839
0.981009
0.975386
0.973658
0.973001
0.972686
0.972934
0.973573
0.974911
0.976471
0.97838
0.980141
0.982051
0.983899
0.985701
0.987181
0.988727
0.990054
0.991295
0.992025
0.992382
0.992538
0.992644
0.992702
0.992735
0.992747
0.992707
0.992638
0.992514
0.992375
0.992302
0.99227
0.992284
0.992376
0.992543
0.992804
0.993216
0.993638
0.993205
0.993385
0.993302
0.993026
0.992567
0.99165
0.989036
0.981334
0.975769
0.97648
0.979348
0.979772
0.9778
0.977512
0.977739
0.978685
0.979658
0.980286
0.981176
0.982134
0.982825
0.983608
0.98427
0.984563
0.984621
0.98371
0.982782
0.980806
0.978955
0.977684
0.977053
0.976871
0.977276
0.978223
0.979598
0.9811
0.982581
0.98381
0.984642
0.985232
0.985684
0.986043
0.986327
0.986484
0.986538
0.986543
0.986508
0.986371
0.986223
0.986143
0.986141
0.986163
0.986311
0.986341
0.985956
0.833592
0.793083
0.790701
0.808683
0.839104
0.85035
0.856652
0.862312
0.866322
0.869749
0.870882
0.868801
0.855918
0.846379
0.843705
0.843125
0.843061
0.842991
0.842976
0.843384
0.844713
0.848238
0.857077
0.877445
0.912416
0.94288
0.953791
0.957965
0.959782
0.960662
0.961068
0.961279
0.961567
0.961539
0.961373
0.961103
0.960981
0.961134
0.96138
0.961305
0.960769
0.959402
0.956735
0.952822
0.948628
0.944912
0.94274
0.941732
0.94277
0.947385
0.950923
0.952983
0.954439
0.956379
0.95826
0.959001
0.959317
0.959451
0.959452
0.959076
0.958658
0.95852
0.958458
0.956685
0.955515
0.954357
0.953049
0.951805
0.951547
0.952932
0.956374
0.95847
0.959214
0.959625
0.960219
0.960608
0.961335
0.96266
0.963695
0.964977
0.967911
0.975184
0.981058
0.983451
0.984213
0.98444
0.984314
0.982708
0.976964
0.974545
0.974594
0.975986
0.978012
0.979535
0.98095
0.982496
0.984018
0.985434
0.986465
0.987422
0.988351
0.989886
0.991595
0.992797
0.993319
0.993537
0.993585
0.99357
0.993483
0.993455
0.993454
0.99355
0.993669
0.993764
0.993927
0.994002
0.994037
0.993825
0.993543
0.99315
0.992798
0.992661
0.992612
0.992824
0.993525
0.993719
0.99328
0.992667
0.991799
0.992016
0.991924
0.990879
0.985923
0.980011
0.979515
0.979232
0.977728
0.977102
0.977993
0.980046
0.981805
0.982535
0.982967
0.983235
0.983584
0.984257
0.98513
0.986664
0.988232
0.989508
0.990115
0.990499
0.990713
0.989825
0.987029
0.983007
0.979048
0.976764
0.975865
0.975757
0.976194
0.977136
0.978588
0.980538
0.982533
0.984204
0.985452
0.986315
0.986935
0.987303
0.987475
0.987546
0.987579
0.987619
0.987705
0.987912
0.988496
0.989148
0.990263
0.99009
0.833509
0.796277
0.804887
0.839107
0.850741
0.85463
0.857372
0.859961
0.861163
0.861589
0.860387
0.856896
0.853911
0.850599
0.849173
0.848811
0.848412
0.846568
0.845386
0.845138
0.845451
0.849329
0.864526
0.902599
0.947641
0.958159
0.960543
0.961157
0.961284
0.961354
0.961345
0.961302
0.961106
0.960777
0.960568
0.960517
0.96066
0.961165
0.961647
0.961999
0.962248
0.962162
0.961043
0.958177
0.956786
0.957049
0.9604
0.962184
0.962791
0.963377
0.963621
0.963684
0.963514
0.963192
0.963107
0.963206
0.963466
0.96386
0.964477
0.964488
0.963789
0.963482
0.963406
0.963321
0.963229
0.963151
0.963028
0.962911
0.962858
0.962971
0.96306
0.96306
0.963096
0.963208
0.963346
0.963537
0.963944
0.965344
0.968256
0.972361
0.976552
0.979958
0.981773
0.982105
0.982034
0.981763
0.979929
0.975975
0.975102
0.975319
0.978627
0.981351
0.983028
0.984008
0.984998
0.985979
0.9869
0.987707
0.988317
0.989711
0.992227
0.993463
0.993927
0.994038
0.993977
0.993536
0.992794
0.992017
0.991589
0.991392
0.991348
0.991708
0.992116
0.992423
0.993248
0.994008
0.994571
0.994952
0.995256
0.9954
0.995263
0.994657
0.993769
0.992997
0.992841
0.992675
0.992451
0.990549
0.987517
0.987935
0.989966
0.989915
0.985016
0.980166
0.979484
0.978416
0.977056
0.977377
0.980058
0.981363
0.981548
0.981265
0.979826
0.97844
0.97786
0.97766
0.977974
0.979938
0.983456
0.987656
0.989724
0.990765
0.99196
0.992819
0.993282
0.99315
0.991533
0.987471
0.982547
0.978873
0.977271
0.976868
0.977107
0.978171
0.979843
0.981904
0.984009
0.98578
0.986987
0.987736
0.988121
0.988267
0.988312
0.988358
0.988482
0.988761
0.989667
0.990304
0.991629
0.992221
0.836647
0.803332
0.822622
0.855125
0.861781
0.863068
0.863159
0.863758
0.865159
0.86551
0.86503
0.862386
0.858241
0.856634
0.857279
0.859858
0.861329
0.859243
0.854649
0.852808
0.851572
0.85786
0.890184
0.940756
0.958296
0.960894
0.961312
0.96137
0.961311
0.961128
0.960815
0.960535
0.96039
0.960118
0.959806
0.959711
0.959912
0.960326
0.960474
0.961467
0.962982
0.963759
0.964206
0.964354
0.964421
0.96445
0.964419
0.963937
0.963566
0.963183
0.963052
0.963065
0.963298
0.964133
0.965824
0.96806
0.969221
0.969335
0.968242
0.965917
0.964457
0.963977
0.963838
0.963826
0.963955
0.96402
0.963932
0.963781
0.963688
0.963691
0.963797
0.963949
0.964556
0.965705
0.967756
0.969817
0.971278
0.972895
0.974206
0.975141
0.97632
0.979007
0.980175
0.979983
0.978748
0.974592
0.973007
0.974039
0.975552
0.978684
0.982586
0.98418
0.985297
0.986001
0.986697
0.987377
0.988054
0.988985
0.99084
0.993236
0.993997
0.99415
0.993849
0.993104
0.991673
0.989102
0.987027
0.986184
0.985819
0.985733
0.986107
0.987121
0.988019
0.988833
0.989327
0.990135
0.991371
0.992687
0.994244
0.995472
0.996188
0.996631
0.996815
0.996503
0.995028
0.994017
0.993593
0.990283
0.985536
0.985364
0.986979
0.987815
0.983178
0.97999
0.979047
0.977176
0.976751
0.978456
0.98081
0.981061
0.980069
0.976919
0.973562
0.97155
0.969821
0.968794
0.968515
0.969143
0.972985
0.980317
0.985915
0.98835
0.990543
0.992348
0.993454
0.994207
0.994591
0.994438
0.993293
0.99009
0.985521
0.982097
0.980429
0.979921
0.980131
0.981545
0.983707
0.985695
0.987316
0.988422
0.989035
0.989288
0.989364
0.989421
0.989594
0.98993
0.990837
0.991671
0.992848
0.993437
0.843597
0.805764
0.822126
0.857308
0.866627
0.868405
0.868744
0.869001
0.869645
0.870038
0.870164
0.871371
0.875377
0.881698
0.8866
0.888619
0.888669
0.882722
0.87467
0.869772
0.861726
0.864552
0.909734
0.954236
0.960582
0.96124
0.96135
0.961262
0.960782
0.959827
0.958808
0.958628
0.958316
0.958016
0.957823
0.957604
0.957616
0.958197
0.959996
0.962244
0.964775
0.965461
0.965481
0.96499
0.964095
0.963684
0.963532
0.963479
0.963569
0.964049
0.965262
0.9676
0.970927
0.972799
0.973401
0.973481
0.97304
0.971272
0.968158
0.965474
0.964512
0.96418
0.964103
0.964155
0.964536
0.964722
0.964592
0.964512
0.964801
0.965963
0.968363
0.971436
0.974425
0.976823
0.978212
0.978961
0.979078
0.978804
0.978167
0.977799
0.978101
0.979837
0.979831
0.978053
0.97245
0.970751
0.972239
0.97464
0.977906
0.982715
0.984744
0.985648
0.986382
0.98688
0.987461
0.988071
0.988986
0.990939
0.993447
0.994185
0.99424
0.993694
0.99221
0.988845
0.985704
0.984313
0.983538
0.983171
0.983047
0.983147
0.983985
0.985211
0.986592
0.987915
0.988497
0.988732
0.988954
0.989223
0.98981
0.991095
0.993177
0.995393
0.996789
0.997449
0.997527
0.997255
0.996558
0.990599
0.984595
0.984148
0.985441
0.986058
0.981641
0.979618
0.978045
0.97638
0.976547
0.979587
0.980694
0.980366
0.978264
0.975328
0.972774
0.970281
0.966871
0.964839
0.964269
0.964314
0.966946
0.974193
0.982432
0.986757
0.989452
0.991221
0.992517
0.993802
0.994722
0.995156
0.995254
0.994955
0.993729
0.99081
0.98766
0.985709
0.984828
0.984644
0.985036
0.986785
0.988534
0.989618
0.990173
0.990372
0.990415
0.990456
0.990573
0.990945
0.992128
0.993165
0.994432
0.994957
0.859258
0.812345
0.816937
0.851653
0.865834
0.868969
0.870058
0.870431
0.870606
0.871678
0.876648
0.889379
0.901444
0.907176
0.910272
0.911399
0.911097
0.908812
0.901973
0.894084
0.88143
0.866773
0.908849
0.956951
0.960876
0.961221
0.961288
0.960683
0.958335
0.955578
0.954264
0.954005
0.954462
0.954989
0.955597
0.956271
0.957173
0.95855
0.96133
0.964493
0.965449
0.965482
0.964962
0.964312
0.964021
0.963957
0.964266
0.965252
0.967105
0.970328
0.973168
0.974652
0.975263
0.975495
0.97554
0.975334
0.974352
0.972586
0.97053
0.968449
0.966724
0.965787
0.965385
0.96532
0.965854
0.966668
0.967451
0.96833
0.970058
0.972266
0.97436
0.97636
0.978862
0.981718
0.983203
0.984132
0.984339
0.984243
0.983538
0.982536
0.982161
0.981588
0.979555
0.972799
0.969819
0.970663
0.973135
0.977156
0.982365
0.984964
0.986041
0.986563
0.987048
0.98741
0.987898
0.988613
0.990394
0.993234
0.994229
0.994331
0.993758
0.991855
0.987636
0.984783
0.983546
0.982858
0.982125
0.981729
0.981536
0.981456
0.982035
0.983134
0.984903
0.987366
0.988574
0.989066
0.989146
0.988996
0.988946
0.989067
0.989412
0.990454
0.993011
0.995987
0.997513
0.997825
0.997397
0.991141
0.983707
0.983154
0.984503
0.984657
0.980749
0.979289
0.97678
0.975739
0.976804
0.980016
0.980623
0.98015
0.978333
0.975872
0.973522
0.970252
0.965388
0.961762
0.960836
0.960998
0.964241
0.971178
0.980477
0.986072
0.989157
0.991013
0.992188
0.993015
0.99409
0.99505
0.995479
0.995611
0.995525
0.994962
0.993413
0.991772
0.990792
0.990497
0.990477
0.990648
0.991298
0.991743
0.991895
0.991882
0.991827
0.991809
0.991879
0.992241
0.993455
0.994561
0.99576
0.996304
0.873988
0.835019
0.818523
0.829585
0.8528
0.864432
0.868338
0.869948
0.870363
0.87117
0.87444
0.887285
0.902613
0.909543
0.913235
0.916506
0.920148
0.92284
0.921396
0.908559
0.894452
0.871462
0.908277
0.958162
0.96088
0.961173
0.961293
0.960046
0.956251
0.954062
0.953748
0.953794
0.954161
0.954868
0.955666
0.956649
0.958193
0.961147
0.96433
0.965326
0.965489
0.965333
0.964977
0.964842
0.965307
0.966602
0.968659
0.970905
0.972922
0.97449
0.975552
0.976021
0.976469
0.976783
0.977083
0.977626
0.978005
0.978099
0.977751
0.976595
0.974055
0.970782
0.968367
0.967188
0.966741
0.96724
0.968205
0.969392
0.971026
0.972578
0.973668
0.97431
0.975904
0.979035
0.981396
0.983405
0.98429
0.984354
0.983662
0.982235
0.981854
0.980752
0.975676
0.970403
0.969858
0.971771
0.976332
0.981786
0.984852
0.986201
0.986778
0.987184
0.987532
0.987881
0.988403
0.989485
0.992101
0.99411
0.994433
0.99404
0.992305
0.987895
0.984776
0.983496
0.982864
0.982195
0.981517
0.981233
0.98095
0.980273
0.979753
0.979679
0.981125
0.984394
0.98794
0.989515
0.990101
0.990312
0.989831
0.989212
0.989014
0.989109
0.989569
0.991258
0.995329
0.997414
0.997443
0.992206
0.983432
0.982587
0.983899
0.983592
0.980181
0.978576
0.975776
0.975141
0.976892
0.980132
0.980617
0.98023
0.978727
0.976551
0.973378
0.968377
0.961537
0.958552
0.95809
0.958683
0.961587
0.96809
0.979046
0.98541
0.989038
0.991006
0.992163
0.992902
0.993456
0.994296
0.995209
0.995648
0.995789
0.995785
0.995552
0.995028
0.994627
0.994182
0.993715
0.993329
0.993082
0.992964
0.992929
0.99289
0.992888
0.992919
0.993097
0.993772
0.995286
0.996381
0.997365
0.997725
0.88174
0.867738
0.832336
0.830605
0.835647
0.844962
0.853235
0.861236
0.866699
0.868953
0.870549
0.874364
0.884168
0.893737
0.898479
0.904177
0.909984
0.919979
0.923493
0.920933
0.905322
0.874821
0.920154
0.959397
0.960597
0.961468
0.961899
0.96022
0.956297
0.954791
0.954432
0.954396
0.954831
0.955786
0.957097
0.959285
0.962252
0.964508
0.965355
0.965599
0.965687
0.965732
0.966161
0.967761
0.969534
0.971246
0.97237
0.973542
0.974599
0.975469
0.976148
0.976742
0.977539
0.978457
0.979246
0.979607
0.979729
0.97973
0.97967
0.979503
0.978994
0.978102
0.976481
0.973822
0.970853
0.968662
0.968008
0.9681
0.968559
0.968721
0.968403
0.967508
0.966731
0.967554
0.970526
0.97598
0.980251
0.981281
0.98005
0.975414
0.97473
0.975205
0.973196
0.970102
0.970923
0.97544
0.980959
0.984371
0.986012
0.986723
0.987099
0.987482
0.987817
0.988292
0.989038
0.990712
0.993497
0.994397
0.994358
0.993128
0.98941
0.98524
0.983699
0.983045
0.982635
0.982005
0.981552
0.981366
0.98107
0.980267
0.978877
0.977396
0.976907
0.97849
0.983594
0.988068
0.989976
0.990735
0.991004
0.99083
0.989978
0.989223
0.989147
0.989458
0.991004
0.995468
0.997187
0.99471
0.983686
0.98229
0.983406
0.982816
0.979916
0.978058
0.975028
0.974523
0.976732
0.980086
0.980613
0.980367
0.979092
0.976466
0.97164
0.963909
0.958601
0.957245
0.957111
0.957731
0.960116
0.965983
0.977437
0.984669
0.988928
0.991283
0.99234
0.992979
0.993401
0.993781
0.994373
0.995193
0.995687
0.995868
0.995895
0.995864
0.995739
0.99537
0.994624
0.993963
0.993535
0.993345
0.993296
0.993303
0.993356
0.99354
0.994066
0.9953
0.996655
0.997631
0.998486
0.998786
0.881963
0.87989
0.869343
0.853265
0.845314
0.84666
0.849355
0.85363
0.858667
0.863047
0.866131
0.868727
0.870648
0.872579
0.878301
0.893442
0.902668
0.911338
0.919955
0.921093
0.909907
0.879171
0.934627
0.959508
0.960284
0.96233
0.963352
0.962654
0.960148
0.958147
0.957465
0.957312
0.958095
0.959661
0.961225
0.963216
0.964741
0.965492
0.965841
0.966168
0.966579
0.967778
0.969461
0.970927
0.971846
0.972792
0.973404
0.974234
0.9752
0.97624
0.977275
0.978651
0.979359
0.979506
0.979458
0.978924
0.978157
0.977441
0.977101
0.977062
0.977676
0.978397
0.978821
0.979065
0.978786
0.977167
0.973809
0.970423
0.968582
0.967763
0.966946
0.966037
0.964795
0.963987
0.963895
0.965338
0.970938
0.975964
0.976248
0.972837
0.967912
0.968368
0.970772
0.970653
0.973858
0.978935
0.983474
0.985644
0.986539
0.986898
0.987236
0.987581
0.987903
0.988495
0.989544
0.991912
0.994202
0.994619
0.994125
0.991789
0.986457
0.984132
0.983317
0.982954
0.982526
0.981929
0.981595
0.981426
0.981172
0.980404
0.97875
0.975971
0.973919
0.973182
0.975101
0.982104
0.986944
0.989475
0.990763
0.991262
0.991292
0.990674
0.989537
0.98932
0.989634
0.991812
0.996364
0.995983
0.984733
0.982141
0.982914
0.982137
0.979766
0.977438
0.974119
0.973725
0.976196
0.979894
0.980575
0.980421
0.97927
0.976245
0.97003
0.962915
0.958134
0.956916
0.956801
0.957248
0.958874
0.964272
0.975371
0.983488
0.988578
0.991376
0.992835
0.993362
0.993573
0.993773
0.994019
0.994388
0.995034
0.995579
0.995815
0.995865
0.995824
0.995582
0.99483
0.994116
0.993697
0.99352
0.993494
0.993527
0.993692
0.994212
0.995621
0.99715
0.998299
0.998991
0.999416
0.999571
0.876651
0.884056
0.880877
0.877559
0.877209
0.877071
0.876705
0.875668
0.874565
0.874163
0.874228
0.874559
0.875287
0.876616
0.879478
0.888542
0.899243
0.907377
0.917387
0.92007
0.908705
0.881712
0.946083
0.95917
0.960032
0.962942
0.964386
0.964343
0.963417
0.962447
0.962105
0.962044
0.962712
0.96349
0.96415
0.965209
0.965915
0.966326
0.966945
0.967678
0.968744
0.969961
0.970972
0.971752
0.972472
0.973168
0.973911
0.975032
0.97675
0.978476
0.978988
0.979082
0.9788
0.977475
0.974782
0.971606
0.969667
0.968663
0.968175
0.96798
0.968162
0.96903
0.971083
0.97441
0.978373
0.980391
0.981287
0.980784
0.977552
0.97316
0.969488
0.967433
0.965696
0.96418
0.963307
0.963183
0.964002
0.968877
0.973552
0.97262
0.967038
0.96548
0.968149
0.970342
0.975079
0.981272
0.984554
0.985974
0.986718
0.987084
0.987463
0.987724
0.987966
0.988532
0.989844
0.992743
0.994649
0.994791
0.993588
0.989189
0.984944
0.983627
0.983121
0.982737
0.98213
0.981297
0.980967
0.980918
0.980873
0.980228
0.978156
0.974437
0.97033
0.96812
0.967526
0.970669
0.978211
0.983515
0.987436
0.989961
0.991181
0.991482
0.990983
0.989762
0.989524
0.990017
0.994496
0.996099
0.985808
0.982086
0.982453
0.98164
0.979671
0.977192
0.973462
0.972824
0.974936
0.979382
0.980443
0.980389
0.979326
0.975862
0.969883
0.965197
0.958798
0.956948
0.95676
0.957095
0.95831
0.962459
0.972614
0.981786
0.988066
0.991357
0.993257
0.994023
0.994089
0.99406
0.994078
0.994204
0.99442
0.994807
0.995243
0.995464
0.995497
0.995387
0.994816
0.994122
0.99378
0.993698
0.993725
0.993886
0.994395
0.995737
0.997301
0.998499
0.999231
0.999589
0.999776
0.999848
0.880509
0.895409
0.900266
0.901935
0.901721
0.901165
0.900072
0.89975
0.899784
0.899765
0.899405
0.898278
0.897274
0.89718
0.897396
0.898646
0.900827
0.905286
0.916017
0.919109
0.902495
0.891763
0.95425
0.958395
0.959107
0.962735
0.964813
0.965083
0.965002
0.964718
0.964618
0.964651
0.965032
0.965351
0.965703
0.966361
0.96685
0.967379
0.96816
0.968974
0.969812
0.97058
0.971263
0.97194
0.972776
0.973731
0.975149
0.977449
0.978351
0.978555
0.978317
0.976615
0.972657
0.968479
0.967022
0.966571
0.966433
0.966425
0.966425
0.966226
0.965892
0.965276
0.964469
0.963855
0.964721
0.970526
0.978494
0.982469
0.98384
0.983646
0.980747
0.975572
0.970875
0.967528
0.964947
0.963474
0.963237
0.964177
0.969109
0.971676
0.968687
0.964433
0.965329
0.969071
0.974711
0.981325
0.984891
0.986454
0.986891
0.987468
0.988055
0.98812
0.988158
0.988579
0.989992
0.993261
0.994883
0.994833
0.992972
0.987947
0.98441
0.983248
0.982755
0.982107
0.98066
0.978895
0.978478
0.979815
0.979937
0.979269
0.976555
0.972039
0.969108
0.965494
0.962493
0.961524
0.964106
0.969973
0.9769
0.983572
0.988356
0.990883
0.991459
0.990964
0.989806
0.989749
0.991927
0.995815
0.986651
0.981994
0.981977
0.981258
0.979694
0.976907
0.97269
0.97192
0.973159
0.978067
0.980035
0.980166
0.97922
0.975292
0.971221
0.968539
0.960932
0.957487
0.956925
0.957103
0.958121
0.960973
0.969509
0.980329
0.987893
0.991609
0.993629
0.994812
0.994937
0.99481
0.994549
0.994386
0.994375
0.99447
0.994594
0.994695
0.994718
0.994665
0.994383
0.99402
0.993902
0.993928
0.994098
0.994637
0.996037
0.997636
0.998769
0.999387
0.999701
0.999848
0.999917
0.999942
0.900288
0.902588
0.90108
0.897755
0.893209
0.888823
0.884479
0.88268
0.881969
0.882466
0.883645
0.885868
0.887881
0.889063
0.889058
0.888062
0.887915
0.898226
0.916534
0.917426
0.889689
0.912685
0.954695
0.956645
0.956877
0.961466
0.964587
0.965193
0.96539
0.965462
0.965508
0.965633
0.965861
0.966043
0.96632
0.966831
0.967348
0.967946
0.968691
0.969414
0.970084
0.970716
0.971423
0.972254
0.973501
0.975477
0.977445
0.978071
0.978112
0.977192
0.973928
0.969031
0.967129
0.966515
0.966431
0.966641
0.967071
0.967781
0.96885
0.970007
0.970522
0.970159
0.967891
0.964482
0.961069
0.958806
0.96023
0.971357
0.981084
0.98489
0.985814
0.985417
0.982551
0.976943
0.971174
0.966817
0.964332
0.963954
0.965642
0.970089
0.970035
0.965197
0.963962
0.96614
0.973114
0.980761
0.984713
0.986436
0.987401
0.988437
0.989411
0.989299
0.98876
0.988832
0.990068
0.993501
0.995128
0.9949
0.992446
0.987147
0.98371
0.98277
0.981863
0.979997
0.97601
0.974333
0.975499
0.978608
0.979119
0.978077
0.973964
0.970753
0.969095
0.96563
0.961691
0.959328
0.958578
0.959466
0.961935
0.968105
0.97825
0.986431
0.99049
0.991315
0.990684
0.989814
0.990365
0.994817
0.988002
0.981982
0.981652
0.980867
0.979759
0.97695
0.972155
0.970933
0.971481
0.974632
0.978714
0.979372
0.978448
0.974896
0.971994
0.969972
0.963752
0.958952
0.957536
0.957547
0.958135
0.960452
0.967646
0.979607
0.987923
0.992458
0.994531
0.995854
0.996128
0.99601
0.99563
0.995096
0.994709
0.994531
0.994487
0.994458
0.99439
0.994234
0.994065
0.993987
0.994019
0.994193
0.994759
0.996227
0.997826
0.998912
0.999486
0.999765
0.999891
0.999944
0.999963
0.999967
0.902538
0.898139
0.887074
0.87268
0.858857
0.849888
0.841792
0.841332
0.843453
0.849101
0.86027
0.867901
0.870655
0.871611
0.873957
0.877788
0.887668
0.910371
0.917951
0.905814
0.891822
0.93627
0.953269
0.952496
0.952028
0.958194
0.963413
0.96475
0.965261
0.965476
0.965595
0.965755
0.965967
0.966133
0.966382
0.966834
0.967368
0.968018
0.968771
0.969502
0.970203
0.970919
0.971824
0.973158
0.975829
0.977481
0.977987
0.977775
0.976514
0.972267
0.968484
0.967065
0.966696
0.966653
0.966806
0.96699
0.967254
0.967832
0.969095
0.971365
0.973877
0.976354
0.978284
0.977403
0.971263
0.961618
0.954893
0.953478
0.963099
0.978295
0.984931
0.986782
0.987008
0.986071
0.982535
0.975521
0.969099
0.965814
0.96563
0.968378
0.970188
0.967689
0.963746
0.96417
0.96928
0.97911
0.984096
0.986259
0.98733
0.989456
0.99092
0.990873
0.990313
0.989636
0.990406
0.993587
0.995286
0.995035
0.992531
0.986594
0.983268
0.981608
0.979541
0.975199
0.972086
0.971193
0.973684
0.977899
0.978627
0.976631
0.972267
0.970784
0.970089
0.968021
0.963864
0.960067
0.958321
0.958041
0.958316
0.95907
0.962161
0.973174
0.985062
0.99031
0.991059
0.99026
0.990045
0.993333
0.990762
0.982125
0.981312
0.980575
0.979785
0.977147
0.971845
0.970194
0.970177
0.971438
0.974823
0.976817
0.976004
0.973709
0.971883
0.970298
0.966072
0.960557
0.958386
0.958205
0.958605
0.960364
0.966797
0.97934
0.988522
0.993604
0.995839
0.997144
0.997639
0.997561
0.997262
0.996545
0.995691
0.995052
0.994702
0.994527
0.994374
0.994192
0.994104
0.994122
0.994265
0.994786
0.996277
0.997968
0.999025
0.999557
0.999807
0.999916
0.999959
0.999973
0.999973
0.99997
0.901848
0.878977
0.844538
0.826996
0.819002
0.815106
0.814441
0.81576
0.82016
0.832495
0.846479
0.859141
0.865698
0.867217
0.869515
0.882293
0.905439
0.916909
0.909915
0.896458
0.901099
0.943947
0.950295
0.946819
0.945901
0.951102
0.959344
0.962597
0.964114
0.964984
0.965333
0.965581
0.96585
0.966042
0.966303
0.966702
0.96724
0.967928
0.968733
0.969583
0.970458
0.971489
0.973195
0.975837
0.977598
0.978137
0.977844
0.976572
0.972351
0.968742
0.967282
0.966834
0.966731
0.966701
0.966508
0.966425
0.966511
0.966973
0.968142
0.971044
0.974514
0.977802
0.981403
0.984544
0.985367
0.98119
0.964731
0.951686
0.949001
0.957437
0.976379
0.984939
0.987399
0.987812
0.987408
0.985503
0.979059
0.971289
0.968045
0.968307
0.970262
0.969753
0.965024
0.963557
0.96546
0.97492
0.982605
0.985756
0.987056
0.989395
0.992018
0.992423
0.992106
0.991157
0.991345
0.993631
0.995394
0.995246
0.992861
0.986764
0.982128
0.979867
0.975935
0.971852
0.970012
0.969843
0.972458
0.977432
0.977981
0.974809
0.972018
0.971727
0.973609
0.974704
0.971952
0.966511
0.962393
0.960668
0.959759
0.95883
0.958373
0.959953
0.970654
0.985078
0.990373
0.990676
0.990067
0.991875
0.992767
0.983235
0.980937
0.980267
0.979769
0.977577
0.971992
0.969562
0.969069
0.9694
0.970682
0.973027
0.972862
0.972047
0.971038
0.970015
0.967493
0.962016
0.95933
0.9589
0.959194
0.960681
0.966577
0.97984
0.989473
0.994853
0.997243
0.998441
0.999054
0.999089
0.998974
0.998577
0.997516
0.996321
0.995517
0.995004
0.994641
0.994506
0.994506
0.994594
0.995008
0.996323
0.998086
0.999119
0.999615
0.99984
0.999935
0.99997
0.99998
0.999979
0.999973
0.999956
0.887166
0.840379
0.821523
0.814748
0.81184
0.810961
0.811395
0.814058
0.82395
0.836033
0.844673
0.850523
0.857623
0.866881
0.878744
0.906245
0.915798
0.911161
0.899154
0.898582
0.92085
0.941011
0.942366
0.938949
0.938959
0.944123
0.950345
0.957276
0.960888
0.963053
0.964398
0.964927
0.965436
0.965763
0.966092
0.966497
0.967013
0.967796
0.968735
0.969854
0.971253
0.973554
0.976389
0.978003
0.978499
0.978142
0.977247
0.97369
0.969627
0.967723
0.967021
0.966806
0.966743
0.966579
0.966282
0.966302
0.966499
0.967099
0.968466
0.971955
0.977285
0.981047
0.984428
0.98791
0.990555
0.991251
0.987204
0.964455
0.948022
0.945908
0.955177
0.976395
0.985593
0.988074
0.988435
0.988179
0.986844
0.981303
0.973612
0.970881
0.97099
0.971009
0.968106
0.96386
0.963968
0.968281
0.979451
0.984605
0.986421
0.989096
0.992069
0.993658
0.993573
0.992943
0.992763
0.993865
0.995495
0.995467
0.993558
0.987448
0.981818
0.977918
0.973484
0.970303
0.969201
0.969501
0.971957
0.977114
0.976943
0.973926
0.972427
0.974637
0.980798
0.985625
0.986355
0.982232
0.975516
0.97176
0.969692
0.966369
0.961055
0.958329
0.959703
0.971542
0.986404
0.990422
0.990277
0.990685
0.993085
0.985539
0.981014
0.980129
0.979729
0.978066
0.972527
0.969372
0.968169
0.968071
0.968374
0.969626
0.970401
0.97029
0.970028
0.969526
0.967983
0.963272
0.960267
0.959726
0.960015
0.961589
0.967567
0.981079
0.99081
0.996124
0.998482
0.999309
0.999626
0.999703
0.999685
0.999602
0.999317
0.998368
0.997051
0.996099
0.995604
0.995442
0.995449
0.995669
0.996661
0.998402
0.999266
0.999681
0.99987
0.999949
0.999978
0.999986
0.999985
0.999978
0.999948
0.999882
0.878241
0.831572
0.819085
0.814039
0.811643
0.811116
0.812551
0.81715
0.824674
0.833614
0.842463
0.851654
0.861684
0.879626
0.905924
0.914171
0.911594
0.900008
0.898197
0.906976
0.92602
0.930511
0.92847
0.9275
0.930672
0.938158
0.942505
0.949701
0.956062
0.959875
0.96281
0.964209
0.965062
0.965616
0.965997
0.96646
0.966973
0.967844
0.969016
0.970804
0.97363
0.976622
0.978547
0.979225
0.978872
0.978006
0.97569
0.971423
0.968569
0.967342
0.966907
0.966767
0.966676
0.966481
0.966444
0.966704
0.967568
0.969363
0.972516
0.978348
0.985278
0.989701
0.992998
0.995548
0.99651
0.996523
0.995471
0.98439
0.95557
0.944436
0.944562
0.957755
0.979144
0.987101
0.988843
0.988958
0.988682
0.987461
0.982299
0.975931
0.973631
0.97299
0.97133
0.965527
0.963741
0.965131
0.973262
0.982089
0.985253
0.988427
0.991835
0.993947
0.994694
0.994434
0.994137
0.994496
0.995626
0.995666
0.994394
0.988868
0.982178
0.977787
0.97325
0.970219
0.969208
0.969497
0.972131
0.976597
0.976328
0.973845
0.974297
0.98031
0.986854
0.989682
0.992048
0.993109
0.992137
0.990365
0.989021
0.986158
0.976928
0.963447
0.958903
0.961085
0.975905
0.988283
0.990272
0.990319
0.992536
0.989637
0.981539
0.980152
0.979739
0.978468
0.973404
0.969523
0.967703
0.967203
0.967209
0.9676
0.968606
0.969174
0.969181
0.969006
0.968011
0.964063
0.961119
0.960632
0.960947
0.962623
0.969178
0.982849
0.992355
0.99711
0.999016
0.999629
0.999831
0.999894
0.999897
0.999882
0.999823
0.999627
0.998952
0.99795
0.997289
0.997051
0.997079
0.997513
0.998753
0.999435
0.999751
0.999897
0.99996
0.999984
0.99999
0.999989
0.999983
0.999956
0.999861
0.999648
0.875357
0.83148
0.822114
0.818323
0.814644
0.813631
0.81571
0.821215
0.827419
0.835901
0.846297
0.860066
0.882486
0.906233
0.913055
0.912123
0.90179
0.897662
0.899006
0.91209
0.919613
0.919346
0.917067
0.916163
0.918058
0.926679
0.935744
0.943419
0.951504
0.956719
0.960924
0.963609
0.964928
0.965737
0.966141
0.966697
0.967246
0.968313
0.970066
0.973128
0.976302
0.978714
0.97984
0.979895
0.979259
0.977853
0.974283
0.970493
0.96843
0.967351
0.966914
0.966708
0.966442
0.966526
0.967068
0.968626
0.971784
0.975868
0.982582
0.989612
0.994763
0.997013
0.998139
0.998862
0.999273
0.999311
0.998843
0.993462
0.967679
0.947381
0.943424
0.946803
0.967113
0.984167
0.989184
0.989723
0.989464
0.988896
0.987384
0.981953
0.977394
0.975872
0.974323
0.968898
0.964272
0.964207
0.967567
0.978297
0.983537
0.987153
0.991243
0.993823
0.995065
0.995368
0.99523
0.995308
0.99586
0.995889
0.995085
0.991368
0.983266
0.978147
0.973547
0.970433
0.969457
0.969771
0.972329
0.976403
0.97599
0.97424
0.977655
0.985933
0.988437
0.990191
0.992683
0.994791
0.996145
0.99688
0.997157
0.996888
0.994875
0.981692
0.963981
0.960419
0.964968
0.982439
0.989529
0.990158
0.991485
0.992098
0.983992
0.980399
0.979812
0.97876
0.974846
0.969967
0.967746
0.966801
0.966641
0.966757
0.967403
0.968366
0.968656
0.968582
0.967819
0.964406
0.961908
0.961581
0.961977
0.96399
0.971836
0.985258
0.993954
0.997883
0.999313
0.999774
0.999914
0.999957
0.999964
0.999961
0.999949
0.999905
0.999766
0.999423
0.999091
0.998959
0.998989
0.999252
0.999628
0.999826
0.999924
0.99997
0.999988
0.999993
0.999993
0.999989
0.999969
0.99989
0.999628
0.999021
0.874691
0.837127
0.831859
0.829315
0.821968
0.81895
0.819638
0.82698
0.834155
0.845077
0.861849
0.890214
0.907224
0.912467
0.911094
0.900181
0.892225
0.891829
0.89556
0.902357
0.904165
0.904645
0.905589
0.905084
0.904289
0.906025
0.917061
0.932862
0.947666
0.955599
0.960186
0.963784
0.96543
0.966683
0.967124
0.967806
0.968568
0.97027
0.973049
0.975914
0.978343
0.979996
0.980581
0.980464
0.979705
0.977576
0.973207
0.970029
0.968249
0.967356
0.966672
0.966362
0.966602
0.967812
0.97089
0.976561
0.982406
0.988646
0.993476
0.996463
0.99816
0.999031
0.999451
0.999686
0.999819
0.999838
0.999717
0.998045
0.983192
0.955646
0.945582
0.945814
0.956141
0.978916
0.988993
0.990995
0.990584
0.989695
0.98896
0.986846
0.981137
0.978093
0.976644
0.973176
0.96596
0.964181
0.965305
0.972894
0.980764
0.985527
0.990181
0.993461
0.995011
0.995768
0.995915
0.995988
0.996215
0.996185
0.995651
0.993255
0.985614
0.979133
0.97433
0.970985
0.970098
0.97041
0.97295
0.976373
0.975896
0.975755
0.981692
0.987677
0.988963
0.990195
0.992588
0.994868
0.9966
0.997852
0.998611
0.998839
0.998571
0.995961
0.978449
0.963794
0.963293
0.973246
0.987178
0.989894
0.990478
0.992413
0.988266
0.981228
0.979988
0.978998
0.975905
0.970922
0.967986
0.966808
0.966422
0.966429
0.96674
0.967789
0.968283
0.968247
0.967533
0.964462
0.962608
0.962487
0.963048
0.965661
0.975169
0.987946
0.995074
0.99826
0.999462
0.999845
0.999952
0.999981
0.999987
0.999986
0.999984
0.999973
0.999939
0.999845
0.999755
0.999723
0.999731
0.999799
0.999896
0.99995
0.999979
0.999991
0.999996
0.999996
0.999994
0.999982
0.999928
0.999728
0.999072
0.997458
0.875862
0.845138
0.842312
0.844433
0.838573
0.831158
0.830347
0.838744
0.85043
0.870573
0.897024
0.909013
0.912724
0.911645
0.901645
0.893366
0.891717
0.893649
0.902248
0.916119
0.929214
0.938712
0.942533
0.93833
0.926418
0.910967
0.904054
0.906855
0.925355
0.949867
0.962005
0.967748
0.969062
0.970126
0.970373
0.970879
0.972016
0.974124
0.976401
0.97859
0.980266
0.981113
0.981239
0.980996
0.980071
0.977056
0.972964
0.970088
0.9684
0.967313
0.966933
0.96741
0.969804
0.975643
0.982002
0.986818
0.990772
0.994052
0.996524
0.998153
0.999094
0.999574
0.999797
0.999903
0.999954
0.999964
0.999934
0.99943
0.994148
0.969507
0.952461
0.949434
0.953583
0.972119
0.987371
0.992221
0.992391
0.990892
0.989789
0.988828
0.98571
0.980819
0.978749
0.976391
0.969432
0.964749
0.964681
0.968116
0.977556
0.983256
0.988511
0.992698
0.994802
0.995759
0.996258
0.996463
0.996544
0.996497
0.996131
0.994609
0.988931
0.981053
0.975944
0.972213
0.971043
0.971274
0.973652
0.976524
0.976038
0.977003
0.984341
0.988294
0.989132
0.990018
0.992006
0.994515
0.996523
0.997912
0.998801
0.999252
0.999281
0.998739
0.993286
0.972594
0.965076
0.968096
0.982665
0.989289
0.990112
0.991776
0.991524
0.983973
0.980468
0.979412
0.977044
0.971853
0.968493
0.966937
0.966423
0.966342
0.966511
0.967412
0.967841
0.967761
0.96695
0.964308
0.963279
0.963352
0.964259
0.967898
0.979351
0.990368
0.996225
0.998737
0.999626
0.999898
0.999972
0.999991
0.999995
0.999995
0.999994
0.999991
0.999982
0.999955
0.999931
0.999923
0.999926
0.999945
0.99997
0.999986
0.999994
0.999997
0.999998
0.999996
0.999991
0.999962
0.999837
0.999367
0.997831
0.994988
0.880316
0.852725
0.850424
0.862352
0.866508
0.859531
0.858194
0.868914
0.8861
0.903298
0.91176
0.914705
0.914788
0.908967
0.899741
0.89566
0.901075
0.922314
0.956387
0.976433
0.98517
0.98729
0.987903
0.988783
0.987944
0.978698
0.950007
0.915931
0.905617
0.91461
0.945266
0.965586
0.973542
0.975845
0.975797
0.975506
0.975584
0.976465
0.978553
0.980376
0.981602
0.982018
0.981975
0.981553
0.980285
0.976893
0.97308
0.970329
0.968669
0.968089
0.968766
0.973149
0.979349
0.982288
0.985157
0.988645
0.992238
0.995216
0.997348
0.998675
0.999399
0.999747
0.999898
0.999959
0.999985
0.999991
0.999985
0.999851
0.998256
0.985217
0.964353
0.957361
0.957953
0.968506
0.984767
0.992536
0.994026
0.993093
0.990714
0.989743
0.988401
0.98422
0.980777
0.978722
0.973626
0.96633
0.964741
0.96601
0.973056
0.980321
0.986395
0.99156
0.994357
0.995654
0.996289
0.996699
0.996787
0.996755
0.996514
0.995551
0.992188
0.98411
0.978229
0.973778
0.972229
0.972419
0.974695
0.976785
0.976506
0.978056
0.985361
0.988483
0.989167
0.989737
0.991154
0.99373
0.996049
0.997728
0.998772
0.999311
0.999475
0.999347
0.997715
0.984603
0.96948
0.968239
0.976727
0.987842
0.989899
0.990751
0.992094
0.988608
0.981659
0.979882
0.978048
0.973708
0.969417
0.96731
0.966515
0.96635
0.966411
0.966888
0.967041
0.966913
0.966012
0.964262
0.963952
0.964238
0.965703
0.970953
0.983559
0.992711
0.997386
0.999224
0.999794
0.999948
0.999987
0.999996
0.999998
0.999998
0.999998
0.999997
0.999994
0.999986
0.999979
0.999978
0.999978
0.999984
0.999991
0.999996
0.999998
0.999999
0.999998
0.999995
0.999982
0.999922
0.999648
0.998625
0.995735
0.992818
0.884264
0.862861
0.86007
0.872048
0.89053
0.892913
0.892428
0.898421
0.911384
0.915855
0.917394
0.917394
0.91539
0.90894
0.903197
0.907577
0.93827
0.969719
0.982693
0.986248
0.986452
0.985421
0.986056
0.988842
0.993229
0.995725
0.99556
0.98482
0.938941
0.909913
0.911569
0.940809
0.966518
0.976381
0.979415
0.979436
0.97907
0.97912
0.979989
0.981514
0.982373
0.982568
0.982487
0.982014
0.980521
0.976972
0.973407
0.970744
0.969751
0.97061
0.976766
0.980737
0.981721
0.982437
0.984367
0.988406
0.992491
0.995618
0.997691
0.998905
0.999534
0.999821
0.999936
0.999978
0.999993
0.999997
0.999996
0.999967
0.999593
0.996404
0.981467
0.970244
0.968027
0.970939
0.983379
0.992376
0.995223
0.995108
0.99263
0.990484
0.989521
0.987372
0.983105
0.980865
0.977332
0.969084
0.965178
0.965295
0.968931
0.977336
0.983799
0.989654
0.993472
0.995368
0.996238
0.996728
0.996931
0.996926
0.996788
0.996189
0.994171
0.988066
0.981194
0.975802
0.973812
0.973936
0.975901
0.977259
0.977244
0.979058
0.9858
0.988511
0.989155
0.989547
0.990468
0.992838
0.995311
0.997266
0.998576
0.999281
0.999536
0.999521
0.99892
0.993397
0.976035
0.970319
0.973308
0.985305
0.989707
0.990289
0.991601
0.991255
0.984779
0.981035
0.978924
0.975034
0.971159
0.968206
0.966853
0.966441
0.966417
0.966467
0.966436
0.966227
0.965291
0.964549
0.964605
0.965278
0.967654
0.975434
0.987203
0.99495
0.998459
0.999581
0.999894
0.999974
0.999994
0.999998
0.999999
0.999999
0.999999
0.999999
0.999998
0.999995
0.999993
0.999993
0.999993
0.999995
0.999997
0.999999
0.999999
0.999999
0.999998
0.999992
0.999967
0.999844
0.999281
0.997167
0.99367
0.991182
0.890719
0.880222
0.87841
0.882946
0.901909
0.909043
0.911268
0.913731
0.918789
0.920441
0.921035
0.920406
0.916495
0.911735
0.912161
0.937653
0.966273
0.980686
0.984279
0.982835
0.980423
0.979561
0.978588
0.97921
0.984717
0.993283
0.997326
0.997884
0.993369
0.955334
0.915719
0.913929
0.939514
0.968426
0.978382
0.981619
0.981782
0.981613
0.981739
0.982486
0.982971
0.983022
0.982898
0.982361
0.980756
0.977261
0.973792
0.971838
0.972699
0.978949
0.981435
0.980605
0.978735
0.978528
0.980838
0.987431
0.992519
0.995987
0.99806
0.999146
0.999656
0.999873
0.999957
0.999987
0.999996
0.999999
0.999999
0.999994
0.999923
0.999328
0.995829
0.987144
0.98216
0.98116
0.984485
0.992396
0.996034
0.996477
0.995159
0.991642
0.990211
0.989014
0.985684
0.98278
0.980069
0.972965
0.966356
0.965315
0.966794
0.973521
0.980932
0.987221
0.992026
0.994756
0.996072
0.996698
0.996973
0.997021
0.996953
0.996595
0.995367
0.991369
0.984477
0.97857
0.975863
0.975827
0.977202
0.977891
0.977652
0.979327
0.985785
0.988472
0.989061
0.98937
0.990042
0.992063
0.994606
0.99672
0.998256
0.99917
0.999542
0.99959
0.999339
0.996905
0.983618
0.973566
0.973459
0.981733
0.989213
0.990269
0.990953
0.991704
0.98944
0.982984
0.980656
0.976787
0.972621
0.96963
0.967665
0.966769
0.966529
0.966406
0.966274
0.965963
0.96516
0.965082
0.965406
0.966761
0.970484
0.980521
0.991084
0.996803
0.999022
0.99974
0.999937
0.999986
0.999997
0.999999
1
1
1
1
0.999999
0.999998
0.999998
0.999998
0.999998
0.999998
0.999999
1
1
0.999999
0.999997
0.999986
0.999939
0.999702
0.998609
0.995245
0.99191
0.99035
0.899812
0.89914
0.901096
0.906771
0.916334
0.919408
0.92094
0.923271
0.924378
0.924416
0.923875
0.922584
0.919858
0.918958
0.931469
0.95841
0.976094
0.982675
0.983242
0.981676
0.981417
0.98094
0.978104
0.977391
0.980479
0.990054
0.995974
0.998552
0.998616
0.994011
0.956004
0.919808
0.919008
0.944598
0.971677
0.980425
0.983189
0.983473
0.98345
0.98358
0.983676
0.98365
0.983455
0.982842
0.981207
0.977552
0.974585
0.974813
0.978897
0.980529
0.978666
0.976052
0.975416
0.97582
0.979427
0.987128
0.992872
0.996464
0.998419
0.999358
0.99976
0.999917
0.999973
0.999991
0.999997
0.999999
1
0.999999
0.999987
0.999888
0.999319
0.997162
0.994752
0.993114
0.9925
0.993915
0.996872
0.997556
0.997046
0.993741
0.990936
0.989861
0.987768
0.984589
0.982244
0.976921
0.968523
0.9656
0.965957
0.970027
0.97772
0.984649
0.990316
0.993939
0.995733
0.996598
0.996959
0.99706
0.997038
0.996841
0.996097
0.993735
0.987868
0.981784
0.978255
0.9779
0.978582
0.978677
0.978144
0.979681
0.985706
0.988384
0.988884
0.989082
0.989608
0.991367
0.994006
0.996239
0.997923
0.999011
0.999522
0.999626
0.999515
0.998302
0.989895
0.977638
0.975143
0.97893
0.988254
0.990522
0.990733
0.991423
0.991098
0.986887
0.982278
0.979327
0.975149
0.971277
0.968779
0.967472
0.966858
0.966556
0.966382
0.965822
0.965619
0.965804
0.966762
0.969166
0.974694
0.985694
0.994009
0.998012
0.999456
0.999867
0.99997
0.999993
0.999999
1
1
1
1
1
1
0.999999
0.999999
0.999999
0.999999
0.999999
1
1
1
0.999999
0.999994
0.999977
0.999894
0.999454
0.997439
0.993273
0.991003
0.989934
0.912488
0.91549
0.918048
0.918095
0.922705
0.925002
0.92583
0.926804
0.927524
0.928159
0.927938
0.927513
0.927331
0.929489
0.94096
0.961843
0.976217
0.982308
0.98282
0.982692
0.98289
0.982204
0.977963
0.976156
0.979461
0.98951
0.995693
0.998573
0.999344
0.998798
0.990805
0.946944
0.922333
0.924938
0.953562
0.97557
0.982336
0.984388
0.984666
0.984646
0.98455
0.984388
0.984091
0.983446
0.981619
0.977947
0.97703
0.978702
0.9802
0.978915
0.97581
0.974586
0.974345
0.974843
0.978508
0.986885
0.992969
0.996616
0.998534
0.999426
0.999794
0.999932
0.999979
0.999994
0.999998
1
1
1
0.999998
0.99998
0.999875
0.999388
0.998507
0.997849
0.997522
0.997529
0.998151
0.998537
0.998319
0.996201
0.992101
0.990475
0.989192
0.98624
0.984079
0.980361
0.971653
0.966372
0.965885
0.96766
0.974353
0.981939
0.988141
0.992337
0.995066
0.996363
0.996901
0.997057
0.997065
0.99697
0.996533
0.995121
0.991155
0.985214
0.98088
0.979666
0.979828
0.979542
0.97862
0.979868
0.985456
0.98821
0.988672
0.988756
0.989096
0.990575
0.993371
0.995778
0.997597
0.998826
0.999477
0.999656
0.999604
0.998939
0.994203
0.982123
0.977481
0.978558
0.986474
0.990807
0.991017
0.991138
0.991639
0.990535
0.985977
0.981236
0.978023
0.974663
0.970912
0.968882
0.967662
0.967184
0.966655
0.966391
0.966538
0.967279
0.969528
0.972655
0.979816
0.990232
0.996534
0.999029
0.999752
0.999941
0.999986
0.999997
0.999999
1
1
1
1
1
1
1
1
1
1
1
1
1
0.999999
0.999998
0.99999
0.999962
0.99982
0.99904
0.995689
0.992207
0.990315
0.989651
0.914374
0.927914
0.93128
0.931888
0.936957
0.939325
0.940426
0.939323
0.936569
0.933249
0.931797
0.931095
0.931099
0.932398
0.94009
0.95938
0.974053
0.980494
0.982105
0.982983
0.982844
0.980865
0.974334
0.974453
0.980469
0.991617
0.996957
0.998993
0.999664
0.999633
0.997861
0.979688
0.934485
0.923353
0.931195
0.963388
0.979222
0.98389
0.985241
0.985384
0.985319
0.985116
0.984771
0.984123
0.981884
0.97947
0.979527
0.980358
0.97989
0.976844
0.97473
0.973639
0.973391
0.97385
0.977699
0.986751
0.993132
0.996824
0.998681
0.999504
0.999829
0.999945
0.999984
0.999995
0.999999
1
1
1
0.999999
0.999995
0.999972
0.99986
0.999527
0.999215
0.999039
0.999021
0.999201
0.999294
0.999173
0.998114
0.993948
0.991142
0.990027
0.987808
0.985601
0.982843
0.975592
0.967942
0.966045
0.96668
0.971131
0.979021
0.985671
0.990438
0.993868
0.995885
0.996745
0.997026
0.997063
0.997022
0.996775
0.995929
0.993662
0.988399
0.983334
0.981365
0.981101
0.980106
0.978825
0.979801
0.985032
0.987941
0.988414
0.988394
0.988561
0.989738
0.992655
0.995291
0.997268
0.998618
0.999401
0.999686
0.99968
0.999287
0.996633
0.986751
0.980308
0.979821
0.984517
0.990849
0.991708
0.99138
0.991588
0.991462
0.989968
0.985317
0.980504
0.977315
0.974862
0.972217
0.970217
0.968845
0.968154
0.968281
0.968887
0.970805
0.972922
0.976618
0.985872
0.994507
0.998317
0.99954
0.999884
0.999973
0.999994
0.999999
1
1
1
1
1
1
1
1
1
1
1
1
1
1
0.999999
0.999996
0.999985
0.999941
0.999705
0.998381
0.994147
0.991071
0.989857
0.989509
0.920328
0.922856
0.926433
0.931507
0.941521
0.957613
0.971282
0.978974
0.979836
0.977326
0.973296
0.966211
0.949835
0.938582
0.93938
0.946573
0.964793
0.974474
0.979405
0.980266
0.978881
0.97234
0.971035
0.973859
0.986095
0.995553
0.99868
0.999602
0.999868
0.999877
0.999432
0.994785
0.962071
0.929278
0.9266
0.942864
0.971717
0.982083
0.984985
0.985755
0.985799
0.985696
0.985394
0.984742
0.982499
0.981217
0.981119
0.980775
0.978405
0.975987
0.974407
0.973215
0.972876
0.973339
0.977366
0.98701
0.993622
0.997219
0.998905
0.999607
0.999871
0.999961
0.999989
0.999997
0.999999
1
1
1
1
0.999999
0.999992
0.99996
0.999839
0.999681
0.999577
0.999551
0.999606
0.999659
0.99961
0.999118
0.996206
0.992149
0.99068
0.988983
0.986884
0.984722
0.979491
0.970472
0.96653
0.966448
0.968591
0.975794
0.983143
0.988764
0.992353
0.994983
0.996384
0.996918
0.997039
0.997019
0.996882
0.996375
0.99499
0.991074
0.985418
0.982895
0.982262
0.980524
0.978996
0.979719
0.984512
0.987617
0.988091
0.98799
0.988051
0.98901
0.99191
0.994794
0.996958
0.998418
0.999301
0.999692
0.999746
0.999553
0.998048
0.990937
0.983574
0.981796
0.983676
0.990423
0.992614
0.992191
0.991687
0.99179
0.991517
0.989937
0.985737
0.980589
0.977337
0.974991
0.973621
0.972149
0.971774
0.971972
0.972629
0.973766
0.976057
0.982124
0.99228
0.997392
0.999224
0.999791
0.999948
0.999988
0.999997
0.999999
1
1
1
1
1
1
1
1
1
1
1
1
1
1
0.999999
0.999994
0.999977
0.99991
0.99953
0.997395
0.992693
0.990406
0.989573
0.989386
0.998503
0.997996
0.998558
0.998736
0.999009
0.999225
0.999422
0.999424
0.999256
0.997924
0.99654
0.996931
0.99712
0.991704
0.959453
0.950767
0.952468
0.957354
0.966288
0.967059
0.966542
0.966979
0.969801
0.981347
0.993946
0.998186
0.999449
0.99983
0.999945
0.999955
0.999811
0.998093
0.983342
0.94086
0.926841
0.930128
0.956537
0.977517
0.98398
0.985634
0.986021
0.986014
0.985838
0.985197
0.983426
0.982586
0.982004
0.980309
0.977783
0.976366
0.974925
0.973212
0.972644
0.973051
0.977251
0.987328
0.993945
0.997415
0.999001
0.999649
0.999887
0.999967
0.999991
0.999998
0.999999
1
1
1
1
1
0.999998
0.999987
0.999945
0.999868
0.999809
0.999785
0.999795
0.999824
0.999808
0.999601
0.998192
0.993685
0.991267
0.989964
0.988021
0.986278
0.982839
0.974062
0.967674
0.966544
0.967407
0.972309
0.980196
0.986494
0.99058
0.99329
0.99553
0.996587
0.99693
0.99697
0.99688
0.996557
0.995646
0.992773
0.986974
0.984222
0.983283
0.980888
0.979113
0.979579
0.983822
0.987178
0.987704
0.987547
0.987519
0.988287
0.991093
0.994227
0.99662
0.998218
0.999186
0.999672
0.999805
0.999736
0.998986
0.994616
0.987313
0.984305
0.984553
0.989201
0.993363
0.993656
0.992566
0.992054
0.9921
0.991814
0.990512
0.987472
0.982536
0.978751
0.976894
0.975176
0.974776
0.975008
0.975773
0.97755
0.98189
0.991526
0.996766
0.998932
0.999686
0.999916
0.999979
0.999995
0.999999
1
1
1
1
1
1
1
1
1
1
1
1
1
1
1
0.999997
0.999989
0.999964
0.999861
0.999247
0.995945
0.991571
0.98981
0.989309
0.989275
0.999996
0.999996
0.999999
1
1
1
1
0.999999
0.999999
0.999993
0.999994
0.999994
0.999981
0.99967
0.996589
0.986547
0.967909
0.962744
0.962774
0.963069
0.964809
0.969616
0.982531
0.993833
0.998045
0.999402
0.999814
0.999941
0.999981
0.999985
0.999942
0.999367
0.994422
0.963201
0.931967
0.927799
0.937706
0.967958
0.981122
0.98502
0.985955
0.986116
0.98606
0.985562
0.984334
0.983571
0.982154
0.979467
0.977776
0.977315
0.976313
0.973388
0.972316
0.972793
0.977614
0.988023
0.994521
0.997773
0.999188
0.999729
0.999917
0.999976
0.999994
0.999998
1
1
1
1
1
1
0.999999
0.999996
0.999982
0.99995
0.99992
0.999903
0.999901
0.99991
0.999905
0.999826
0.999229
0.996038
0.992164
0.990699
0.989069
0.987608
0.985223
0.978655
0.969986
0.966948
0.967006
0.969254
0.976747
0.983723
0.98844
0.991499
0.99375
0.995695
0.996546
0.996788
0.996768
0.996536
0.995819
0.993411
0.987889
0.985203
0.984068
0.981239
0.979184
0.979388
0.982915
0.986555
0.987202
0.987021
0.986901
0.987494
0.990181
0.993574
0.99622
0.997998
0.999059
0.999624
0.999839
0.999849
0.999588
0.997591
0.991439
0.987425
0.98665
0.988334
0.993426
0.995023
0.994679
0.993015
0.992508
0.992528
0.992353
0.991606
0.989334
0.986815
0.9847
0.982017
0.981369
0.981716
0.982916
0.986169
0.992791
0.996908
0.998858
0.999627
0.99989
0.99997
0.999993
0.999998
1
1
1
1
1
1
1
1
1
1
1
1
1
1
1
0.999999
0.999995
0.999982
0.999944
0.999786
0.998786
0.994338
0.990431
0.989216
0.989046
0.989131
1
1
1
1
1
1
1
1
1
1
1
1
1
0.999986
0.999781
0.998788
0.996348
0.990007
0.985613
0.986199
0.988518
0.99313
0.996849
0.998804
0.999594
0.999869
0.999957
0.999986
0.999995
0.999996
0.999984
0.999792
0.997909
0.983328
0.94321
0.928711
0.929749
0.948841
0.974019
0.98298
0.985513
0.986062
0.986085
0.985874
0.985145
0.984068
0.981598
0.979057
0.978121
0.977923
0.976995
0.973473
0.972103
0.972675
0.978496
0.989275
0.995482
0.998326
0.999433
0.999823
0.999949
0.999986
0.999997
0.999999
1
1
1
1
1
1
1
0.999999
0.999995
0.999983
0.999969
0.99996
0.999958
0.999959
0.999957
0.999928
0.99969
0.998232
0.993752
0.991394
0.9899
0.988666
0.987012
0.983157
0.973722
0.968034
0.96712
0.967926
0.97246
0.980546
0.986188
0.989702
0.991921
0.993664
0.995281
0.996119
0.99632
0.996218
0.995661
0.993426
0.988257
0.985791
0.984589
0.981591
0.979208
0.979173
0.981848
0.985749
0.986592
0.986417
0.986212
0.98668
0.989269
0.992935
0.995817
0.997781
0.998939
0.99956
0.999836
0.999899
0.999834
0.99919
0.995614
0.991025
0.989258
0.989426
0.992503
0.99578
0.996271
0.995619
0.993667
0.993107
0.993093
0.993226
0.993014
0.992471
0.991661
0.990289
0.990286
0.99077
0.99221
0.995166
0.997569
0.998962
0.999612
0.999871
0.999961
0.999989
0.999997
0.999999
1
1
1
1
1
1
1
1
1
1
1
1
1
1
1
0.999998
0.999991
0.99997
0.999917
0.999678
0.99812
0.992768
0.98944
0.988624
0.988669
0.988989
1
1
1
1
1
1
1
1
1
1
1
1
1
1
0.99999
0.999927
0.999739
0.999046
0.998653
0.998714
0.998928
0.999341
0.99968
0.99987
0.999952
0.999983
0.999994
0.999998
0.999999
0.999999
0.999997
0.999952
0.999419
0.994998
0.967003
0.93536
0.929238
0.933904
0.958762
0.977561
0.983888
0.985664
0.985993
0.985903
0.985486
0.984223
0.981111
0.979034
0.978529
0.978354
0.977321
0.973292
0.971767
0.972642
0.980105
0.990609
0.996164
0.998605
0.999541
0.999861
0.999961
0.99999
0.999998
0.999999
1
1
1
1
1
1
1
1
0.999999
0.999995
0.99999
0.999985
0.999984
0.999983
0.999982
0.999972
0.999885
0.999307
0.996272
0.992462
0.990605
0.989526
0.988391
0.986063
0.979096
0.970448
0.967562
0.967567
0.969379
0.976324
0.983244
0.987572
0.99017
0.991889
0.993204
0.994129
0.994628
0.994727
0.994477
0.992666
0.98804
0.985975
0.984872
0.981947
0.979145
0.978838
0.980621
0.9847
0.985831
0.985719
0.985463
0.985825
0.988286
0.992292
0.995436
0.997578
0.998839
0.999502
0.999816
0.99992
0.999917
0.999746
0.998615
0.99486
0.992288
0.99169
0.992441
0.995611
0.997267
0.997347
0.996664
0.994644
0.993982
0.993951
0.994088
0.994733
0.99504
0.995166
0.99545
0.995986
0.997097
0.998275
0.999133
0.999623
0.999857
0.999952
0.999985
0.999996
0.999999
1
1
1
1
1
1
1
1
1
1
1
1
1
1
1
1
0.999996
0.999983
0.999952
0.999881
0.999525
0.99718
0.99128
0.988518
0.987962
0.988247
0.988908
1
1
1
1
1
1
1
1
1
1
1
1
1
1
1
0.999997
0.999989
0.999955
0.999948
0.999949
0.999958
0.999972
0.999985
0.999993
0.999997
0.999999
1
1
1
1
0.999999
0.999989
0.999851
0.998517
0.989054
0.952084
0.932682
0.931427
0.940239
0.965856
0.979024
0.98401
0.985475
0.985687
0.985454
0.984238
0.981021
0.979308
0.9789
0.978621
0.977188
0.972559
0.971344
0.972911
0.982602
0.992376
0.997055
0.998991
0.999687
0.99991
0.999976
0.999994
0.999999
1
1
1
1
1
1
1
1
1
1
0.999999
0.999997
0.999995
0.999994
0.999994
0.999993
0.99999
0.999961
0.999745
0.998497
0.994346
0.99145
0.99016
0.989339
0.987922
0.984386
0.97481
0.968867
0.967725
0.968237
0.971541
0.979688
0.984809
0.988097
0.990169
0.991469
0.992151
0.99242
0.992422
0.992102
0.990257
0.987277
0.986069
0.985138
0.982208
0.978966
0.978365
0.979402
0.983317
0.984875
0.984855
0.98458
0.98485
0.987159
0.991541
0.995038
0.997392
0.998761
0.999463
0.999793
0.999925
0.999949
0.999913
0.999622
0.998191
0.995622
0.994349
0.994236
0.995298
0.997493
0.998269
0.998251
0.997777
0.996155
0.995243
0.995183
0.995373
0.996027
0.996684
0.997295
0.997962
0.998646
0.999225
0.99962
0.99984
0.999941
0.999981
0.999994
0.999998
1
1
1
1
1
1
1
1
1
1
1
1
1
1
1
1
0.999999
0.999993
0.999968
0.99993
0.999838
0.999306
0.995931
0.989936
0.987454
0.987072
0.987733
0.988714
1
1
1
1
1
1
1
1
1
1
1
1
1
1
1
1
1
0.999999
0.999999
0.999999
0.999999
1
1
1
1
1
1
1
1
1
1
0.999998
0.999968
0.99963
0.996983
0.979682
0.944604
0.933753
0.934693
0.948308
0.97024
0.979986
0.983714
0.984884
0.984969
0.983939
0.980985
0.979536
0.979143
0.978753
0.976441
0.971637
0.971023
0.974065
0.986201
0.994597
0.998212
0.999466
0.99985
0.99996
0.99999
0.999998
0.999999
1
1
1
1
1
1
1
1
1
1
1
0.999999
0.999999
0.999998
0.999998
0.999998
0.999997
0.999988
0.999915
0.999454
0.997067
0.992922
0.990836
0.989952
0.989087
0.987232
0.981371
0.971935
0.968406
0.968152
0.969209
0.974211
0.981738
0.985873
0.988286
0.989625
0.99035
0.990603
0.990592
0.990289
0.988724
0.987023
0.986317
0.985378
0.982084
0.978492
0.977629
0.978167
0.98151
0.983652
0.983789
0.983588
0.983827
0.986085
0.990738
0.994573
0.997184
0.998683
0.999436
0.99978
0.999923
0.999965
0.999961
0.999892
0.999531
0.998415
0.997189
0.996598
0.996619
0.997488
0.998629
0.998981
0.99896
0.998704
0.997876
0.997126
0.996985
0.997069
0.997387
0.998022
0.998641
0.999183
0.999583
0.99982
0.999933
0.999977
0.999993
0.999998
0.999999
1
1
1
1
1
1
1
1
1
1
1
1
1
1
1
1
0.999998
0.999986
0.999949
0.999904
0.999781
0.998984
0.994475
0.988538
0.986202
0.985982
0.987037
0.98843
1
1
1
1
1
1
1
1
1
1
1
1
1
1
1
1
1
1
1
1
1
1
1
1
1
1
1
1
1
1
1
1
0.999994
0.99992
0.99926
0.995002
0.971306
0.942952
0.936805
0.938967
0.954504
0.97293
0.980706
0.9833
0.983672
0.983168
0.981025
0.979867
0.979477
0.97881
0.974554
0.970383
0.97072
0.977651
0.99023
0.996502
0.998911
0.999694
0.99992
0.99998
0.999995
0.999999
1
1
1
1
1
1
1
1
1
1
1
1
1
1
1
1
0.999999
0.999999
0.999996
0.999974
0.999817
0.99896
0.995456
0.991985
0.990494
0.989806
0.988781
0.98626
0.978114
0.970536
0.968469
0.96856
0.970228
0.976388
0.98324
0.986561
0.988176
0.98886
0.989095
0.989101
0.988918
0.987972
0.987091
0.986592
0.985648
0.982281
0.978332
0.977052
0.977198
0.979476
0.9821
0.982514
0.982405
0.982691
0.985091
0.990037
0.99414
0.99697
0.998607
0.999416
0.999775
0.999921
0.999972
0.999979
0.999963
0.999862
0.999506
0.999041
0.998646
0.998445
0.998464
0.998862
0.999332
0.999469
0.999459
0.999337
0.998947
0.998754
0.998754
0.998817
0.999023
0.999393
0.999683
0.999856
0.999942
0.999979
0.999993
0.999998
0.999999
1
1
1
1
1
1
1
1
1
1
1
1
1
1
1
1
1
0.999996
0.999974
0.999928
0.999874
0.999697
0.998498
0.992809
0.986975
0.984823
0.984778
0.986324
0.988061
1
1
1
1
1
1
1
1
1
1
1
1
1
1
1
1
1
1
1
1
1
1
1
1
1
1
1
1
1
1
1
1
0.999999
0.999985
0.999844
0.998809
0.993241
0.967197
0.944578
0.940925
0.943304
0.957454
0.973831
0.980321
0.982168
0.982114
0.980956
0.980141
0.979622
0.977874
0.970841
0.969163
0.971594
0.984371
0.994373
0.998263
0.999508
0.999869
0.999967
0.999992
0.999998
1
1
1
1
1
1
1
1
1
1
1
1
1
1
1
1
1
1
1
0.999999
0.999993
0.999945
0.999653
0.998238
0.994094
0.991392
0.990313
0.98967
0.988429
0.985101
0.975491
0.96993
0.968762
0.969044
0.971075
0.977643
0.983799
0.986678
0.987886
0.988173
0.988161
0.988054
0.987584
0.987146
0.986752
0.985927
0.982939
0.978732
0.976866
0.976678
0.977682
0.980307
0.980995
0.981025
0.98145
0.984106
0.989441
0.993844
0.996831
0.998544
0.999399
0.999774
0.999922
0.999975
0.999987
0.999984
0.999956
0.999834
0.999652
0.999508
0.999416
0.999388
0.999423
0.999598
0.999733
0.99977
0.999765
0.99971
0.999638
0.999635
0.999655
0.99972
0.999832
0.999915
0.999963
0.999986
0.999995
0.999998
1
1
1
1
1
1
1
1
1
1
1
1
1
1
1
1
1
1
0.999999
0.999993
0.999956
0.999906
0.999835
0.999563
0.997748
0.990854
0.985285
0.983462
0.984001
0.986079
0.98779
1
1
1
1
1
1
1
1
1
1
1
1
1
1
1
1
1
1
1
1
1
1
1
1
1
1
1
1
1
1
1
1
1
0.999998
0.999973
0.999772
0.998527
0.992919
0.969515
0.949225
0.945847
0.947631
0.956638
0.971844
0.97809
0.979915
0.979904
0.979551
0.978547
0.971292
0.967139
0.968254
0.978269
0.991928
0.997453
0.999264
0.999802
0.999949
0.999988
0.999997
0.999999
1
1
1
1
1
1
1
1
1
1
1
1
1
1
1
1
1
1
1
1
0.999998
0.999985
0.999897
0.999428
0.997305
0.993223
0.99106
0.990219
0.989542
0.988071
0.983774
0.974071
0.969877
0.969124
0.969457
0.971472
0.977563
0.983526
0.986245
0.987259
0.987562
0.987531
0.987354
0.987094
0.986805
0.986239
0.984485
0.980034
0.977273
0.976532
0.976736
0.978408
0.979317
0.979507
0.980145
0.983159
0.988945
0.993693
0.996782
0.998525
0.99939
0.999771
0.999922
0.999976
0.999991
0.999992
0.999985
0.999945
0.999869
0.999807
0.99977
0.999758
0.999765
0.999812
0.999872
0.999908
0.99992
0.999919
0.999915
0.999917
0.999924
0.999942
0.999966
0.999983
0.999993
0.999997
0.999999
1
1
1
1
1
1
1
1
1
1
1
1
1
1
1
1
1
1
1
0.999999
0.999988
0.999935
0.999877
0.999773
0.999326
0.996552
0.988625
0.983568
0.982441
0.983698
0.986043
0.987726
1
1
1
1
1
1
1
1
1
1
1
1
1
1
1
1
1
1
1
1
1
1
1
1
1
1
1
1
1
1
1
1
1
1
0.999996
0.999963
0.999741
0.998592
0.994103
0.977443
0.957034
0.951449
0.952186
0.955329
0.964187
0.970639
0.972107
0.971481
0.966353
0.963737
0.964757
0.974807
0.990546
0.996934
0.999099
0.999755
0.999938
0.999985
0.999997
0.999999
1
1
1
1
1
1
1
1
1
1
1
1
1
1
1
1
1
1
1
1
1
1
0.999996
0.999973
0.999835
0.999183
0.996503
0.992729
0.990893
0.990177
0.989447
0.987757
0.982688
0.973733
0.970085
0.969416
0.969694
0.971357
0.976055
0.982299
0.985178
0.986362
0.986819
0.986907
0.986855
0.986688
0.986299
0.985303
0.981725
0.978041
0.976529
0.976348
0.97694
0.977646
0.977928
0.978826
0.982601
0.98871
0.993637
0.996852
0.998592
0.999421
0.999781
0.999924
0.999976
0.999993
0.999996
0.999994
0.999983
0.999951
0.999924
0.999907
0.999901
0.999903
0.99992
0.999944
0.999962
0.999973
0.999978
0.99998
0.999982
0.999986
0.999991
0.999995
0.999997
0.999999
1
1
1
1
1
1
1
1
1
1
1
1
1
1
1
1
1
1
1
1
1
0.999998
0.999979
0.999912
0.999833
0.999661
0.998873
0.994576
0.986299
0.98217
0.98191
0.983629
0.986042
0.987724
1
1
1
1
1
1
1
1
1
1
1
1
1
1
1
1
1
1
1
1
1
1
1
1
1
1
1
1
1
1
1
1
1
1
1
0.999996
0.999966
0.999793
0.999038
0.99625
0.988505
0.970317
0.959418
0.957813
0.958517
0.960598
0.961222
0.960991
0.961153
0.964101
0.979139
0.992144
0.997389
0.999218
0.999785
0.999945
0.999987
0.999997
0.999999
1
1
1
1
1
1
1
1
1
1
1
1
1
1
1
1
1
1
1
1
1
1
1
0.999999
0.999994
0.999958
0.999771
0.998976
0.99598
0.992491
0.990836
0.990181
0.989421
0.987639
0.982519
0.974083
0.970524
0.969662
0.969783
0.970842
0.973561
0.979292
0.982989
0.984833
0.985735
0.986035
0.986005
0.985765
0.984973
0.981935
0.978053
0.976154
0.975681
0.975771
0.975952
0.976229
0.977491
0.982367
0.988639
0.993756
0.997039
0.998748
0.999511
0.999819
0.999937
0.999979
0.999994
0.999997
0.999997
0.999994
0.999983
0.999971
0.999963
0.99996
0.999961
0.999967
0.999977
0.999984
0.99999
0.999993
0.999995
0.999996
0.999998
0.999999
0.999999
1
1
1
1
1
1
1
1
1
1
1
1
1
1
1
1
1
1
1
1
1
1
1
0.999996
0.999969
0.999886
0.999751
0.999417
0.997959
0.991737
0.984082
0.98133
0.981488
0.983687
0.986136
0.987813
1
1
1
1
1
1
1
1
1
1
1
1
1
1
1
1
1
1
1
1
1
1
1
1
1
1
1
1
1
1
1
1
1
1
1
1
0.999996
0.999975
0.999872
0.999471
0.998178
0.99489
0.986286
0.974268
0.967764
0.966649
0.966952
0.968553
0.976252
0.988666
0.99554
0.99847
0.99953
0.999869
0.999966
0.999992
0.999998
1
1
1
1
1
1
1
1
1
1
1
1
1
1
1
1
1
1
1
1
1
1
1
1
1
1
0.999999
0.99999
0.999942
0.999713
0.998813
0.995623
0.992371
0.990814
0.990176
0.989443
0.987735
0.983257
0.975006
0.971141
0.969914
0.969823
0.970214
0.971533
0.974294
0.978103
0.981672
0.983379
0.983668
0.983448
0.982395
0.978384
0.974968
0.973714
0.973509
0.973539
0.973666
0.97412
0.976549
0.982621
0.989037
0.99407
0.99723
0.998868
0.999585
0.999859
0.999954
0.999986
0.999996
0.999998
0.999999
0.999998
0.999994
0.999989
0.999986
0.999985
0.999985
0.999987
0.999991
0.999994
0.999996
0.999997
0.999998
0.999999
0.999999
1
1
1
1
1
1
1
1
1
1
1
1
1
1
1
1
1
1
1
1
1
1
1
1
0.999999
0.999993
0.999955
0.999839
0.999578
0.99885
0.99604
0.988159
0.982202
0.980635
0.981199
0.983928
0.986517
0.988212
1
1
1
1
1
1
1
1
1
1
1
1
1
1
1
1
1
1
1
1
1
1
1
1
1
1
1
1
1
1
1
1
1
1
1
1
1
0.999998
0.999987
0.999943
0.999787
0.999337
0.998163
0.994598
0.991042
0.990201
0.990604
0.99287
0.996457
0.998507
0.999449
0.999818
0.999945
0.999985
0.999996
0.999999
1
1
1
1
1
1
1
1
1
1
1
1
1
1
1
1
1
1
1
1
1
1
1
1
1
1
1
1
0.999998
0.999988
0.999932
0.999683
0.998776
0.995687
0.992485
0.99089
0.990164
0.989535
0.988143
0.985068
0.977759
0.972621
0.970641
0.969894
0.969887
0.970151
0.970899
0.972807
0.975411
0.976007
0.975762
0.974478
0.97107
0.969042
0.968555
0.968646
0.969326
0.970229
0.972122
0.976678
0.983385
0.989963
0.994778
0.997612
0.999027
0.999643
0.999881
0.999963
0.999989
0.999997
0.999999
0.999999
0.999999
0.999998
0.999996
0.999995
0.999994
0.999994
0.999995
0.999997
0.999998
0.999999
0.999999
0.999999
1
1
1
1
1
1
1
1
1
1
1
1
1
1
1
1
1
1
1
1
1
1
1
1
1
1
0.999999
0.999988
0.999931
0.999731
0.999201
0.997479
0.991998
0.984606
0.980568
0.979909
0.981055
0.98454
0.987503
0.98925
1
1
1
1
1
1
1
1
1
1
1
1
1
1
1
1
1
1
1
1
1
1
1
1
1
1
1
1
1
1
1
1
1
1
1
1
1
1
0.999999
0.999996
0.999984
0.999946
0.999841
0.999396
0.998933
0.998887
0.999003
0.999463
0.999771
0.999912
0.99997
0.99999
0.999997
0.999999
1
1
1
1
1
1
1
1
1
1
1
1
1
1
1
1
1
1
1
1
1
1
1
1
1
1
1
1
1
1
1
0.999998
0.999987
0.999934
0.999715
0.998961
0.99648
0.993066
0.991256
0.990255
0.989724
0.988869
0.987055
0.983289
0.977549
0.973396
0.971319
0.970396
0.970096
0.970189
0.970475
0.970454
0.970069
0.968449
0.966776
0.966002
0.965821
0.965884
0.966337
0.967786
0.971344
0.977465
0.984771
0.991216
0.995648
0.998109
0.999259
0.999732
0.99991
0.999971
0.999992
0.999998
0.999999
1
1
1
0.999999
0.999998
0.999998
0.999998
0.999998
0.999999
0.999999
1
1
1
1
1
1
1
1
1
1
1
1
1
1
1
1
1
1
1
1
1
1
1
1
1
1
1
1
1
0.999998
0.999982
0.999883
0.999515
0.998384
0.994
0.98591
0.980921
0.979305
0.979506
0.98149
0.985955
0.989455
0.991219
1
1
1
1
1
1
1
1
1
1
1
1
1
1
1
1
1
1
1
1
1
1
1
1
1
1
1
1
1
1
1
1
1
1
1
1
1
1
1
1
0.999999
0.999997
0.999992
0.999964
0.999944
0.999945
0.999963
0.999985
0.999994
0.999998
0.999999
1
1
1
1
1
1
1
1
1
1
1
1
1
1
1
1
1
1
1
1
1
1
1
1
1
1
1
1
1
1
1
1
1
1
1
0.999998
0.99999
0.99995
0.999797
0.999279
0.997868
0.994432
0.992132
0.990816
0.989997
0.989516
0.988695
0.987108
0.984751
0.98203
0.978048
0.97465
0.972585
0.971466
0.970567
0.969233
0.967717
0.966572
0.96598
0.965757
0.965749
0.966005
0.967224
0.971883
0.980054
0.987538
0.993207
0.996771
0.998652
0.999498
0.99983
0.999946
0.999983
0.999995
0.999999
1
1
1
1
1
1
0.999999
0.999999
1
1
1
1
1
1
1
1
1
1
1
1
1
1
1
1
1
1
1
1
1
1
1
1
1
1
1
1
1
1
1
1
0.999997
0.999971
0.999793
0.999139
0.996744
0.987608
0.981206
0.979158
0.978927
0.979469
0.982595
0.988423
0.992522
0.994148
1
1
1
1
1
1
1
1
1
1
1
1
1
1
1
1
1
1
1
1
1
1
1
1
1
1
1
1
1
1
1
1
1
1
1
1
1
1
1
1
1
1
1
0.999999
0.999999
0.999999
1
1
1
1
1
1
1
1
1
1
1
1
1
1
1
1
1
1
1
1
1
1
1
1
1
1
1
1
1
1
1
1
1
1
1
1
1
1
1
1
1
0.999999
0.999993
0.99997
0.999884
0.999607
0.998885
0.996992
0.993981
0.992079
0.990957
0.990186
0.989645
0.989241
0.988606
0.987867
0.986591
0.98364
0.980366
0.977538
0.975182
0.973376
0.971908
0.970379
0.969184
0.968803
0.969055
0.970767
0.977053
0.984959
0.991304
0.995636
0.998084
0.99925
0.999734
0.999913
0.999973
0.999992
0.999998
0.999999
1
1
1
1
1
1
1
1
1
1
1
1
1
1
1
1
1
1
1
1
1
1
1
1
1
1
1
1
1
1
1
1
1
1
1
1
1
1
1
1
0.999996
0.999957
0.999645
0.998718
0.995317
0.985648
0.980599
0.979158
0.979135
0.980134
0.984772
0.991752
0.995634
0.996927
1
1
1
1
1
1
1
1
1
1
1
1
1
1
1
1
1
1
1
1
1
1
1
1
1
1
1
1
1
1
1
1
1
1
1
1
1
1
1
1
1
1
1
1
1
1
1
1
1
1
1
1
1
1
1
1
1
1
1
1
1
1
1
1
1
1
1
1
1
1
1
1
1
1
1
1
1
1
1
1
1
1
1
1
1
1
1
1
0.999999
0.999997
0.999986
0.999948
0.999833
0.999517
0.99884
0.997314
0.99504
0.993065
0.99186
0.991099
0.990532
0.990113
0.989662
0.989063
0.988189
0.987107
0.986115
0.985219
0.983948
0.982289
0.981036
0.980758
0.981079
0.982756
0.987244
0.991892
0.995584
0.997906
0.999115
0.999659
0.999879
0.99996
0.999988
0.999996
0.999999
1
1
1
1
1
1
1
1
1
1
1
1
1
1
1
1
1
1
1
1
1
1
1
1
1
1
1
1
1
1
1
1
1
1
1
1
1
1
1
1
1
0.999994
0.999938
0.999481
0.998515
0.995138
0.991003
0.985426
0.981625
0.981017
0.98207
0.987568
0.994227
0.996814
0.997935
1
1
1
1
1
1
1
1
1
1
1
1
1
1
1
1
1
1
1
1
1
1
1
1
1
1
1
1
1
1
1
1
1
1
1
1
1
1
1
1
1
1
1
1
1
1
1
1
1
1
1
1
1
1
1
1
1
1
1
1
1
1
1
1
1
1
1
1
1
1
1
1
1
1
1
1
1
1
1
1
1
1
1
1
1
1
1
1
1
1
0.999999
0.999995
0.999982
0.999945
0.999851
0.999629
0.999133
0.99822
0.997113
0.995865
0.994577
0.993331
0.992314
0.991588
0.991038
0.990521
0.989943
0.989285
0.988662
0.988271
0.988173
0.98823
0.988566
0.989535
0.992319
0.995692
0.997929
0.999108
0.999645
0.999868
0.999954
0.999985
0.999995
0.999999
1
1
1
1
1
1
1
1
1
1
1
1
1
1
1
1
1
1
1
1
1
1
1
1
1
1
1
1
1
1
1
1
1
1
1
1
1
1
1
1
1
0.999999
0.999992
0.999923
0.99941
0.99847
0.998099
0.998143
0.996371
0.989137
0.985594
0.985953
0.990363
0.995291
0.997307
0.998357
1
1
1
1
1
1
1
1
1
1
1
1
1
1
1
1
1
1
1
1
1
1
1
1
1
1
1
1
1
1
1
1
1
1
1
1
1
1
1
1
1
1
1
1
1
1
1
1
1
1
1
1
1
1
1
1
1
1
1
1
1
1
1
1
1
1
1
1
1
1
1
1
1
1
1
1
1
1
1
1
1
1
1
1
1
1
1
1
1
1
1
1
0.999999
0.999996
0.999987
0.999966
0.999917
0.999806
0.99957
0.99929
0.998883
0.998243
0.997541
0.996975
0.996506
0.995964
0.995291
0.994688
0.994371
0.994317
0.99435
0.994514
0.995022
0.996523
0.99803
0.999004
0.999542
0.999806
0.999923
0.999972
0.99999
0.999997
0.999999
1
1
1
1
1
1
1
1
1
1
1
1
1
1
1
1
1
1
1
1
1
1
1
1
1
1
1
1
1
1
1
1
1
1
1
1
1
1
1
1
1
1
0.999999
0.999991
0.999919
0.999409
0.998869
0.998738
0.99887
0.999061
0.99732
0.992416
0.991605
0.993301
0.996232
0.997768
0.99867
1
1
1
1
1
1
1
1
1
1
1
1
1
1
1
1
1
1
1
1
1
1
1
1
1
1
1
1
1
1
1
1
1
1
1
1
1
1
1
1
1
1
1
1
1
1
1
1
1
1
1
1
1
1
1
1
1
1
1
1
1
1
1
1
1
1
1
1
1
1
1
1
1
1
1
1
1
1
1
1
1
1
1
1
1
1
1
1
1
1
1
1
1
1
0.999999
0.999998
0.999994
0.999985
0.999963
0.999934
0.999876
0.999717
0.999571
0.999498
0.999402
0.999151
0.998892
0.998777
0.99877
0.998787
0.998838
0.998967
0.999289
0.999588
0.999786
0.999899
0.999956
0.999982
0.999993
0.999997
0.999999
1
1
1
1
1
1
1
1
1
1
1
1
1
1
1
1
1
1
1
1
1
1
1
1
1
1
1
1
1
1
1
1
1
1
1
1
1
1
1
1
1
1
1
1
0.999999
0.999991
0.999925
0.999478
0.998982
0.998821
0.998862
0.999261
0.999112
0.997242
0.996157
0.996294
0.997408
0.998527
0.998979
1
1
1
1
1
1
1
1
1
1
1
1
1
1
1
1
1
1
1
1
1
1
1
1
1
1
1
1
1
1
1
1
1
1
1
1
1
1
1
1
1
1
1
1
1
1
1
1
1
1
1
1
1
1
1
1
1
1
1
1
1
1
1
1
1
1
1
1
1
1
1
1
1
1
1
1
1
1
1
1
1
1
1
1
1
1
1
1
1
1
1
1
1
1
1
1
1
0.999999
0.999998
0.999995
0.999989
0.999968
0.999947
0.999939
0.999923
0.999882
0.999854
0.999849
0.999851
0.999857
0.99987
0.999906
0.999944
0.99997
0.999986
0.999993
0.999997
0.999999
1
1
1
1
1
1
1
1
1
1
1
1
1
1
1
1
1
1
1
1
1
1
1
1
1
1
1
1
1
1
1
1
1
1
1
1
0.999999
0.999999
0.999999
1
1
1
1
1
1
1
1
0.999999
0.99999
0.999935
0.999613
0.999154
0.999095
0.99897
0.99922
0.999522
0.998828
0.997917
0.998009
0.998685
0.999066
0.999249
1
1
1
1
1
1
1
1
1
1
1
1
1
1
1
1
1
1
1
1
1
1
1
1
1
1
1
1
1
1
1
1
1
1
1
1
1
1
1
1
1
1
1
1
1
1
1
1
1
1
1
1
1
1
1
1
1
1
1
1
1
1
1
1
1
1
1
1
1
1
1
1
1
1
1
1
1
1
1
1
1
1
1
1
1
1
1
1
1
1
1
1
1
1
1
1
1
1
1
1
0.999999
0.999997
0.999996
0.999995
0.999992
0.99999
0.999989
0.99999
0.99999
0.999991
0.999993
0.999996
0.999998
0.999999
0.999999
1
1
1
1
1
1
1
1
1
1
1
1
1
1
1
1
1
1
1
1
1
1
1
1
1
1
1
1
1
1
1
1
1
1
1
1
1
0.999999
0.999999
0.999998
0.999998
0.999999
0.999999
1
1
1
1
1
1
1
0.999999
0.999989
0.999944
0.999648
0.999454
0.99944
0.99913
0.999195
0.999654
0.999475
0.999052
0.999087
0.999335
0.999506
0.999519
1
1
1
1
1
1
1
1
1
1
1
1
1
1
1
1
1
1
1
1
1
1
1
1
1
1
1
1
1
1
1
1
1
1
1
1
1
1
1
1
1
1
1
1
1
1
1
1
1
1
1
1
1
1
1
1
1
1
1
1
1
1
1
1
1
1
1
1
1
1
1
1
1
1
1
1
1
1
1
1
1
1
1
1
1
1
1
1
1
1
1
1
1
1
1
1
1
1
1
1
1
1
1
1
1
1
1
1
1
1
1
1
1
1
1
1
1
1
1
1
1
1
1
1
1
1
1
1
1
1
1
1
1
1
1
1
1
1
1
1
1
1
1
1
1
1
1
1
1
1
1
0.999999
0.999998
0.999998
0.999998
0.999998
0.999998
0.999999
1
1
1
1
1
1
1
0.999998
0.999987
0.999944
0.999704
0.999615
0.999563
0.999188
0.999098
0.99964
0.99974
0.999603
0.999618
0.999714
0.999728
0.999703
1
1
1
1
1
1
1
1
1
1
1
1
1
1
1
1
1
1
1
1
1
1
1
1
1
1
1
1
1
1
1
1
1
1
1
1
1
1
1
1
1
1
1
1
1
1
1
1
1
1
1
1
1
1
1
1
1
1
1
1
1
1
1
1
1
1
1
1
1
1
1
1
1
1
1
1
1
1
1
1
1
1
1
1
1
1
1
1
1
1
1
1
1
1
1
1
1
1
1
1
1
1
1
1
1
1
1
1
1
1
1
1
1
1
1
1
1
1
1
1
1
1
1
1
1
1
1
1
1
1
1
1
1
1
1
1
1
1
1
1
1
1
1
1
1
1
1
1
1
1
1
0.999998
0.999998
0.999998
0.999998
0.999998
0.999998
0.999999
0.999999
1
1
1
1
1
1
0.999997
0.999983
0.999939
0.999752
0.999687
0.999626
0.999259
0.999004
0.999552
0.999856
0.999823
0.99983
0.999852
0.999843
0.999831
1
1
1
1
1
1
1
1
1
1
1
1
1
1
1
1
1
1
1
1
1
1
1
1
1
1
1
1
1
1
1
1
1
1
1
1
1
1
1
1
1
1
1
1
1
1
1
1
1
1
1
1
1
1
1
1
1
1
1
1
1
1
1
1
1
1
1
1
1
1
1
1
1
1
1
1
1
1
1
1
1
1
1
1
1
1
1
1
1
1
1
1
1
1
1
1
1
1
1
1
1
1
1
1
1
1
1
1
1
1
1
1
1
1
1
1
1
1
1
1
1
1
1
1
1
1
1
1
1
1
1
1
1
1
1
1
1
1
1
1
1
1
1
1
1
1
1
1
1
1
0.999999
0.999996
0.999997
0.999998
0.999998
0.999998
0.999998
0.999999
0.999999
0.999999
1
1
1
1
0.999999
0.999995
0.999977
0.999925
0.999771
0.999718
0.999644
0.999278
0.998959
0.999494
0.999902
0.99991
0.999908
0.999908
0.999899
0.999897
1
1
1
1
1
1
1
1
1
1
1
1
1
1
1
1
1
1
1
1
1
1
1
1
1
1
1
1
1
1
1
1
1
1
1
1
1
1
1
1
1
1
1
1
1
1
1
1
1
1
1
1
1
1
1
1
1
1
1
1
1
1
1
1
1
1
1
1
1
1
1
1
1
1
1
1
1
1
1
1
1
1
1
1
1
1
1
1
1
1
1
1
1
1
1
1
1
1
1
1
1
1
1
1
1
1
1
1
1
1
1
1
1
1
1
1
1
1
1
1
1
1
1
1
1
1
1
1
1
1
1
1
1
1
1
1
1
1
1
1
1
1
1
1
1
1
1
1
1
1
0.999997
0.999993
0.999997
0.999999
0.999998
0.999998
0.999998
0.999999
0.999999
0.999999
0.999999
0.999999
0.999999
0.999999
0.999998
0.999991
0.999965
0.999889
0.999773
0.999728
0.999638
0.999248
0.998894
0.999426
0.99991
0.99994
0.999937
0.999935
0.99993
0.999928
1
1
1
1
1
1
1
1
1
1
1
1
1
1
1
1
1
1
1
1
1
1
1
1
1
1
1
1
1
1
1
1
1
1
1
1
1
1
1
1
1
1
1
1
1
1
1
1
1
1
1
1
1
1
1
1
1
1
1
1
1
1
1
1
1
1
1
1
1
1
1
1
1
1
1
1
1
1
1
1
1
1
1
1
1
1
1
1
1
1
1
1
1
1
1
1
1
1
1
1
1
1
1
1
1
1
1
1
1
1
1
1
1
1
1
1
1
1
1
1
1
1
1
1
1
1
1
1
1
1
1
1
1
1
1
1
1
1
1
1
1
1
1
1
1
1
0.999999
0.999999
0.999999
0.999998
0.999992
0.999989
0.999995
0.999998
0.999999
0.999999
0.999999
0.999999
0.999999
0.999999
0.999999
0.999999
0.999999
0.999998
0.999994
0.999985
0.999956
0.999858
0.999773
0.999725
0.99957
0.999069
0.998739
0.999266
0.999882
0.999946
0.999949
0.999948
0.999948
0.99995
1
1
1
1
1
1
1
1
1
1
1
1
1
1
1
1
1
1
1
1
1
1
1
1
1
1
1
1
1
1
1
1
1
1
1
1
1
1
1
1
1
1
1
1
1
1
1
1
1
1
1
1
1
1
1
1
1
1
1
1
1
1
1
1
1
1
1
1
1
1
1
1
1
1
1
1
1
1
1
1
1
1
1
1
1
1
1
1
1
1
1
1
1
1
1
1
1
1
1
1
1
1
1
1
1
1
1
1
1
1
1
1
1
1
1
1
1
1
1
1
1
1
1
1
1
1
1
1
1
1
1
1
1
1
1
1
1
1
1
1
1
1
0.999999
0.999999
0.999998
0.999998
0.999998
0.999997
0.999996
0.999993
0.999985
0.99998
0.999988
0.999996
0.999999
0.999999
0.999999
0.999999
0.999999
0.999998
0.999997
0.999996
0.999994
0.999988
0.999984
0.999974
0.99995
0.999851
0.999788
0.999712
0.999305
0.998672
0.998479
0.998973
0.999739
0.999906
0.999932
0.999931
0.999935
0.999947
1
1
1
1
1
1
1
1
1
1
1
1
1
1
1
1
1
1
1
1
1
1
1
1
1
1
1
1
1
1
1
1
1
1
1
1
1
1
1
1
1
1
1
1
1
1
1
1
1
1
1
1
1
1
1
1
1
1
1
1
1
1
1
1
1
1
1
1
1
1
1
1
1
1
1
1
1
1
1
1
1
1
1
1
1
1
1
1
1
1
1
1
1
1
1
1
1
1
1
1
1
1
1
1
1
1
1
1
1
1
1
1
1
1
1
1
1
1
1
1
1
1
1
1
1
1
1
1
1
1
1
1
1
1
1
1
1
1
0.999999
0.999999
0.999998
0.999997
0.999997
0.999996
0.999995
0.999995
0.999994
0.999993
0.999993
0.99999
0.999983
0.999975
0.999971
0.999981
0.999992
0.999997
0.999998
0.999996
0.999992
0.999982
0.999977
0.999976
0.99997
0.999951
0.999947
0.999935
0.999896
0.999832
0.999795
0.999614
0.998529
0.997966
0.997962
0.998546
0.999269
0.999578
0.999678
0.999675
0.999698
0.999766
1
1
1
1
1
1
1
1
1
1
1
1
1
1
1
1
1
1
1
1
1
1
1
1
1
1
1
1
1
1
1
1
1
1
1
1
1
1
1
1
1
1
1
1
1
1
1
1
1
1
1
1
1
1
1
1
1
1
1
1
1
1
1
1
1
1
1
1
1
1
1
1
1
1
1
1
1
1
1
1
1
1
1
1
1
1
1
1
1
1
1
1
1
1
1
1
1
1
1
1
1
1
1
1
1
1
1
1
1
1
1
1
1
1
1
1
1
1
1
1
1
1
1
1
1
1
1
1
1
1
1
1
1
1
1
1
0.999999
0.999996
0.999993
0.999992
0.999993
0.999994
0.999994
0.999994
0.999994
0.999993
0.999992
0.999992
0.999991
0.99999
0.999986
0.999976
0.999963
0.999952
0.999943
0.999936
0.99993
0.999914
0.999889
0.999863
0.999847
0.999817
0.999655
0.99922
0.999182
0.999011
0.999054
0.999436
0.999432
0.999182
0.997705
0.997399
0.997899
0.998522
0.998682
0.998684
0.998689
0.998727
0.998779
0.998786
0.983529
0.983506
0.983476
0.983408
0.983305
0.983255
0.983167
0.981585
0.970382
0.96463
0.964241
0.964172
0.964209
0.964495
0.964747
0.964821
0.964917
0.965023
0.965046
0.965052
0.965132
0.965658
0.965927
0.966092
0.966919
0.986411
0.986386
0.986302
0.986084
0.985459
0.984895
0.984301
0.982962
0.976942
0.973267
0.971238
0.969052
0.967471
0.9666
0.966489
0.966685
0.966775
0.96664
0.965842
0.964639
0.963696
0.963077
0.963
0.96313
0.964386
0.99111
0.991632
0.991783
0.991702
0.991272
0.990294
0.987858
0.985639
0.981147
0.978219
0.977939
0.978268
0.977505
0.972676
0.96896
0.968155
0.968402
0.969486
0.970094
0.970153
0.969616
0.96722
0.96605
0.965791
0.966299
0.993333
0.994048
0.994848
0.995332
0.995318
0.995127
0.994317
0.991597
0.985105
0.981407
0.980534
0.980539
0.98043
0.978831
0.973424
0.970735
0.970496
0.971433
0.973126
0.973788
0.973758
0.972836
0.971835
0.971538
0.971895
0.994559
0.995285
0.995931
0.996716
0.997087
0.9971
0.996912
0.995833
0.99177
0.985882
0.982975
0.982217
0.981923
0.980976
0.976954
0.974558
0.974679
0.97706
0.979999
0.980815
0.980618
0.978675
0.977153
0.976706
0.977096
0.995889
0.996586
0.997049
0.99755
0.997986
0.998123
0.99808
0.997712
0.996235
0.991841
0.987317
0.9845
0.983468
0.982259
0.978914
0.977751
0.978339
0.982126
0.985911
0.987071
0.987005
0.98515
0.982481
0.981026
0.980926
0.997112
0.997684
0.998109
0.998494
0.99876
0.998816
0.998786
0.998617
0.998023
0.996422
0.992395
0.987961
0.986155
0.983348
0.980365
0.97978
0.980613
0.984804
0.988455
0.989675
0.989739
0.988865
0.98628
0.984057
0.98349
0.998286
0.998623
0.998863
0.999116
0.999286
0.999312
0.999289
0.999187
0.998893
0.998179
0.996226
0.992015
0.988993
0.984914
0.981936
0.981486
0.982383
0.986423
0.989736
0.990923
0.991044
0.990535
0.988438
0.985977
0.985341
0.999186
0.999398
0.999496
0.999579
0.99961
0.999602
0.999572
0.999498
0.999332
0.998968
0.998083
0.995886
0.991567
0.986495
0.983369
0.982919
0.983767
0.987599
0.990948
0.992229
0.992371
0.991827
0.989638
0.987202
0.986603
0.999728
0.999803
0.999844
0.999867
0.999866
0.999852
0.999818
0.999744
0.999583
0.999359
0.998885
0.997724
0.99437
0.988294
0.984743
0.984161
0.984885
0.988517
0.992275
0.993866
0.994102
0.993533
0.991181
0.988511
0.987841
0.999904
0.999926
0.999937
0.999938
0.999937
0.999931
0.999916
0.999877
0.999762
0.999583
0.999283
0.998573
0.996327
0.99014
0.986042
0.985261
0.985871
0.989324
0.993504
0.995477
0.995904
0.995492
0.993396
0.990162
0.989253
0.999956
0.999957
0.999955
0.999951
0.999951
0.99995
0.999946
0.999931
0.999875
0.999725
0.999505
0.999015
0.997396
0.991787
0.987202
0.986236
0.986763
0.990045
0.994465
0.996732
0.997378
0.997173
0.995753
0.992154
0.990978
0.999965
0.999959
0.999941
0.999923
0.999927
0.999939
0.999943
0.99994
0.99992
0.999839
0.999658
0.999263
0.997991
0.993011
0.988202
0.987116
0.987589
0.990739
0.995196
0.99756
0.998358
0.99831
0.997522
0.994214
0.99268
0.999952
0.999922
0.999834
0.999769
0.999785
0.999842
0.999909
0.999931
0.999926
0.999888
0.999761
0.999428
0.998347
0.993881
0.989057
0.987914
0.988356
0.991428
0.99579
0.998098
0.998955
0.998999
0.99859
0.995986
0.994384
0.999873
0.999762
0.999459
0.99927
0.999316
0.99949
0.999752
0.999883
0.999914
0.999899
0.999816
0.999535
0.998561
0.994448
0.989751
0.988608
0.989038
0.992084
0.996299
0.998469
0.999267
0.999343
0.99907
0.997109
0.995948
0.999623
0.999274
0.998433
0.998041
0.998148
0.998557
0.999293
0.999722
0.999873
0.999886
0.999832
0.999581
0.998641
0.994728
0.990272
0.989179
0.989617
0.992691
0.996735
0.998731
0.999423
0.999485
0.999225
0.997659
0.997069
0.998979
0.997973
0.996355
0.995838
0.99602
0.996654
0.998215
0.999315
0.999759
0.999855
0.999822
0.999588
0.998646
0.994816
0.990636
0.989626
0.990092
0.99324
0.997096
0.998913
0.999501
0.999535
0.999248
0.998023
0.997915
0.997441
0.995462
0.993632
0.993221
0.993439
0.994168
0.9961
0.998429
0.999495
0.999789
0.99979
0.99958
0.998623
0.994762
0.990855
0.989961
0.990477
0.993734
0.99739
0.99904
0.999547
0.999557
0.999282
0.998583
0.998756
0.994892
0.99271
0.991451
0.9913
0.991505
0.992155
0.99362
0.99684
0.998953
0.999651
0.999726
0.99954
0.998525
0.994567
0.990967
0.990211
0.990796
0.99418
0.997626
0.999127
0.999602
0.999629
0.999565
0.999355
0.999514
0.992441
0.990982
0.990448
0.990418
0.990541
0.991021
0.992152
0.99496
0.998025
0.999383
0.999628
0.999469
0.998378
0.994297
0.991028
0.990407
0.991075
0.994587
0.99781
0.999186
0.999687
0.999803
0.999831
0.999806
0.999859
0.990893
0.990196
0.990049
0.990138
0.990242
0.990484
0.99121
0.993367
0.996922
0.998945
0.999459
0.999351
0.99825
0.994123
0.991084
0.990571
0.991332
0.994957
0.997966
0.999253
0.99974
0.999886
0.999934
0.999946
0.999961
0.990152
0.989885
0.989916
0.990165
0.990274
0.990371
0.99075
0.992148
0.995824
0.998434
0.999263
0.999217
0.998145
0.994018
0.991138
0.990712
0.99158
0.995297
0.998117
0.999319
0.999772
0.999918
0.999968
0.999985
0.999979
0.98982
0.989765
0.989889
0.990628
0.990791
0.990639
0.990713
0.991465
0.994626
0.997869
0.999036
0.999055
0.998038
0.993947
0.991186
0.990834
0.991827
0.995624
0.998262
0.999381
0.999795
0.999933
0.999979
0.999993
0.999977
0.989667
0.989708
0.990075
0.991713
0.991965
0.991411
0.99092
0.991252
0.993594
0.997273
0.998775
0.998867
0.99791
0.993883
0.991222
0.990942
0.992085
0.995947
0.998404
0.999437
0.999815
0.999941
0.999982
0.999995
0.99997
0.989568
0.98969
0.990487
0.993131
0.993557
0.992854
0.991379
0.99137
0.992836
0.99668
0.998497
0.998675
0.997764
0.993801
0.991251
0.991045
0.992368
0.996264
0.998541
0.999491
0.999833
0.999947
0.999984
0.999995
0.99996
0.989497
0.989749
0.991197
0.994367
0.994996
0.994431
0.9922
0.991579
0.99248
0.996066
0.99822
0.998472
0.997592
0.993691
0.991269
0.991142
0.992686
0.996572
0.998675
0.999543
0.999851
0.999953
0.999986
0.999995
0.999946
0.98943
0.989861
0.992091
0.994981
0.995751
0.995402
0.993225
0.991925
0.992423
0.99552
0.997941
0.998249
0.997389
0.993562
0.991276
0.991233
0.993054
0.996864
0.998808
0.999595
0.999869
0.999959
0.999988
0.999995
0.999929
0.98939
0.989993
0.992743
0.99548
0.99617
0.99595
0.994089
0.992334
0.992521
0.995067
0.997609
0.99793
0.997064
0.993304
0.991251
0.991314
0.993512
0.99718
0.998952
0.999651
0.99989
0.999966
0.99999
0.999995
0.999905
0.989364
0.990055
0.99306
0.995724
0.996349
0.996211
0.994631
0.992727
0.992734
0.994786
0.997233
0.997486
0.996548
0.992857
0.991181
0.99141
0.99407
0.997527
0.999108
0.999711
0.999906
0.999969
0.99999
0.999994
0.999869
0.989322
0.99006
0.993136
0.995798
0.996381
0.996242
0.994793
0.992964
0.992929
0.994707
0.99684
0.996969
0.995871
0.992322
0.991099
0.991553
0.994696
0.997875
0.999263
0.999761
0.999912
0.999963
0.999984
0.999989
0.99982
0.989252
0.989876
0.992718
0.995652
0.996261
0.996054
0.994681
0.993167
0.993135
0.994752
0.99642
0.996403
0.99504
0.991817
0.991037
0.991788
0.995383
0.998214
0.999417
0.999795
0.999882
0.999912
0.999946
0.999969
0.999742
0.989161
0.989761
0.991998
0.995181
0.995951
0.995556
0.994416
0.993439
0.993444
0.994862
0.995942
0.995783
0.994153
0.991417
0.991002
0.992174
0.996095
0.998554
0.999565
0.99977
0.999745
0.999735
0.999783
0.999895
0.999605
0.989106
0.989582
0.991233
0.994648
0.995627
0.995201
0.994232
0.993676
0.993764
0.994934
0.995435
0.995206
0.993319
0.991096
0.990994
0.992805
0.996779
0.998893
0.999638
0.999641
0.99932
0.999192
0.999314
0.999682
0.999349
0.988964
0.989392
0.990407
0.993853
0.995203
0.995053
0.994252
0.993901
0.994072
0.994886
0.995041
0.994753
0.992447
0.99084
0.991031
0.993709
0.997427
0.999188
0.999626
0.999359
0.998278
0.997926
0.998228
0.999199
0.998893
0.988813
0.989251
0.989855
0.992472
0.99474
0.99507
0.994446
0.994201
0.994316
0.99475
0.994811
0.99416
0.991531
0.990656
0.991244
0.994799
0.998065
0.999396
0.99955
0.998706
0.996374
0.995716
0.996367
0.998366
0.998191
0.988785
0.989195
0.989561
0.990829
0.994046
0.994867
0.994548
0.994409
0.994426
0.994654
0.994561
0.993026
0.990822
0.990564
0.991816
0.995989
0.998631
0.999497
0.999415
0.997398
0.993695
0.992863
0.994051
0.99729
0.997291
0.98879
0.989183
0.989428
0.989939
0.992357
0.994325
0.994571
0.99444
0.994431
0.994489
0.993973
0.991623
0.99039
0.990564
0.992983
0.99707
0.99907
0.999516
0.999162
0.996098
0.991508
0.990461
0.992014
0.996099
0.99626
0.988882
0.989215
0.989393
0.989561
0.990453
0.993152
0.994216
0.994331
0.994297
0.994013
0.992326
0.99056
0.990199
0.99084
0.994587
0.998001
0.999354
0.999524
0.999013
0.995682
0.990765
0.98936
0.990615
0.994572
0.99508
0.989251
0.98942
0.989439
0.989457
0.989682
0.99071
0.992664
0.993418
0.993409
0.992298
0.990787
0.990043
0.990188
0.991936
0.996281
0.998727
0.999531
0.999555
0.998944
0.995567
0.99062
0.988728
0.989545
0.992776
0.994205
0.990178
0.990049
0.98977
0.989494
0.989492
0.989715
0.990565
0.991111
0.991217
0.99057
0.989996
0.989932
0.990512
0.9941
0.997634
0.999231
0.999644
0.999595
0.998911
0.995665
0.990778
0.988506
0.988582
0.989894
0.993123
0.991935
0.991438
0.990778
0.989896
0.989547
0.989487
0.989653
0.989899
0.989979
0.98985
0.989801
0.990081
0.992177
0.996319
0.99864
0.999546
0.999721
0.999637
0.99903
0.996533
0.991655
0.988683
0.988126
0.988692
0.992209
0.994516
0.99376
0.992827
0.991263
0.990163
0.989676
0.989564
0.989654
0.989724
0.989781
0.989987
0.991312
0.995209
0.997952
0.999278
0.999721
0.999781
0.999708
0.999335
0.998013
0.993727
0.989588
0.988098
0.988274
0.991562
0.997106
0.996368
0.995523
0.994089
0.992256
0.990797
0.990125
0.989946
0.989995
0.990279
0.991429
0.99469
0.997396
0.99895
0.999624
0.99982
0.999836
0.999779
0.999528
0.998744
0.995995
0.991223
0.988577
0.988407
0.991324
0.998226
0.997904
0.997372
0.996752
0.995655
0.99405
0.992587
0.991815
0.991729
0.992739
0.995016
0.99718
0.998675
0.999478
0.999792
0.99986
0.999841
0.999706
0.999402
0.998853
0.997364
0.993208
0.9895
0.988802
0.991341
0.998724
0.998573
0.998187
0.997833
0.997377
0.996701
0.995889
0.995384
0.995349
0.996153
0.997437
0.998583
0.999352
0.999735
0.99986
0.999864
0.999762
0.999432
0.999195
0.998866
0.998015
0.995093
0.990652
0.989454
0.991461
0.999144
0.999186
0.999058
0.998759
0.998463
0.99814
0.997799
0.997577
0.997625
0.99808
0.998739
0.999315
0.999683
0.999846
0.999879
0.999843
0.999587
0.99924
0.999068
0.998893
0.998472
0.996947
0.992191
0.990258
0.991656
0.999303
0.999404
0.99941
0.999299
0.999139
0.998984
0.998849
0.998772
0.998834
0.999074
0.999398
0.99967
0.99983
0.999886
0.999885
0.99982
0.999522
0.99918
0.999021
0.998914
0.998691
0.997901
0.993896
0.991188
0.991983
0.999464
0.999566
0.999586
0.999572
0.99951
0.999452
0.999407
0.999391
0.99944
0.99956
0.99971
0.999828
0.999888
0.9999
0.999887
0.999797
0.999471
0.999166
0.999037
0.998987
0.998898
0.998509
0.995443
0.992253
0.992568
0.999631
0.999682
0.999698
0.9997
0.999693
0.999685
0.99968
0.999689
0.999721
0.999779
0.999844
0.999889
0.999906
0.999905
0.999882
0.999761
0.999405
0.999162
0.999089
0.999076
0.999053
0.998831
0.996522
0.993294
0.993286
0.99978
0.999791
0.999787
0.999789
0.99979
0.999802
0.999811
0.999824
0.999843
0.999869
0.999894
0.999908
0.999911
0.999905
0.999872
0.999724
0.999356
0.999155
0.999128
0.999184
0.999223
0.99909
0.997277
0.994211
0.994077
0.999874
0.99987
0.99986
0.999857
0.999858
0.999869
0.999878
0.999888
0.999897
0.999906
0.999914
0.999916
0.999915
0.999905
0.999864
0.999689
0.999304
0.999127
0.999119
0.999225
0.999312
0.999234
0.997919
0.99505
0.994832
0.999914
0.999906
0.999901
0.999901
0.999904
0.99991
0.999914
0.999917
0.999919
0.99992
0.999921
0.999921
0.999917
0.999904
0.999853
0.999622
0.9992
0.999047
0.999063
0.999237
0.999338
0.999282
0.998404
0.995883
0.995426
0.999937
0.999936
0.999936
0.999937
0.999938
0.999938
0.999936
0.999934
0.999932
0.99993
0.999929
0.999927
0.999921
0.999901
0.999821
0.999436
0.99898
0.99888
0.998953
0.999215
0.999295
0.99925
0.998692
0.996563
0.995841
0.99995
0.99995
0.999953
0.999955
0.999957
0.999957
0.999955
0.999952
0.999948
0.999945
0.999941
0.999934
0.999921
0.999879
0.999648
0.998894
0.998493
0.99848
0.998688
0.998911
0.998921
0.998863
0.998708
0.997858
0.996596
0.999928
0.999926
0.999937
0.999942
0.99995
0.999957
0.999961
0.999959
0.999955
0.999949
0.999942
0.999929
0.999877
0.999588
0.998471
0.997537
0.997334
0.997415
0.997537
0.997484
0.997339
0.997455
0.997944
0.997928
0.997135
0.999649
0.999634
0.999655
0.999643
0.999656
0.999725
0.999838
0.999916
0.999892
0.999836
0.999686
0.999207
0.997864
0.995804
0.994149
0.993468
0.992904
0.99232
0.991877
0.991761
0.991958
0.993391
0.995293
0.995595
0.994795
0.998742
0.998676
0.998475
0.99804
0.997229
0.996042
0.994982
0.994478
0.993971
0.993242
0.992116
0.990535
0.988925
0.98795
0.987539
0.987368
0.987344
0.987606
0.988452
0.989378
0.990233
0.991073
0.991771
0.992039
0.992976
)
;

boundaryField
{
    inlet
    {
        type            fixedValue;
        value           uniform 1;
    }
    outlet
    {
        type            inletOutlet;
        inletValue      uniform 0;
        value           nonuniform List<scalar> 
57
(
0.966919
0.964386
0.966299
0.971895
0.977096
0.980926
0.98349
0.985341
0.986603
0.987841
0.989253
0.990978
0.99268
0.994384
0.995948
0.997069
0.997915
0.998756
0.999514
0.999859
0.999961
0.999979
0.999977
0.99997
0.99996
0.999946
0.999929
0.999905
0.999869
0.99982
0.999742
0.999605
0.999349
0.998893
0.998191
0.997291
0.99626
0.99508
0.994205
0.993123
0.992209
0.991562
0.991324
0.991341
0.991461
0.991656
0.991983
0.992568
0.993286
0.994077
0.994832
0.995426
0.995841
0.996596
0.997135
0.994795
0.992976
)
;
    }
    upperWall
    {
        type            zeroGradient;
    }
    lowerWall
    {
        type            zeroGradient;
    }
    frontAndBack
    {
        type            empty;
    }
}


// ************************************************************************* //
