/*--------------------------------*- C++ -*----------------------------------*\
  =========                 |
  \\      /  F ield         | OpenFOAM: The Open Source CFD Toolbox
   \\    /   O peration     | Website:  https://openfoam.org
    \\  /    A nd           | Version:  6
     \\/     M anipulation  |
\*---------------------------------------------------------------------------*/
FoamFile
{
    version     2.0;
    format      ascii;
    class       volScalarField;
    location    "0.4";
    object      nut;
}
// * * * * * * * * * * * * * * * * * * * * * * * * * * * * * * * * * * * * * //

dimensions      [0 2 -1 0 0 0 0];

internalField   nonuniform List<scalar> 
12225
(
8.55849e-10
7.92995e-09
8.14093e-09
1.33351e-09
0
0
0
0
0
0
0
0
0
0
0
0
0
0
1.00936e-10
1.84998e-09
2.05315e-09
3.69302e-10
0
0
0
0
0
0
0
0
0
0
0
0
0
0
0
4.52404e-10
7.12393e-10
9.37423e-11
0
0
0
0
0
0
0
0
0
0
0
0
0
0
0
0
3.71224e-08
2.00584e-08
0
0
0
0
0
0
0
0
0
0
0
0
0
0
0
0
6.22023e-07
3.54155e-07
0
0
0
0
2.05673e-08
0
0
1.3219e-08
5.4185e-08
6.54644e-08
5.04342e-08
2.5195e-08
0
0
0
9.89158e-07
8.64057e-07
8.74746e-08
0
0
7.09464e-07
7.53177e-08
0
2.07696e-08
2.40196e-07
3.55092e-07
2.8549e-07
4.64289e-08
0
0
0
0
1.79715e-06
1.10876e-06
4.66239e-08
1.11796e-06
2.05402e-06
5.24658e-07
0
0
0
0
0
4.04581e-07
2.35054e-07
0
0
0
0
0
1.19069e-06
5.55568e-07
4.15391e-07
4.82142e-06
4.49005e-06
2.36728e-07
0
0
0
0
0
0
0
0
0
0
0
0
0
0
1.20103e-06
5.2034e-06
1.89243e-06
0
0
0
0
0
0
0
0
0
0
1.46403e-07
3.15574e-07
0
0
0
0
7.01769e-07
0
0
0
0
0
0
0
0
6.01356e-07
4.56122e-07
4.98644e-08
1.05948e-07
5.47016e-08
0
0
2.21657e-07
0
0
0
0
0
0
0
1.29495e-07
9.40027e-07
1.48599e-06
1.50144e-06
9.71371e-07
2.19603e-07
0
0
2.49557e-08
8.52286e-07
6.95e-07
0
0
0
0
0
0
3.5578e-07
6.57364e-07
8.38115e-07
9.22657e-07
8.95369e-07
6.64796e-07
2.76816e-07
0
0
0
1.50602e-06
1.49986e-06
9.16377e-07
6.23676e-07
5.88033e-08
0
0
5.73009e-07
6.3443e-07
6.59397e-07
6.55813e-07
6.24429e-07
5.87333e-07
5.18148e-07
2.3502e-07
0
0
0
1.16815e-06
1.14057e-06
2.06522e-06
1.60822e-06
7.7007e-07
0
0
0
0
6.06032e-07
8.26591e-07
6.25319e-07
5.82413e-07
7.73495e-07
6.77946e-07
1.82546e-09
0
0
0
1.33908e-06
1.45432e-06
2.6476e-06
7.52798e-07
0
0
3.17784e-07
0
0
0
0
5.15687e-07
6.10296e-07
0
0
0
0
0
0
1.36646e-06
2.23582e-06
3.70061e-07
0
0
1.76427e-07
3.24562e-06
0
0
0
0
0
0
0
1.65075e-07
7.10268e-07
0
0
0
1.42176e-06
7.33137e-07
0
0
0
0
0
7.77808e-08
8.09435e-07
0
0
0
0
0
9.72585e-08
5.56053e-07
1.4249e-07
0
0
1.68377e-07
4.29953e-07
9.57244e-09
0
0
3.783e-08
3.16762e-07
2.89452e-07
1.83632e-07
1.10172e-07
4.6693e-08
0
0
0
7.61063e-07
4.94242e-07
0
0
6.43412e-07
2.2857e-07
0
0
1.02155e-07
7.09129e-07
1.16204e-06
9.53826e-07
8.81648e-08
0
7.67892e-08
2.24315e-08
0
0
5.2253e-07
4.2579e-07
2.7733e-07
2.4979e-07
2.68583e-07
0
0
0
0
4.83946e-07
1.69436e-06
0
0
0
0
0
0
0
2.9505e-07
4.04365e-07
5.22027e-07
3.36786e-07
0
0
3.01462e-07
0
0
3.17523e-07
4.82995e-07
0
0
0
0
0
0
0
0
4.12604e-07
1.30341e-06
1.03566e-06
0
0
9.0831e-07
1.41173e-06
9.53927e-07
6.5145e-07
0
0
0
0
0
0
0
0
0
0
9.22678e-08
0
0
0
0
0
0
0
0
0
0
0
0
0
0
0
0
0
0
0
0
0
0
0
0
0
0
0
0
0
0
0
0
0
0
0
0
0
0
0
0
0
0
1.20602e-07
0
0
0
0
0
0
0
0
0
0
0
0
0
0
0
0
0
3.96345e-07
6.80469e-07
2.50842e-07
0
2.08176e-08
1.67443e-07
7.6426e-08
0
0
0
1.16906e-08
2.05658e-08
2.22633e-08
2.63346e-08
1.73979e-08
2.27594e-09
0
6.63793e-10
7.49993e-09
1.19095e-08
1.21798e-08
9.09522e-09
5.33672e-09
2.02729e-09
0
0
0
4.15971e-10
0
0
0
1.11922e-10
0
0
0
0
0
1.70836e-10
5.92895e-10
6.74848e-10
4.40673e-10
6.57588e-11
0
0
0
8.45662e-11
0
0
0
0
0
0
0
0
0
0
0
0
0
0
0
0
0
0
0
0
0
0
0
0
0
0
0
0
0
0
0
0
0
0
0
0
1.71912e-05
6.17327e-06
0
0
0
2.18369e-06
4.75942e-06
4.30307e-06
2.30939e-06
2.3958e-07
0
0
0
0
0
0
0
0
0
0
2.31103e-07
4.34162e-07
4.95108e-07
3.84624e-07
7.74112e-08
0
0
0
0
0
0
8.33211e-07
7.08028e-06
2.03696e-05
4.54308e-05
6.70652e-05
6.86166e-05
5.86667e-05
4.83415e-05
3.51447e-05
3.35671e-05
3.20321e-05
2.2194e-05
8.66987e-06
0
0
0
0
0
0
1.9423e-06
3.4649e-06
2.69485e-06
1.39655e-06
2.43028e-07
0
0
0
0
0
0
0
0
0
3.88697e-07
9.63158e-07
1.30002e-06
1.45471e-06
2.19449e-06
2.56359e-06
1.85196e-06
5.19901e-07
0
0
0
3.32579e-06
4.95597e-06
5.51164e-06
7.26555e-06
1.07665e-05
1.84606e-05
3.10252e-05
4.4635e-05
4.7804e-05
3.4609e-05
1.32114e-05
0
0
0
0
9.54712e-06
7.97216e-06
3.63347e-06
2.30155e-06
1.6314e-06
1.11105e-06
8.02257e-07
5.84476e-07
4.4888e-07
3.41853e-07
2.26945e-07
9.53085e-08
0
0
0
0
0
0
0
0
0
0
0
0
0
0
0
0
0
0
0
0
0
0
0
0
0
0
0
0
0
0
0
0
0
0
0
0
0
0
1.06491e-06
1.91192e-06
1.61865e-06
1.11967e-06
6.62017e-07
3.01507e-07
3.73817e-08
0
0
0
0
0
0
0
0
8.04093e-08
0
0
0
0
0
0
1.11383e-07
8.42493e-07
4.67423e-07
0
0
0
0
0
0
1.07375e-07
6.53137e-08
0
0
0
0
0
6.27935e-08
0
1.93837e-06
3.21573e-07
0
3.80341e-07
3.00965e-06
6.53413e-06
9.50975e-06
1.05481e-05
9.32862e-06
6.36009e-06
2.89267e-06
1.19839e-07
0
0
0
0
0
0
0
0
2.78664e-07
4.15018e-07
3.42241e-07
3.20355e-08
0
0
0
0
0
0
0
1.07334e-06
2.59218e-06
4.82191e-06
7.01835e-06
7.38309e-06
7.44446e-06
9.87064e-06
1.12296e-05
9.4659e-06
1.64462e-05
2.43698e-05
0
0
0
0
0
0
0
0
0
0
0
0
0
0
0
0
0
0
0
0
0
0
0
3.51892e-07
1.63729e-08
0
1.10711e-06
3.11232e-06
3.86159e-06
3.02232e-06
0
0
0
1.30714e-06
6.1218e-06
1.06013e-05
1.68141e-05
2.3963e-05
3.3794e-05
4.25222e-05
4.30873e-05
2.88863e-05
1.00531e-05
2.68581e-06
3.09968e-06
1.43973e-06
0
0
8.56956e-06
6.85949e-06
3.40359e-06
2.47783e-06
1.91223e-06
1.39097e-06
1.05813e-06
8.14223e-07
6.48513e-07
5.04802e-07
3.40285e-07
1.39828e-07
0
0
0
0
0
0
0
0
0
0
0
0
0
0
0
0
0
0
0
0
0
0
0
0
0
0
0
0
0
0
0
0
0
0
0
0
0
0
0
8.82064e-07
1.53056e-06
1.4238e-06
1.04001e-06
6.32132e-07
2.9806e-07
5.3112e-08
0
0
0
0
0
0
0
7.96098e-08
1.27604e-08
0
0
0
0
0
0
7.20624e-07
4.17675e-07
0
0
0
0
0
0
3.31824e-08
5.00563e-08
0
0
0
0
0
0
9.73721e-06
3.22716e-06
4.0944e-06
4.60121e-06
5.29655e-06
6.8127e-06
8.75139e-06
1.03768e-05
1.12214e-05
1.05125e-05
8.11688e-06
4.11105e-06
0
0
0
0
0
0
0
0
5.34882e-07
2.66861e-06
3.7718e-06
3.92074e-06
3.404e-06
2.63298e-06
1.9647e-06
1.53148e-06
1.2755e-06
1.12085e-06
1.00196e-06
8.25661e-07
6.53779e-07
7.88803e-07
1.4519e-06
2.43402e-06
2.6662e-06
2.62291e-06
2.15313e-06
0
0
8.20071e-07
7.51437e-06
0
0
0
0
0
0
0
0
0
0
0
0
0
0
0
0
0
0
0
0
0
0
0
6.66111e-06
8.63107e-06
6.7353e-06
7.49265e-06
8.96997e-06
6.37186e-06
0
0
0
0
0
0
0
3.68879e-05
5.44999e-05
4.97434e-05
3.28542e-05
1.57589e-05
5.40161e-06
3.00637e-06
3.27509e-06
4.89089e-06
5.52546e-06
1.20174e-07
0
6.07289e-06
9.69077e-06
6.64313e-06
6.39998e-06
5.35115e-06
4.11125e-06
3.32617e-06
2.72166e-06
2.17436e-06
1.6499e-06
1.05572e-06
4.1438e-07
0
0
0
0
0
0
0
0
0
0
0
0
0
0
0
0
0
0
0
0
0
0
0
0
0
0
0
0
0
0
0
0
0
0
0
0
0
0
0
0
0
0
4.35982e-07
7.34907e-07
7.55685e-07
6.02785e-07
3.70867e-07
9.42084e-08
0
0
0
0
5.40047e-09
4.70064e-08
8.29471e-09
0
0
0
0
0
0
4.85928e-08
2.51808e-07
0
0
0
0
0
0
2.45046e-07
3.54967e-07
4.31212e-08
0
0
0
0
0
5.82258e-06
6.06919e-06
6.81487e-06
6.66181e-06
6.23982e-06
6.29036e-06
6.77846e-06
5.71389e-06
4.58877e-07
0
0
0
0
0
0
0
0
0
0
0
0
0
0
2.0454e-08
9.95146e-06
1.90284e-05
2.2683e-05
1.91682e-05
1.2992e-05
7.80836e-06
4.34051e-06
2.23938e-06
1.07066e-06
5.48583e-07
3.96516e-07
4.98054e-07
8.26397e-07
1.85734e-06
3.344e-06
2.95062e-06
2.84001e-06
9.34919e-06
1.66065e-05
5.85084e-06
0
0
0
0
0
0
0
0
0
0
0
0
0
0
0
0
0
0
0
0
0
0
1.07902e-06
2.38444e-06
1.25586e-06
1.77115e-06
3.05449e-06
8.12151e-07
0
0
0
0
0
0
0
1.44041e-05
3.20141e-05
1.04732e-05
2.90604e-06
0
0
1.35562e-06
2.04572e-06
3.19503e-06
3.6131e-06
0
0
0
0
0
0
0
0
1.08798e-06
2.00233e-06
2.85507e-06
3.1627e-06
3.42516e-06
2.69061e-06
0
0
0
0
0
0
0
0
0
0
0
0
0
0
0
0
0
0
0
0
0
0
0
0
0
0
0
0
0
0
0
0
0
0
0
0
0
0
0
0
0
0
0
0
0
0
0
0
0
0
0
0
0
0
0
0
0
0
0
0
1.33804e-05
1.39079e-05
6.90229e-06
0
0
0
0
0
1.45624e-06
3.83854e-06
3.98654e-06
2.52098e-06
1.11744e-07
0
0
0
0
5.63079e-06
9.67539e-06
7.8297e-06
5.87464e-06
5.43004e-06
2.19691e-06
0
0
0
0
0
0
0
0
0
0
0
0
0
0
0
0
0
0
0
6.1236e-07
5.78958e-06
1.20118e-05
1.46283e-05
1.14944e-05
6.65065e-06
2.90652e-06
6.8734e-07
0
0
0
0
0
0
5.19333e-07
1.9254e-06
2.69021e-06
2.20414e-06
8.28255e-07
0
0
0
0
0
0
0
5.18046e-07
6.35804e-07
0
0
0
0
0
0
0
0
0
0
0
0
0
0
0
4.32603e-07
1.10006e-06
3.36027e-07
0
0
0
0
0
0
5.0299e-06
1.80998e-05
3.33863e-05
3.75231e-06
0
0
0
0
0
0
2.34018e-08
0
0
0
0
0
2.70231e-06
0
0
0
0
3.51752e-07
5.74461e-07
5.70907e-07
2.38995e-07
0
0
2.04852e-06
2.88569e-06
2.17233e-06
1.18176e-06
4.32713e-07
0
0
0
0
0
0
0
0
0
0
0
0
0
0
0
0
0
0
0
0
0
0
0
0
0
0
0
0
0
0
0
0
0
0
0
0
0
0
0
0
0
0
0
0
0
0
0
0
0
5.26519e-06
5.07452e-06
1.41692e-06
5.15924e-06
0
0
2.64212e-06
5.09741e-06
9.17563e-07
0
0
0
0
8.19165e-06
1.11983e-05
9.07968e-06
4.89193e-06
4.77844e-07
0
0
3.79224e-07
1.23684e-06
5.62137e-06
7.67214e-06
7.15944e-06
7.33994e-06
0
0
0
0
0
0
0
0
0
0
0
0
0
0
0
0
0
0
0
2.8661e-06
7.39162e-06
1.02197e-05
1.34111e-05
1.72877e-05
1.80739e-05
1.34734e-05
7.33785e-06
2.48803e-06
0
0
0
0
0
0
0
0
0
0
0
0
0
0
0
0
0
0
0
0
0
0
0
7.41806e-07
2.17972e-07
0
0
0
4.70152e-07
1.164e-06
0
0
0
0
0
0
0
0
0
0
0
0
0
0
4.54101e-06
6.74506e-06
8.1344e-07
0
0
0
0
0
0
0
0
0
0
0
0
0
6.40758e-06
1.65785e-05
1.13724e-06
7.54196e-07
6.96604e-07
6.43553e-07
7.08841e-07
8.9136e-07
9.33947e-07
5.51873e-07
1.94876e-08
3.25863e-07
1.35438e-06
1.93145e-06
1.76584e-06
1.25432e-06
8.92181e-07
6.39738e-07
3.28593e-07
0
0
0
0
0
0
0
0
0
0
0
0
0
0
0
0
0
0
0
0
0
0
0
0
0
0
0
0
0
0
0
0
0
0
0
0
0
0
0
0
0
0
0
0
2.09702e-06
7.91722e-06
1.26219e-05
2.40125e-06
9.37606e-06
6.68379e-06
1.18055e-05
3.087e-06
0
0
8.98412e-06
8.18108e-06
0
0
0
0
8.32221e-06
1.44881e-05
1.12549e-05
5.00136e-06
0
0
0
1.55682e-06
2.96379e-06
9.05922e-07
1.61683e-06
2.57813e-06
5.57872e-06
0
0
0
0
0
0
0
0
0
0
0
0
0
0
0
0
0
0
0
4.73742e-05
4.40787e-05
3.59598e-05
3.16119e-05
2.8001e-05
2.22868e-05
1.47473e-05
7.82212e-06
2.78679e-06
0
0
0
0
0
0
0
0
0
0
0
0
0
5.75759e-08
0
0
0
0
0
0
0
0
0
5.29152e-07
4.08036e-07
1.4061e-07
0
0
0
0
3.64275e-08
0
0
0
0
0
0
0
0
0
0
0
0
1.062e-06
1.86492e-06
0
0
0
0
0
0
0
0
0
0
0
0
0
0
9.08681e-07
8.21982e-07
3.56134e-06
1.12544e-06
1.32577e-06
1.07035e-06
9.44107e-07
7.95994e-07
7.60803e-07
4.43896e-07
0
0
0
6.02015e-07
9.43965e-07
6.43449e-07
2.04375e-07
5.66347e-08
1.7032e-07
3.47643e-07
5.40952e-07
5.10607e-07
1.13664e-07
0
0
0
0
0
0
0
0
0
0
0
0
0
0
0
0
0
0
0
0
0
0
0
0
0
0
0
0
0
0
0
0
0
0
0
0
0
0
0
0
5.55176e-07
3.44185e-06
8.13239e-06
2.43525e-05
8.88191e-06
5.14698e-06
5.19483e-06
2.54856e-05
2.46945e-05
2.70209e-05
1.23905e-05
4.60949e-06
5.72263e-06
4.50896e-06
2.60288e-06
7.5536e-06
1.50437e-06
0
1.27666e-05
1.15701e-05
3.74417e-06
0
0
3.3581e-07
3.5213e-06
3.8525e-06
9.92474e-08
1.81495e-07
3.7308e-07
1.25151e-06
0
0
0
0
0
0
0
0
0
0
0
0
0
0
0
0
0
0
0
9.69084e-05
5.77543e-05
3.79195e-05
2.78953e-05
2.1792e-05
1.706e-05
1.22161e-05
6.8389e-06
2.17261e-06
0
0
0
0
0
0
0
0
0
0
0
0
0
0
0
0
0
0
0
0
0
0
0
7.36286e-07
1.53164e-06
2.31129e-06
2.32914e-06
1.45358e-06
2.64781e-07
0
0
0
0
0
0
0
0
0
0
0
0
0
0
0
0
0
0
0
0
0
0
0
0
0
0
0
0
0
0
2.41978e-06
9.8549e-08
3.16536e-06
2.54994e-06
1.47533e-06
8.63124e-07
5.8807e-07
3.14695e-07
8.44757e-08
0
0
0
0
0
0
0
0
0
0
0
0
1.03541e-07
5.15844e-07
4.38683e-07
0
0
0
0
0
0
0
0
0
0
0
0
0
0
0
0
0
0
0
0
0
0
0
0
0
0
0
0
0
0
0
0
0
0
0
0
0
0
0
0
1.10084e-06
4.56321e-06
1.83416e-05
1.07072e-05
3.85772e-06
0
5.27797e-06
9.72251e-06
1.55896e-05
7.17594e-06
1.58482e-06
2.23774e-06
8.46474e-06
1.65002e-05
2.05363e-05
1.34375e-05
0
5.33963e-06
9.77182e-06
1.2866e-06
0
0
3.19515e-06
5.05695e-06
3.74559e-06
6.6953e-08
1.44653e-07
3.60368e-07
4.02901e-06
0
0
0
0
0
0
0
0
0
0
0
0
0
0
0
0
0
0
6.28234e-05
6.98986e-05
4.67216e-05
3.29366e-05
2.44874e-05
1.90159e-05
1.50674e-05
1.09751e-05
6.17549e-06
1.61486e-06
0
0
0
0
0
0
0
0
0
0
0
0
0
0
0
0
0
0
0
0
0
0
0
0
0
0
0
0
0
0
0
0
0
0
0
0
0
0
0
0
0
2.40189e-07
0
0
5.74717e-07
2.96417e-06
3.1027e-06
0
0
0
5.25498e-07
7.05579e-07
0
0
0
0
0
0
1.50418e-06
9.42425e-07
1.79746e-06
2.38812e-06
2.01372e-06
7.69357e-07
2.40062e-07
7.29135e-08
0
0
0
0
0
0
0
0
0
0
0
0
0
0
0
0
2.57591e-07
1.8937e-07
0
0
0
0
0
0
0
0
0
0
0
0
0
0
0
0
0
0
0
0
0
0
0
0
0
0
0
0
0
0
0
0
0
0
0
0
0
0
0
0
7.29723e-07
9.63038e-06
9.74444e-06
2.27341e-06
0
0
3.99153e-06
8.21294e-06
3.44401e-06
5.67136e-07
6.13689e-07
8.58953e-06
3.56205e-05
3.71893e-05
3.01792e-05
0
0
5.3735e-06
0
0
5.32864e-07
5.67942e-06
5.57404e-06
3.41262e-06
6.64847e-08
1.17332e-07
1.93303e-07
0
0
0
0
0
0
0
8.7916e-06
2.49977e-05
3.65516e-05
3.21525e-05
0
0
0
0
0
0
0
2.69963e-05
6.68892e-05
6.11597e-05
4.57199e-05
3.4021e-05
2.59956e-05
2.07035e-05
1.6944e-05
1.31095e-05
7.98099e-06
3.01359e-06
6.704e-07
0
0
0
0
0
0
0
0
0
0
0
0
0
0
0
0
0
0
0
0
2.86515e-07
5.16e-07
1.75282e-07
0
0
0
0
0
0
0
0
0
0
0
0
0
0
0
0
2.97887e-06
2.18339e-06
5.59804e-07
1.22119e-06
3.61486e-06
6.74883e-06
8.51219e-06
5.76634e-06
3.22993e-06
6.61257e-06
1.467e-05
1.94263e-05
1.68008e-05
3.44229e-06
7.96675e-07
0
0
0
0
0
0
0
0
0
0
9.79401e-08
0
0
0
0
0
0
0
0
0
0
0
0
0
0
0
0
0
0
0
0
0
0
0
0
0
0
0
0
0
0
0
0
0
0
0
0
0
0
0
0
0
0
0
0
0
0
0
0
0
0
0
0
0
0
0
1.83888e-07
0
0
0
4.67237e-06
1.08834e-05
2.96221e-06
0
0
3.24373e-06
4.83343e-06
1.65483e-06
0
0
6.32249e-06
5.74354e-05
5.43191e-05
4.70293e-05
0
0
9.7279e-07
1.44379e-06
7.43136e-07
4.36567e-06
6.5311e-06
5.63184e-06
3.09742e-06
4.15242e-08
6.0808e-08
8.00683e-08
0
0
0
0
0
0
0
7.8271e-06
4.555e-05
7.91246e-05
8.72022e-05
8.77854e-05
9.28137e-05
9.52968e-05
7.38902e-05
3.98268e-05
2.4745e-05
2.92489e-05
4.54708e-05
5.68987e-05
5.34214e-05
4.34293e-05
3.41576e-05
2.75193e-05
2.32948e-05
2.02208e-05
1.61096e-05
9.70111e-06
4.14805e-06
1.75239e-06
0
0
0
0
0
0
0
0
0
0
0
0
0
0
0
0
0
0
0
0
0
0
0
0
0
0
0
0
2.96969e-07
1.20411e-06
1.77889e-06
2.12671e-06
2.28073e-06
2.32764e-06
2.36595e-06
2.3575e-06
2.23839e-06
1.77996e-06
2.21335e-07
1.4252e-06
1.56388e-06
4.35217e-07
8.0918e-07
2.12578e-06
3.89789e-06
6.45034e-06
7.92451e-06
8.17638e-06
1.06327e-05
1.7341e-05
2.53471e-05
1.88452e-05
6.9778e-06
2.35227e-06
1.06559e-07
0
0
0
0
0
0
4.90653e-07
8.84256e-07
9.08584e-07
1.02124e-06
1.23946e-06
1.34837e-06
6.05992e-07
0
0
0
0
0
0
0
0
0
0
0
0
7.99931e-08
1.28541e-07
0
0
0
0
0
0
0
0
0
0
0
0
0
0
0
0
0
0
0
0
0
0
0
0
0
0
0
0
0
0
0
1.055e-07
6.31017e-07
8.4872e-07
0
0
0
0
0
1.55932e-06
0
0
4.49102e-06
1.48484e-05
5.01904e-06
6.68127e-07
0
1.41884e-06
2.17443e-06
8.41714e-07
0
0
2.23913e-06
5.82528e-05
5.61037e-05
5.33697e-05
0.000111632
1.21735e-05
4.28096e-06
3.42862e-06
3.45963e-06
5.88337e-06
6.70846e-06
5.45302e-06
2.73475e-06
0
0
0
0
3.97043e-06
4.08499e-06
4.00477e-06
2.7138e-06
2.0713e-06
6.32228e-06
3.13138e-05
0.000100202
0.000119568
9.08014e-05
7.21845e-05
6.64811e-05
6.80914e-05
6.79058e-05
5.90371e-05
4.6888e-05
4.02971e-05
4.0651e-05
4.44317e-05
4.57818e-05
4.24621e-05
3.69605e-05
3.20101e-05
2.85038e-05
2.5611e-05
2.04604e-05
1.05953e-05
3.24754e-06
0
0
0
0
0
0
0
0
0
0
0
0
0
0
0
0
0
0
0
0
0
0
0
0
0
0
0
0
0
3.11617e-07
8.99575e-07
1.23536e-06
1.41691e-06
1.44597e-06
1.37077e-06
1.19969e-06
9.30693e-07
5.66884e-07
8.99488e-08
0
0
0
0
0
0
2.74638e-07
2.17049e-06
5.27646e-06
7.5613e-06
9.45733e-06
1.20921e-05
1.28624e-05
9.34855e-06
4.64507e-06
1.44974e-06
0
0
0
1.21194e-06
0
0
0
1.01508e-06
1.33649e-06
1.03723e-06
8.40171e-07
1.24331e-06
2.85048e-06
4.29329e-06
4.36159e-06
6.83319e-06
1.32669e-05
1.99299e-05
1.86983e-05
1.13049e-05
6.21176e-06
2.6215e-06
5.98184e-07
0
1.30467e-08
2.21554e-07
3.78004e-07
4.27468e-07
3.22054e-07
0
0
0
0
0
0
0
0
0
8.58548e-08
0
0
0
0
0
4.0554e-08
0
0
0
0
0
0
0
0
0
0
0
0
0
0
4.7473e-07
1.28234e-06
1.61734e-06
8.13182e-07
0
0
0
0
3.026e-06
2.84153e-06
0
6.20718e-06
1.42971e-05
7.20436e-06
2.17752e-06
0
0
4.5495e-07
6.8345e-07
1.8946e-07
0
0
0
1.7433e-05
4.61931e-05
0.000120062
6.3518e-05
1.09639e-05
3.88522e-06
4.08568e-06
6.20077e-06
6.54016e-06
5.04607e-06
2.57392e-06
0
0
0
0
1.03929e-05
1.71656e-05
2.12856e-05
2.3421e-05
2.5905e-05
3.36377e-05
5.87703e-05
0.000102985
0.000111443
8.98248e-05
7.09644e-05
6.05809e-05
5.62201e-05
5.22211e-05
4.50862e-05
3.62432e-05
2.90977e-05
2.48942e-05
2.33141e-05
2.34065e-05
2.39729e-05
2.40556e-05
2.37117e-05
2.39543e-05
2.57111e-05
1.97089e-05
6.4931e-06
9.35175e-07
0
0
0
0
0
0
0
0
0
0
0
0
0
0
0
0
0
0
6.68519e-07
1.1949e-06
1.51241e-06
1.49612e-06
9.67908e-07
0
0
0
0
0
0
0
1.26479e-07
5.91389e-07
9.70058e-07
1.20528e-06
1.18067e-06
9.5046e-07
5.89008e-07
1.60891e-07
0
0
1.19294e-07
3.49582e-07
0
0
0
0
0
1.33423e-06
4.08929e-06
6.01106e-06
7.09751e-06
6.91642e-06
5.08615e-06
2.4545e-06
0
0
0
0
9.01635e-07
0
0
0
1.75216e-06
2.06654e-06
1.74849e-06
1.47496e-06
1.45937e-06
2.91565e-06
8.36105e-06
7.97873e-06
8.30845e-06
1.02028e-05
1.15282e-05
9.57233e-06
6.616e-06
3.9855e-06
1.80871e-06
4.13344e-07
0
0
2.17229e-07
3.62187e-07
3.66747e-07
3.76813e-07
3.15555e-07
0
0
0
0
0
0
0
0
5.52727e-08
3.70254e-07
1.58167e-07
0
0
0
0
2.97352e-07
1.21377e-07
0
0
0
0
0
0
0
0
0
0
0
0
6.42612e-08
7.08901e-07
1.1516e-06
9.36981e-07
0
0
2.17196e-06
4.60651e-07
2.42468e-06
4.22538e-06
2.04377e-06
2.36808e-06
8.23649e-06
7.51721e-06
3.50061e-06
0
0
0
6.53136e-07
5.41612e-07
2.25718e-07
0
0
0
3.34673e-05
8.90962e-05
6.65024e-05
1.46643e-05
3.03752e-06
3.23121e-06
5.37206e-06
5.59621e-06
4.51558e-06
2.83462e-06
0
0
0
0
6.65708e-07
6.52442e-06
1.35555e-05
2.09123e-05
2.79393e-05
3.66128e-05
5.29031e-05
7.58053e-05
8.87304e-05
8.83733e-05
8.19752e-05
7.19632e-05
6.06679e-05
4.86989e-05
3.67945e-05
2.65378e-05
1.8566e-05
1.28741e-05
9.03256e-06
6.52832e-06
5.02524e-06
4.28557e-06
4.68788e-06
8.02864e-06
1.38669e-05
1.1466e-05
5.58459e-06
2.08303e-06
2.26643e-07
0
0
0
0
0
0
0
0
0
0
0
0
0
0
1.07174e-06
2.15778e-06
2.86569e-06
3.34581e-06
3.70485e-06
3.91107e-06
4.02274e-06
4.10295e-06
4.1323e-06
3.93809e-06
3.22544e-06
1.91818e-06
4.42938e-07
0
0
0
0
3.43867e-07
8.44291e-07
1.08107e-06
1.09741e-06
9.28998e-07
6.57111e-07
4.39805e-07
4.32821e-07
6.02404e-07
7.60158e-07
6.40574e-07
1.94788e-09
0
0
0
0
1.24421e-06
3.11848e-06
4.04508e-06
3.90436e-06
2.67087e-06
5.4965e-07
0
0
0
0
0
0
0
3.26596e-06
5.37698e-06
4.32407e-06
3.3776e-06
2.64142e-06
1.90869e-06
9.88335e-07
0
0
1.74235e-07
1.37977e-06
2.46791e-06
2.64731e-06
2.20031e-06
1.51032e-06
7.54684e-07
1.76196e-07
0
0
1.86606e-07
3.72062e-07
3.24155e-07
2.23737e-07
2.47254e-07
1.47893e-07
0
0
0
0
0
0
0
0
4.19987e-08
3.82845e-07
1.34776e-08
0
0
0
0
2.56729e-07
8.11735e-08
0
0
0
0
0
0
0
0
0
0
0
0
0
2.09313e-07
5.79554e-07
0
0
8.34167e-06
1.25131e-05
0
1.2239e-06
1.82976e-06
3.26827e-07
4.39647e-06
4.98529e-06
4.50709e-06
0
0
0
6.18089e-07
8.85958e-07
8.96477e-07
0
0
0
2.18929e-05
6.18852e-05
5.26023e-05
1.46671e-05
9.75404e-07
7.90649e-07
2.78601e-06
3.20591e-06
3.94194e-06
3.10929e-06
0
0
0
0
0
0
3.8843e-06
1.20438e-05
2.08528e-05
2.98762e-05
4.08938e-05
5.21076e-05
6.05634e-05
6.84373e-05
7.9134e-05
8.76782e-05
7.76168e-05
5.17693e-05
3.035e-05
1.73162e-05
9.5157e-06
4.69139e-06
1.72615e-06
9.74683e-08
0
5.73986e-07
3.45401e-06
8.08784e-06
1.10571e-05
9.60172e-06
6.07051e-06
2.86029e-06
4.37964e-07
0
0
0
0
0
0
0
0
0
0
5.96823e-07
1.55968e-06
2.14186e-06
2.36997e-06
2.33333e-06
2.08646e-06
1.70586e-06
1.22845e-06
7.50382e-07
4.34342e-07
4.55282e-07
9.24255e-07
1.80978e-06
2.89987e-06
3.81758e-06
4.25637e-06
3.92237e-06
2.90808e-06
1.502e-06
1.77873e-07
0
0
0
0
7.25465e-07
1.15229e-06
9.90652e-07
6.80021e-07
5.79933e-07
6.97333e-07
8.45028e-07
8.21873e-07
5.5766e-07
4.77319e-08
0
0
0
1.96519e-07
1.8169e-06
2.77177e-06
2.58016e-06
1.18625e-06
0
0
0
0
0
0
0
2.77284e-06
6.76103e-06
6.49369e-06
4.29279e-06
2.87046e-06
1.82248e-06
8.92426e-07
0
0
0
0
2.51778e-07
1.30435e-06
1.81181e-06
1.94697e-06
1.81554e-06
1.44272e-06
9.76135e-07
5.3514e-07
2.25904e-07
1.47021e-07
2.3554e-07
2.45386e-07
7.62461e-08
0
0
0
0
0
0
0
0
0
0
0
0
1.00714e-07
0
0
0
0
0
0
0
0
0
0
0
0
0
0
0
1.15031e-08
6.18205e-07
3.51855e-07
0
0
4.40229e-07
3.84743e-07
0
7.4421e-06
1.12123e-05
2.46542e-06
0
3.35629e-07
2.08143e-06
4.07638e-06
2.24001e-06
2.6842e-06
0
0
0
5.95436e-07
1.14967e-06
1.38482e-06
0
0
0
1.36422e-05
4.11909e-05
3.58709e-05
1.06933e-05
0
0
0
5.19135e-07
3.44985e-06
3.16001e-06
0
0
0
0
0
0
0
2.75594e-06
1.02422e-05
1.85225e-05
2.71652e-05
3.49344e-05
4.16887e-05
4.98864e-05
6.50037e-05
9.46468e-05
7.9072e-05
1.82155e-05
2.94203e-06
0
0
0
0
0
0
4.55918e-07
2.75155e-06
5.19158e-06
6.87712e-06
7.15425e-06
5.93187e-06
3.69924e-06
1.09256e-06
0
0
0
0
0
0
0
8.16439e-07
2.15959e-06
3.92776e-06
5.95256e-06
7.50463e-06
7.23734e-06
4.28394e-06
0
0
0
0
0
0
0
0
0
0
4.16464e-07
2.03287e-06
2.75805e-06
2.84177e-06
2.70157e-06
2.15779e-06
1.20884e-06
0
0
0
0
0
2.47483e-07
4.63328e-07
3.97064e-07
3.4937e-07
4.5775e-07
5.64376e-07
5.02822e-07
2.88372e-07
2.44033e-09
0
0
2.17276e-07
1.3672e-06
2.2126e-06
2.00573e-06
5.10369e-07
0
0
0
0
0
0
1.01752e-06
4.23348e-06
5.75781e-06
4.48049e-06
2.79381e-06
1.61634e-06
6.46051e-07
0
0
0
0
6.65684e-07
2.02308e-06
2.82214e-06
3.14306e-06
3.1369e-06
2.82408e-06
2.20798e-06
1.50145e-06
8.51716e-07
3.68587e-07
8.71267e-08
0
0
0
0
0
0
0
0
0
0
0
0
0
0
0
0
7.75215e-08
0
0
0
0
0
0
0
0
0
0
0
1.14882e-07
3.31294e-07
5.45913e-07
8.23874e-07
9.51044e-07
7.1247e-07
4.53293e-07
3.62387e-07
5.74771e-07
9.46533e-07
0
0
3.84071e-06
2.63043e-06
0
0
2.78466e-06
3.7152e-06
0
0
0
0
0
5.23298e-07
1.31288e-06
1.65579e-06
5.15336e-07
0
0
8.29277e-06
2.67907e-05
2.11674e-05
4.02989e-06
0
0
0
0
2.90406e-06
3.09672e-06
0
0
0
0
0
0
0
0
1.61326e-06
7.46881e-06
1.39327e-05
1.98975e-05
2.51259e-05
2.99588e-05
3.19478e-05
0
0
0
0
0
0
0
0
0
0
6.38678e-07
1.41285e-06
2.12897e-06
2.61678e-06
2.66881e-06
2.05072e-06
7.94108e-07
0
0
0
0
0
0
0
0
6.48053e-07
2.10943e-06
4.24663e-06
7.01921e-06
8.9428e-06
4.84065e-06
0
0
0
0
0
0
0
0
0
0
0
0
3.97599e-07
1.57266e-06
1.89743e-06
1.73932e-06
1.45078e-06
1.1557e-06
7.98793e-07
0
0
0
0
0
0
0
0
0
0
7.56412e-09
4.34386e-08
0
0
3.194e-08
3.27591e-07
9.69306e-07
1.62322e-06
1.53765e-06
4.05565e-07
0
0
0
0
0
2.06101e-07
1.62873e-06
3.04885e-06
3.27948e-06
2.55022e-06
1.6276e-06
7.88586e-07
0
0
0
0
8.85947e-07
2.78799e-06
3.85823e-06
4.23551e-06
4.23791e-06
3.95242e-06
3.30362e-06
2.31712e-06
1.33561e-06
5.88485e-07
1.72913e-07
0
0
0
2.79856e-08
1.93627e-09
0
0
0
0
0
0
0
0
0
0
0
0
0
3.58082e-07
0
0
0
0
0
0
0
0
0
4.294e-07
1.06871e-06
1.36484e-06
1.4249e-06
1.39555e-06
1.25863e-06
9.49582e-07
6.8565e-07
6.00402e-07
6.95235e-07
1.03914e-06
5.52723e-07
0
4.12779e-08
1.27699e-06
6.43973e-07
0
5.37018e-07
7.785e-07
0
0
0
0
0
3.77326e-07
1.37865e-06
1.78402e-06
2.09236e-06
0
0
4.18017e-06
1.68493e-05
1.0579e-05
0
0
0
0
0
2.99498e-06
3.20269e-06
0
0
0
0
0
0
0
0
0
9.00404e-07
4.90215e-06
8.79158e-06
1.1959e-05
1.28465e-05
2.79559e-06
0
0
0
0
0
0
4.52908e-07
8.31783e-07
9.78516e-07
1.05588e-06
1.14495e-06
1.24659e-06
1.30802e-06
1.21136e-06
8.51885e-07
2.4287e-07
0
0
0
0
0
0
0
0
3.30538e-07
2.10664e-06
4.98948e-06
9.48813e-06
1.55072e-05
1.8369e-05
1.24099e-05
6.6946e-06
4.21536e-06
3.10092e-06
2.281e-06
1.33067e-06
1.06906e-07
0
0
0
0
0
0
3.09841e-07
1.29107e-06
1.41288e-06
1.20039e-06
9.60591e-07
7.98532e-07
6.48974e-07
4.49316e-07
8.2295e-08
0
0
0
0
0
0
0
0
0
0
0
0
0
2.04268e-07
5.38668e-07
9.07628e-07
1.04922e-06
5.37915e-07
0
0
0
0
0
1.16227e-07
5.7424e-07
1.39241e-06
1.77696e-06
1.60448e-06
1.09027e-06
3.07241e-07
0
0
0
1.19679e-06
3.67626e-06
5.20405e-06
5.79575e-06
5.96809e-06
5.91674e-06
5.45831e-06
4.35009e-06
2.75061e-06
1.32619e-06
4.65658e-07
9.38997e-08
1.10166e-08
5.35643e-08
1.03049e-07
1.18696e-07
1.3605e-07
1.59947e-07
1.46952e-07
5.65716e-08
0
0
0
0
0
0
0
0
0
0
0
1.00103e-07
0
0
0
0
0
2.08235e-08
1.77981e-07
3.59008e-07
1.09878e-06
1.94769e-06
2.34069e-06
2.19491e-06
1.90304e-06
1.57033e-06
1.16366e-06
8.40909e-07
7.0964e-07
7.38422e-07
9.26854e-07
1.03277e-06
0
0
2.42666e-08
6.16847e-07
1.7147e-07
0
0
1.9154e-07
4.09698e-08
0
0
0
3.52846e-07
1.41525e-06
1.83377e-06
2.79345e-06
0
0
1.46268e-07
9.3885e-06
3.47159e-06
0
0
0
0
0
4.78253e-06
3.56285e-06
0
0
0
0
0
0
0
0
0
0
7.45928e-07
3.35848e-06
5.25965e-06
4.66939e-06
0
0
0
0
9.38908e-07
1.78474e-06
1.92653e-06
1.75528e-06
1.48993e-06
1.25487e-06
1.09759e-06
1.01318e-06
9.65652e-07
8.86247e-07
6.87725e-07
3.5013e-07
0
0
0
0
0
0
0
3.56842e-08
9.60394e-07
2.3791e-06
4.23967e-06
6.23023e-06
8.47909e-06
1.21755e-05
1.83362e-05
1.88084e-05
1.14817e-05
6.89058e-06
4.95412e-06
4.118e-06
3.60421e-06
3.03308e-06
2.14719e-06
7.91378e-07
0
0
0
0
0
1.07215e-06
1.15101e-06
8.08033e-07
5.05213e-07
3.35768e-07
2.68219e-07
2.47291e-07
2.0751e-07
4.48577e-08
0
0
0
0
0
0
0
0
0
0
0
0
0
1.53217e-07
3.56217e-07
4.7369e-07
3.83629e-07
6.30052e-08
0
0
0
0
0
0
6.45978e-07
1.31776e-06
1.36862e-06
1.01032e-06
2.76396e-07
0
0
1.94309e-06
4.46771e-06
6.36533e-06
7.39899e-06
7.92836e-06
8.29328e-06
8.27241e-06
7.47679e-06
5.57973e-06
3.03245e-06
1.22144e-06
3.97941e-07
1.37596e-07
9.48162e-08
1.30593e-07
1.63822e-07
1.40834e-07
9.89172e-08
1.12749e-07
1.65638e-07
1.55395e-07
3.90478e-08
0
0
0
0
0
0
0
0
0
0
3.47955e-07
0
0
0
0
6.59939e-07
1.05799e-06
1.11627e-06
1.20736e-06
1.7282e-06
2.65239e-06
3.17104e-06
2.97231e-06
2.36225e-06
1.81709e-06
1.3156e-06
9.37965e-07
7.60574e-07
7.47875e-07
8.3428e-07
1.03085e-06
2.47113e-07
0
0
1.16096e-07
0
0
0
1.17547e-08
4.55034e-07
2.13015e-07
0
2.84374e-08
5.62089e-07
1.33428e-06
1.70269e-06
2.57856e-06
2.32887e-06
0
0
3.50005e-06
0
0
0
0
0
7.1652e-06
7.60895e-06
3.98585e-06
0
0
0
0
0
0
0
0
0
0
2.03185e-07
2.68731e-06
4.29911e-06
3.06779e-06
0
0
0
1.27194e-06
2.44706e-06
2.49874e-06
2.0519e-06
1.50856e-06
1.07585e-06
7.97611e-07
6.60273e-07
6.11649e-07
5.96108e-07
5.4887e-07
4.11876e-07
2.03843e-07
1.47104e-08
0
0
0
0
1.98863e-09
1.88729e-07
4.45733e-07
6.81218e-07
6.54723e-07
2.05558e-07
0
0
0
0
0
0
0
0
8.19889e-07
1.70619e-06
2.26427e-06
2.33127e-06
1.72758e-06
4.42901e-07
0
0
0
0
2.38243e-07
6.15911e-07
4.05861e-07
1.52733e-07
2.87777e-08
0
7.53672e-09
1.94544e-08
6.31412e-09
0
0
0
0
0
0
0
0
0
0
0
0
0
0
0
9.14052e-10
1.83291e-08
1.1866e-08
1.01436e-07
3.00655e-07
0
0
0
0
7.96063e-07
1.47641e-06
1.55285e-06
1.25737e-06
7.41121e-07
8.77877e-07
2.46664e-06
4.70677e-06
6.83131e-06
8.5532e-06
9.73604e-06
1.05435e-05
1.10432e-05
1.08533e-05
9.49291e-06
6.3523e-06
2.82985e-06
9.33735e-07
3.48363e-07
2.28669e-07
1.97906e-07
1.76113e-07
1.58277e-07
1.2289e-07
7.29469e-08
6.72863e-08
1.16602e-07
1.40991e-07
1.00484e-07
4.37528e-08
1.39299e-07
4.83982e-07
5.77359e-07
2.40821e-07
0
0
0
0
0
2.81668e-07
0
0
0
0
1.53642e-06
2.34452e-06
2.17385e-06
1.97933e-06
2.20528e-06
3.05508e-06
3.65747e-06
3.59655e-06
2.80507e-06
2.03811e-06
1.42784e-06
9.99302e-07
7.85034e-07
7.39327e-07
7.77098e-07
9.03911e-07
9.20041e-07
0
0
0
0
0
0
0
0
4.20426e-07
0
3.14707e-07
7.35668e-07
1.13494e-06
1.44251e-06
2.03003e-06
2.95929e-06
0
0
0
0
0
0
0
0
6.23478e-06
8.84561e-06
4.0911e-06
0
0
0
0
0
0
0
0
0
0
2.33052e-06
5.76699e-06
6.72374e-06
5.47656e-06
0
0
0
1.71432e-06
2.57973e-06
2.16465e-06
1.43465e-06
8.04507e-07
4.25082e-07
2.74204e-07
2.58572e-07
2.99499e-07
3.45481e-07
3.52458e-07
2.91017e-07
1.8695e-07
1.14147e-07
1.16783e-07
1.62065e-07
1.88709e-07
1.70695e-07
1.2348e-07
4.08741e-08
0
0
0
0
0
0
0
0
0
0
0
0
0
5.2997e-07
1.34901e-06
2.02272e-06
2.18863e-06
1.61011e-06
4.416e-07
0
0
0
5.23307e-08
4.16828e-07
2.56681e-07
2.2649e-08
0
0
0
0
0
0
0
0
0
0
0
0
0
0
0
0
0
0
0
0
0
0
0
0
3.63001e-07
0
0
0
2.81567e-08
1.25143e-06
1.77125e-06
1.78169e-06
1.51311e-06
1.45468e-06
2.5614e-06
4.67706e-06
6.98158e-06
9.27448e-06
1.11668e-05
1.2414e-05
1.32837e-05
1.37318e-05
1.33669e-05
1.12904e-05
6.48129e-06
2.24923e-06
6.92766e-07
4.0842e-07
3.63462e-07
3.07775e-07
2.32248e-07
1.6534e-07
1.06748e-07
5.64807e-08
5.508e-08
1.08948e-07
1.35789e-07
1.13677e-07
1.51727e-07
3.84823e-07
8.4265e-07
1.11227e-06
8.95605e-07
3.09294e-07
0
0
0
0
2.92077e-07
1.46738e-07
0
0
8.40844e-07
2.80208e-06
3.87644e-06
3.37015e-06
2.64996e-06
2.45769e-06
3.0718e-06
3.75007e-06
3.83591e-06
3.1714e-06
2.25081e-06
1.54666e-06
1.06286e-06
8.14238e-07
7.41017e-07
7.55627e-07
8.10464e-07
9.38359e-07
5.43697e-07
0
0
0
0
0
0
0
0
0
4.92156e-07
8.25108e-07
1.02067e-06
1.22215e-06
1.53332e-06
2.35455e-06
1.92606e-06
0
0
0
0
0
0
0
0
7.68021e-06
3.87583e-06
0
0
0
0
0
0
0
0
0
7.91372e-07
3.5026e-06
3.64598e-06
3.35437e-06
3.453e-06
2.98001e-06
0
6.84375e-08
1.98597e-06
2.52071e-06
1.701e-06
6.34284e-07
9.00277e-09
0
0
0
8.78151e-08
1.78673e-07
2.26736e-07
2.18839e-07
1.74089e-07
1.49994e-07
1.75561e-07
2.14824e-07
2.07773e-07
1.29522e-07
0
0
0
0
0
0
0
0
0
0
0
0
0
5.15114e-07
8.93464e-07
9.55862e-07
1.01012e-06
1.36606e-06
1.78788e-06
1.70058e-06
9.81016e-07
8.19325e-09
0
0
1.13647e-07
3.99734e-07
2.51346e-07
2.84986e-08
0
0
0
0
0
0
0
0
0
0
0
0
0
0
0
0
0
0
0
0
0
0
0
0
1.71725e-08
0
0
0
6.93247e-07
1.51032e-06
1.77782e-06
1.64567e-06
1.54167e-06
2.24768e-06
4.12572e-06
6.52688e-06
9.01888e-06
1.13757e-05
1.32337e-05
1.46322e-05
1.57513e-05
1.62597e-05
1.58852e-05
1.27072e-05
5.72407e-06
1.42522e-06
5.72252e-07
5.55235e-07
5.31886e-07
4.34541e-07
3.21021e-07
2.30729e-07
1.58314e-07
9.32792e-08
6.95375e-08
1.06068e-07
1.05413e-07
1.80128e-08
2.27245e-09
2.56964e-07
7.55984e-07
1.07874e-06
9.15229e-07
3.59159e-07
0
0
0
0
5.30803e-07
6.70783e-07
2.18801e-07
5.11741e-07
2.27447e-06
4.42139e-06
5.48716e-06
4.55638e-06
3.25471e-06
2.56141e-06
2.8015e-06
3.47884e-06
3.70207e-06
3.31518e-06
2.40404e-06
1.65752e-06
1.13229e-06
8.50334e-07
7.53089e-07
7.50704e-07
7.65202e-07
8.47261e-07
8.50899e-07
9.93791e-08
0
0
0
0
0
0
0
3.50536e-07
6.48278e-07
8.5756e-07
9.76137e-07
1.04781e-06
1.18612e-06
1.65135e-06
2.21366e-06
0
0
0
0
0
0
0
0
4.80503e-06
3.43436e-06
1.62445e-06
1.31512e-06
1.00763e-06
2.09234e-06
3.41922e-06
4.17463e-06
3.49518e-06
2.47745e-06
2.03961e-06
2.60735e-06
3.74629e-06
3.92996e-06
3.11523e-06
1.98162e-06
0
0
0
0
7.21164e-07
5.1129e-07
0
0
0
0
0
0
6.86275e-08
1.19925e-07
1.26914e-07
1.06179e-07
9.99253e-08
1.26378e-07
1.54022e-07
1.33788e-07
5.53584e-08
0
0
0
0
0
0
0
0
0
0
0
8.27949e-07
2.30445e-06
3.34949e-06
3.72888e-06
3.40012e-06
2.65253e-06
2.08091e-06
1.93827e-06
1.7488e-06
1.12801e-06
2.92184e-07
0
0
1.92039e-07
4.29125e-07
3.10251e-07
9.84062e-08
0
0
0
0
0
0
0
0
0
0
0
0
0
0
0
0
0
0
0
0
0
0
0
0
0
0
0
0
8.86461e-07
1.29559e-06
1.27454e-06
1.17778e-06
1.66111e-06
3.16043e-06
5.44261e-06
7.87952e-06
1.03354e-05
1.26518e-05
1.4766e-05
1.67052e-05
1.80437e-05
1.86094e-05
1.83716e-05
1.31843e-05
3.94079e-06
6.62895e-07
6.29547e-07
7.80294e-07
7.517e-07
6.36686e-07
5.22792e-07
4.40884e-07
3.72582e-07
2.92969e-07
2.14595e-07
1.69146e-07
7.94645e-08
0
0
0
2.08501e-08
3.2125e-07
2.50212e-07
0
0
0
0
1.92521e-07
1.28641e-06
1.74531e-06
1.63191e-06
2.301e-06
4.22314e-06
6.23312e-06
6.96041e-06
5.55977e-06
3.78527e-06
2.60682e-06
2.44052e-06
2.98173e-06
3.3194e-06
3.18408e-06
2.46422e-06
1.72619e-06
1.19042e-06
8.8226e-07
7.67755e-07
7.60047e-07
7.62695e-07
8.04554e-07
8.97682e-07
5.26642e-07
0
0
0
0
0
0
0
7.98657e-07
8.05128e-07
8.92261e-07
9.45385e-07
9.38259e-07
9.53029e-07
1.12196e-06
1.58906e-06
9.73224e-07
0
0
0
0
0
0
0
1.96257e-06
2.81703e-06
0
0
1.33464e-07
2.76724e-07
1.01244e-06
9.78337e-07
0
0
0
5.53166e-07
3.33365e-06
4.68567e-06
3.55908e-06
1.04592e-06
0
0
0
0
0
0
0
0
0
0
0
0
0
3.47531e-09
1.30842e-08
5.69816e-09
4.66482e-09
2.58473e-08
5.00514e-08
4.30652e-08
2.10341e-09
0
0
0
0
0
0
0
0
0
2.69834e-07
1.32709e-06
2.77615e-06
4.07248e-06
4.97034e-06
5.42119e-06
5.18605e-06
4.33612e-06
3.32182e-06
2.57453e-06
1.98279e-06
1.23784e-06
4.16481e-07
0
0
2.99378e-07
4.92849e-07
4.00327e-07
1.93395e-07
4.63663e-08
0
0
0
0
0
0
0
0
0
0
0
0
0
0
0
0
0
0
0
0
0
0
0
0
0
0
1.45188e-08
5.08829e-07
6.85842e-07
6.89823e-07
1.0095e-06
2.09921e-06
4.02548e-06
6.29901e-06
8.60727e-06
1.09965e-05
1.34864e-05
1.61586e-05
1.85006e-05
1.96604e-05
2.06056e-05
2.06955e-05
1.19134e-05
1.43327e-06
2.79697e-07
8.77674e-07
1.10215e-06
1.08995e-06
1.02266e-06
9.7142e-07
9.31972e-07
8.50188e-07
7.04165e-07
5.03317e-07
2.87198e-07
4.67873e-08
0
0
0
0
0
0
0
0
0
0
1.38382e-06
2.98912e-06
3.61357e-06
3.70487e-06
4.62372e-06
6.41086e-06
7.95303e-06
8.15924e-06
6.32203e-06
4.2676e-06
2.74618e-06
2.18105e-06
2.46329e-06
2.82445e-06
2.83719e-06
2.40146e-06
1.72869e-06
1.22176e-06
9.10588e-07
7.84813e-07
7.76994e-07
7.80627e-07
8.09458e-07
8.87911e-07
7.23073e-07
4.6705e-08
0
0
0
0
0
0
9.56622e-07
9.23265e-07
9.30664e-07
9.29017e-07
8.89023e-07
8.13583e-07
8.08117e-07
9.7351e-07
9.96813e-07
0
0
0
0
0
0
0
3.90493e-07
2.08021e-06
0
0
0
0
0
0
0
0
0
0
1.88776e-06
4.14199e-06
3.4777e-06
2.43796e-07
0
0
0
0
0
0
0
0
0
0
0
0
0
0
0
0
0
0
0
0
0
0
0
2.55167e-08
1.66992e-08
0
3.38469e-08
3.72894e-07
9.23249e-07
1.62753e-06
2.61405e-06
3.88044e-06
5.03172e-06
5.717e-06
5.9459e-06
6.01046e-06
5.71296e-06
4.95839e-06
3.97507e-06
2.98475e-06
2.06784e-06
1.20713e-06
4.09794e-07
0
7.95891e-08
3.47166e-07
5.59284e-07
5.26139e-07
3.24928e-07
1.48011e-07
4.97945e-08
2.31166e-09
0
0
0
0
0
0
0
0
0
0
0
0
0
0
0
0
0
0
0
0
0
0
0
0
0
1.25803e-07
2.90724e-07
5.48091e-07
1.2493e-06
2.65391e-06
4.64418e-06
6.77339e-06
8.99588e-06
1.14542e-05
1.42959e-05
1.74143e-05
1.95639e-05
2.06475e-05
2.2598e-05
2.2754e-05
7.71688e-06
0
3.86279e-07
1.29498e-06
1.57977e-06
1.67476e-06
1.74641e-06
1.77405e-06
1.69412e-06
1.42791e-06
1.02761e-06
6.24912e-07
2.75176e-07
0
0
0
0
0
0
0
0
0
0
1.31977e-06
4.50618e-06
6.05397e-06
6.31386e-06
6.336e-06
7.20133e-06
8.47586e-06
9.32758e-06
8.99066e-06
6.8038e-06
4.60649e-06
2.94235e-06
2.14094e-06
2.16954e-06
2.47581e-06
2.5312e-06
2.24418e-06
1.68545e-06
1.23121e-06
9.35156e-07
8.05482e-07
7.95408e-07
8.02188e-07
8.41267e-07
8.80171e-07
7.82017e-07
3.12204e-07
0
0
0
0
0
3.96168e-07
6.4121e-07
9.06291e-07
9.18954e-07
8.95784e-07
8.50932e-07
7.54029e-07
6.36738e-07
5.96253e-07
6.24074e-07
2.4094e-07
0
0
0
0
0
0
0
1.37596e-06
0
0
0
0
0
0
0
0
0
0
2.92079e-07
2.17132e-06
2.71045e-06
5.55341e-07
0
0
0
0
1.86291e-06
2.50814e-06
7.73427e-07
0
0
3.36494e-08
8.34357e-08
0
0
0
0
0
0
0
0
0
0
0
0
2.71985e-08
1.53309e-07
3.28533e-07
7.06487e-07
1.39424e-06
2.31282e-06
3.40371e-06
4.66983e-06
5.95381e-06
6.90257e-06
7.25159e-06
7.03133e-06
6.61352e-06
5.9273e-06
5.02719e-06
4.07187e-06
3.01828e-06
1.91781e-06
1.03561e-06
3.38747e-07
0
1.26954e-07
3.80058e-07
6.36407e-07
6.60339e-07
4.59304e-07
2.52609e-07
1.20481e-07
4.76499e-08
4.5779e-09
0
0
0
0
0
0
0
0
0
0
0
0
0
0
0
0
0
0
0
0
0
0
0
0
0
2.15227e-07
6.67054e-07
1.57121e-06
3.09913e-06
5.00883e-06
7.04561e-06
9.29515e-06
1.19034e-05
1.50432e-05
1.81172e-05
1.97266e-05
2.12839e-05
2.49067e-05
2.35576e-05
1.05153e-07
0
8.99973e-07
1.90519e-06
2.31909e-06
2.59675e-06
2.75716e-06
2.62993e-06
2.18366e-06
1.53193e-06
8.65536e-07
4.03101e-07
1.24103e-07
0
0
0
0
0
0
0
0
0
0
7.63359e-06
9.18586e-06
9.13304e-06
8.89955e-06
8.88423e-06
9.43552e-06
9.97708e-06
1.01432e-05
9.327e-06
6.90983e-06
4.69819e-06
3.04889e-06
2.17531e-06
2.04545e-06
2.28178e-06
2.36516e-06
2.15168e-06
1.65687e-06
1.23628e-06
9.4824e-07
8.12973e-07
7.96795e-07
8.07309e-07
8.49048e-07
8.70447e-07
8.14747e-07
5.31088e-07
0
0
0
0
3.06735e-07
9.56056e-07
2.17647e-07
7.29022e-07
8.15495e-07
8.22691e-07
8.0283e-07
7.25157e-07
5.64704e-07
3.97201e-07
3.37341e-07
2.3875e-07
0
0
0
0
0
0
7.26942e-08
8.55357e-07
2.90308e-07
3.03255e-07
6.91423e-08
0
1.44552e-07
0
0
0
0
0
2.01151e-07
6.79888e-07
1.62079e-06
1.16987e-06
0
0
0
1.69988e-07
3.35547e-06
4.66098e-06
3.61931e-06
1.36061e-06
2.24053e-07
3.18727e-07
1.10719e-07
0
0
0
0
0
0
0
0
0
0
0
0
1.83664e-08
3.06918e-07
7.12554e-07
1.34764e-06
2.24725e-06
3.32033e-06
4.52009e-06
5.82267e-06
7.07441e-06
8.02781e-06
8.41695e-06
8.1432e-06
7.37117e-06
6.08133e-06
4.7793e-06
3.72973e-06
2.6238e-06
1.46671e-06
6.88904e-07
1.67216e-07
0
9.91392e-08
3.79577e-07
7.26458e-07
7.95265e-07
5.79076e-07
3.42696e-07
1.82072e-07
8.7115e-08
2.99727e-08
0
0
0
0
0
0
0
0
0
0
0
0
0
0
0
0
0
0
0
0
0
0
0
0
0
2.91796e-07
8.45696e-07
1.84651e-06
3.33645e-06
5.12801e-06
7.1198e-06
9.37283e-06
1.20454e-05
1.51852e-05
1.75914e-05
1.88895e-05
2.15952e-05
2.7581e-05
1.71241e-05
0
0
1.71255e-06
2.72411e-06
3.2651e-06
3.52441e-06
3.39685e-06
2.78544e-06
1.88043e-06
1.03296e-06
4.70249e-07
1.62624e-07
3.45985e-09
0
0
0
0
0
0
0
0
0
0
4.80003e-06
5.92688e-06
7.45039e-06
8.7721e-06
9.6883e-06
1.02126e-05
1.02941e-05
1.00642e-05
8.94693e-06
6.52465e-06
4.44092e-06
2.93835e-06
2.13553e-06
1.9475e-06
2.1112e-06
2.19923e-06
2.0323e-06
1.58652e-06
1.20039e-06
9.29325e-07
7.86884e-07
7.53942e-07
7.58031e-07
7.85766e-07
8.13707e-07
7.99937e-07
6.93527e-07
0
0
0
3.73282e-08
4.65413e-07
9.07408e-07
1.95705e-07
5.02284e-07
6.2232e-07
6.84179e-07
7.12711e-07
6.73206e-07
5.26937e-07
2.98586e-07
1.84481e-07
1.06717e-07
0
0
0
0
0
0
2.76588e-07
5.3586e-07
7.69426e-08
2.15922e-07
3.92215e-08
0
0
0
0
0
0
0
1.29539e-07
3.49923e-07
5.58997e-07
6.28369e-07
0
0
0
1.97777e-06
3.62101e-06
3.5439e-06
3.6256e-06
1.56662e-06
0
0
0
0
0
0
0
0
0
0
0
0
0
0
0
2.61501e-08
4.37914e-07
9.95752e-07
1.76284e-06
2.73246e-06
3.8283e-06
5.03502e-06
6.32097e-06
7.56113e-06
8.61223e-06
9.129e-06
8.93685e-06
7.9172e-06
6.07676e-06
4.31714e-06
3.11101e-06
1.95079e-06
8.45667e-07
2.78067e-07
0
0
6.59999e-08
4.20574e-07
8.62973e-07
9.22705e-07
6.66991e-07
4.00674e-07
2.19896e-07
1.13351e-07
5.0312e-08
7.9441e-09
0
0
0
0
0
0
0
0
0
0
0
0
0
0
0
0
0
0
0
0
0
0
0
9.51256e-09
4.16337e-07
1.07692e-06
2.12438e-06
3.58534e-06
5.35199e-06
7.35251e-06
9.63301e-06
1.23941e-05
1.52098e-05
1.68664e-05
1.86227e-05
2.30762e-05
3.09677e-05
0
0
8.40459e-07
2.87375e-06
3.79892e-06
4.16926e-06
3.96072e-06
3.22808e-06
2.18019e-06
1.23902e-06
5.92062e-07
2.20041e-07
3.68542e-08
0
0
0
0
0
0
0
0
0
0
1.09299e-06
3.13561e-06
2.76335e-06
3.83009e-06
6.1437e-06
8.39006e-06
9.61855e-06
9.9392e-06
9.75884e-06
8.51002e-06
6.16761e-06
4.21895e-06
2.86009e-06
2.16318e-06
1.97972e-06
2.08774e-06
2.16766e-06
2.01673e-06
1.59252e-06
1.21621e-06
9.50411e-07
7.96246e-07
7.4133e-07
7.35196e-07
7.554e-07
7.91221e-07
7.79897e-07
7.03575e-07
0
0
0
1.96628e-07
4.93016e-07
6.23978e-07
1.67685e-07
3.18861e-07
4.50099e-07
5.39351e-07
6.23096e-07
6.33376e-07
5.30014e-07
2.96518e-07
1.40796e-07
3.18069e-08
0
0
0
0
0
0
4.26741e-07
3.63004e-07
1.88778e-08
4.80201e-09
0
0
0
0
0
0
0
0
6.67394e-08
1.96648e-07
2.54317e-07
2.15828e-07
0
0
1.6735e-06
3.30397e-06
2.41903e-06
1.91934e-06
1.43096e-06
0
0
0
0
0
0
0
0
0
0
0
0
0
0
0
0
2.41334e-08
5.09736e-07
1.14313e-06
1.95623e-06
2.9364e-06
4.04149e-06
5.28158e-06
6.58103e-06
7.84756e-06
8.95651e-06
9.49652e-06
9.29176e-06
8.05743e-06
5.81178e-06
3.65224e-06
2.27369e-06
1.07209e-06
1.42662e-07
0
0
0
6.88622e-08
5.3702e-07
1.03156e-06
1.01691e-06
7.10224e-07
4.25538e-07
2.36699e-07
1.25876e-07
6.18202e-08
2.03404e-08
0
0
0
0
0
0
0
0
0
0
0
0
0
0
0
0
0
0
0
0
0
0
0
0
4.36717e-07
1.16079e-06
2.22025e-06
3.64324e-06
5.35969e-06
7.31484e-06
9.60505e-06
1.21946e-05
1.41309e-05
1.54271e-05
1.80093e-05
2.40287e-05
2.09057e-05
0
0
2.6639e-06
3.98005e-06
4.3903e-06
4.11975e-06
3.24121e-06
2.16627e-06
1.35538e-06
7.23609e-07
3.05006e-07
8.57882e-08
0
0
0
0
0
0
0
0
4.65448e-09
6.81111e-08
2.75263e-07
1.124e-06
2.70584e-06
3.22388e-06
2.87278e-06
3.70838e-06
5.60998e-06
7.32682e-06
8.21963e-06
8.36994e-06
7.20174e-06
5.24673e-06
3.64278e-06
2.55887e-06
2.04752e-06
1.92981e-06
2.00562e-06
2.06659e-06
1.92523e-06
1.53216e-06
1.16943e-06
9.19269e-07
7.63025e-07
6.9246e-07
6.74821e-07
6.89392e-07
7.25319e-07
6.90243e-07
5.34714e-07
1.20384e-07
0
2.42985e-08
2.44941e-07
3.69828e-07
2.90016e-07
0
8.70729e-08
2.74245e-07
3.56406e-07
4.6075e-07
5.17907e-07
4.73287e-07
3.20935e-07
1.62331e-07
9.56964e-09
0
0
0
0
0
1.05862e-07
4.35756e-07
2.90419e-07
1.76456e-09
0
0
0
0
0
0
0
0
2.61983e-08
1.97149e-07
2.30185e-07
1.67302e-07
1.00743e-07
4.7948e-08
0
1.78325e-06
1.48323e-06
1.09565e-06
5.36116e-07
0
0
0
0
0
0
0
0
0
0
0
0
0
0
0
0
0
0
4.74628e-07
1.12108e-06
1.93772e-06
2.91396e-06
4.03481e-06
5.30535e-06
6.61567e-06
7.90936e-06
9.09011e-06
9.73546e-06
9.36849e-06
7.84964e-06
5.22421e-06
2.76585e-06
1.25212e-06
6.24842e-08
0
0
0
0
1.41844e-07
7.39415e-07
1.18283e-06
1.04439e-06
6.98981e-07
4.1099e-07
2.24713e-07
1.20283e-07
6.39979e-08
2.81169e-08
0
0
0
0
0
0
0
0
0
0
0
0
0
0
0
0
0
0
0
0
0
0
0
1.00057e-07
6.15212e-07
1.3841e-06
2.4747e-06
3.90985e-06
5.61977e-06
7.56191e-06
9.71984e-06
1.15676e-05
1.27653e-05
1.4415e-05
1.78953e-05
2.17745e-05
0
0
2.30542e-06
3.94298e-06
4.38932e-06
4.02416e-06
2.98419e-06
2.06223e-06
1.38818e-06
8.64976e-07
4.5446e-07
1.88352e-07
4.32953e-08
0
0
0
0
0
0
0
0
0
7.0912e-08
2.71725e-07
7.28718e-07
1.53054e-06
2.67658e-06
3.62279e-06
3.46273e-06
3.96732e-06
5.32211e-06
6.51691e-06
6.96002e-06
5.91272e-06
4.38857e-06
3.12776e-06
2.30516e-06
1.96934e-06
1.92693e-06
2.00336e-06
2.05562e-06
1.93156e-06
1.55825e-06
1.17504e-06
9.24485e-07
7.63328e-07
6.82151e-07
6.56361e-07
6.6502e-07
6.93667e-07
6.17867e-07
3.5761e-07
0
0
8.33764e-08
1.72538e-07
1.73205e-07
1.43406e-08
0
0
1.31573e-07
2.31131e-07
3.2967e-07
4.10463e-07
4.17614e-07
3.39037e-07
2.24102e-07
2.78259e-08
0
0
0
0
0
1.97526e-07
4.44611e-07
2.88825e-07
0
0
0
0
0
0
0
0
2.84899e-08
9.19196e-08
1.31636e-07
9.88405e-08
5.42888e-08
5.75521e-08
3.89495e-08
4.78845e-08
1.37788e-07
1.84109e-07
2.61543e-07
1.55771e-07
0
0
0
0
0
0
0
0
0
0
0
0
0
0
0
0
0
0
4.483e-07
1.09659e-06
1.91251e-06
2.88642e-06
4.03014e-06
5.32988e-06
6.67816e-06
8.08479e-06
9.53349e-06
1.03401e-05
9.67044e-06
7.60349e-06
4.41193e-06
1.66758e-06
3.64972e-08
0
0
0
0
0
3.13097e-07
1.01183e-06
1.27593e-06
1.00437e-06
6.51649e-07
3.86192e-07
2.14612e-07
1.13321e-07
5.95379e-08
2.92838e-08
6.03907e-09
0
0
0
0
0
0
0
0
0
0
0
0
0
0
0
0
0
0
0
0
0
0
3.3825e-07
9.46291e-07
1.77673e-06
2.88828e-06
4.26526e-06
5.80497e-06
7.45684e-06
8.96875e-06
1.01303e-05
1.14488e-05
1.36364e-05
1.60374e-05
2.35107e-06
0
1.97637e-06
3.76541e-06
4.18386e-06
3.74971e-06
2.67897e-06
1.86632e-06
1.29496e-06
8.91959e-07
5.85996e-07
3.40116e-07
1.56237e-07
3.43461e-08
0
0
0
0
0
0
0
0
0
4.03851e-08
2.27042e-07
5.46181e-07
1.01193e-06
1.75891e-06
3.11539e-06
4.07404e-06
3.81829e-06
4.25437e-06
5.22076e-06
5.66398e-06
4.68562e-06
3.55775e-06
2.63195e-06
2.06718e-06
1.88917e-06
1.90735e-06
2.01999e-06
2.07891e-06
1.98705e-06
1.64551e-06
1.21581e-06
9.45807e-07
7.78771e-07
6.92556e-07
6.64236e-07
6.70267e-07
6.84999e-07
5.55072e-07
1.95697e-07
0
0
0
4.47418e-09
0
0
0
0
2.09049e-08
1.39699e-07
2.30459e-07
3.14746e-07
3.61476e-07
3.35847e-07
2.69428e-07
6.21584e-08
0
0
3.39874e-08
7.22748e-09
1.47562e-07
2.32136e-07
4.73188e-07
3.37183e-07
0
0
0
0
0
0
0
0
0
2.6006e-10
2.12199e-08
7.42329e-08
1.37918e-07
1.44605e-07
0
0
0
4.05144e-08
9.49967e-08
1.33401e-07
4.18531e-08
0
0
0
0
0
0
0
0
0
0
0
0
0
0
0
0
0
3.41569e-07
9.91095e-07
1.81387e-06
2.79255e-06
3.94996e-06
5.26758e-06
6.66457e-06
8.23162e-06
9.98978e-06
1.10407e-05
1.01897e-05
7.38623e-06
3.36738e-06
2.05864e-07
0
0
0
0
0
5.60756e-08
6.44015e-07
1.28076e-06
1.24213e-06
8.54175e-07
5.22712e-07
3.03224e-07
1.68141e-07
9.30165e-08
5.18303e-08
2.71254e-08
8.74195e-09
0
0
0
0
0
0
0
0
0
0
0
0
0
0
0
0
0
0
0
0
0
0
8.7839e-08
7.23341e-07
1.55405e-06
2.57909e-06
3.7351e-06
5.00313e-06
6.29671e-06
7.50058e-06
8.7837e-06
1.03697e-05
1.15961e-05
4.74395e-06
0
1.78918e-06
3.42208e-06
3.85349e-06
3.30362e-06
2.36709e-06
1.64504e-06
1.14333e-06
8.08965e-07
5.84386e-07
4.20334e-07
2.7592e-07
1.38621e-07
2.55718e-08
0
0
0
0
0
0
0
0
0
2.79132e-08
2.07434e-07
4.82936e-07
8.41271e-07
1.33467e-06
2.26378e-06
3.89523e-06
4.25408e-06
4.08376e-06
4.45599e-06
4.5331e-06
3.58799e-06
2.76268e-06
2.17395e-06
1.86493e-06
1.81012e-06
1.8763e-06
2.03588e-06
2.10406e-06
2.05681e-06
1.77943e-06
1.29378e-06
9.74202e-07
7.94736e-07
7.09624e-07
6.82502e-07
6.87044e-07
6.85011e-07
4.89469e-07
4.27275e-08
0
0
0
0
0
0
0
0
0
7.29013e-08
1.5996e-07
2.4137e-07
3.13247e-07
3.24004e-07
2.94418e-07
9.6075e-08
0
0
1.02177e-07
9.36317e-08
3.0061e-07
2.40973e-07
5.34627e-07
4.14275e-07
0
0
0
0
2.21687e-09
6.82583e-09
0
0
2.32088e-09
3.32039e-08
8.9873e-08
1.48906e-07
1.56354e-07
5.22138e-08
0
0
0
4.82474e-08
9.163e-08
1.55627e-07
7.7834e-08
0
0
0
0
0
0
0
0
0
0
0
0
0
0
0
0
0
2.97244e-07
8.6904e-07
1.6087e-06
2.51688e-06
3.62915e-06
4.95064e-06
6.44901e-06
8.25693e-06
1.04896e-05
1.24305e-05
1.20169e-05
8.02444e-06
1.94905e-06
0
0
0
0
0
0
3.96045e-07
1.10614e-06
1.34931e-06
1.03438e-06
6.81817e-07
4.22505e-07
2.48988e-07
1.3955e-07
7.69309e-08
4.25584e-08
2.1727e-08
7.09066e-09
0
0
0
0
0
0
0
0
0
0
0
0
0
0
0
0
0
0
0
0
0
0
0
1.94134e-07
8.99444e-07
1.76477e-06
2.78942e-06
3.97312e-06
5.20924e-06
6.46399e-06
7.65079e-06
7.9406e-06
3.58777e-06
9.92362e-09
1.70095e-06
3.02981e-06
3.38316e-06
2.73947e-06
1.98989e-06
1.39441e-06
9.71958e-07
6.91126e-07
5.11691e-07
3.97371e-07
3.15252e-07
2.31972e-07
1.2346e-07
0
0
0
0
0
0
0
0
0
0
6.86634e-08
2.82231e-07
5.36187e-07
8.22799e-07
1.18285e-06
1.82905e-06
3.16868e-06
3.93274e-06
3.88405e-06
3.83894e-06
3.55323e-06
2.74795e-06
2.19651e-06
1.88026e-06
1.74484e-06
1.7498e-06
1.85537e-06
2.05058e-06
2.13228e-06
2.13162e-06
1.94509e-06
1.42533e-06
1.01543e-06
7.9539e-07
7.07495e-07
6.85386e-07
6.91645e-07
6.74554e-07
3.99935e-07
0
0
0
0
0
0
0
0
0
0
2.85729e-08
1.06814e-07
1.83029e-07
2.73087e-07
3.1255e-07
3.10461e-07
1.36922e-07
0
0
1.6306e-07
1.74796e-07
4.65752e-07
2.50885e-07
6.31402e-07
4.79968e-07
0
0
0
0
0
0
0
1.96534e-08
4.51756e-08
8.44299e-08
1.13709e-07
1.23199e-07
1.26438e-07
1.04353e-07
6.66414e-08
3.21003e-08
4.05282e-08
6.48867e-08
8.68541e-08
8.96264e-08
1.16517e-08
0
0
0
0
0
0
0
0
0
0
0
0
0
0
0
0
0
2.45518e-07
8.0343e-07
1.49957e-06
2.35286e-06
3.42011e-06
4.75196e-06
6.375e-06
8.41437e-06
1.11691e-05
1.44145e-05
1.5288e-05
8.34818e-06
0
0
0
0
0
0
2.64117e-07
1.00633e-06
1.39416e-06
1.14839e-06
7.63493e-07
4.75839e-07
2.88854e-07
1.71746e-07
1.03078e-07
6.24364e-08
3.63101e-08
1.76145e-08
3.64116e-09
0
0
0
0
0
0
0
0
0
0
0
0
0
0
0
0
0
0
0
0
0
0
0
0
5.78128e-07
1.38657e-06
2.35388e-06
3.41181e-06
4.40036e-06
5.01986e-06
4.3916e-06
1.55993e-06
3.59651e-07
1.61172e-06
2.63366e-06
2.73135e-06
2.18162e-06
1.60945e-06
1.14321e-06
8.03859e-07
5.74856e-07
4.3055e-07
3.46043e-07
2.97846e-07
2.64921e-07
2.23392e-07
7.80419e-08
0
0
0
0
0
0
0
0
0
0
1.5768e-07
5.19852e-07
7.55215e-07
1.00142e-06
1.25598e-06
1.67072e-06
2.64716e-06
3.2169e-06
3.29892e-06
3.21549e-06
2.8747e-06
2.26651e-06
1.8942e-06
1.72054e-06
1.67433e-06
1.7074e-06
1.84968e-06
2.08135e-06
2.1806e-06
2.2173e-06
2.1186e-06
1.61325e-06
1.09351e-06
7.89862e-07
6.71531e-07
6.4706e-07
6.58682e-07
6.28118e-07
2.57547e-07
0
0
0
0
0
0
0
0
0
0
9.27866e-09
6.95757e-08
1.36501e-07
2.39423e-07
3.06263e-07
3.2104e-07
1.98189e-07
0
0
2.03045e-07
2.3173e-07
6.34402e-07
2.73181e-07
7.36187e-07
5.19563e-07
0
0
0
0
0
0
1.82038e-08
3.92359e-08
5.50077e-08
6.67241e-08
7.5602e-08
9.16971e-08
1.16112e-07
1.1855e-07
8.53128e-08
3.96984e-08
2.89179e-08
2.67044e-08
2.1569e-08
1.36119e-08
0
0
0
0
0
0
0
0
0
0
0
0
0
0
0
0
0
0
0
1.76601e-07
7.43357e-07
1.45131e-06
2.32013e-06
3.39012e-06
4.69203e-06
6.28353e-06
8.53951e-06
1.21238e-05
1.60915e-05
8.42833e-07
0
0
0
0
0
1.21086e-07
1.10663e-06
1.446e-06
1.16045e-06
7.76425e-07
4.99656e-07
3.17147e-07
1.9602e-07
1.189e-07
7.37662e-08
4.72148e-08
2.84487e-08
1.24714e-08
0
0
0
0
0
0
0
0
0
0
0
0
0
0
0
0
0
0
0
0
0
0
0
0
0
1.01219e-07
8.052e-07
1.47677e-06
1.92333e-06
1.84578e-06
9.84971e-07
4.71325e-08
4.0542e-07
1.43377e-06
2.04796e-06
1.94316e-06
1.59203e-06
1.21222e-06
8.88142e-07
6.40005e-07
4.65299e-07
3.53904e-07
2.91824e-07
2.62561e-07
2.50593e-07
2.4649e-07
2.40502e-07
0
0
0
0
0
0
0
0
0
0
0
2.34658e-07
9.44733e-07
1.25349e-06
1.33491e-06
1.48369e-06
1.711e-06
2.29603e-06
2.71194e-06
2.76149e-06
2.67287e-06
2.42049e-06
2.0205e-06
1.7575e-06
1.63594e-06
1.62752e-06
1.68389e-06
1.86967e-06
2.15204e-06
2.27232e-06
2.33113e-06
2.29491e-06
1.82954e-06
1.22379e-06
8.17563e-07
6.32058e-07
5.78992e-07
5.8422e-07
5.21284e-07
5.32946e-08
0
0
0
0
0
0
0
0
0
0
1.48715e-08
5.37179e-08
1.02314e-07
2.06052e-07
2.98953e-07
2.98461e-07
2.67796e-07
0
0
2.01157e-07
2.37813e-07
7.73246e-07
3.08073e-07
8.14629e-07
5.62019e-07
0
0
0
0
4.04937e-09
1.0492e-08
1.27746e-08
1.61498e-08
1.94786e-08
2.55126e-08
3.9477e-08
5.99766e-08
7.74855e-08
6.51495e-08
2.73983e-08
0
0
0
0
3.31188e-09
9.5424e-09
0
0
0
0
0
0
0
0
0
0
0
0
0
0
0
0
0
0
2.12738e-08
2.91858e-07
6.74307e-07
1.18204e-06
1.86396e-06
2.78694e-06
4.07189e-06
6.18146e-06
1.01124e-05
1.3158e-05
0
0
0
0
0
2.21925e-07
1.40215e-06
1.56579e-06
1.15067e-06
7.33966e-07
4.69388e-07
3.03484e-07
1.93146e-07
1.20915e-07
7.72735e-08
5.19619e-08
3.54498e-08
2.15319e-08
7.49088e-09
0
0
0
0
0
0
0
0
0
0
0
0
0
0
0
0
0
0
0
0
0
0
0
0
0
0
0
0
0
0
0
3.46667e-07
1.0292e-06
1.29279e-06
1.24798e-06
1.06239e-06
8.46978e-07
6.50271e-07
4.8809e-07
3.65382e-07
2.84352e-07
2.39896e-07
2.22313e-07
2.1984e-07
2.23613e-07
2.33343e-07
2.64205e-07
0
0
0
0
0
0
0
0
0
0
0
2.72726e-07
1.58426e-06
2.13785e-06
2.0225e-06
1.82728e-06
1.88891e-06
2.13464e-06
2.4582e-06
2.49766e-06
2.42519e-06
2.24752e-06
1.93628e-06
1.72313e-06
1.62527e-06
1.63285e-06
1.70686e-06
1.92961e-06
2.26949e-06
2.41907e-06
2.48836e-06
2.47373e-06
2.03333e-06
1.37793e-06
8.93032e-07
6.25001e-07
5.16975e-07
4.86534e-07
3.35093e-07
0
0
7.87896e-08
1.04473e-06
0
0
0
0
0
0
0
4.98822e-08
6.91679e-08
8.87397e-08
1.71514e-07
2.69818e-07
1.10319e-07
0
2.06102e-07
0
1.33722e-07
1.79917e-07
8.24051e-07
3.52692e-07
8.39145e-07
6.42091e-07
0
0
0
0
0
0
5.49837e-09
6.73435e-09
1.40951e-08
3.29701e-08
5.40359e-08
6.45594e-08
6.09791e-08
3.64079e-08
5.27214e-10
0
0
0
0
1.15449e-08
1.22298e-08
0
0
0
0
0
0
0
0
0
0
0
0
0
0
0
0
1.92866e-07
6.0699e-07
9.2274e-07
1.22333e-06
1.58071e-06
2.05378e-06
2.72422e-06
3.68508e-06
4.9828e-06
6.58836e-06
7.66305e-06
3.51784e-06
0
0
0
0
1.1118e-06
1.90318e-06
1.63027e-06
1.06952e-06
6.41557e-07
3.96154e-07
2.57635e-07
1.70767e-07
1.1213e-07
7.43018e-08
5.1635e-08
3.71309e-08
2.57434e-08
1.4796e-08
2.99261e-09
0
0
0
0
0
0
0
0
0
0
0
0
0
0
0
0
0
0
0
0
0
0
0
0
0
0
0
0
0
0
1.75156e-07
5.28668e-07
6.92691e-07
7.06283e-07
6.37504e-07
5.40712e-07
4.41885e-07
3.51491e-07
2.76935e-07
2.23656e-07
1.94313e-07
1.84489e-07
1.88155e-07
1.97577e-07
2.02395e-07
2.01517e-07
1.79915e-07
0
0
0
0
0
0
0
0
0
0
0
2.90103e-07
2.5544e-06
3.55551e-06
3.22205e-06
2.52147e-06
2.18049e-06
2.22652e-06
2.40138e-06
2.46751e-06
2.42639e-06
2.25166e-06
1.94055e-06
1.74724e-06
1.6834e-06
1.71648e-06
1.80747e-06
2.04541e-06
2.42911e-06
2.6211e-06
2.70417e-06
2.67409e-06
2.20757e-06
1.50739e-06
9.82306e-07
6.51058e-07
4.77888e-07
3.76324e-07
7.41764e-08
0
0
4.23087e-07
1.10881e-06
0
0
0
0
0
0
3.96758e-08
1.25365e-07
1.35231e-07
1.19773e-07
1.41943e-07
1.37841e-07
0
0
1.945e-07
0
1.95101e-08
1.01916e-07
7.52111e-07
3.96324e-07
7.86194e-07
7.76963e-07
6.97512e-08
6.91937e-08
5.73819e-08
4.48381e-08
3.57769e-08
3.30506e-08
3.66128e-08
4.3944e-08
5.16266e-08
5.6341e-08
5.54562e-08
4.82978e-08
3.46759e-08
1.17912e-08
0
0
0
0
0
3.53338e-09
8.84455e-10
0
0
0
0
0
0
0
0
0
0
0
0
0
0
0
0
0
0
0
4.13001e-07
9.11159e-07
1.36119e-06
1.74295e-06
1.98474e-06
1.82737e-06
6.61816e-07
0
0
0
0
2.81775e-07
2.00664e-06
1.98973e-06
1.42137e-06
8.76431e-07
5.14647e-07
3.10954e-07
2.0123e-07
1.38666e-07
9.89558e-08
7.18443e-08
5.33052e-08
4.01828e-08
2.99069e-08
2.06396e-08
1.12691e-08
1.28941e-09
0
0
0
0
0
0
0
0
0
0
0
0
0
0
0
0
0
0
0
0
0
0
0
0
0
0
0
0
0
6.65816e-09
1.91967e-07
2.99396e-07
3.37733e-07
3.3146e-07
3.05498e-07
2.73394e-07
2.39201e-07
2.05453e-07
1.77352e-07
1.59789e-07
1.55339e-07
1.62511e-07
1.7632e-07
1.88099e-07
1.82526e-07
1.57775e-07
9.5604e-08
0
0
0
0
0
0
0
0
0
0
0
0
3.59211e-06
5.62381e-06
5.06929e-06
3.69534e-06
2.76006e-06
2.46002e-06
2.47376e-06
2.49558e-06
2.45824e-06
2.26039e-06
1.97048e-06
1.81385e-06
1.8023e-06
1.90047e-06
2.04046e-06
2.26407e-06
2.63766e-06
2.85675e-06
2.96079e-06
2.89882e-06
2.35589e-06
1.58286e-06
1.03078e-06
6.72081e-07
4.49508e-07
2.36541e-07
0
0
0
2.95714e-07
6.2506e-07
0
0
0
0
0
0
6.48718e-08
2.24695e-07
2.6732e-07
2.37405e-07
1.85251e-07
0
0
1.02561e-09
9.8133e-08
0
0
7.18757e-08
6.04874e-07
4.1597e-07
6.57963e-07
9.27587e-07
2.50107e-07
2.79831e-07
1.30244e-07
1.43983e-08
0
0
1.15317e-08
3.13853e-08
3.77454e-08
3.11771e-08
1.68683e-08
5.41454e-10
0
0
0
0
0
0
0
0
0
0
0
0
0
0
0
0
0
0
0
0
0
0
0
0
0
0
0
0
0
0
0
0
0
0
0
0
0
0
2.58714e-07
1.055e-06
1.05436e-06
7.84668e-07
5.12485e-07
3.19888e-07
2.02367e-07
1.35125e-07
9.70685e-08
7.4717e-08
6.01025e-08
4.86486e-08
3.83389e-08
2.9163e-08
2.10735e-08
1.35347e-08
6.12629e-09
0
0
0
0
0
0
0
0
0
0
0
0
0
0
0
0
0
0
0
0
0
0
0
0
0
0
0
0
0
0
3.20728e-08
9.00514e-08
1.23367e-07
1.38641e-07
1.45879e-07
1.51373e-07
1.54482e-07
1.51423e-07
1.41871e-07
1.32163e-07
1.29255e-07
1.35799e-07
1.47416e-07
1.62566e-07
1.67871e-07
1.51156e-07
1.15552e-07
6.16198e-08
0
0
0
0
0
0
0
0
0
0
0
0
2.49864e-06
7.31012e-06
7.15442e-06
5.10597e-06
3.51379e-06
2.77264e-06
2.54977e-06
2.49078e-06
2.40041e-06
2.16825e-06
1.95063e-06
1.83981e-06
1.87186e-06
2.06813e-06
2.33235e-06
2.55944e-06
2.86507e-06
3.0585e-06
3.13595e-06
3.01195e-06
2.3837e-06
1.55409e-06
9.96676e-07
6.50863e-07
4.03144e-07
8.02436e-08
0
0
0
3.37645e-08
6.1787e-08
0
0
0
0
0
0
3.54256e-08
3.08912e-07
4.37041e-07
4.39015e-07
3.66326e-07
1.07147e-07
0
3.08519e-08
6.753e-08
1.56336e-08
0
7.576e-08
4.39718e-07
3.92805e-07
4.92142e-07
9.34654e-07
0
0
0
0
0
0
0
0
0
0
0
0
0
0
0
6.8348e-10
0
0
0
0
0
0
0
0
0
0
8.51315e-10
4.72137e-09
1.17533e-08
2.33036e-08
3.56601e-08
2.48551e-08
0
0
0
0
0
0
0
0
0
0
0
0
0
0
0
0
0
2.40239e-07
3.7256e-07
3.50018e-07
2.68817e-07
1.83634e-07
1.18607e-07
7.68269e-08
5.19905e-08
3.75729e-08
2.9214e-08
2.37919e-08
1.88381e-08
1.3211e-08
7.47538e-09
2.58319e-09
0
0
0
0
0
0
0
0
0
0
0
0
0
0
0
0
0
0
0
0
0
0
0
0
0
0
0
0
0
0
0
0
1.96185e-09
2.60901e-08
4.4086e-08
5.7653e-08
7.07669e-08
8.68624e-08
1.03785e-07
1.14872e-07
1.16725e-07
1.12272e-07
1.08428e-07
1.1177e-07
1.20928e-07
1.30134e-07
1.39236e-07
1.35235e-07
1.13581e-07
8.94615e-08
5.12003e-08
0
0
0
0
0
0
0
0
5.82086e-06
1.11391e-05
8.35053e-07
0
0
6.50213e-06
8.84438e-06
6.54429e-06
4.316e-06
3.18078e-06
2.79519e-06
2.6e-06
2.35679e-06
2.13494e-06
1.97835e-06
1.88362e-06
1.92543e-06
2.18316e-06
2.56435e-06
2.88188e-06
3.20618e-06
3.41035e-06
3.3825e-06
3.07487e-06
2.2902e-06
1.42675e-06
9.1354e-07
6.15573e-07
3.59945e-07
0
0
0
0
0
0
0
0
0
0
0
0
0
3.69769e-07
6.54385e-07
7.02148e-07
6.28025e-07
3.55386e-07
1.12794e-07
5.95129e-08
6.02339e-08
3.3033e-08
0
7.11427e-08
2.75094e-07
3.25395e-07
3.19016e-07
6.69474e-07
0
0
0
0
0
0
0
0
0
0
0
1.52305e-08
3.52745e-08
4.32629e-08
3.75479e-08
1.81191e-08
0
0
0
0
0
0
0
7.668e-09
1.8604e-08
2.99572e-08
4.52926e-08
6.20354e-08
7.68182e-08
9.12468e-08
1.13624e-07
1.53879e-07
2.1906e-07
3.24646e-07
4.13716e-07
4.92265e-07
5.14782e-07
4.33617e-07
3.02021e-07
1.23921e-07
0
0
0
0
3.25846e-08
1.62852e-07
1.95065e-07
1.30285e-07
3.99576e-08
0
0
0
0
0
0
0
0
0
0
0
0
0
0
0
0
0
0
0
0
0
0
0
0
0
0
0
0
0
0
0
0
0
0
0
0
0
0
0
0
0
0
0
0
0
0
4.72276e-10
9.35017e-09
1.74657e-08
2.59052e-08
3.58851e-08
4.85828e-08
6.36444e-08
7.65799e-08
8.2802e-08
8.24107e-08
8.08334e-08
8.18029e-08
8.75211e-08
9.52603e-08
9.93824e-08
9.94401e-08
8.98994e-08
7.58661e-08
6.7582e-08
3.85435e-08
0
0
0
0
0
0
0
5.67345e-06
2.02478e-05
2.49809e-05
0
0
0
0
8.34959e-06
7.18569e-06
4.8808e-06
3.61759e-06
3.10374e-06
2.75728e-06
2.3746e-06
2.04146e-06
1.87525e-06
1.93204e-06
2.21574e-06
2.56282e-06
2.83518e-06
3.04719e-06
3.41107e-06
3.78859e-06
3.72484e-06
3.15077e-06
2.10738e-06
1.21396e-06
7.79218e-07
5.43786e-07
2.96277e-07
0
0
0
0
0
0
0
0
0
0
0
0
0
4.70601e-07
1.05384e-06
1.14281e-06
9.80489e-07
6.64916e-07
2.94554e-07
1.1599e-07
6.98891e-08
3.47855e-08
0
3.98987e-08
1.17323e-07
2.22739e-07
1.52355e-07
2.80495e-07
0
0
0
0
0
0
0
0
0
0
0
0
0
0
0
0
0
0
0
0
2.35852e-09
1.86071e-08
3.05418e-08
3.83245e-08
4.50517e-08
5.39985e-08
6.78748e-08
9.09781e-08
1.24651e-07
1.57003e-07
1.86304e-07
2.14844e-07
2.47779e-07
3.07791e-07
3.82223e-07
4.9668e-07
6.35533e-07
7.29007e-07
8.58469e-07
8.93621e-07
9.06603e-07
8.73991e-07
7.71817e-07
6.41659e-07
4.77797e-07
2.88349e-07
1.2053e-07
0
0
0
0
0
0
0
0
0
0
0
0
0
0
0
0
0
0
0
0
0
0
0
0
0
0
0
0
0
0
4.00809e-10
2.46233e-09
5.82216e-10
0
0
0
0
0
0
0
0
4.82397e-10
1.659e-09
2.73768e-09
3.85564e-09
5.3172e-09
7.18438e-09
9.43029e-09
1.18786e-08
1.44359e-08
1.74534e-08
2.14859e-08
2.79656e-08
3.68222e-08
4.62264e-08
5.35987e-08
5.7619e-08
5.77407e-08
5.73026e-08
5.70143e-08
5.958e-08
6.34358e-08
6.38721e-08
5.99916e-08
5.13671e-08
4.96797e-08
4.73428e-08
1.51097e-08
0
0
0
0
0
0
0
0
0
0
0
0
0
0
5.34675e-06
6.50427e-06
4.40875e-06
3.20325e-06
2.72964e-06
2.41302e-06
2.0327e-06
1.60577e-06
1.20362e-06
1.30129e-06
2.37122e-06
3.26142e-06
3.46852e-06
3.35558e-06
3.52146e-06
3.90837e-06
3.8535e-06
3.10192e-06
1.90713e-06
1.09033e-06
7.52859e-07
5.36326e-07
2.63485e-07
0
0
0
0
0
0
0
0
0
0
0
0
0
8.80598e-07
2.06747e-06
2.20697e-06
1.724e-06
1.13574e-06
5.97512e-07
2.33652e-07
1.03552e-07
3.22589e-08
0
0
0
9.07714e-08
2.4089e-09
0
1.00129e-06
1.15129e-06
9.47141e-07
4.56461e-07
3.20987e-08
1.54929e-07
4.47709e-07
5.84916e-07
5.56245e-07
4.48267e-07
3.14045e-07
1.83024e-07
7.19814e-08
0
0
0
0
0
0
3.30881e-09
2.3076e-08
3.58246e-08
4.33703e-08
4.87701e-08
5.54694e-08
6.58072e-08
8.10063e-08
1.01712e-07
1.326e-07
1.66416e-07
2.10429e-07
2.45431e-07
2.75118e-07
3.15669e-07
3.42847e-07
3.83959e-07
4.29772e-07
4.62048e-07
5.22083e-07
5.3144e-07
5.33789e-07
5.03962e-07
4.30996e-07
3.4474e-07
2.49416e-07
1.56975e-07
8.3895e-08
2.79356e-08
0
0
0
0
0
0
0
0
0
0
0
0
0
0
0
0
0
0
0
0
0
0
0
0
0
0
0
7.86865e-09
2.91447e-08
4.2376e-08
4.53777e-08
4.09254e-08
3.34882e-08
2.86969e-08
2.93996e-08
3.47094e-08
4.20221e-08
4.87167e-08
5.35433e-08
5.64875e-08
5.77735e-08
5.75236e-08
5.56066e-08
5.21118e-08
4.77684e-08
4.31808e-08
3.87584e-08
3.48539e-08
3.18703e-08
3.03997e-08
3.13789e-08
3.44585e-08
3.94218e-08
4.40185e-08
4.60161e-08
4.38117e-08
3.85168e-08
3.26522e-08
2.70213e-08
2.40756e-08
2.32381e-08
2.02898e-08
1.67339e-08
1.76629e-08
2.71521e-08
2.15591e-08
0
0
0
0
0
0
3.82711e-06
0
0
0
0
0
0
0
0
1.83344e-06
4.70877e-06
3.58922e-06
2.80687e-06
2.44469e-06
2.05206e-06
1.56295e-06
9.75344e-07
1.27411e-07
2.16821e-07
2.72754e-06
4.49827e-06
4.85561e-06
4.58825e-06
4.39579e-06
4.2493e-06
3.67285e-06
2.50276e-06
1.32101e-06
8.37744e-07
7.09434e-07
5.50612e-07
2.62944e-07
0
0
0
0
0
0
0
9.62102e-08
0
0
0
0
0
2.27285e-06
4.40762e-06
4.40711e-06
3.15869e-06
1.91663e-06
1.03283e-06
4.27732e-07
1.5899e-07
2.33194e-08
0
0
0
0
0
0
7.05625e-07
5.57429e-07
2.02815e-07
0
0
0
0
2.0778e-07
4.0863e-07
5.24984e-07
5.24258e-07
4.45427e-07
3.43084e-07
2.51284e-07
1.83625e-07
1.37561e-07
1.05954e-07
8.56864e-08
7.68216e-08
7.86454e-08
8.8669e-08
1.0349e-07
1.20507e-07
1.37601e-07
1.54867e-07
1.7006e-07
1.8627e-07
2.02899e-07
2.28141e-07
2.61165e-07
2.99726e-07
3.34168e-07
3.7416e-07
4.12328e-07
4.3879e-07
4.67043e-07
4.86693e-07
5.00933e-07
5.01246e-07
4.79948e-07
4.52391e-07
4.06081e-07
3.44625e-07
2.76478e-07
2.02968e-07
1.29005e-07
5.57943e-08
0
0
0
0
0
0
0
0
0
0
0
0
0
0
0
0
0
0
0
0
0
0
0
0
0
0
0
0
2.40577e-08
7.38639e-08
1.05126e-07
1.14199e-07
1.06997e-07
9.02159e-08
7.24778e-08
6.72224e-08
7.71223e-08
9.40516e-08
1.06277e-07
1.12067e-07
1.15177e-07
1.14899e-07
1.11815e-07
1.06694e-07
1.00608e-07
9.37272e-08
8.56851e-08
7.59622e-08
6.51775e-08
5.46811e-08
4.5655e-08
3.91967e-08
3.57786e-08
3.20099e-08
2.67279e-08
1.93869e-08
1.00241e-08
3.05267e-09
0
0
0
0
0
0
0
0
0
0
0
0
0
0
5.00136e-06
8.32134e-06
0
0
0
0
0
0
0
0
1.76872e-06
3.15466e-06
2.07114e-06
1.60607e-06
1.51851e-06
1.33475e-06
7.27954e-07
0
0
0
7.26947e-07
2.50327e-06
3.6112e-06
4.70868e-06
5.59072e-06
5.58883e-06
4.37503e-06
2.44044e-06
1.05667e-06
7.25753e-07
6.75433e-07
5.13705e-07
1.90887e-07
0
0
0
0
0
0
0
0
0
0
0
1.14124e-07
6.55746e-07
1.16614e-06
5.91503e-06
6.70986e-06
4.83674e-06
2.83942e-06
1.50499e-06
6.325e-07
1.91458e-07
0
0
0
0
0
0
0
3.09266e-07
4.08898e-07
3.19242e-07
2.18101e-07
1.44915e-07
1.02384e-07
8.61492e-08
9.17025e-08
1.12566e-07
1.3802e-07
1.56622e-07
1.63869e-07
1.61174e-07
1.51293e-07
1.36014e-07
1.18969e-07
1.04714e-07
9.65059e-08
9.70301e-08
1.08712e-07
1.33971e-07
1.69111e-07
2.10443e-07
2.5306e-07
2.88778e-07
3.14155e-07
3.3345e-07
3.4856e-07
3.67565e-07
3.93433e-07
4.28085e-07
4.64199e-07
5.03177e-07
5.40731e-07
5.7461e-07
6.05562e-07
6.2923e-07
6.42544e-07
6.38355e-07
6.11146e-07
5.62107e-07
4.99587e-07
4.24767e-07
3.36683e-07
2.39219e-07
1.41357e-07
4.87699e-08
0
0
0
0
0
0
0
0
0
0
0
0
0
0
0
0
0
0
0
0
0
0
0
0
0
0
0
0
0
4.47471e-08
1.22367e-07
1.57537e-07
1.53088e-07
1.2696e-07
9.81189e-08
8.87202e-08
1.02751e-07
1.23433e-07
1.32047e-07
1.26654e-07
1.12999e-07
9.84287e-08
8.7094e-08
8.17248e-08
8.30717e-08
8.78486e-08
8.9372e-08
8.28745e-08
6.86155e-08
5.03897e-08
3.33208e-08
1.99137e-08
1.09184e-08
4.01789e-09
0
0
0
0
0
0
0
0
0
0
0
0
0
0
0
0
0
8.51851e-07
8.67117e-06
8.74792e-06
0
0
0
0
0
0
0
0
4.80568e-06
3.1565e-06
1.2435e-06
5.47976e-07
1.55732e-08
0
0
0
0
0
0
0
2.83367e-07
2.62343e-06
4.78936e-06
5.38006e-06
3.90066e-06
1.57258e-06
4.79009e-07
4.98525e-07
5.60213e-07
2.93623e-07
0
0
0
0
0
0
0
0
0
0
0
3.56629e-07
0
0
0
0
4.74412e-06
4.66805e-06
2.95959e-06
1.62399e-06
6.75839e-07
1.55122e-07
0
0
0
0
0
0
0
0
0
0
0
0
0
0
0
0
0
0
0
6.04198e-08
1.40866e-07
2.07965e-07
2.52524e-07
2.74212e-07
2.77297e-07
2.68149e-07
2.54011e-07
2.41675e-07
2.3725e-07
2.46597e-07
2.74226e-07
3.109e-07
3.4482e-07
3.69735e-07
3.90216e-07
4.18296e-07
4.69462e-07
5.36631e-07
6.08508e-07
6.75382e-07
7.30286e-07
7.66873e-07
7.80643e-07
7.72142e-07
7.44309e-07
7.02165e-07
6.49537e-07
5.82629e-07
4.98933e-07
4.10677e-07
3.2046e-07
2.3072e-07
1.45439e-07
6.5982e-08
0
0
0
0
0
0
0
0
0
0
0
0
0
0
0
0
0
0
0
0
0
0
0
0
0
0
0
0
0
0
0
6.39394e-08
9.02824e-08
8.92323e-08
9.297e-08
1.17014e-07
1.56635e-07
1.86975e-07
1.90911e-07
1.70017e-07
1.37907e-07
1.10678e-07
1.00284e-07
1.11495e-07
1.4003e-07
1.63789e-07
1.68446e-07
1.5109e-07
1.14172e-07
6.85453e-08
3.02487e-08
2.01356e-09
0
0
0
0
0
0
0
0
0
0
0
0
0
0
0
0
0
0
0
5.87442e-06
1.05333e-05
7.43914e-06
0
0
0
0
0
0
0
5.76782e-06
6.71548e-06
2.89422e-06
1.556e-07
0
0
0
0
0
0
0
3.20753e-06
2.30711e-06
1.34523e-06
4.62801e-06
6.64885e-06
5.97278e-06
2.84741e-06
0
0
0
6.12534e-08
0
0
0
0
0
0
0
0
2.07394e-07
4.80926e-07
0
0
0
0
0
0
0
8.40059e-07
1.96148e-06
1.45356e-06
8.06207e-07
1.50497e-07
0
0
0
0
0
0
0
0
0
0
0
0
0
0
0
0
0
0
0
0
0
0
1.00945e-07
2.04899e-07
2.76862e-07
3.09442e-07
3.06249e-07
2.79872e-07
2.44364e-07
2.11315e-07
1.89715e-07
1.82966e-07
1.94246e-07
2.27255e-07
2.70596e-07
3.14691e-07
3.56828e-07
4.0292e-07
4.59632e-07
5.18964e-07
5.72027e-07
6.13937e-07
6.39157e-07
6.40333e-07
6.15197e-07
5.71681e-07
5.20033e-07
4.59764e-07
3.9447e-07
3.26906e-07
2.55214e-07
1.80743e-07
1.06389e-07
3.5965e-08
0
0
0
0
0
0
0
0
0
0
0
0
0
0
0
0
0
0
0
0
0
0
0
0
0
0
0
0
4.81216e-09
0
0
0
2.73263e-08
4.9422e-08
6.73275e-08
8.72858e-08
1.08508e-07
1.23616e-07
1.22972e-07
9.87817e-08
5.38564e-08
1.07534e-09
0
0
1.88516e-08
1.0933e-07
1.8019e-07
1.90782e-07
1.55002e-07
1.0303e-07
6.16366e-08
3.57636e-08
1.59594e-08
0
0
0
0
0
0
0
0
0
0
0
0
0
1.18949e-07
4.43177e-07
2.91399e-08
0
0
2.8163e-06
6.84322e-06
9.49398e-06
5.44285e-06
0
0
0
0
0
0
1.1491e-05
1.41226e-05
7.23593e-06
1.30632e-06
0
0
0
0
0
0
0
3.71186e-06
4.14887e-06
1.21184e-06
4.52369e-07
5.68008e-06
9.14984e-06
7.63394e-06
3.19707e-06
0
0
0
9.64397e-08
0
0
0
0
0
0
0
1.12419e-06
2.29259e-06
2.23963e-06
4.70294e-07
0
0
0
0
0
0
0
0
0
0
0
0
0
0
0
0
0
0
0
0
0
0
0
0
0
0
0
1.50528e-08
8.85261e-08
1.06039e-07
6.40901e-08
0
0
0
0
1.19762e-07
1.95492e-07
1.82495e-07
1.32085e-07
8.6785e-08
6.37993e-08
6.38676e-08
8.19618e-08
1.16471e-07
1.65897e-07
2.16176e-07
2.59495e-07
2.91797e-07
3.12811e-07
3.2434e-07
3.27812e-07
3.26609e-07
3.24629e-07
3.19765e-07
3.123e-07
3.05721e-07
3.01844e-07
2.90869e-07
2.71675e-07
2.45926e-07
2.1328e-07
1.72477e-07
1.22402e-07
7.32825e-08
3.13767e-08
0
0
0
0
0
0
0
0
0
0
0
0
0
0
0
0
0
0
0
0
0
0
0
0
0
0
4.02609e-09
4.07685e-08
3.50525e-08
6.08173e-09
8.41039e-08
3.8187e-07
6.75413e-07
6.67386e-07
3.91576e-07
1.60769e-07
6.73784e-08
4.72746e-08
4.86959e-08
4.56162e-08
2.88769e-08
0
0
0
0
5.27203e-08
1.37219e-07
1.43672e-07
1.07622e-07
6.67409e-08
3.68085e-08
2.16526e-08
1.4695e-08
7.99772e-09
0
0
0
8.31112e-09
5.84773e-08
1.20413e-07
9.88837e-08
0
0
0
0
4.24188e-07
1.38009e-06
2.62921e-06
2.97289e-06
1.03099e-06
1.14923e-06
3.38359e-06
6.26317e-06
1.03245e-05
7.14535e-06
0
0
0
0
0
0
2.04812e-05
1.43e-05
5.12257e-06
0
0
0
7.89442e-06
3.09639e-06
0
0
0
0
0
0
0
8.66197e-07
4.22565e-06
4.02888e-06
1.3407e-06
0
0
0
0
0
0
0
0
0
4.36461e-07
3.88055e-07
2.28472e-06
3.83855e-06
3.8658e-06
7.75649e-07
0
0
0
0
0
0
0
0
0
0
0
0
0
0
0
0
0
2.26514e-08
0
0
0
0
0
0
0
0
0
0
0
1.23207e-07
2.27192e-07
2.11433e-07
1.36362e-07
8.68627e-08
1.05175e-07
1.5245e-07
1.70376e-07
1.43176e-07
9.10462e-08
3.93706e-08
2.79982e-09
0
0
0
1.84489e-08
4.71696e-08
8.02894e-08
1.12269e-07
1.38515e-07
1.56835e-07
1.67841e-07
1.70805e-07
1.67748e-07
1.67823e-07
1.75198e-07
1.89785e-07
2.06349e-07
2.16785e-07
2.14127e-07
1.94635e-07
1.59187e-07
1.13071e-07
6.24322e-08
1.2045e-08
0
0
0
0
0
0
0
0
0
0
0
0
0
0
0
0
1.65366e-08
9.03762e-08
1.53952e-07
1.73572e-07
1.32349e-07
6.01544e-08
1.93246e-08
3.09476e-08
6.98078e-08
1.11888e-07
1.55531e-07
2.0847e-07
2.59417e-07
2.63226e-07
2.38296e-07
4.59188e-07
1.00405e-06
1.1221e-06
7.97735e-07
3.69575e-07
7.55074e-08
0
0
0
0
0
0
0
0
0
0
2.47135e-08
5.48198e-08
5.17116e-08
3.43938e-08
1.86305e-08
1.87838e-08
3.27e-08
4.79318e-08
5.65585e-08
5.96003e-08
6.09497e-08
8.03729e-08
1.64484e-07
2.78823e-07
4.01925e-07
6.65338e-07
4.45806e-07
0
9.00031e-07
2.71549e-06
4.36385e-06
7.12571e-06
6.09703e-06
3.64347e-06
4.09508e-06
5.56055e-06
8.06853e-06
1.30782e-05
1.05202e-05
0
0
0
0
0
0
8.82358e-06
5.76271e-06
1.73503e-07
0
0
1.5277e-06
1.77911e-05
3.95887e-06
0
0
0
0
0
0
0
0
1.47557e-06
8.76121e-07
0
0
0
0
0
0
0
0
0
9.4287e-07
4.13105e-07
2.46874e-07
2.42892e-06
5.18801e-06
4.84298e-06
7.60077e-07
0
0
0
0
1.20534e-08
9.57816e-07
0
0
0
0
0
0
0
0
0
0
0
1.26797e-07
3.59119e-07
0
0
0
0
0
0
0
0
0
0
0
0
0
0
0
2.10773e-09
7.63745e-08
1.10968e-07
8.13069e-08
0
0
0
0
0
0
0
0
0
0
0
0
0
0
0
0
1.95415e-10
3.0974e-08
6.50452e-08
9.59997e-08
1.15225e-07
1.15675e-07
9.68808e-08
6.44465e-08
2.6552e-08
0
0
0
0
0
0
1.50686e-09
2.66839e-08
2.84006e-08
2.47252e-08
1.8591e-08
2.72666e-09
0
0
0
0
0
3.3985e-09
5.0803e-08
6.70386e-08
4.65963e-08
1.16566e-08
1.68816e-11
3.30524e-08
9.61647e-08
1.51442e-07
1.70122e-07
1.60029e-07
1.75036e-07
2.62538e-07
3.912e-07
4.35552e-07
2.93377e-07
0
0
0
0
0
0
0
0
0
0
0
0
0
0
0
0
2.58373e-08
4.45774e-08
3.16731e-08
1.76974e-08
2.42017e-08
5.55053e-08
9.81026e-08
1.40296e-07
1.57055e-07
1.32697e-07
1.40898e-07
9.94981e-08
0
1.03272e-07
3.98282e-07
0
0
1.63126e-06
6.23683e-06
8.9042e-06
1.32756e-05
1.10729e-05
8.57739e-06
9.12722e-06
8.45746e-06
8.44719e-06
1.29014e-05
1.31507e-05
3.89738e-06
0
0
0
0
2.6079e-06
3.30796e-06
6.89647e-07
0
0
0
5.7123e-06
2.51105e-05
0
0
0
0
0
0
0
0
2.63206e-07
6.71049e-07
0
0
0
0
0
0
0
0
0
4.51441e-07
6.06175e-07
0
0
2.09478e-06
5.75844e-06
5.51783e-06
7.74279e-07
0
0
0
0
1.30441e-06
1.28888e-06
0
0
0
0
0
0
0
0
0
0
0
2.98323e-07
2.62296e-07
0
0
0
0
0
0
0
0
0
0
0
0
0
0
0
0
0
0
0
0
0
0
0
0
0
0
0
0
0
0
0
0
0
0
0
0
0
0
0
0
0
0
0
0
0
1.02049e-08
2.51928e-08
3.06141e-08
3.30783e-08
4.1659e-08
6.0232e-08
6.86152e-08
4.85339e-08
3.28732e-08
3.23837e-08
2.77412e-08
8.78653e-09
0
0
0
3.11171e-08
8.01918e-08
1.15876e-07
1.1643e-07
7.55043e-08
2.22061e-08
7.55556e-09
4.0663e-08
7.91523e-08
8.54894e-08
5.98556e-08
3.01695e-08
2.87559e-08
6.75617e-08
1.29293e-07
1.92553e-07
2.0098e-07
6.96228e-08
0
0
0
0
0
0
0
0
0
0
0
0
0
0
6.54449e-08
8.90202e-08
8.84166e-08
5.85858e-08
3.84845e-08
2.12331e-08
2.68735e-09
2.44718e-08
9.91179e-08
8.88262e-08
0
3.97567e-08
1.91732e-07
1.40855e-07
4.89503e-07
3.03831e-07
0
0
0
7.09954e-06
1.28959e-05
1.92775e-05
1.73216e-05
1.49789e-05
1.66026e-05
1.3742e-05
1.03356e-05
1.28004e-05
1.56958e-05
1.17693e-05
0
0
0
2.83724e-06
3.79528e-06
1.76993e-06
0
0
0
0
8.80957e-06
1.16098e-05
0
0
0
0
0
0
0
5.36097e-07
1.14028e-06
3.02513e-07
0
0
0
0
0
0
0
0
2.081e-07
2.10485e-07
3.58323e-08
0
0
1.38931e-06
5.86596e-06
6.26536e-06
1.29122e-06
0
0
0
0
2.16098e-06
7.54766e-07
0
0
0
0
0
0
0
0
0
0
0
7.2308e-07
1.03884e-07
0
0
0
0
0
0
0
0
0
0
0
0
0
0
0
0
0
0
0
0
0
0
0
0
0
0
0
0
0
0
0
0
0
0
0
0
0
0
0
0
0
0
0
0
0
0
0
0
0
0
0
0
3.11566e-07
3.17829e-07
2.34353e-07
1.59278e-07
1.10857e-07
8.76579e-08
8.64958e-08
1.02895e-07
1.35245e-07
1.7953e-07
2.17193e-07
2.30656e-07
2.18444e-07
1.86186e-07
1.45861e-07
1.2095e-07
1.21317e-07
1.22223e-07
1.09937e-07
1.05102e-07
1.22229e-07
1.41684e-07
1.26744e-07
7.59986e-08
1.52851e-08
0
0
0
0
0
0
0
0
0
0
0
0
0
2.82578e-08
2.31379e-08
1.90428e-08
2.2421e-08
3.53268e-08
1.83478e-08
1.96407e-08
1.97223e-08
0
1.8353e-09
9.74771e-08
3.66988e-08
1.32774e-07
4.71532e-07
4.97556e-07
9.63819e-07
1.65511e-06
4.35879e-07
0
0
0
4.27254e-06
1.33341e-05
2.08649e-05
2.04858e-05
1.79481e-05
1.37941e-05
1.12581e-05
1.66319e-05
1.68731e-05
1.59433e-05
1.64122e-05
1.03296e-05
0
0
4.30574e-06
4.33746e-06
9.66694e-07
0
0
0
0
8.20462e-06
7.21119e-06
0
0
1.96909e-07
0
0
2.53151e-07
7.65798e-07
1.43281e-06
1.19368e-06
0
0
0
0
0
0
0
0
0
0
0
0
0
0
7.09218e-07
6.76598e-06
8.34624e-06
2.96389e-06
0
0
0
7.56077e-07
2.51069e-06
0
0
0
0
0
0
0
0
0
0
0
1.65736e-08
1.22255e-06
1.75844e-07
0
0
0
0
0
0
0
0
0
0
0
0
0
0
0
0
0
0
0
0
0
0
0
0
0
0
0
0
0
0
0
0
0
0
0
0
0
0
0
0
0
0
0
0
0
0
0
0
0
0
9.25971e-10
8.20499e-09
1.30004e-08
1.63424e-08
1.83235e-08
1.85628e-08
1.69003e-08
1.43102e-08
1.12702e-08
8.12552e-09
5.10962e-09
2.55314e-09
7.64416e-10
0
0
0
0
0
0
0
9.77785e-10
2.48273e-09
2.86541e-09
1.92963e-09
2.01422e-10
0
0
0
0
0
0
0
0
0
0
0
0
0
4.87617e-09
1.71252e-08
1.00747e-08
0
0
0
0
2.03718e-08
7.60099e-08
1.7869e-08
6.5347e-08
3.17014e-07
3.33076e-07
0
4.62707e-07
1.41242e-06
8.88966e-07
2.17617e-06
4.17754e-06
1.26564e-06
0
0
0
6.58271e-07
7.56681e-06
1.68369e-05
1.25333e-05
0
0
0
6.07604e-06
1.18648e-05
1.71493e-05
1.56657e-05
1.49857e-05
7.91976e-06
0
5.85207e-06
4.71953e-06
0
0
0
0
0
3.09945e-06
6.20514e-06
0
0
7.27057e-07
7.40476e-07
3.13731e-07
5.23788e-07
7.70935e-07
1.11862e-06
3.69123e-07
0
0
0
0
0
0
0
0
0
0
0
0
0
0
3.84918e-07
9.67622e-06
1.21407e-05
6.55138e-06
0
0
0
1.4243e-06
2.04753e-06
0
0
0
0
0
0
0
0
0
0
0
2.94596e-07
1.88925e-06
4.51731e-07
0
0
0
0
0
0
0
0
0
0
0
0
2.82717e-10
1.06425e-09
1.39793e-09
1.20997e-09
5.59965e-10
0
0
0
0
0
0
5.83718e-10
1.51842e-09
2.21156e-09
2.47683e-09
2.14729e-09
1.11036e-09
0
0
0
0
0
0
0
0
0
0
0
0
0
0
0
0
0
4.28406e-10
0
0
0
0
0
0
0
0
0
0
0
0
0
6.69285e-10
1.53814e-09
1.82354e-09
1.58324e-09
8.30175e-10
0
0
0
0
0
0
0
8.61568e-10
1.81654e-09
2.26266e-09
3.1612e-09
3.27597e-09
2.10332e-09
3.33355e-09
3.38834e-09
3.43523e-10
3.8428e-09
5.07956e-09
0
2.72243e-09
2.15076e-08
1.31207e-08
0
0
0
0
0
0
2.26859e-08
0
4.56089e-08
1.45976e-07
0
3.72712e-07
1.1116e-06
9.56631e-07
0
3.83662e-07
2.68555e-06
1.30616e-06
2.56001e-06
5.01239e-06
1.61091e-06
0
0
0
0
0
0
0
0
0
6.88577e-07
8.90481e-06
1.21208e-05
1.17705e-05
1.26007e-05
1.26274e-05
1.29552e-05
8.7289e-06
4.2694e-06
0
0
0
0
0
0
0
0
2.27336e-06
7.35291e-07
0
0
0
0
0
0
0
0
0
0
0
0
0
0
0
0
0
0
0
0
0
4.25032e-07
5.29889e-06
1.43399e-05
1.14875e-05
3.16529e-06
0
0
1.16396e-06
5.56719e-07
0
0
0
0
0
0
7.1466e-08
0
1.03037e-07
1.06122e-07
0
1.86825e-07
2.12284e-06
7.77235e-07
0
0
0
0
0
0
0
0
0
0
0
0
0
1.51836e-10
2.28653e-10
1.33509e-10
0
0
0
0
0
0
0
4.86271e-10
1.02194e-09
1.31418e-09
1.32663e-09
1.05372e-09
5.26618e-10
0
0
0
0
0
0
0
0
0
0
0
1.2079e-10
3.91815e-10
1.03299e-09
2.50789e-09
4.96381e-09
7.80819e-09
9.58473e-09
8.76453e-09
5.70941e-09
2.28363e-09
0
0
0
0
0
0
0
0
0
0
0
0
0
0
0
0
0
0
0
0
0
3.04019e-10
1.15288e-09
1.83865e-09
2.28947e-09
3.35648e-09
3.68923e-09
3.21083e-09
4.54924e-09
4.38145e-09
2.21223e-09
5.49343e-09
6.61613e-09
3.7084e-10
1.64076e-08
9.22312e-08
1.23143e-07
0
0
0
0
0
1.23262e-07
2.93589e-07
1.73825e-07
1.03805e-07
1.2167e-07
0
7.67646e-07
2.5822e-06
2.2168e-06
0
0
3.14922e-06
5.8864e-07
6.50612e-07
4.25615e-06
2.34177e-06
0
0
0
0
0
0
0
0
2.85081e-06
1.48403e-05
2.96023e-05
3.33529e-05
1.82741e-05
5.29354e-06
1.04663e-06
2.24027e-07
5.64782e-08
1.59882e-08
0
0
0
1.41496e-07
1.58524e-06
0
0
0
8.82107e-07
1.77519e-07
0
0
0
0
0
0
0
0
0
0
0
0
0
0
0
0
0
0
0
0
7.72842e-08
1.45139e-07
3.25929e-07
1.85522e-06
9.56389e-06
9.12191e-06
3.79614e-06
8.26477e-07
0
0
0
0
0
0
1.33424e-08
1.30785e-07
1.99864e-08
0
0
0
0
0
1.82409e-06
9.34733e-07
0
0
0
0
0
0
0
0
0
0
0
0
0
0
0
0
0
0
0
0
0
0
2.45979e-10
7.9751e-10
1.15154e-09
1.27107e-09
1.17004e-09
8.80737e-10
4.21854e-10
0
0
0
0
0
0
0
0
0
0
0
0
0
9.14176e-11
1.43884e-09
3.5055e-09
5.9647e-09
7.80659e-09
7.82925e-09
5.84068e-09
3.10815e-09
1.73032e-10
0
0
0
0
0
0
0
0
0
0
0
0
0
0
0
0
0
0
5.09601e-10
9.04887e-10
1.15677e-09
1.52925e-09
1.75519e-09
1.9858e-09
2.66215e-09
3.04187e-09
3.0767e-09
4.45611e-09
4.75275e-09
3.5355e-09
7.87169e-09
1.01805e-08
3.66832e-09
5.18624e-08
3.52924e-07
5.83724e-07
0
0
0
0
0
7.057e-07
1.30377e-06
8.77624e-07
1.64554e-07
0
0
1.25944e-07
3.25275e-06
2.60605e-06
0
0
1.64065e-06
0
0
6.18257e-06
1.60517e-05
7.94526e-06
1.42087e-06
0
0
0
0
0
0
7.14498e-07
6.3119e-06
3.72156e-05
8.1246e-05
3.618e-05
3.86243e-06
3.22398e-07
0
0
1.63314e-08
4.48481e-08
7.22997e-08
2.05976e-07
6.9522e-07
1.73474e-06
2.07412e-06
0
0
4.55803e-07
9.8369e-08
2.32257e-08
0
0
0
0
0
0
0
0
0
0
0
0
0
0
0
0
0
1.40094e-08
1.33498e-08
3.62129e-08
7.69859e-08
1.1463e-07
2.74644e-07
2.03769e-06
1.08046e-05
1.50056e-06
1.49856e-07
0
0
0
0
0
7.01163e-09
7.44585e-08
8.42004e-08
1.04014e-08
0
0
0
0
0
1.05532e-06
1.32896e-06
0
0
0
0
0
0
0
0
0
0
0
0
0
0
0
0
0
0
0
0
0
0
4.2352e-10
7.90602e-10
1.11263e-09
1.3428e-09
1.33729e-09
1.05739e-09
5.11923e-10
0
0
0
0
0
0
0
0
0
0
0
0
0
0
0
4.03962e-10
1.15421e-09
1.76537e-09
1.89524e-09
1.60559e-09
1.14186e-09
4.2558e-10
0
0
0
0
0
0
0
0
0
0
0
0
0
0
0
0
0
4.25914e-10
1.18121e-09
1.54704e-09
1.74033e-09
2.14252e-09
2.7798e-09
3.50295e-09
5.76318e-09
7.52683e-09
8.12072e-09
1.20372e-08
1.18793e-08
8.83913e-09
1.79132e-08
1.62529e-08
4.87694e-09
1.17911e-07
9.3906e-07
1.36293e-06
0
0
0
0
0
1.53484e-06
1.9847e-06
1.04478e-06
0
0
0
0
8.4907e-07
1.82844e-06
0
0
0
0
0
2.02514e-05
1.21985e-05
3.89984e-06
1.67158e-06
3.17211e-08
0
0
0
0
0
0
1.37776e-06
9.41956e-06
4.63179e-05
3.71868e-05
2.18847e-06
6.21334e-08
0
0
1.46024e-08
7.49489e-08
1.43682e-07
3.20323e-07
7.86407e-07
1.5724e-06
1.81984e-06
5.07887e-07
0
1.93771e-07
5.5022e-08
3.40026e-08
0
0
0
0
0
0
0
0
0
0
0
0
0
0
0
0
1.88502e-10
5.83549e-09
5.33723e-09
2.07743e-08
6.36212e-08
9.21968e-08
9.13642e-08
5.97894e-07
4.05317e-06
3.56116e-07
2.66266e-09
0
0
0
0
0
3.30462e-08
5.01658e-08
5.29535e-08
9.91081e-09
0
0
0
0
0
4.38552e-07
2.15279e-06
1.01802e-06
6.37115e-07
8.46505e-08
0
0
0
0
0
0
0
0
5.27579e-07
2.39607e-07
0
0
0
0
0
7.27865e-08
2.63862e-08
0
0
2.14829e-07
2.83539e-07
2.83771e-07
8.40469e-07
3.2256e-07
0
0
0
0
3.43581e-07
0
0
0
0
0
0
0
0
0
0
0
0
0
0
0
1.37193e-07
1.56006e-07
1.5244e-07
4.34884e-07
0
0
1.41741e-07
9.8124e-07
2.08893e-06
3.85182e-06
2.0868e-06
0
0
0
0
0
0
0
0
0
5.48978e-08
0
0
3.67942e-08
1.709e-07
2.15038e-07
9.15778e-08
1.31675e-07
3.67967e-07
9.24842e-07
3.03148e-06
5.16573e-06
4.84409e-06
4.76513e-06
7.51254e-06
0
0
0
0
0
0
0
0
0
5.51603e-06
4.67764e-06
1.68009e-06
2.69505e-06
7.81966e-06
9.51524e-06
1.95589e-06
0
0
2.63154e-06
4.24334e-06
5.10459e-06
4.40317e-06
3.73003e-06
4.99242e-06
1.12466e-05
0
0
0
0
0
0
0
0
0
1.0078e-05
6.6945e-06
3.35679e-06
5.78002e-06
1.50841e-05
1.4733e-05
6.0735e-06
0
0
3.54045e-06
3.37651e-06
3.00342e-06
2.78281e-06
3.43768e-06
7.25684e-06
1.25521e-05
0
5.80171e-06
0
0
0
0
0
0
0
1.15304e-05
7.90954e-06
4.89055e-06
8.24172e-06
1.65124e-05
1.50039e-05
8.65619e-07
0
0
3.08711e-06
2.30142e-06
1.8604e-06
2.20954e-06
4.0144e-06
1.20316e-05
0
0
1.9316e-05
0
0
0
0
0
0
0
9.05778e-06
9.55624e-06
7.18922e-06
1.15667e-05
1.88411e-05
1.55839e-05
0
0
0
2.44496e-06
1.68024e-06
1.4289e-06
2.11871e-06
5.76594e-06
1.8573e-05
0
2.96282e-05
2.67038e-05
0
0
0
0
0
0
0
7.52224e-07
1.21393e-05
1.06738e-05
1.56704e-05
2.25081e-05
1.67469e-05
0
0
0
2.00907e-06
1.40825e-06
1.30016e-06
2.35849e-06
8.75907e-06
2.17428e-05
0
5.3715e-05
3.34961e-05
0
0
0
0
0
0
0
0
1.58765e-05
1.55767e-05
2.0478e-05
2.73133e-05
1.78757e-05
0
0
0
1.79614e-06
1.32212e-06
1.26157e-06
2.96543e-06
1.30333e-05
1.82678e-05
0
7.12343e-05
4.22013e-05
1.20693e-06
0
0
0
0
0
0
0
2.07317e-05
2.18566e-05
2.57482e-05
3.255e-05
1.82465e-05
0
0
0
1.73514e-06
1.27218e-06
1.2737e-06
3.90223e-06
1.6767e-05
1.02913e-05
0
8.30017e-05
5.19966e-05
6.71723e-06
0
0
0
0
0
0
0
2.6248e-05
2.92288e-05
3.129e-05
3.74519e-05
1.71894e-05
0
0
0
1.82986e-06
1.24123e-06
1.33115e-06
5.2653e-06
1.8697e-05
4.81066e-06
7.10515e-05
8.89149e-05
6.13845e-05
1.32694e-05
0
0
0
0
0
0
0
3.13476e-05
3.71092e-05
3.67885e-05
4.14858e-05
1.43545e-05
0
0
0
2.07794e-06
1.21383e-06
1.40912e-06
6.27372e-06
1.89e-05
1.32683e-05
0.000116122
8.91299e-05
6.86547e-05
2.07403e-05
0
0
0
0
0
0
0
3.46073e-05
4.49569e-05
4.20167e-05
4.4586e-05
9.41157e-06
0
0
0
2.19469e-06
1.07443e-06
1.44233e-06
6.74046e-06
1.86244e-05
4.70259e-05
0.000122028
8.31934e-05
7.18097e-05
2.86178e-05
0
0
0
0
0
0
0
3.47851e-05
5.21697e-05
4.66884e-05
4.65241e-05
2.1425e-06
0
2.53602e-06
0
2.13403e-06
6.9888e-07
1.32327e-06
6.5872e-06
1.89415e-05
0.000100875
0.00011088
7.23564e-05
6.96294e-05
3.59432e-05
0
0
0
2.20932e-06
6.68531e-06
0
0
3.10224e-05
5.83703e-05
5.07351e-05
4.72076e-05
0
0
7.12286e-06
0
2.00616e-06
1.26917e-07
1.0878e-06
5.90335e-06
2.04062e-05
0.000145708
9.41178e-05
5.83416e-05
6.193e-05
4.14515e-05
0
0
0
1.67915e-05
2.04594e-05
0
0
2.30878e-05
6.33453e-05
5.40921e-05
4.66154e-05
0
0
9.27842e-06
0
1.82202e-06
0
8.25342e-07
4.94355e-06
2.2713e-05
0.000159545
7.65045e-05
4.36471e-05
5.02336e-05
4.41328e-05
3.74498e-06
0
1.51163e-05
3.40285e-05
3.69223e-05
0
0
1.10007e-05
6.70306e-05
5.67862e-05
4.47683e-05
0
0
9.78004e-06
0
1.37346e-06
0
5.79326e-07
3.95981e-06
2.50663e-05
0.000147679
5.99625e-05
3.06216e-05
3.77227e-05
4.28557e-05
1.78743e-05
6.87018e-06
3.80118e-05
5.40582e-05
5.61296e-05
0
0
0
6.94719e-05
5.88319e-05
4.16404e-05
0
0
9.5172e-06
0
7.61796e-07
0
3.62371e-07
3.01617e-06
2.64247e-05
0.000123881
4.54331e-05
2.06507e-05
2.69599e-05
3.79504e-05
3.30542e-05
3.44159e-05
6.62979e-05
7.69543e-05
7.83375e-05
0
0
0
7.05167e-05
6.01758e-05
3.70624e-05
0
0
9.15574e-06
0
4.13602e-07
0
2.15871e-07
2.2529e-06
2.65106e-05
9.69524e-05
3.33037e-05
1.40119e-05
1.89065e-05
3.09675e-05
4.60988e-05
7.23653e-05
0.000101218
0.000102687
0.000104012
0
0
0
7.03673e-05
6.08572e-05
3.08659e-05
0
0
9.00057e-06
0
3.59337e-07
0
1.74162e-07
1.72456e-06
2.52792e-05
7.25647e-05
2.39662e-05
1.01459e-05
1.33461e-05
2.33351e-05
5.21734e-05
0.000125004
0.000145414
0.000131358
0.000134056
1.7061e-05
0
0
6.89173e-05
6.07726e-05
2.30511e-05
0
0
9.16344e-06
0
3.95836e-07
0
2.4548e-07
1.40477e-06
2.27636e-05
5.21931e-05
1.74092e-05
8.12604e-06
9.66895e-06
1.61919e-05
4.80109e-05
0.000197883
0.000202979
0.000163507
0.000170601
7.9684e-05
0
0
6.61935e-05
5.98739e-05
1.35373e-05
0
4.13929e-05
9.74127e-06
0
3.51879e-07
1.77747e-07
3.99744e-07
1.21368e-06
1.93494e-05
3.60273e-05
1.32395e-05
7.09665e-06
7.31804e-06
1.01709e-05
3.51207e-05
0.000290093
0.000280955
0.000200806
0.000218585
0.000215788
0
0
6.2223e-05
5.80289e-05
2.49312e-06
0
0.000193294
1.08189e-05
0
1.80559e-07
4.11907e-07
6.03069e-07
1.08919e-06
1.55564e-05
2.36413e-05
1.08508e-05
6.45437e-06
5.85247e-06
5.61176e-06
1.88906e-05
0.000342671
0.00039213
0.000246344
0.000286583
0.000484949
0
0
5.72559e-05
5.51571e-05
0
0
0.000321223
1.24457e-05
0
0
5.10357e-07
8.47374e-07
1.02512e-06
1.17346e-05
1.4488e-05
9.58689e-06
5.90583e-06
5.00186e-06
2.5856e-06
4.53372e-06
0.000190548
0.000548899
0.000301946
0.00038317
0.000906911
0.000154812
0
5.18963e-05
5.10438e-05
0
0
0.000359376
1.46096e-05
1.81549e-06
0
5.11708e-07
1.15452e-06
1.05338e-06
8.23872e-06
8.03562e-06
8.92011e-06
5.4189e-06
4.57282e-06
7.46409e-07
0
0
0.000606722
0.000358796
0.000511008
0.00131646
0.000501097
2.75405e-05
4.6899e-05
4.54141e-05
0
0
0.000330851
1.71435e-05
3.84287e-06
0
5.14821e-07
1.55193e-06
1.22043e-06
5.25905e-06
3.9773e-06
8.4679e-06
5.10693e-06
4.45992e-06
0
0
0
0
0.000368977
0.000662912
0.00144448
0.000556231
7.30407e-05
4.25277e-05
3.81845e-05
0
3.83937e-05
0.000277569
2.01978e-05
5.93617e-06
0
6.84212e-07
2.19342e-06
1.74232e-06
3.29624e-06
3.01978e-06
8.4595e-06
5.5507e-06
5.13884e-06
0
0
0
0
0.000151143
0.000910387
0.00141942
0.00056535
0.000112335
4.19032e-05
3.16505e-05
0
5.74001e-05
0.000239869
2.73949e-05
9.21326e-06
0
7.69671e-07
2.74424e-06
1.97918e-06
9.85714e-07
2.12544e-06
7.93939e-06
5.86217e-06
5.90193e-06
8.12011e-07
0
0
0
0
0.00109304
0.00121698
0.000499912
0.000120838
3.33928e-05
2.17924e-05
0
5.70177e-05
0.000191992
3.12835e-05
1.18164e-05
4.4007e-08
8.78524e-07
3.38665e-06
2.37407e-06
0
1.88434e-06
7.58996e-06
6.66448e-06
7.20463e-06
2.55027e-06
0
0
0
0
0.00123196
0.0010348
0.000433385
0.000113673
2.09263e-05
1.14173e-05
9.64857e-07
5.02732e-05
0.0001523
3.46149e-05
1.49849e-05
1.26384e-07
1.05855e-06
4.2261e-06
3.20193e-06
0
2.27781e-06
7.62534e-06
8.10475e-06
9.05335e-06
5.02147e-06
2.42435e-06
0
0
0
0.00124317
0.00088528
0.000371161
9.63892e-05
6.58947e-06
4.55627e-07
4.4094e-06
4.09779e-05
0.00011762
3.70472e-05
1.88238e-05
2.07384e-07
1.31975e-06
5.3747e-06
4.49687e-06
0
3.30762e-06
8.30409e-06
1.02851e-05
1.14725e-05
8.04065e-06
9.23443e-06
0
0
0
0.0010774
0.000762901
0.000313109
7.42504e-05
0
0
2.51684e-06
3.06966e-05
8.67027e-05
3.65759e-05
2.32962e-05
2.55991e-07
1.57749e-06
6.7916e-06
5.83637e-06
0
5.08082e-06
9.658e-06
1.31882e-05
1.44338e-05
1.13754e-05
1.55745e-05
0
0
0
0.000780594
0.000657315
0.00025801
5.08175e-05
0
0
0
2.01545e-05
5.87109e-05
3.04536e-05
2.84177e-05
2.63649e-07
1.66027e-06
8.21173e-06
6.54309e-06
0
7.57286e-06
1.16346e-05
1.67119e-05
1.78926e-05
1.48153e-05
2.10535e-05
0
0
0
0.000445921
0.000560227
0.000205602
2.83155e-05
0
0
0
9.99532e-06
3.38223e-05
1.56786e-05
3.41308e-05
2.47803e-07
1.39233e-06
8.99641e-06
6.12874e-06
0
1.05994e-05
1.41397e-05
2.08232e-05
2.18009e-05
1.82036e-05
2.55239e-05
4.81322e-06
0
0
0.000157575
0.000465194
0.00015574
8.55583e-06
0
0
0
5.73369e-07
1.21579e-05
0
4.01362e-05
2.29683e-07
7.73408e-07
8.28567e-06
4.68162e-06
0
1.37146e-05
1.71025e-05
2.54098e-05
2.60806e-05
2.14627e-05
2.88806e-05
1.74296e-05
0
0
0
0.000368811
0.00010912
0
0
0
0
0
0
0
4.59922e-05
2.29315e-07
5.80179e-08
5.71625e-06
2.78558e-06
0
1.60574e-05
2.04408e-05
3.03542e-05
3.06815e-05
2.45897e-05
3.12388e-05
2.71649e-05
0
0
0
0.000270089
6.7996e-05
0
0
0
0
0
0
0
5.07552e-05
2.61938e-07
0
2.46594e-06
1.39535e-06
1.57592e-06
1.64045e-05
2.40003e-05
3.54057e-05
3.55062e-05
2.77593e-05
3.26401e-05
3.42223e-05
0
0
0
0.00017592
3.48736e-05
0
0
0
0
0
0
0
5.27853e-05
3.18139e-07
0
5.89945e-07
1.40738e-06
3.84639e-06
1.40149e-05
2.74544e-05
4.01604e-05
4.04917e-05
3.12964e-05
3.29982e-05
3.87929e-05
9.94356e-06
0
0
9.97554e-05
1.09201e-05
0
0
0
0
0
0
0
4.85639e-05
3.262e-07
0
4.51292e-07
2.91737e-06
5.41234e-06
9.67781e-06
3.02587e-05
4.40897e-05
4.55192e-05
3.49781e-05
3.25812e-05
4.1614e-05
2.36206e-05
0
0
5.05818e-05
0
0
0
0
0
0
0
0
3.42069e-05
1.41909e-07
0
3.64091e-07
4.40986e-06
6.13838e-06
5.65243e-06
3.18635e-05
4.64721e-05
5.01887e-05
3.82567e-05
3.13812e-05
4.33575e-05
3.16677e-05
0
0
2.40562e-05
0
0
0
0
0
0
0
0
1.70669e-05
0
0
9.32689e-08
2.44269e-06
5.89241e-06
2.95222e-06
3.12644e-05
4.64852e-05
5.36115e-05
4.01907e-05
3.04028e-05
4.46363e-05
3.7338e-05
7.89443e-06
0
1.17555e-05
0
0
0
0
0
0
0
0
6.64808e-06
0
0
0
8.43829e-07
3.70589e-06
1.09872e-06
2.31189e-05
4.2082e-05
5.21011e-05
3.78356e-05
2.99418e-05
4.41056e-05
4.05398e-05
1.64491e-05
0
8.54231e-06
0
0
0
0
0
0
0
0
0
0
0
0
6.69949e-07
1.17726e-06
6.61939e-07
9.68015e-06
3.62426e-05
4.66087e-05
3.21503e-05
3.02038e-05
4.35379e-05
4.2836e-05
2.38049e-05
0
1.05194e-05
0
0
0
0
0
0
0
0
0
0
0
1.2352e-07
9.74882e-07
1.09159e-06
1.77174e-06
3.03252e-06
3.0131e-05
3.70791e-05
2.40665e-05
2.85351e-05
4.27927e-05
4.49052e-05
2.99395e-05
0
1.11045e-05
0
0
0
0
0
0
0
0
0
0
0
5.2959e-07
1.6204e-06
1.80626e-06
3.95034e-06
1.61683e-06
2.54718e-05
2.45939e-05
1.48383e-05
2.3233e-05
4.10578e-05
4.61014e-05
3.51679e-05
6.67726e-06
4.03282e-06
0
0
0
0
0
0
0
0
0
0
0
1.06066e-06
2.57062e-06
2.84676e-06
5.99538e-06
1.82309e-06
2.15413e-05
1.11107e-05
5.14921e-06
1.69308e-05
3.92833e-05
4.62065e-05
3.9113e-05
1.83375e-05
0
0
0
0
0
0
0
0
0
0
0
4.36359e-07
1.11909e-06
3.44659e-06
4.13239e-06
7.74142e-06
2.63087e-06
1.44178e-05
6.71829e-08
0
1.37827e-05
3.94595e-05
4.50836e-05
4.16213e-05
2.70555e-05
0
0
0
0
0
0
0
0
0
0
3.55232e-07
7.16663e-07
7.24272e-07
2.78012e-06
4.59753e-06
8.56854e-06
4.11961e-06
9.64531e-06
0
0
1.47261e-05
3.97747e-05
4.31127e-05
4.24267e-05
3.28458e-05
0
0
0
0
0
0
0
0
0
0
0
4.60589e-07
6.58366e-07
1.15903e-06
2.25148e-06
4.67153e-06
6.26012e-06
7.15331e-06
0
0
1.80116e-05
3.82943e-05
4.08049e-05
4.14539e-05
3.59882e-05
0
0
0
0
0
0
0
0
0
0
0
3.56125e-07
7.69154e-07
4.8245e-07
5.42605e-07
5.31585e-07
5.99372e-06
5.23168e-06
0
8.70016e-07
2.23688e-05
3.52621e-05
3.73823e-05
3.86268e-05
3.61187e-05
0
0
0
0
0
0
0
0
0
0
0
4.72379e-07
9.11595e-07
2.28583e-07
0
0
2.05962e-06
3.43997e-06
0
1.14927e-05
2.77003e-05
3.26072e-05
2.97676e-05
3.56408e-05
3.31984e-05
0
0
0
0
0
0
0
0
0
5.19255e-08
0
6.60858e-07
8.73198e-07
4.52139e-08
0
0
0
1.60112e-06
0
3.60868e-06
3.58898e-05
3.14855e-05
2.02948e-05
2.91618e-05
3.2233e-05
0
0
0
0
0
0
0
0
0
0
0
5.79502e-07
6.04615e-07
0
0
0
0
5.2873e-07
0
0
1.65023e-05
3.6101e-05
1.59842e-05
7.80374e-06
3.60021e-06
1.74179e-06
0
0
0
0
0
0
0
0
0
0
2.46279e-07
3.19649e-07
7.60263e-08
0
0
0
4.01172e-07
2.59114e-07
1.74624e-08
4.96571e-07
9.10313e-06
2.33834e-05
2.48137e-06
1.4495e-07
4.64195e-08
0
0
0
0
0
0
0
0
0
0
0
3.51461e-08
4.49419e-07
1.02701e-07
0
0
4.54298e-07
3.51386e-07
7.63352e-08
8.3393e-08
8.38798e-07
1.4158e-05
1.45366e-06
0
0
0
0
0
2.83169e-08
0
0
0
0
0
1.9782e-06
0
0
6.21248e-07
1.12491e-07
0
0
5.75005e-07
4.7577e-07
1.1918e-07
4.56533e-08
1.88067e-07
2.83871e-06
5.93638e-07
0
0
0
0
0
1.28351e-07
1.9443e-08
0
0
0
0
)
;

boundaryField
{
    inlet
    {
        type            zeroGradient;
    }
    outlet
    {
        type            zeroGradient;
    }
    upperWall
    {
        type            zeroGradient;
    }
    lowerWall
    {
        type            zeroGradient;
    }
    frontAndBack
    {
        type            empty;
    }
}


// ************************************************************************* //
