/*--------------------------------*- C++ -*----------------------------------*\
  =========                 |
  \\      /  F ield         | OpenFOAM: The Open Source CFD Toolbox
   \\    /   O peration     | Website:  https://openfoam.org
    \\  /    A nd           | Version:  6
     \\/     M anipulation  |
\*---------------------------------------------------------------------------*/
FoamFile
{
    version     2.0;
    format      ascii;
    class       volScalarField;
    location    "0.4";
    object      p;
}
// * * * * * * * * * * * * * * * * * * * * * * * * * * * * * * * * * * * * * //

dimensions      [0 2 -2 0 0 0 0];

internalField   nonuniform List<scalar> 
12225
(
364.251
352.941
345.007
338.695
333.488
329.026
325.07
321.464
318.118
314.994
312.073
309.333
306.737
304.22
301.735
299.262
296.691
293.94
363.334
352.791
344.897
338.599
333.421
328.98
325.032
321.436
318.105
314.994
312.078
309.334
306.731
304.21
301.72
299.236
296.66
293.824
363.231
352.448
344.766
338.525
333.362
328.93
324.994
321.408
318.085
314.982
312.075
309.336
306.73
304.205
301.71
299.208
296.601
293.718
361.395
351.977
344.495
338.358
333.248
328.844
324.928
321.361
318.059
314.977
312.087
309.354
306.739
304.201
301.696
299.175
296.554
293.713
359.192
351.476
344.122
338.087
333.053
328.706
324.833
321.297
318.016
314.948
312.067
309.341
306.733
304.207
301.712
299.201
296.607
293.865
360.862
350.781
343.554
337.766
332.854
328.558
324.714
321.205
317.95
314.906
312.048
309.343
306.75
304.233
301.749
299.26
296.721
294.114
359.108
349.781
342.915
337.361
332.563
328.331
324.547
321.094
317.881
314.867
312.032
309.344
306.766
304.265
301.811
299.369
296.919
294.466
356.255
348.595
342.158
336.803
332.17
328.058
324.352
320.952
317.78
314.801
311.997
309.339
306.789
304.319
301.906
299.531
297.184
294.876
355.699
347.129
341.219
336.197
331.753
327.746
324.113
320.773
317.651
314.714
311.948
309.329
306.819
304.395
302.04
299.743
297.501
295.33
350.542
345.247
340.075
335.428
331.203
327.349
323.828
320.576
317.523
314.639
311.913
309.326
306.852
304.473
302.179
299.965
297.832
295.794
348.577
343.173
338.838
334.583
330.589
326.91
323.509
320.331
317.332
314.499
311.829
309.3
306.888
304.577
302.36
300.235
298.208
296.29
342.128
341.093
337.599
333.725
329.938
326.409
323.131
320.05
317.133
314.374
311.766
309.291
306.933
304.683
302.535
300.489
298.55
296.73
340.472
339.26
336.284
332.821
329.3
325.954
322.798
319.797
316.941
314.237
311.682
309.259
306.957
304.768
302.691
300.725
298.876
297.154
341.989
337.518
334.847
331.747
328.473
325.297
322.273
319.387
316.64
314.037
311.571
309.228
307.002
304.893
302.901
301.023
299.263
297.628
335.487
335.034
333.224
330.506
327.513
324.569
321.718
318.95
316.291
313.769
311.387
309.131
306.992
304.97
303.065
301.279
299.615
298.078
328.206
332.597
331.595
329.233
326.483
323.673
320.95
318.345
315.85
313.469
311.2
309.039
306.992
305.067
303.262
301.573
299.997
298.537
338.768
333.745
330.896
328.026
325.346
322.726
320.139
317.631
315.229
312.957
310.816
308.789
306.867
305.052
303.347
301.746
300.249
298.856
337.128
332.952
329.664
326.746
324.024
321.477
319.046
316.733
314.531
312.425
310.412
308.492
306.671
304.956
303.348
301.84
300.426
299.104
331.176
330.144
327.646
324.989
322.442
320.12
317.856
315.63
313.531
311.582
309.743
307.984
306.304
304.709
303.197
301.762
300.4
299.113
338.584
331.086
326.7
323.577
320.862
318.494
316.392
314.441
312.578
310.791
309.074
307.417
305.824
304.308
302.873
301.512
300.215
298.98
335.843
328.613
324.359
321.46
319.18
317.171
315.323
313.531
311.771
310.085
308.485
306.948
305.464
304.035
302.66
301.332
300.051
298.819
323.414
323.401
321.521
319.565
317.661
315.883
314.233
312.65
311.093
309.564
308.062
306.583
305.137
303.739
302.396
301.106
299.868
298.677
324.955
320.863
319.084
317.539
316.134
314.791
313.426
312.008
310.554
309.103
307.675
306.272
304.895
303.546
302.23
300.951
299.711
298.517
317.134
316.969
316.622
315.886
314.944
313.875
312.697
311.435
310.112
308.749
307.376
306.015
304.679
303.374
302.102
300.862
299.651
298.468
314.124
314.099
314.595
314.527
313.986
313.186
312.199
311.064
309.823
308.52
307.193
305.864
304.546
303.246
301.974
300.734
299.53
298.362
308.954
311.301
312.956
313.472
313.275
312.681
311.825
310.771
309.579
308.312
307.016
305.722
304.441
303.175
301.93
300.71
299.516
298.349
303.949
308.915
311.657
312.704
312.776
312.342
311.591
310.602
309.454
308.216
306.938
305.653
304.378
303.119
301.882
300.668
299.477
298.312
298.478
307.415
310.816
312.206
312.464
312.113
311.405
310.458
309.351
308.14
306.872
305.589
304.315
303.063
301.836
300.635
299.456
298.295
298.045
306.694
310.349
311.94
312.311
312.025
311.35
310.416
309.309
308.095
306.83
305.556
304.295
303.055
301.84
300.647
299.471
298.305
300.796
306.589
310.152
311.823
312.231
311.969
311.315
310.396
309.294
308.077
306.807
305.531
304.272
303.039
301.833
300.649
299.478
298.312
266.724
266.705
266.676
266.677
266.807
267.098
267.438
267.621
267.452
266.826
265.749
264.314
262.657
260.913
259.203
257.616
256.22
255.056
254.152
253.515
253.123
252.948
252.955
253.097
253.319
253.555
253.741
253.825
253.787
253.641
253.424
253.163
252.863
252.511
252.093
251.624
251.15
250.684
250.197
249.666
249.075
248.432
247.738
246.982
246.252
245.643
245.187
244.801
244.374
243.836
243.145
242.273
241.208
239.94
238.473
236.824
235.016
233.067
231.022
228.966
226.986
225.159
223.571
222.279
221.243
220.41
219.763
219.217
218.676
218.192
217.736
217.079
216.09
214.627
212.602
210.43
208.59
206.965
205.337
204.134
203.9
204.787
206.839
209.826
212.94
215.322
216.588
216.664
215.576
215.586
218.27
215.939
204.659
191.761
181.009
171.403
163.755
157.446
152.037
147.532
143.644
140.515
138.326
137.164
137.104
138.175
140.32
143.419
147.293
151.722
156.513
161.479
166.437
171.25
175.818
180.058
183.907
187.319
190.268
192.741
194.747
196.306
197.453
198.231
198.687
198.87
198.825
198.597
198.221
197.728
197.142
196.479
195.748
194.951
194.088
193.155
192.15
191.079
189.951
188.773
187.556
186.312
185.057
183.8
182.534
181.241
179.896
178.475
176.963
175.36
173.678
171.93
170.118
168.25
166.347
164.452
162.613
160.835
159.082
157.348
155.546
153.52
151.428
149.721
148.368
147
145.535
143.64
141.026
138.432
136.544
135.103
133.651
131.968
130.027
127.931
125.837
123.85
121.999
120.21
266.562
266.521
266.457
266.416
266.461
266.592
266.686
266.566
266.095
265.225
263.999
262.514
260.889
259.234
257.641
256.181
254.903
253.839
253
252.388
251.995
251.803
251.787
251.909
252.126
252.387
252.642
252.851
252.992
253.062
253.059
252.961
252.75
252.439
252.054
251.625
251.208
250.816
250.354
249.738
249.007
248.239
247.442
246.668
246.003
245.468
245.027
244.621
244.161
243.573
242.821
241.888
240.766
239.451
237.946
236.263
234.427
232.449
230.379
228.299
226.291
224.458
222.894
221.615
220.608
219.893
219.402
218.979
218.648
218.451
218.12
217.419
216.414
215.033
213.074
210.774
208.538
206.349
204.105
202.383
201.996
203.091
205.315
208.288
211.59
214.482
216.329
216.97
215.938
213.506
211.692
206.739
195.655
185.681
176.822
168.658
162.155
156.262
151.238
146.746
142.861
139.704
137.441
136.301
136.249
137.355
139.567
142.747
146.72
151.241
156.114
161.156
166.18
171.044
175.651
179.924
183.8
187.233
190.196
192.679
194.687
196.245
197.386
198.156
198.602
198.775
198.722
198.485
198.104
197.608
197.022
196.361
195.634
194.844
193.989
193.064
192.069
191.006
189.88
188.702
187.481
186.234
184.976
183.716
182.449
181.157
179.813
178.394
176.883
175.279
173.598
171.857
170.061
168.209
166.316
164.425
162.588
160.813
159.051
157.268
155.424
153.417
151.404
149.789
148.421
146.916
145.367
143.448
140.88
138.432
136.627
135.168
133.687
131.991
130.035
127.923
125.816
123.823
121.964
120.149
266.543
266.512
266.435
266.288
266.056
265.694
265.135
264.331
263.271
261.983
260.528
258.978
257.406
255.877
254.446
253.154
252.032
251.101
250.375
249.859
249.55
249.427
249.466
249.638
249.917
250.272
250.671
251.085
251.486
251.839
252.104
252.244
252.251
252.133
251.911
251.615
251.269
250.869
250.372
249.768
249.11
248.39
247.586
246.825
246.199
245.672
245.186
244.681
244.1
243.389
242.516
241.474
240.266
238.889
237.328
235.592
233.684
231.609
229.448
227.257
225.085
223.082
221.473
220.308
219.43
218.79
218.51
218.577
218.781
218.923
218.818
218.286
217.302
215.896
213.964
211.455
208.523
205.471
202.654
200.45
199.475
200.219
202.531
205.818
209.449
212.804
215.168
215.704
213.493
208.396
201.735
194.293
185.7
178.25
171.529
165.227
159.751
154.67
149.993
145.647
141.747
138.456
136.084
134.871
134.821
135.959
138.245
141.548
145.657
150.328
155.35
160.527
165.671
170.635
175.319
179.652
183.576
187.044
190.033
192.532
194.548
196.103
197.237
197.994
198.425
198.582
198.515
198.267
197.878
197.379
196.794
196.14
195.425
194.651
193.814
192.907
191.928
190.874
189.751
188.571
187.348
186.099
184.839
183.579
182.312
181.021
179.68
178.262
176.75
175.145
173.463
171.727
169.945
168.116
166.247
164.373
162.534
160.738
158.961
157.175
155.322
153.339
151.418
149.859
148.416
146.765
145.107
143.294
141.002
138.636
136.712
135.184
133.707
132.008
130.028
127.887
125.764
123.767
121.899
120.043
266.619
266.639
266.463
265.944
265.06
263.923
262.655
261.322
259.947
258.54
257.11
255.679
254.273
252.926
251.669
250.525
249.514
248.652
247.953
247.427
247.084
246.922
246.927
247.075
247.346
247.722
248.189
248.728
249.314
249.918
250.498
251.003
251.385
251.606
251.655
251.549
251.315
250.968
250.52
249.989
249.402
248.774
248.125
247.498
246.923
246.366
245.782
245.127
244.368
243.484
242.465
241.313
240.027
238.584
236.983
235.232
233.275
231.14
228.902
226.584
224.268
222.136
220.393
219.071
218.096
217.571
217.667
218.188
218.706
219.076
219.313
219.189
218.503
217.298
215.432
212.6
208.795
204.472
200.431
197.428
196.03
196.589
198.924
202.413
206.279
209.762
211.911
211.523
207.527
200.23
192.269
185.011
178.226
172.2
166.88
161.893
157.236
152.805
148.474
144.243
140.264
136.781
134.219
132.856
132.74
133.894
136.274
139.737
144.049
148.943
154.19
159.577
164.904
170.018
174.817
179.236
183.225
186.743
189.769
192.292
194.32
195.878
197.005
197.748
198.162
198.301
198.217
197.957
197.56
197.059
196.48
195.837
195.139
194.387
193.574
192.693
191.736
190.698
189.583
188.403
187.177
185.925
184.664
183.404
182.14
180.854
179.518
178.104
176.593
174.986
173.303
171.57
169.801
167.992
166.148
164.296
162.471
160.675
158.885
157.087
155.226
153.244
151.343
149.787
148.293
146.568
144.877
143.173
141.014
138.618
136.612
135.095
133.66
131.97
129.968
127.805
125.681
123.692
121.815
119.923
266.843
266.65
265.977
264.751
263.255
261.746
260.298
258.899
257.533
256.188
254.863
253.561
252.298
251.094
249.968
248.933
248.004
247.194
246.517
245.979
245.586
245.343
245.249
245.291
245.455
245.734
246.124
246.626
247.238
247.954
248.742
249.545
250.284
250.875
251.256
251.402
251.334
251.101
250.758
250.35
249.902
249.424
248.919
248.381
247.801
247.162
246.432
245.591
244.641
243.585
242.432
241.189
239.829
238.356
236.814
235.086
233.119
231.007
228.753
226.41
224.11
221.995
220.188
218.747
217.69
217.147
217.251
217.855
218.642
219.428
220.09
220.384
220.083
218.981
216.785
213.345
208.72
203.157
197.378
192.596
189.988
190.125
192.64
196.575
200.827
204.299
205.829
204.244
198.832
191.26
184.392
178.384
172.68
167.631
163.143
158.889
154.871
150.847
146.668
142.39
138.156
134.336
131.462
129.89
129.717
130.937
133.494
137.225
141.846
147.061
152.624
158.301
163.876
169.191
174.142
178.67
182.742
186.324
189.4
191.961
194.013
195.581
196.704
197.434
197.829
197.948
197.847
197.573
197.17
196.67
196.098
195.47
194.794
194.07
193.289
192.441
191.514
190.499
189.395
188.216
186.982
185.72
184.453
183.19
181.928
180.646
179.319
177.915
176.411
174.808
173.128
171.4
169.641
167.85
166.031
164.206
162.4
160.61
158.818
157.013
155.133
153.136
151.24
149.663
148.129
146.387
144.663
142.929
140.793
138.41
136.386
134.891
133.508
131.844
129.841
127.684
125.582
123.613
121.731
119.806
266.63
265.924
264.505
262.86
261.298
259.85
258.479
257.153
255.852
254.563
253.284
252.028
250.818
249.675
248.608
247.623
246.73
245.945
245.283
244.754
244.366
244.115
243.991
243.984
244.083
244.287
244.598
245.028
245.597
246.325
247.204
248.178
249.15
250.004
250.639
251.014
251.147
251.083
250.872
250.567
250.213
249.839
249.425
248.914
248.267
247.514
246.671
245.676
244.534
243.351
242.172
240.926
239.564
238.16
236.658
234.914
232.999
230.954
228.775
226.553
224.394
222.394
220.638
219.203
218.175
217.664
217.73
218.281
219.122
220.071
220.935
221.446
221.312
220.285
218.09
214.299
208.544
200.99
192.794
185.876
181.94
181.623
184.348
188.757
193.376
196.754
197.669
195.207
189.51
183.039
177.647
172.773
167.958
163.749
159.919
156.193
152.587
148.758
144.537
139.984
135.287
130.984
127.759
126.031
125.875
127.237
130.045
134.116
139.125
144.735
150.692
156.744
162.644
168.22
173.361
178.016
182.173
185.819
188.945
191.548
193.632
195.218
196.343
197.061
197.435
197.53
197.407
197.117
196.705
196.206
195.646
195.04
194.396
193.709
192.971
192.165
191.277
190.292
189.205
188.025
186.777
185.496
184.212
182.942
181.678
180.399
179.081
177.694
176.207
174.615
172.944
171.226
169.48
167.707
165.909
164.104
162.315
160.54
158.761
156.963
155.087
153.111
151.232
149.616
148.036
146.29
144.524
142.693
140.498
138.099
136.064
134.585
133.255
131.638
129.668
127.55
125.491
123.546
121.654
119.69
264.737
263.791
262.332
260.89
259.557
258.292
257.058
255.84
254.631
253.425
252.221
251.032
249.883
248.79
247.755
246.78
245.877
245.062
244.349
243.762
243.326
243.045
242.899
242.866
242.94
243.118
243.397
243.787
244.321
245.032
245.925
246.955
248.03
249.028
249.836
250.375
250.635
250.667
250.546
250.332
250.056
249.719
249.32
248.849
248.185
247.237
246.125
244.997
243.915
242.856
241.692
240.344
238.915
237.486
235.986
234.386
232.687
230.861
228.922
226.948
225.039
223.276
221.73
220.475
219.594
219.162
219.202
219.661
220.413
221.291
222.093
222.583
222.498
221.542
219.296
215.076
208.217
198.892
188.711
180.146
175.192
174.448
177.107
181.545
185.978
188.866
189.174
186.378
181.319
176.158
171.783
167.592
163.565
160.095
156.825
153.581
150.27
146.499
142.114
137.154
131.897
127.069
123.496
121.636
121.53
123.078
126.17
130.593
135.993
142.019
148.411
154.913
161.231
167.154
172.553
177.371
181.613
185.3
188.452
191.08
193.189
194.793
195.922
196.627
196.976
197.04
196.886
196.572
196.146
195.646
195.099
194.522
193.919
193.284
192.601
191.852
191.015
190.07
189.008
187.832
186.57
185.264
183.958
182.675
181.407
180.128
178.814
177.442
175.978
174.409
172.754
171.05
169.318
167.564
165.788
164.004
162.23
160.465
158.696
156.904
155.051
153.141
151.317
149.672
148.027
146.246
144.418
142.465
140.171
137.72
135.664
134.204
132.937
131.392
129.486
127.432
125.424
123.496
121.579
119.573
262.098
261.425
260.421
259.325
258.203
257.089
255.987
254.892
253.801
252.705
251.597
250.486
249.392
248.331
247.305
246.324
245.407
244.561
243.793
243.128
242.603
242.243
242.039
241.965
242.01
242.172
242.436
242.807
243.319
244.015
244.903
245.939
247.024
248.03
248.843
249.406
249.727
249.837
249.761
249.537
249.256
248.975
248.573
247.875
246.965
246.028
245.065
243.975
242.706
241.303
239.874
238.516
237.267
236.05
234.774
233.417
231.998
230.521
228.987
227.439
225.944
224.576
223.407
222.502
221.916
221.678
221.782
222.178
222.773
223.426
223.952
224.143
223.807
222.716
220.42
216.089
208.845
198.797
187.693
178.214
172.483
171.133
173.155
176.827
180.373
182.392
182.072
179.229
174.931
170.642
166.735
162.883
159.493
156.641
153.847
151.008
147.921
144.167
139.581
134.212
128.441
123.127
119.209
117.222
117.226
119.045
122.455
127.178
132.876
139.225
145.974
152.883
159.632
165.953
171.68
176.728
181.096
184.827
187.983
190.609
192.725
194.337
195.463
196.147
196.461
196.483
196.289
195.94
195.488
194.977
194.439
193.89
193.333
192.758
192.144
191.465
190.694
189.806
188.785
187.63
186.367
185.044
183.714
182.415
181.142
179.86
178.544
177.177
175.734
174.189
172.557
170.873
169.16
167.426
165.673
163.909
162.148
160.393
158.635
156.852
155.019
153.156
151.363
149.685
148.002
146.22
144.345
142.267
139.848
137.326
135.246
133.81
132.607
131.144
129.324
127.345
125.38
123.449
121.497
119.445
260.161
259.735
259.034
258.195
257.28
256.332
255.355
254.351
253.334
252.307
251.268
250.22
249.171
248.13
247.101
246.097
245.14
244.241
243.419
242.705
242.132
241.712
241.444
241.324
241.352
241.505
241.763
242.131
242.643
243.327
244.176
245.134
246.103
246.985
247.705
248.222
248.532
248.65
248.582
248.299
247.805
247.253
246.76
246.139
245.178
243.874
242.441
241.192
240.115
238.955
237.623
236.246
234.963
233.805
232.733
231.706
230.7
229.714
228.758
227.842
226.991
226.243
225.641
225.224
225.021
225.035
225.241
225.581
225.966
226.273
226.363
226.113
225.433
224.193
222.034
218.154
211.574
202.187
191.467
181.867
175.521
173.157
173.832
175.952
178.008
178.716
177.382
174.171
170.151
166.225
162.397
158.745
155.836
153.456
151.08
148.569
145.629
141.869
137.146
131.524
125.433
119.798
115.662
113.658
113.848
115.961
119.636
124.528
130.358
136.874
143.826
150.973
158.014
164.651
170.685
175.996
180.55
184.37
187.538
190.145
192.25
193.865
194.987
195.643
195.908
195.874
195.628
195.236
194.751
194.221
193.681
193.152
192.637
192.122
191.58
190.98
190.286
189.47
188.508
187.398
186.16
184.84
183.496
182.18
180.896
179.609
178.286
176.917
175.483
173.96
172.353
170.691
168.999
167.287
165.558
163.815
162.068
160.321
158.57
156.801
154.988
153.145
151.352
149.662
147.984
146.205
144.276
142.094
139.565
136.972
134.866
133.449
132.303
130.924
129.194
127.282
125.343
123.394
121.4
119.301
258.991
258.68
258.186
257.559
256.814
255.986
255.091
254.153
253.203
252.255
251.305
250.348
249.378
248.396
247.4
246.396
245.397
244.42
243.503
242.704
242.068
241.604
241.307
241.175
241.197
241.345
241.599
241.963
242.454
243.08
243.816
244.603
245.364
246.027
246.544
246.89
247.065
247.083
246.924
246.501
245.75
244.804
243.891
243.03
242.079
240.898
239.414
237.815
236.366
235.116
233.973
232.885
231.863
230.945
230.163
229.525
229.018
228.622
228.325
228.125
228.019
228.005
228.08
228.239
228.466
228.74
229.028
229.283
229.439
229.421
229.157
228.601
227.727
226.484
224.655
221.65
216.582
209.095
200.124
191.511
185.046
181.494
180.289
180.155
179.822
178.232
175.047
170.888
166.678
162.728
158.771
155.239
152.667
150.656
148.652
146.371
143.456
139.631
134.864
129.277
123.276
117.709
113.595
111.625
111.901
114.114
117.827
122.689
128.5
135.081
142.169
149.461
156.655
163.46
169.682
175.198
179.939
183.879
187.079
189.661
191.738
193.349
194.47
195.104
195.316
195.216
194.907
194.463
193.942
193.391
192.849
192.338
191.86
191.4
190.927
190.403
189.79
189.052
188.165
187.119
185.93
184.637
183.297
181.968
180.669
179.372
178.042
176.667
175.235
173.727
172.141
170.503
168.834
167.145
165.439
163.716
161.983
160.243
158.5
156.746
154.959
153.139
151.355
149.655
147.959
146.155
144.187
141.946
139.351
136.708
134.576
133.167
132.056
130.744
129.091
127.23
125.3
123.326
121.29
119.148
258.73
258.476
258.052
257.492
256.806
256.025
255.169
254.279
253.387
252.508
251.643
250.776
249.897
249.002
248.086
247.147
246.187
245.216
244.268
243.408
242.698
242.169
241.83
241.674
241.679
241.812
242.051
242.388
242.816
243.317
243.855
244.377
244.827
245.163
245.371
245.447
245.375
245.117
244.641
243.915
242.921
241.732
240.455
239.129
237.784
236.456
235.097
233.667
232.218
230.852
229.668
228.707
227.961
227.413
227.065
226.922
226.982
227.232
227.649
228.204
228.863
229.586
230.331
231.052
231.702
232.239
232.626
232.839
232.856
232.659
232.235
231.579
230.699
229.588
228.168
226.125
222.849
217.894
211.599
204.985
199.189
194.756
191.395
188.301
184.569
179.774
174.297
169.031
164.453
160.238
156.078
152.587
150.2
148.448
146.707
144.512
141.496
137.536
132.753
127.377
121.795
116.678
112.856
110.954
111.112
113.087
116.544
121.222
126.982
133.638
140.871
148.311
155.621
162.507
168.791
174.394
179.246
183.286
186.525
189.098
191.161
192.771
193.895
194.509
194.674
194.509
194.131
193.627
193.061
192.486
191.944
191.458
191.025
190.624
190.218
189.765
189.226
188.564
187.753
186.781
185.656
184.409
183.093
181.763
180.45
179.14
177.802
176.423
174.992
173.493
171.925
170.308
168.663
166.997
165.314
163.611
161.891
160.163
158.432
156.693
154.928
153.134
151.362
149.642
147.911
146.087
144.107
141.84
139.222
136.56
134.41
132.986
131.884
130.61
129.009
127.18
125.247
123.246
121.173
118.992
259.398
259.153
258.745
258.198
257.51
256.711
255.835
254.939
254.056
253.202
252.379
251.568
250.759
249.948
249.129
248.296
247.446
246.577
245.709
244.889
244.175
243.61
243.219
243.002
242.941
243.005
243.166
243.397
243.668
243.943
244.183
244.352
244.423
244.379
244.212
243.912
243.449
242.778
241.873
240.733
239.391
237.927
236.396
234.787
233.117
231.462
229.905
228.491
227.21
226.055
225.068
224.314
223.839
223.656
223.76
224.145
224.8
225.708
226.831
228.117
229.501
230.912
232.276
233.516
234.563
235.363
235.888
236.137
236.132
235.899
235.462
234.841
234.055
233.126
232.063
230.777
228.96
226.243
222.567
218.194
213.452
208.494
203.078
196.853
189.617
181.806
174.452
168.346
163.378
158.829
154.488
150.967
148.594
146.925
145.269
143.018
139.812
135.641
130.756
125.517
120.346
115.76
112.317
110.446
110.315
111.877
115.02
119.62
125.517
132.404
139.826
147.397
154.781
161.703
167.98
173.556
178.409
182.48
185.744
188.317
190.393
192.05
193.218
193.837
193.968
193.747
193.308
192.744
192.127
191.521
190.977
190.519
190.142
189.813
189.482
189.1
188.627
188.031
187.289
186.388
185.331
184.139
182.859
181.543
180.227
178.906
177.561
176.182
174.757
173.267
171.712
170.113
168.488
166.844
165.183
163.502
161.799
160.083
158.363
156.634
154.884
153.113
151.356
149.625
147.866
146.026
144.047
141.781
139.175
136.533
134.377
132.915
131.789
130.521
128.943
127.126
125.184
123.159
121.055
118.842
260.997
260.761
260.358
259.798
259.081
258.243
257.332
256.409
255.502
254.631
253.803
253.009
252.236
251.477
250.729
249.99
249.258
248.529
247.81
247.126
246.51
245.992
245.591
245.312
245.142
245.059
245.033
245.028
245.009
244.943
244.803
244.571
244.226
243.745
243.108
242.312
241.35
240.2
238.833
237.242
235.465
233.59
231.696
229.819
227.973
226.179
224.491
222.991
221.736
220.746
220.03
219.607
219.506
219.747
220.342
221.286
222.563
224.134
225.943
227.915
229.966
232.002
233.927
235.649
237.082
238.165
238.874
239.228
239.282
239.095
238.718
238.181
237.509
236.735
235.902
235.028
234.023
232.666
230.699
227.874
223.923
218.607
211.666
203.083
193.383
183.66
175.206
168.541
163.166
158.296
153.816
150.223
147.768
146.061
144.36
141.946
138.447
133.943
128.805
123.493
118.458
114.117
110.835
108.893
108.517
109.859
112.994
117.85
124.141
131.394
139.048
146.708
154.091
160.965
167.156
172.623
177.401
181.46
184.729
187.278
189.331
191.031
192.305
193.009
193.157
192.909
192.426
191.817
191.157
190.52
189.967
189.533
189.215
188.971
188.734
188.436
188.029
187.488
186.8
185.959
184.965
183.832
182.595
181.305
179.997
178.675
177.327
175.949
174.531
173.054
171.513
169.928
168.318
166.692
165.051
163.391
161.706
160.003
158.292
156.573
154.836
153.082
151.333
149.594
147.82
145.977
144.01
141.772
139.208
136.614
134.467
132.954
131.771
130.476
128.892
127.072
125.12
123.076
120.946
118.702
263.427
263.177
262.763
262.183
261.437
260.562
259.608
258.632
257.666
256.743
255.879
255.07
254.307
253.584
252.898
252.247
251.626
251.033
250.471
249.951
249.482
249.066
248.704
248.389
248.108
247.839
247.558
247.239
246.861
246.405
245.852
245.175
244.342
243.325
242.112
240.714
239.149
237.42
235.52
233.442
231.208
228.881
226.543
224.275
222.145
220.194
218.449
216.947
215.735
214.857
214.346
214.228
214.525
215.256
216.427
218.026
220.017
222.337
224.894
227.582
230.292
232.917
235.354
237.507
239.288
240.639
241.554
242.07
242.248
242.158
241.86
241.401
240.814
240.132
239.401
238.656
237.875
236.936
235.578
233.363
229.7
224.088
216.337
206.653
195.899
185.426
176.464
169.354
163.542
158.382
153.804
150.173
147.66
145.881
144.036
141.34
137.438
132.479
126.916
121.269
116.016
111.554
108.206
106.251
105.954
107.533
111.065
116.407
123.156
130.74
138.579
146.262
153.558
160.31
166.368
171.666
176.28
180.268
183.552
186.108
188.116
189.784
191.113
191.943
192.197
191.98
191.474
190.829
190.146
189.501
188.948
188.527
188.251
188.089
187.962
187.771
187.447
186.963
186.319
185.523
184.583
183.506
182.317
181.059
179.769
178.455
177.111
175.734
174.321
172.856
171.33
169.759
168.162
166.549
164.923
163.28
161.614
159.926
158.225
156.514
154.786
153.041
151.297
149.553
147.777
145.94
143.99
141.795
139.305
136.782
134.653
133.085
131.82
130.469
128.857
127.025
125.062
123.003
120.849
118.578
266.488
266.229
265.793
265.174
264.375
263.443
262.425
261.372
260.326
259.337
258.428
257.6
256.85
256.169
255.558
255.011
254.521
254.076
253.671
253.304
252.967
252.646
252.324
251.979
251.593
251.144
250.615
249.991
249.26
248.405
247.399
246.21
244.808
243.178
241.326
239.273
237.05
234.677
232.158
229.494
226.705
223.844
220.98
218.2
215.6
213.265
211.258
209.624
208.396
207.603
207.274
207.441
208.14
209.398
211.228
213.616
216.507
219.791
223.314
226.902
230.395
233.659
236.591
239.115
241.18
242.768
243.889
244.579
244.889
244.889
244.661
244.263
243.724
243.068
242.323
241.515
240.623
239.542
238.037
235.708
231.98
226.267
218.35
208.562
197.787
187.286
178.126
170.625
164.399
159.001
154.38
150.773
148.252
146.377
144.291
141.185
136.727
131.129
124.939
118.762
113.128
108.459
105.097
103.334
103.402
105.467
109.538
115.38
122.537
130.396
138.368
146.035
153.194
159.762
165.658
170.809
175.258
179.104
182.343
184.914
186.899
188.504
189.818
190.733
191.108
190.973
190.471
189.786
189.083
188.46
187.944
187.548
187.296
187.188
187.158
187.087
186.867
186.455
185.859
185.101
184.202
183.176
182.036
180.815
179.547
178.247
176.912
175.539
174.129
172.673
171.163
169.607
168.023
166.42
164.804
163.175
161.525
159.85
158.159
156.454
154.733
152.997
151.257
149.511
147.735
145.904
143.977
141.839
139.442
137.009
134.906
133.283
131.924
130.495
128.842
126.993
125.019
122.944
120.769
118.474
269.998
269.726
269.266
268.604
267.754
266.763
265.676
264.542
263.418
262.366
261.42
260.583
259.863
259.257
258.76
258.367
258.059
257.814
257.612
257.432
257.249
257.034
256.755
256.386
255.901
255.282
254.512
253.581
252.472
251.167
249.637
247.86
245.822
243.527
240.99
238.235
235.284
232.144
228.815
225.312
221.679
217.993
214.345
210.844
207.605
204.737
202.334
200.464
199.172
198.479
198.399
198.944
200.134
201.996
204.549
207.795
211.678
216.062
220.73
225.422
229.894
233.957
237.497
240.465
242.849
244.654
245.907
246.683
247.077
247.171
247.019
246.649
246.093
245.383
244.538
243.555
242.393
240.948
239.012
236.264
232.275
226.6
219.007
209.738
199.524
189.39
180.241
172.464
165.919
160.353
155.726
152.156
149.578
147.466
144.939
141.214
136.013
129.649
122.783
116.102
110.173
105.423
102.181
100.705
101.178
103.714
108.283
114.608
122.158
130.271
138.349
145.987
153.005
159.374
165.075
170.068
174.374
178.09
181.257
183.818
185.773
187.299
188.564
189.522
189.992
189.921
189.426
188.696
187.961
187.374
186.938
186.606
186.387
186.31
186.348
186.383
186.275
185.947
185.405
184.687
183.826
182.843
181.75
180.566
179.324
178.043
176.721
175.357
173.95
172.501
171.005
169.466
167.895
166.304
164.698
163.078
161.439
159.776
158.093
156.394
154.68
152.951
151.213
149.467
147.692
145.869
143.967
141.894
139.6
137.263
135.193
133.519
132.063
130.55
128.849
126.978
124.991
122.902
120.708
118.394
273.455
273.171
272.689
271.996
271.106
270.068
268.921
267.722
266.54
265.453
264.499
263.69
263.037
262.549
262.226
262.056
262.014
262.064
262.166
262.27
262.325
262.282
262.1
261.744
261.186
260.407
259.391
258.122
256.584
254.76
252.638
250.212
247.484
244.461
241.149
237.557
233.695
229.568
225.193
220.621
215.943
211.28
206.766
202.537
198.724
195.442
192.787
190.832
189.625
189.188
189.514
190.576
192.343
194.802
197.975
201.887
206.527
211.788
217.44
223.159
228.61
233.529
237.754
241.223
243.947
245.981
247.415
248.328
248.769
248.832
248.638
248.236
247.636
246.839
245.84
244.626
243.15
241.313
238.946
235.805
231.592
226.022
218.94
210.478
201.134
191.666
182.816
175.015
168.326
162.66
157.989
154.319
151.464
148.85
145.643
141.153
135.195
128.166
120.793
113.798
107.739
103.019
99.9434
98.7354
99.5514
102.49
107.516
114.302
122.215
130.522
138.624
146.161
152.998
159.142
164.627
169.449
173.61
177.193
180.278
182.827
184.769
186.218
187.416
188.407
188.975
188.948
188.413
187.608
186.821
186.268
185.941
185.718
185.557
185.51
185.592
185.708
185.696
185.452
184.966
184.285
183.459
182.513
181.459
180.312
179.097
177.836
176.531
175.178
173.78
172.338
170.854
169.33
167.775
166.195
164.599
162.988
161.357
159.703
158.028
156.335
154.627
152.903
151.169
149.423
147.651
145.838
143.963
141.955
139.763
137.52
135.483
133.763
132.217
130.622
128.875
126.981
124.98
122.877
120.669
118.341
276.325
276.026
275.513
274.783
273.853
272.77
271.579
270.34
269.129
268.034
267.103
266.353
265.806
265.477
265.376
265.497
265.809
266.254
266.759
267.237
267.608
267.8
267.758
267.442
266.826
265.89
264.618
262.994
261.006
258.651
255.932
252.863
249.447
245.681
241.557
237.081
232.269
227.154
221.794
216.283
210.743
205.308
200.117
195.308
191.015
187.365
184.471
182.426
181.293
181.098
181.827
183.42
185.789
188.85
192.568
196.962
202.075
207.878
214.193
220.673
226.908
232.554
237.399
241.359
244.447
246.732
248.307
249.273
249.772
249.902
249.677
249.154
248.418
247.482
246.319
244.892
243.145
240.992
238.302
234.9
230.585
225.178
218.591
210.912
202.47
193.796
185.461
177.877
171.216
165.496
160.694
156.75
153.419
150.147
146.191
140.981
134.423
126.958
119.32
112.215
106.16
101.531
98.6273
97.6608
98.7676
102.049
107.468
114.631
122.797
131.172
139.181
146.531
153.138
159.035
164.279
168.901
172.913
176.364
179.336
181.834
183.783
185.207
186.34
187.336
188.008
188.068
187.505
186.6
185.731
185.19
184.978
184.891
184.818
184.813
184.932
185.104
185.165
184.99
184.555
183.908
183.109
182.194
181.174
180.058
178.869
177.627
176.339
175.002
173.616
172.185
170.713
169.204
167.662
166.093
164.506
162.902
161.28
159.634
157.965
156.279
154.576
152.858
151.126
149.382
147.615
145.814
143.964
142.015
139.915
137.76
135.753
133.992
132.368
130.703
128.914
126.998
124.985
122.872
120.654
118.316
278.565
278.23
277.657
276.858
275.851
274.696
273.454
272.192
270.991
269.936
269.072
268.416
267.989
267.824
267.962
268.425
269.183
270.145
271.176
272.132
272.887
273.346
273.448
273.158
272.458
271.337
269.788
267.8
265.373
262.514
259.245
255.583
251.531
247.073
242.201
236.925
231.281
225.329
219.152
212.859
206.568
200.399
194.481
188.964
184.016
179.814
176.52
174.264
173.132
173.163
174.344
176.587
179.733
183.585
187.986
192.884
198.352
204.484
211.231
218.29
225.176
231.43
236.768
241.101
244.465
246.955
248.685
249.775
250.324
250.419
250.156
249.604
248.763
247.656
246.304
244.675
242.707
240.32
237.412
233.858
229.526
224.306
218.156
211.146
203.502
195.591
187.842
180.604
174.08
168.335
163.356
159.061
155.196
151.254
146.608
140.817
133.865
126.2
118.517
111.453
105.471
100.954
98.2336
97.5019
98.8605
102.422
108.145
115.56
123.833
132.139
139.948
147.035
153.367
158.998
163.995
168.402
172.24
175.554
178.407
180.819
182.74
184.167
185.278
186.265
187.008
187.169
186.621
185.636
184.688
184.155
184.056
184.117
184.148
184.199
184.362
184.584
184.696
184.567
184.169
183.549
182.774
181.884
180.894
179.807
178.641
177.418
176.146
174.825
173.454
172.038
170.58
169.085
167.557
165.999
164.419
162.822
161.206
159.567
157.906
156.224
154.527
152.814
151.087
149.346
147.585
145.795
143.967
142.066
140.049
137.972
135.993
134.197
132.508
130.787
128.964
127.028
125.005
122.886
120.662
118.318
280.245
279.84
279.161
278.239
277.097
275.819
274.489
273.192
272.023
271.058
270.32
269.795
269.485
269.444
269.784
270.604
271.907
273.544
275.264
276.818
278.019
278.754
278.969
278.652
277.814
276.469
274.625
272.285
269.456
266.158
262.416
258.248
253.649
248.598
243.084
237.125
230.767
224.073
217.128
210.034
202.898
195.842
189.021
182.635
176.911
172.084
168.366
165.922
164.855
165.198
166.923
169.921
173.987
178.836
184.149
189.713
195.553
201.873
208.82
216.23
223.609
230.377
236.132
240.75
244.294
246.905
248.721
249.866
250.453
250.574
250.3
249.68
248.756
247.547
246.045
244.24
242.093
239.536
236.487
232.857
228.556
223.519
217.733
211.261
204.266
197.009
189.806
182.939
176.596
170.858
165.722
161.098
156.744
152.217
147.015
140.822
133.678
126.001
118.401
111.432
105.555
101.206
98.7111
98.2051
99.7685
103.551
109.495
117.037
125.266
133.367
140.878
147.64
153.659
159.001
163.738
167.918
171.566
174.721
177.441
179.755
181.629
183.051
184.155
185.136
185.933
186.198
185.704
184.68
183.678
183.17
183.191
183.406
183.552
183.667
183.874
184.139
184.29
184.189
183.811
183.208
182.449
181.58
180.616
179.557
178.416
177.212
175.956
174.65
173.295
171.894
170.451
168.971
167.457
165.911
164.34
162.749
161.138
159.505
157.849
156.172
154.479
152.771
151.049
149.313
147.559
145.78
143.969
142.105
140.156
138.15
136.199
134.376
132.634
130.87
129.021
127.071
125.042
122.919
120.692
118.345
281.493
280.988
280.154
279.048
277.7
276.216
274.715
273.321
272.166
271.331
270.801
270.494
270.332
270.368
270.811
271.924
273.819
276.294
278.9
281.2
282.914
283.914
284.183
283.764
282.724
281.12
278.981
276.318
273.145
269.481
265.351
260.766
255.71
250.156
244.091
237.534
230.529
223.138
215.443
207.542
199.554
191.631
183.97
176.809
170.404
165.023
160.922
158.317
157.328
157.971
160.178
163.82
168.701
174.524
180.848
187.236
193.556
200.059
207.084
214.652
222.328
229.459
235.541
240.389
244.062
246.727
248.569
249.735
250.335
250.454
250.163
249.512
248.529
247.234
245.631
243.707
241.431
238.759
235.628
231.972
227.729
222.864
217.381
211.336
204.854
198.128
191.392
184.867
178.714
173.014
167.765
162.874
158.116
153.123
147.518
141.085
133.889
126.292
118.822
112.005
106.331
102.232
99.9747
99.6513
101.379
105.345
111.436
118.979
127.018
134.793
141.926
148.319
153.999
159.036
163.496
167.429
170.865
173.839
176.401
178.587
180.387
181.792
182.895
183.862
184.681
185.045
184.664
183.691
182.709
182.259
182.396
182.75
183.014
183.206
183.46
183.758
183.933
183.848
183.48
182.885
182.135
181.281
180.339
179.306
178.19
177.007
175.769
174.48
173.14
171.754
170.326
168.86
167.36
165.826
164.264
162.679
161.074
159.446
157.795
156.122
154.433
152.729
151.012
149.281
147.534
145.766
143.97
142.135
140.239
138.294
136.371
134.531
132.75
130.953
129.084
127.124
125.093
122.97
120.742
118.397
282.45
281.829
280.798
279.453
277.824
276.019
274.2
272.566
271.345
270.692
270.576
270.753
270.914
270.966
271.207
272.235
274.541
278.012
281.85
285.175
287.51
288.745
288.973
288.36
287.062
285.183
282.767
279.828
276.374
272.419
267.978
263.052
257.618
251.641
245.107
238.035
230.469
222.474
214.133
205.552
196.863
188.24
179.903
172.108
165.127
159.266
154.845
152.131
151.249
152.182
154.799
158.914
164.342
170.866
178.044
185.25
192.117
198.849
205.923
213.547
221.375
228.725
235.015
240.012
243.773
246.48
248.324
249.473
250.054
250.159
249.849
249.171
248.153
246.804
245.128
243.121
240.765
238.025
234.856
231.211
227.047
222.345
217.119
211.42
205.348
199.049
192.702
186.478
180.51
174.867
169.541
164.444
159.372
154.038
148.162
141.6
134.425
126.957
119.687
113.127
107.738
103.904
101.856
101.692
103.578
107.705
113.862
121.275
128.996
136.354
143.058
149.052
154.377
159.095
163.267
166.937
170.142
172.914
175.3
177.338
179.032
180.387
181.475
182.418
183.224
183.652
183.421
182.609
181.757
181.426
181.681
182.15
182.516
182.787
183.093
183.421
183.612
183.533
183.167
182.575
181.831
180.988
180.065
179.056
177.964
176.804
175.585
174.313
172.99
171.62
170.207
168.755
167.266
165.744
164.19
162.612
161.011
159.389
157.742
156.073
154.388
152.688
150.976
149.251
147.511
145.754
143.972
142.158
140.301
138.404
136.511
134.665
132.856
131.034
129.15
127.186
125.157
123.037
120.812
118.471
283.288
282.532
281.271
279.628
277.635
275.377
273.048
270.973
269.579
269.226
269.905
271.022
271.722
271.512
270.77
270.774
273.002
277.823
283.697
288.664
291.8
293.184
293.227
292.322
290.732
288.592
285.94
282.781
279.111
274.931
270.248
265.053
259.316
253
246.09
238.608
230.604
222.142
213.307
204.201
194.959
185.764
176.864
168.54
161.099
154.889
150.274
147.533
146.781
147.98
150.963
155.461
161.245
168.179
175.924
183.78
191.153
198.122
205.238
212.856
220.73
228.177
234.57
239.637
243.431
246.147
247.988
249.123
249.681
249.76
249.426
248.722
247.677
246.299
244.584
242.526
240.117
237.341
234.165
230.556
226.484
221.937
216.936
211.528
205.792
199.844
193.822
187.86
182.063
176.483
171.11
165.859
160.563
154.995
148.949
142.331
135.229
127.953
120.964
114.717
109.626
106.055
104.216
104.216
106.266
110.523
116.657
123.821
131.124
138.006
144.251
149.835
154.796
159.186
163.059
166.461
169.426
171.989
174.193
176.075
177.649
178.928
179.97
180.867
181.629
182.086
182.011
181.443
180.822
180.654
181.017
181.575
182.032
182.385
182.748
183.104
183.305
183.228
182.864
182.274
181.534
180.701
179.794
178.807
177.739
176.602
175.404
174.151
172.844
171.49
170.092
168.653
167.177
165.665
164.119
162.547
160.952
159.333
157.69
156.026
154.344
152.648
150.94
149.22
147.488
145.741
143.973
142.177
140.348
138.488
136.621
134.777
132.953
131.113
129.219
127.257
125.233
123.119
120.898
118.566
284.162
283.279
281.774
279.779
277.342
274.529
271.504
268.757
267.033
267.041
268.866
271.389
272.874
272.202
269.805
267.8
269.255
275.776
284.613
291.829
295.83
297.15
296.819
295.548
293.681
291.328
288.498
285.178
281.352
277.012
272.151
266.755
260.791
254.221
247.035
239.256
230.935
222.135
212.931
203.413
193.719
184.056
174.711
166
158.255
151.844
147.146
144.428
143.78
145.167
148.438
153.26
159.315
166.485
174.554
182.839
190.598
197.77
204.92
212.509
220.36
227.805
234.2
239.263
243.043
245.742
247.569
248.69
249.232
249.291
248.934
248.21
247.143
245.746
244.016
241.939
239.507
236.713
233.546
229.986
226.01
221.613
216.813
211.655
206.205
200.552
194.806
189.072
183.431
177.918
172.522
167.17
161.727
156.01
149.87
143.255
136.279
129.249
122.572
116.645
111.866
108.574
106.946
107.116
109.337
113.688
119.708
126.522
133.339
139.713
145.493
150.664
155.258
159.319
162.894
166.028
168.757
171.117
173.143
174.871
176.322
177.513
178.489
179.317
180.015
180.472
180.532
180.222
179.88
179.904
180.363
180.985
181.524
181.968
182.398
182.785
182.992
182.917
182.556
181.972
181.24
180.418
179.527
178.562
177.517
176.403
175.227
173.993
172.704
171.366
169.982
168.557
167.091
165.589
164.051
162.485
160.894
159.279
157.64
155.979
154.3
152.608
150.904
149.19
147.465
145.728
143.972
142.192
140.384
138.551
136.707
134.87
133.038
131.188
129.291
127.333
125.317
123.211
120.999
118.682
285.152
284.042
282.255
279.865
276.989
273.691
269.962
266.439
264.26
264.494
267.449
271.656
274.487
274.02
270.466
266.434
266.539
274.218
285.897
295.121
299.591
300.487
299.618
297.983
295.91
293.419
290.479
287.057
283.131
278.683
273.702
268.168
262.048
255.306
247.931
239.949
231.411
222.37
212.891
203.058
193.021
183.028
173.406
164.482
156.579
150.079
145.366
142.686
142.103
143.588
147.033
152.088
158.346
165.659
173.89
182.411
190.408
197.716
204.888
212.432
220.215
227.584
233.904
238.898
242.623
245.279
247.078
248.185
248.717
248.765
248.396
247.657
246.577
245.17
243.436
241.362
238.935
236.147
232.999
229.489
225.607
221.35
216.733
211.795
206.591
201.194
195.688
190.156
184.658
179.219
173.825
168.42
162.89
157.092
150.918
144.357
137.55
130.788
124.424
118.829
114.382
111.37
109.947
110.309
112.708
117.103
122.915
129.299
135.593
141.454
146.774
151.538
155.769
159.504
162.788
165.662
168.164
170.324
172.178
173.756
175.082
176.178
177.081
177.841
178.474
178.915
179.076
178.992
178.911
179.12
179.668
180.351
180.974
181.514
182.017
182.439
182.655
182.584
182.233
181.664
180.946
180.137
179.264
178.32
177.299
176.208
175.054
173.841
172.57
171.248
169.878
168.465
167.01
165.516
163.987
162.426
160.839
159.228
157.592
155.934
154.258
152.568
150.868
149.158
147.44
145.712
143.969
142.204
140.413
138.6
136.775
134.946
133.113
131.259
129.363
127.413
125.407
123.312
121.112
118.817
286.496
285.002
282.84
280.128
277.02
273.483
269.299
265.237
262.792
263.067
266.602
272.187
276.383
276.58
273.004
268.132
267.263
274.854
287.738
298.243
302.73
302.981
301.527
299.633
297.476
294.938
291.947
288.472
284.491
279.984
274.933
269.315
263.098
256.25
248.758
240.648
231.966
222.764
213.099
203.06
192.814
182.646
172.903
163.901
155.949
149.433
144.733
142.091
141.553
143.083
146.604
151.789
158.169
165.548
173.831
182.437
190.535
197.907
205.079
212.569
220.251
227.487
233.667
238.543
242.181
244.781
246.541
247.626
248.149
248.193
247.822
247.079
245.995
244.586
242.854
240.794
238.392
235.634
232.52
229.061
225.265
221.135
216.684
211.943
206.957
201.783
196.49
191.14
185.778
180.422
175.056
169.633
164.064
158.236
152.077
145.613
139.003
132.515
126.471
121.224
117.109
114.364
113.159
113.738
116.3
120.668
126.186
132.094
137.855
143.215
148.088
152.455
156.33
159.747
162.747
165.369
167.648
169.611
171.29
172.715
173.912
174.906
175.731
176.429
177.015
177.451
177.686
177.776
177.912
178.288
178.923
179.668
180.375
181.012
181.59
182.051
182.281
182.219
181.887
181.341
180.646
179.857
179.004
178.083
177.086
176.019
174.887
173.694
172.442
171.135
169.78
168.378
166.934
165.448
163.925
162.37
160.787
159.178
157.545
155.889
154.215
152.529
150.831
149.126
147.414
145.694
143.963
142.212
140.437
138.64
136.83
135.01
133.18
131.327
129.435
127.495
125.499
123.417
121.235
118.968
288.347
286.354
283.777
280.774
277.548
273.969
269.661
265.55
263.331
263.695
266.954
272.743
277.842
278.818
275.644
271.05
270.316
277.446
289.27
299.71
304.365
304.388
302.568
300.583
298.476
295.965
292.974
289.488
285.49
280.96
275.879
270.223
263.958
257.055
249.502
241.321
232.559
223.267
213.506
203.371
193.041
182.815
173.047
164.043
156.113
149.628
144.964
142.376
141.892
143.443
146.976
152.201
158.625
166.008
174.26
182.837
190.926
198.295
205.447
212.87
220.425
227.484
233.479
238.201
241.731
244.26
245.977
247.035
247.546
247.589
247.221
246.483
245.403
244
242.279
240.239
237.868
235.156
232.096
228.698
224.981
220.961
216.656
212.09
207.3
202.327
197.226
192.044
186.816
181.551
176.232
170.822
165.249
159.432
153.331
147
140.606
134.401
128.687
123.787
119.989
117.506
116.543
117.352
120.04
124.298
129.456
134.864
140.105
144.985
149.427
153.408
156.937
160.044
162.768
165.144
167.2
168.963
170.461
171.724
172.782
173.665
174.407
175.046
175.6
176.044
176.351
176.583
176.894
177.417
178.143
178.955
179.742
180.465
181.114
181.615
181.864
181.819
181.514
181.002
180.338
179.576
178.747
177.85
176.879
175.836
174.727
173.555
172.321
171.03
169.687
168.297
166.863
165.385
163.868
162.317
160.738
159.132
157.5
155.846
154.174
152.489
150.794
149.092
147.385
145.674
143.953
142.217
140.456
138.674
136.877
135.066
133.241
131.393
129.507
127.577
125.592
123.526
121.367
119.132
290.093
287.591
284.711
281.463
278.155
274.733
270.629
266.817
265.144
266.005
269.11
273.806
277.924
279.444
277.834
274.474
274.213
280.923
291.008
299.887
304.417
304.586
302.844
301.005
299.051
296.613
293.654
290.18
286.192
281.672
276.594
270.933
264.658
257.741
250.171
241.969
233.182
223.865
214.083
203.938
193.609
183.399
173.661
164.709
156.855
150.449
145.859
143.347
142.923
144.486
147.994
153.199
159.606
166.939
175.095
183.555
191.551
198.865
205.976
213.317
220.713
227.553
233.323
237.86
241.262
243.711
245.38
246.407
246.901
246.941
246.577
245.849
244.782
243.391
241.688
239.672
237.339
234.68
231.689
228.367
224.737
220.823
216.65
212.245
207.636
202.855
197.94
192.925
187.835
182.674
177.424
172.054
166.513
160.748
154.749
148.591
142.444
136.547
131.183
126.64
123.164
120.968
120.284
121.333
124.097
128.156
132.886
137.764
142.477
146.87
150.872
154.455
157.626
160.413
162.85
164.963
166.778
168.318
169.612
170.69
171.586
172.335
172.978
173.553
174.083
174.551
174.941
175.314
175.795
176.468
177.295
178.18
179.042
179.842
180.552
181.093
181.366
181.347
181.08
180.614
179.994
179.269
178.471
177.604
176.662
175.646
174.561
173.41
172.196
170.922
169.594
168.216
166.791
165.321
163.811
162.264
160.687
159.083
157.454
155.8
154.129
152.446
150.753
149.054
147.352
145.648
143.939
142.217
140.473
138.707
136.923
135.122
133.305
131.464
129.587
127.667
125.695
123.648
121.519
119.321
290.63
288.082
285.213
282.053
278.864
275.715
272.291
269.442
268.511
269.374
271.717
275.354
278.595
279.899
279.093
277.62
278.91
284.816
292.77
299.403
303.508
304.003
302.49
300.986
299.304
296.97
294.065
290.633
286.677
282.187
277.14
271.508
265.256
258.36
250.811
242.632
233.871
224.585
214.847
204.76
194.501
184.368
174.718
165.878
158.163
151.895
147.418
144.992
144.626
146.198
149.656
154.79
161.124
168.354
176.346
184.605
192.429
199.643
206.687
213.92
221.116
227.686
233.184
237.504
240.757
243.114
244.727
245.721
246.195
246.226
245.868
245.152
244.103
242.733
241.054
239.07
236.78
234.182
231.27
228.043
224.517
220.718
216.676
212.422
207.984
203.387
198.656
193.814
188.874
183.835
178.679
173.382
167.915
162.25
156.401
150.461
144.599
139.045
134.059
129.889
126.758
124.888
124.522
125.794
128.544
132.297
136.533
140.854
145.024
148.914
152.455
155.622
158.42
160.871
163
164.828
166.373
167.659
168.715
169.575
170.276
170.86
171.373
171.864
172.366
172.872
173.373
173.913
174.587
175.431
176.383
177.352
178.281
179.138
179.894
180.47
180.771
180.788
180.572
180.165
179.604
178.929
178.173
177.342
176.434
175.448
174.39
173.264
172.071
170.815
169.502
168.136
166.721
165.259
163.754
162.212
160.638
159.035
157.406
155.753
154.082
152.398
150.706
149.01
147.313
145.618
143.92
142.212
140.485
138.737
136.968
135.18
133.373
131.542
129.675
127.767
125.808
123.784
121.691
119.534
290.811
288.384
285.734
282.918
280.084
277.394
274.952
273.027
272.223
272.881
274.682
277.112
279.286
280.378
280.462
280.755
282.944
287.549
293.596
298.811
301.933
302.396
301.662
300.802
299.306
297.057
294.217
290.836
286.941
282.516
277.528
271.952
265.76
258.926
251.445
243.338
234.654
225.456
215.824
205.864
195.75
185.773
176.289
167.634
160.126
154.052
149.714
147.379
147.074
148.645
152.02
157.028
163.231
170.296
178.045
186.013
193.592
200.661
207.611
214.696
221.634
227.875
233.056
237.129
240.216
242.47
244.023
244.98
245.433
245.454
245.098
244.396
243.367
242.025
240.377
238.432
236.193
233.66
230.834
227.715
224.31
220.64
216.733
212.625
208.347
203.921
199.366
194.694
189.911
185.011
179.976
174.791
169.439
163.919
158.266
152.582
147.04
141.855
137.255
133.457
130.683
129.173
129.125
130.545
133.157
136.522
140.234
144.001
147.636
151.025
154.107
156.861
159.288
161.402
163.218
164.748
166.008
167.021
167.817
168.433
168.911
169.3
169.655
170.035
170.487
171.025
171.646
172.381
173.282
174.336
175.447
176.523
177.518
178.415
179.195
179.793
180.124
180.183
180.024
179.686
179.192
178.576
177.869
177.081
176.211
175.259
174.229
173.127
171.955
170.718
169.419
168.065
166.658
165.204
163.704
162.165
160.593
158.991
157.361
155.707
154.035
152.35
150.657
148.962
147.269
145.582
143.896
142.203
140.493
138.762
137.01
135.236
133.441
131.622
129.766
127.869
125.925
123.924
121.865
119.748
291.044
288.809
286.465
284.032
281.597
279.439
277.587
276.032
275.364
275.777
276.775
278.292
280.127
281.529
282.425
283.434
285.309
288.81
293.545
297.95
300.463
301.083
300.791
300.148
298.893
296.809
294.051
290.763
286.953
282.614
277.726
272.251
266.158
259.427
252.058
244.076
235.53
226.485
217.028
207.271
197.388
187.66
178.428
170.031
162.787
156.949
152.784
150.563
150.31
151.851
155.105
159.934
165.941
172.768
180.188
187.78
195.053
201.942
208.762
215.643
222.255
228.109
232.935
236.738
239.645
241.787
243.272
244.191
244.624
244.636
244.28
243.59
242.583
241.27
239.66
237.759
235.576
233.115
230.38
227.372
224.1
220.574
216.816
212.859
208.734
204.468
200.078
195.571
190.948
186.201
181.315
176.279
171.09
165.763
160.352
154.966
149.77
144.96
140.738
137.321
134.945
133.82
134.038
135.479
137.838
140.761
143.947
147.173
150.282
153.181
155.818
158.17
160.234
162.013
163.51
164.732
165.694
166.417
166.933
167.28
167.504
167.664
167.826
168.064
168.441
168.988
169.717
170.656
171.815
173.125
174.448
175.672
176.752
177.684
178.474
179.083
179.442
179.548
179.45
179.183
178.762
178.212
177.562
176.823
175.995
175.079
174.079
173.002
171.851
170.631
169.346
168.003
166.605
165.156
163.661
162.125
160.553
158.95
157.319
155.663
153.988
152.299
150.604
148.909
147.22
145.541
143.867
142.188
140.496
138.784
137.049
135.29
133.509
131.704
129.859
127.974
126.045
124.067
122.039
119.958
291.413
289.396
287.319
285.198
283.148
281.314
279.725
278.514
277.927
277.993
278.686
280.011
281.616
282.975
283.964
284.909
286.649
289.746
293.467
296.905
299.15
299.796
299.483
298.931
297.921
296.088
293.492
290.339
286.677
282.473
277.707
272.367
266.422
259.85
252.649
244.847
236.496
227.67
218.464
208.996
199.439
190.058
181.168
173.1
166.167
160.61
156.657
154.547
154.315
155.8
158.905
163.508
169.249
175.753
182.758
189.903
196.83
203.509
210.149
216.751
222.959
228.37
232.813
236.335
239.053
241.073
242.483
243.36
243.772
243.778
243.424
242.745
241.76
240.478
238.907
237.055
234.931
232.544
229.903
227.011
223.874
220.501
216.908
213.115
209.151
205.043
200.81
196.462
191.999
187.413
182.694
177.836
172.847
167.755
162.623
157.561
152.727
148.301
144.488
141.512
139.573
138.789
139.144
140.465
142.491
144.955
147.628
150.33
152.936
155.367
157.58
159.551
161.264
162.71
163.885
164.792
165.441
165.856
166.067
166.112
166.046
165.937
165.866
165.929
166.207
166.744
167.564
168.697
170.129
171.739
173.335
174.762
175.96
176.941
177.741
178.356
178.742
178.897
178.862
178.666
178.32
177.841
177.253
176.568
175.787
174.91
173.943
172.891
171.76
170.556
169.285
167.952
166.561
165.117
163.625
162.091
160.518
158.914
157.28
155.62
153.94
152.247
150.547
148.85
147.164
145.492
143.831
142.17
140.496
138.804
137.088
135.345
133.579
131.788
129.956
128.082
126.168
124.212
122.211
120.162
291.875
290.051
288.189
286.341
284.571
282.96
281.631
280.639
280.06
280.081
280.704
281.709
282.906
284.043
284.977
286.062
287.833
290.325
293.165
295.901
297.766
298.231
297.918
297.446
296.547
294.899
292.559
289.591
286.073
282.045
277.471
272.309
266.544
260.171
253.195
245.64
237.556
229.022
220.141
211.04
201.891
192.941
184.475
176.802
170.234
164.996
161.274
159.283
159.074
160.483
163.403
167.724
173.119
179.207
185.719
192.378
198.939
205.375
211.764
217.991
223.716
228.642
232.687
235.923
238.448
240.339
241.665
242.493
242.882
242.883
242.535
241.87
240.907
239.657
238.126
236.324
234.262
231.952
229.404
226.627
223.627
220.411
216.988
213.374
209.588
205.651
201.582
197.395
193.093
188.674
184.133
179.473
174.709
169.881
165.058
160.353
155.916
151.93
148.59
146.074
144.506
143.927
144.271
145.375
147.036
149.048
151.23
153.439
155.576
157.576
159.395
161.005
162.379
163.498
164.35
164.933
165.255
165.337
165.207
164.906
164.5
164.071
163.719
163.562
163.715
164.233
165.139
166.466
168.182
170.126
172.049
173.739
175.104
176.164
176.991
177.62
178.038
178.244
178.272
178.145
177.873
177.466
176.944
176.319
175.589
174.756
173.822
172.795
171.685
170.497
169.238
167.913
166.528
165.088
163.598
162.064
160.49
158.883
157.244
155.579
153.892
152.191
150.484
148.783
147.098
145.435
143.789
142.146
140.494
138.823
137.127
135.402
133.652
131.875
130.057
128.196
126.296
124.359
122.382
120.363
292.404
290.737
289.067
287.438
285.89
284.506
283.368
282.513
282.045
282.061
282.468
283.147
284.039
285.004
285.982
287.121
288.613
290.582
292.849
294.907
296.219
296.575
296.369
295.919
294.995
293.431
291.271
288.533
285.205
281.335
276.957
272.032
266.516
260.399
253.695
246.44
238.69
230.525
222.051
213.397
204.734
196.292
188.326
181.121
174.971
170.081
166.619
164.76
164.528
165.803
168.506
172.507
177.478
183.066
189.04
195.208
201.397
207.535
213.57
219.315
224.489
228.908
232.559
235.512
237.839
239.594
240.828
241.597
241.957
241.95
241.611
240.964
240.027
238.811
237.323
235.573
233.575
231.342
228.888
226.224
223.358
220.296
217.046
213.616
210.02
206.273
202.389
198.383
194.26
190.026
185.685
181.247
176.739
172.21
167.736
163.43
159.437
155.918
153.025
150.877
149.548
149.039
149.273
150.116
151.408
152.99
154.719
156.481
158.195
159.803
161.26
162.531
163.581
164.379
164.907
165.158
165.135
164.854
164.342
163.643
162.833
162.016
161.309
160.864
160.843
161.32
162.326
163.886
165.933
168.254
170.546
172.548
174.132
175.317
176.206
176.874
177.337
177.599
177.688
177.626
177.424
177.091
176.64
176.078
175.404
174.616
173.718
172.719
171.627
170.453
169.205
167.887
166.507
165.069
163.581
162.045
160.469
158.857
157.212
155.539
153.843
152.13
150.412
148.706
147.022
145.368
143.738
142.117
140.49
138.843
137.169
135.464
133.73
131.967
130.162
128.314
126.428
124.507
122.554
120.561
292.969
291.448
289.949
288.505
287.158
285.961
284.972
284.249
283.841
283.757
283.97
284.445
285.138
285.971
286.866
287.846
289.078
290.646
292.296
293.717
294.711
295.095
294.926
294.39
293.414
291.88
289.812
287.224
284.103
280.447
276.26
271.549
266.303
260.5
254.14
247.252
239.897
232.162
224.158
216.017
207.903
200.03
192.628
185.946
180.245
175.722
172.517
170.758
170.496
171.675
174.171
177.786
182.233
187.259
192.698
198.4
204.197
209.946
215.499
220.663
225.246
229.163
232.432
235.11
237.238
238.849
239.982
240.684
241.006
240.986
240.651
240.023
239.115
237.937
236.496
234.803
232.872
230.719
228.359
225.805
223.068
220.155
217.073
213.826
210.425
206.88
203.203
199.403
195.491
191.477
187.371
183.195
178.983
174.791
170.698
166.808
163.246
160.137
157.596
155.706
154.505
153.972
154.042
154.609
155.552
156.747
158.078
159.448
160.787
162.044
163.173
164.13
164.872
165.358
165.564
165.474
165.084
164.406
163.465
162.308
161.025
159.737
158.575
157.729
157.43
157.805
158.911
160.786
163.287
166.084
168.803
171.159
173.012
174.379
175.379
176.12
176.643
176.965
177.113
177.113
176.979
176.719
176.341
175.848
175.234
174.495
173.635
172.663
171.59
170.428
169.188
167.876
166.498
165.062
163.573
162.036
160.456
158.837
157.184
155.5
153.791
152.064
150.332
148.615
146.932
145.288
143.678
142.084
140.485
138.865
137.216
135.532
133.815
132.065
130.273
128.438
126.566
124.659
122.725
120.754
293.566
292.177
290.821
289.534
288.347
287.295
286.424
285.771
285.351
285.182
285.277
285.612
286.146
286.815
287.553
288.378
289.366
290.501
291.643
292.657
293.407
293.67
293.403
292.765
291.759
290.267
288.269
285.788
282.818
279.356
275.4
270.935
265.957
260.475
254.498
248.045
241.164
233.934
226.468
218.895
211.375
204.108
197.3
191.168
185.942
181.803
178.881
177.294
177.076
178.122
180.266
183.354
187.23
191.732
196.7
201.951
207.284
212.508
217.453
221.972
225.966
229.407
232.316
234.724
236.651
238.112
239.136
239.765
240.042
240
239.663
239.048
238.168
237.03
235.641
234.01
232.152
230.083
227.82
225.377
222.765
219.994
217.07
214.001
210.791
207.45
203.987
200.412
196.736
192.971
189.136
185.255
181.368
177.532
173.82
170.322
167.138
164.367
162.093
160.367
159.208
158.598
158.488
158.804
159.448
160.315
161.304
162.334
163.347
164.298
165.136
165.809
166.264
166.451
166.337
165.897
165.117
164.002
162.575
160.887
159.042
157.176
155.427
154.022
153.28
153.419
154.588
156.887
160.06
163.536
166.799
169.571
171.746
173.352
174.515
175.361
175.959
176.342
176.546
176.606
176.54
176.354
176.052
175.632
175.081
174.395
173.574
172.629
171.573
170.422
169.189
167.881
166.504
165.067
163.577
162.037
160.451
158.825
157.161
155.463
153.737
151.99
150.238
148.509
146.823
145.193
143.608
142.046
140.48
138.892
137.27
135.608
133.906
132.169
130.389
128.568
126.708
124.814
122.895
120.944
294.157
292.883
291.655
290.499
289.439
288.5
287.711
287.094
286.668
286.454
286.454
286.647
286.996
287.466
288.028
288.667
289.384
290.173
290.978
291.68
292.138
292.202
291.84
291.152
290.132
288.676
286.749
284.368
281.526
278.215
274.441
270.211
265.521
260.372
254.781
248.781
242.418
235.763
228.912
221.984
215.127
208.52
202.351
196.809
192.091
188.356
185.72
184.244
183.908
184.636
186.354
189.003
192.466
196.56
201.071
205.79
210.514
215.07
219.327
223.199
226.642
229.646
232.216
234.36
236.08
237.386
238.299
238.851
239.077
239.007
238.661
238.053
237.195
236.094
234.757
233.192
231.411
229.431
227.268
224.938
222.451
219.817
217.044
214.14
211.112
207.969
204.719
201.371
197.939
194.437
190.884
187.31
183.753
180.266
176.912
173.766
170.908
168.408
166.325
164.698
163.544
162.856
162.599
162.711
163.109
163.699
164.396
165.139
165.881
166.575
167.164
167.586
167.777
167.68
167.251
166.452
165.26
163.668
161.695
159.392
156.863
154.247
151.693
149.491
148.074
147.773
148.929
151.809
155.988
160.473
164.497
167.799
170.365
172.264
173.629
174.606
175.286
175.728
175.985
176.103
176.106
175.998
175.777
175.432
174.949
174.318
173.539
172.62
171.58
170.438
169.21
167.903
166.525
165.087
163.593
162.048
160.456
158.82
157.143
155.428
153.681
151.906
150.128
148.38
146.692
145.078
143.525
142.003
140.477
138.924
137.332
135.692
134.007
132.281
130.512
128.703
126.855
124.972
123.067
121.132
294.772
293.599
292.475
291.42
290.452
289.591
288.855
288.264
287.834
287.572
287.473
287.52
287.695
287.977
288.341
288.759
289.23
289.753
290.271
290.668
290.847
290.737
290.302
289.564
288.515
287.084
285.235
282.972
280.281
277.145
273.565
269.554
265.125
260.29
255.073
249.509
243.648
237.557
231.328
225.066
218.899
212.977
207.461
202.508
198.274
194.887
192.42
190.929
190.463
191.032
192.591
195.02
198.139
201.747
205.65
209.672
213.656
217.479
221.056
224.334
227.285
229.888
232.134
234.015
235.527
236.674
237.471
237.944
238.118
238.018
237.659
237.054
236.213
235.146
233.858
232.357
230.655
228.766
226.707
224.491
222.129
219.63
217.002
214.253
211.394
208.435
205.386
202.259
199.065
195.82
192.546
189.269
186.026
182.863
179.834
176.998
174.411
172.127
170.196
168.652
167.513
166.774
166.407
166.357
166.549
166.907
167.366
167.88
168.407
168.892
169.27
169.474
169.429
169.068
168.334
167.173
165.545
163.435
160.853
157.841
154.484
150.901
147.24
143.875
141.415
140.369
141.385
145.067
150.743
156.725
161.842
165.86
168.912
171.151
172.741
173.855
174.619
175.118
175.426
175.603
175.676
175.653
175.519
175.255
174.842
174.269
173.532
172.639
171.612
170.477
169.251
167.943
166.563
165.12
163.623
162.072
160.472
158.825
157.131
155.396
153.623
151.814
149.996
148.221
146.53
144.938
143.428
141.956
140.478
138.965
137.404
135.788
134.116
132.401
130.642
128.842
127.006
125.134
123.24
121.318
295.296
294.195
293.149
292.168
291.267
290.459
289.761
289.187
288.745
288.436
288.256
288.193
288.233
288.356
288.54
288.768
289.032
289.312
289.554
289.685
289.646
289.387
288.862
288.058
286.967
285.548
283.767
281.615
279.081
276.148
272.808
269.064
264.927
260.412
255.549
250.38
244.959
239.356
233.658
227.965
222.387
217.054
212.1
207.657
203.852
200.793
198.566
197.257
196.912
197.495
198.893
200.962
203.559
206.54
209.757
213.069
216.363
219.549
222.558
225.346
227.876
230.124
232.073
233.71
235.025
236.02
236.705
237.098
237.22
237.088
236.716
236.113
235.288
234.251
233.008
231.566
229.937
228.134
226.171
224.063
221.82
219.447
216.952
214.345
211.637
208.84
205.968
203.035
200.053
197.04
194.015
191.003
188.038
185.158
182.406
179.827
177.467
175.371
173.58
172.122
171.013
170.25
169.805
169.631
169.664
169.847
170.134
170.485
170.852
171.175
171.386
171.413
171.173
170.586
169.575
168.062
165.994
163.335
160.076
156.254
151.933
147.187
142.167
137.343
133.44
131.217
131.845
136.478
144.179
152.238
158.856
163.812
167.451
170.064
171.885
173.132
173.971
174.521
174.879
175.113
175.26
175.325
175.287
175.109
174.769
174.254
173.558
172.688
171.672
170.542
169.315
168.003
166.617
165.169
163.665
162.109
160.5
158.841
157.129
155.368
153.558
151.703
149.838
148.026
146.326
144.764
143.312
141.906
140.485
139.016
137.489
135.894
134.235
132.528
130.777
128.986
127.161
125.298
123.412
121.504
295.81
294.783
293.803
292.883
292.031
291.261
290.584
290.009
289.54
289.177
288.917
288.75
288.663
288.638
288.661
288.716
288.782
288.835
288.842
288.76
288.544
288.148
287.529
286.661
285.533
284.117
282.384
280.32
277.92
275.173
272.07
268.611
264.802
260.656
256.198
251.469
246.524
241.429
236.268
231.131
226.122
221.354
216.942
213.005
209.648
206.978
205.078
203.975
203.644
204.02
205.02
206.57
208.578
210.924
213.483
216.148
218.833
221.462
223.971
226.312
228.452
230.364
232.029
233.428
234.551
235.396
235.968
236.279
236.345
236.179
235.79
235.187
234.378
233.371
232.174
230.793
229.237
227.518
225.649
223.644
221.514
219.264
216.899
214.429
211.866
209.222
206.515
203.759
200.97
198.164
195.363
192.59
189.872
187.243
184.737
182.39
180.239
178.32
176.665
175.297
174.229
173.456
172.952
172.678
172.589
172.646
172.811
173.044
173.292
173.489
173.569
173.457
173.06
172.281
171.017
169.163
166.643
163.383
159.345
154.563
149.101
142.986
136.4
129.992
124.482
120.691
120.547
126.083
136.211
146.934
155.51
161.66
165.994
169.01
171.06
172.429
173.332
173.928
174.335
174.629
174.853
175.011
175.073
174.991
174.732
174.278
173.62
172.77
171.763
170.633
169.403
168.083
166.689
165.233
163.722
162.158
160.541
158.87
157.139
155.35
153.494
151.571
149.636
147.778
146.069
144.543
143.169
141.852
140.502
139.082
137.587
136.012
134.364
132.664
130.918
129.134
127.32
125.463
123.583
121.689
296.354
295.377
294.446
293.57
292.755
292.009
291.341
290.754
290.251
289.83
289.488
289.217
289.007
288.844
288.712
288.593
288.467
288.315
288.114
287.832
287.43
286.874
286.133
285.185
284.015
282.602
280.92
278.953
276.695
274.139
271.281
268.12
264.666
260.934
256.949
252.747
248.377
243.894
239.37
234.885
230.525
226.386
222.567
219.161
216.256
213.922
212.188
211.047
210.489
210.497
211.048
212.088
213.522
215.247
217.174
219.225
221.328
223.412
225.422
227.316
229.061
230.631
232.002
233.154
234.073
234.755
235.202
235.421
235.423
235.215
234.806
234.201
233.408
232.434
231.285
229.968
228.491
226.864
225.096
223.2
221.186
219.062
216.834
214.51
212.1
209.62
207.084
204.509
201.912
199.309
196.722
194.172
191.686
189.292
187.016
184.89
182.942
181.197
179.68
178.408
177.387
176.612
176.064
175.717
175.543
175.512
175.589
175.733
175.89
175.996
175.982
175.771
175.257
174.32
172.817
170.621
167.615
163.658
158.687
152.762
145.932
138.162
129.716
121.586
114.552
109.093
107.797
114.008
126.778
140.681
151.707
159.355
164.525
167.993
170.275
171.751
172.698
173.322
173.769
174.131
174.45
174.716
174.883
174.903
174.738
174.354
173.734
172.898
171.892
170.759
169.519
168.187
166.781
165.315
163.795
162.223
160.597
158.913
157.162
155.342
153.431
151.424
149.388
147.45
145.722
144.25
142.986
141.788
140.531
139.168
137.705
136.145
134.504
132.809
131.065
129.286
127.482
125.631
123.753
121.874
296.883
295.966
295.087
294.252
293.464
292.73
292.053
291.438
290.885
290.392
289.957
289.571
289.226
288.911
288.613
288.317
288.007
287.669
287.282
286.821
286.257
285.565
284.72
283.702
282.491
281.072
279.429
277.548
275.425
273.056
270.442
267.586
264.499
261.196
257.702
254.048
250.272
246.424
242.558
238.738
235.031
231.51
228.245
225.302
222.738
220.59
218.888
217.657
216.912
216.656
216.853
217.433
218.323
219.466
220.81
222.288
223.83
225.382
226.9
228.35
229.701
230.925
231.997
232.894
233.602
234.112
234.425
234.543
234.471
234.215
233.78
233.171
232.392
231.45
230.351
229.101
227.708
226.176
224.515
222.732
220.84
218.845
216.757
214.584
212.338
210.03
207.677
205.293
202.894
200.497
198.122
195.791
193.528
191.357
189.302
187.387
185.632
184.054
182.669
181.488
180.516
179.75
179.183
178.797
178.573
178.484
178.498
178.574
178.668
178.722
178.671
178.428
177.866
176.825
175.116
172.584
169.041
164.275
158.266
151.127
142.8
133.107
122.504
112.435
103.999
97.274
94.8564
101.461
116.757
133.989
147.709
157.043
163.14
167.078
169.576
171.129
172.089
172.712
173.174
173.597
174.029
174.433
174.729
174.863
174.797
174.489
173.908
173.081
172.072
170.928
169.67
168.319
166.895
165.416
163.886
162.305
160.671
158.974
157.204
155.345
153.356
151.236
149.078
147.033
145.257
143.848
142.741
141.714
140.575
139.276
137.843
136.294
134.656
132.962
131.217
129.441
127.646
125.796
123.923
122.058
297.401
296.522
295.671
294.854
294.071
293.326
292.621
291.957
291.336
290.757
290.217
289.712
289.232
288.769
288.31
287.845
287.36
286.843
286.277
285.646
284.932
284.115
283.177
282.099
280.864
279.459
277.871
276.091
274.115
271.943
269.58
267.031
264.309
261.428
258.409
255.276
252.06
248.798
245.532
242.306
239.171
236.178
233.375
230.81
228.526
226.563
224.956
223.734
222.9
222.431
222.285
222.431
222.848
223.496
224.315
225.249
226.26
227.312
228.371
229.402
230.375
231.26
232.032
232.67
233.159
233.492
233.663
233.672
233.522
233.213
232.75
232.132
231.364
230.451
229.4
228.217
226.908
225.476
223.925
222.261
220.493
218.63
216.684
214.664
212.583
210.453
208.286
206.096
203.898
201.707
199.542
197.425
195.377
193.423
191.579
189.863
188.288
186.866
185.605
184.516
183.601
182.863
182.296
181.893
181.637
181.51
181.481
181.514
181.576
181.626
181.609
181.435
180.942
179.898
178.055
175.204
171.05
165.382
158.334
150.043
140.192
128.409
115.552
103.525
93.7091
86.3215
83.5604
90.5827
107.84
127.902
144.13
155.117
162.104
166.443
169.071
170.617
171.526
172.111
172.574
173.051
173.599
174.16
174.621
174.901
174.947
174.706
174.15
173.322
172.301
171.138
169.855
168.476
167.03
165.533
163.99
162.402
160.763
159.055
157.27
155.371
153.275
150.985
148.646
146.462
144.632
143.305
142.413
141.623
140.64
139.412
138.003
136.455
134.813
133.116
131.368
129.595
127.806
125.953
124.083
122.231
297.762
296.911
296.085
295.283
294.504
293.749
293.019
292.313
291.632
290.973
290.335
289.714
289.105
288.502
287.894
287.274
286.629
285.95
285.227
284.446
283.597
282.665
281.638
280.502
279.244
277.857
276.331
274.661
272.846
270.885
268.784
266.547
264.184
261.706
259.129
256.472
253.757
251.009
248.26
245.54
242.887
240.336
237.926
235.695
233.678
231.904
230.395
229.156
228.182
227.468
227.018
226.825
226.854
227.065
227.428
227.916
228.497
229.133
229.793
230.447
231.071
231.638
232.125
232.51
232.78
232.925
232.943
232.834
232.598
232.234
231.74
231.113
230.355
229.467
228.46
227.339
226.112
224.78
223.342
221.802
220.164
218.44
216.641
214.778
212.863
210.906
208.92
206.916
204.91
202.915
200.951
199.038
197.197
195.447
193.802
192.273
190.868
189.594
188.459
187.467
186.623
185.926
185.373
184.961
184.682
184.528
184.477
184.502
184.583
184.686
184.781
184.797
184.53
183.639
181.787
178.658
173.867
167.339
159.352
149.884
138.229
124.074
109.168
95.8665
85.1433
77.5205
75.3891
83.3782
101.951
123.738
141.669
153.888
161.564
166.196
168.855
170.291
171.056
171.536
171.978
172.517
173.179
173.89
174.537
175.008
175.2
175.029
174.483
173.636
172.587
171.389
170.068
168.654
167.18
165.663
164.106
162.512
160.87
159.159
157.37
155.431
153.201
150.686
148.087
145.685
143.777
142.583
141.993
141.514
140.724
139.573
138.178
136.622
134.968
133.262
131.51
129.737
127.955
126.098
124.231
122.38
298.059
297.237
296.422
295.615
294.82
294.039
293.271
292.516
291.773
291.04
290.315
289.595
288.875
288.15
287.414
286.66
285.882
285.073
284.224
283.328
282.376
281.359
280.269
279.096
277.834
276.477
275.021
273.463
271.802
270.039
268.178
266.222
264.177
262.052
259.857
257.606
255.313
252.997
250.68
248.385
246.136
243.961
241.886
239.936
238.133
236.497
235.043
233.785
232.738
231.904
231.274
230.827
230.544
230.41
230.404
230.501
230.677
230.912
231.188
231.484
231.776
232.041
232.254
232.397
232.454
232.418
232.285
232.056
231.732
231.308
230.78
230.144
229.394
228.533
227.567
226.504
225.352
224.111
222.781
221.362
219.858
218.28
216.637
214.939
213.192
211.407
209.593
207.763
205.933
204.121
202.347
200.63
198.988
197.435
195.98
194.631
193.39
192.262
191.254
190.37
189.613
188.975
188.451
188.036
187.729
187.536
187.458
187.497
187.658
187.909
188.239
188.611
188.774
188.262
186.581
183.268
178.002
170.918
162.165
151.262
137.102
119.956
103.183
89.768
79.6486
72.7053
71.8181
81.1439
100.296
122.382
140.858
153.726
161.819
166.512
168.961
170.092
170.583
170.882
171.289
171.929
172.749
173.632
174.484
175.179
175.547
175.454
174.906
174.026
172.935
171.687
170.312
168.851
167.342
165.8
164.229
162.634
160.996
159.292
157.52
155.549
153.148
150.344
147.427
144.745
142.721
141.694
141.487
141.393
140.831
139.759
138.369
136.792
135.119
133.401
131.642
129.87
128.093
126.232
124.377
122.514
298.081
297.263
296.452
295.646
294.844
294.045
293.249
292.456
291.664
290.871
290.076
289.276
288.47
287.655
286.825
285.977
285.104
284.203
283.266
282.29
281.268
280.197
279.072
277.889
276.644
275.333
273.956
272.511
270.997
269.417
267.77
266.06
264.29
262.464
260.588
258.672
256.725
254.761
252.793
250.838
248.914
247.038
245.228
243.504
241.881
240.375
238.999
237.762
236.667
235.713
234.897
234.218
233.67
233.241
232.919
232.691
232.544
232.463
232.434
232.436
232.449
232.453
232.426
232.35
232.213
232.009
231.737
231.397
230.986
230.499
229.929
229.273
228.529
227.695
226.774
225.77
224.69
223.535
222.306
221.005
219.633
218.198
216.705
215.162
213.575
211.95
210.297
208.629
206.964
205.322
203.728
202.204
200.766
199.422
198.173
197.016
195.952
194.982
194.107
193.329
192.648
192.056
191.546
191.113
190.756
190.498
190.351
190.363
190.603
191.086
191.861
192.893
193.827
194.025
192.734
189.376
183.895
176.599
167.247
154.838
137.949
117.663
99.0665
85.8857
77.7143
73.2379
74.4516
84.8219
103.328
124.16
141.972
154.75
162.841
167.302
169.307
169.97
170.083
170.163
170.522
171.257
172.269
173.412
174.556
175.52
176.064
176.025
175.447
174.508
173.349
172.028
170.585
169.068
167.515
165.944
164.361
162.77
161.143
159.465
157.748
155.761
153.153
150
146.724
143.759
141.632
140.79
140.994
141.3
140.972
139.974
138.577
136.968
135.268
133.533
131.764
129.991
128.22
126.355
124.52
122.637
297.981
297.18
296.374
295.564
294.751
293.935
293.116
292.293
291.465
290.632
289.792
288.944
288.086
287.216
286.332
285.431
284.51
283.565
282.593
281.588
280.548
279.469
278.348
277.182
275.968
274.704
273.388
272.02
270.599
269.126
267.604
266.035
264.423
262.772
261.088
259.377
257.646
255.903
254.158
252.421
250.705
249.02
247.381
245.799
244.285
242.852
241.508
240.263
239.121
238.089
237.168
236.357
235.651
235.046
234.535
234.111
233.763
233.476
233.235
233.025
232.831
232.642
232.444
232.222
231.965
231.665
231.317
230.918
230.461
229.94
229.349
228.684
227.944
227.129
226.242
225.286
224.267
223.188
222.048
220.848
219.585
218.261
216.881
215.446
213.963
212.439
210.885
209.315
207.748
206.208
204.726
203.337
202.065
200.914
199.87
198.911
198.025
197.208
196.46
195.779
195.158
194.589
194.071
193.605
193.207
192.897
192.666
192.569
192.703
193.233
194.499
196.504
198.654
199.907
199.073
195.598
189.868
182.364
172.752
159.855
141.808
120.056
100.396
86.9141
79.8122
77.8076
81.4568
92.4359
109.366
127.897
144.206
156.417
164.293
168.286
169.728
169.907
169.638
169.508
169.809
170.575
171.753
173.23
174.781
176.077
176.788
176.758
176.102
175.061
173.8
172.384
170.859
169.277
167.677
166.073
164.478
162.895
161.283
159.66
158.048
156.067
153.245
149.752
146.147
142.951
140.789
140.139
140.681
141.3
141.15
140.202
138.783
137.133
135.403
133.65
131.871
130.099
128.334
126.467
124.653
122.737
297.814
297.01
296.206
295.398
294.587
293.772
292.952
292.126
291.291
290.447
289.592
288.725
287.845
286.95
286.04
285.112
284.165
283.194
282.199
281.176
280.124
279.04
277.923
276.769
275.577
274.343
273.066
271.744
270.379
268.97
267.521
266.034
264.514
262.965
261.392
259.8
258.196
256.584
254.973
253.369
251.779
250.213
248.679
247.187
245.746
244.364
243.051
241.814
240.657
239.586
238.601
237.705
236.898
236.179
235.546
234.995
234.518
234.105
233.74
233.406
233.091
232.783
232.473
232.152
231.813
231.446
231.044
230.6
230.109
229.563
228.959
228.294
227.565
226.774
225.922
225.009
224.039
223.013
221.931
220.794
219.602
218.357
217.058
215.705
214.296
212.834
211.328
209.796
208.266
206.771
205.358
204.07
202.93
201.932
201.049
200.248
199.5
198.8
198.154
197.562
197.009
196.476
195.957
195.451
194.995
194.608
194.243
193.978
193.895
194.242
195.794
198.832
202.442
204.804
204.216
200.405
194.357
186.699
177.206
164.584
146.654
124.824
104.859
91.0358
84.1145
83.2603
88.2107
99.2448
114.713
131.236
146.144
157.907
165.616
169.267
170.03
169.648
169.108
168.871
169.093
169.832
171.161
173.001
175.002
176.658
177.541
177.511
176.768
175.611
174.23
172.709
171.101
169.454
167.808
166.176
164.57
162.99
161.392
159.842
158.352
156.386
153.378
149.631
145.802
142.46
140.304
139.821
140.593
141.398
141.346
140.414
138.966
137.277
135.522
133.752
131.963
130.195
128.439
126.574
124.786
122.801
297.71
296.931
296.136
295.328
294.51
293.684
292.85
292.007
291.154
290.292
289.42
288.537
287.641
286.732
285.807
284.866
283.906
282.927
281.926
280.902
279.853
278.776
277.669
276.529
275.354
274.143
272.894
271.606
270.281
268.92
267.524
266.096
264.64
263.16
261.659
260.143
258.616
257.084
255.553
254.029
252.52
251.03
249.568
248.139
246.748
245.401
244.104
242.861
241.678
240.562
239.517
238.549
237.662
236.857
236.135
235.491
234.921
234.417
233.968
233.561
233.184
232.822
232.462
232.094
231.707
231.297
230.858
230.382
229.866
229.304
228.69
228.024
227.304
226.531
225.706
224.831
223.906
222.931
221.905
220.828
219.699
218.518
217.282
215.989
214.632
213.207
211.716
210.178
208.627
207.121
205.738
204.541
203.542
202.708
201.986
201.326
200.696
200.097
199.547
199.049
198.579
198.094
197.578
197.041
196.514
195.972
195.322
194.654
194.104
194.07
195.82
200.061
205.299
208.625
208.058
203.926
197.667
189.864
180.476
168.407
151.572
130.647
110.769
96.5479
89.3378
88.61
93.8263
104.48
118.741
133.807
147.614
159.135
166.684
169.74
169.712
168.991
168.371
168.06
168.157
168.896
170.465
172.744
175.231
177.257
178.308
178.274
177.435
176.144
174.633
173.007
171.316
169.609
167.919
166.257
164.642
163.061
161.466
159.981
158.599
156.65
153.512
149.615
145.674
142.272
140.149
139.784
140.679
141.563
141.541
140.602
139.122
137.4
135.625
133.837
132.04
130.281
128.536
126.68
124.928
122.829
297.533
296.741
295.947
295.149
294.342
293.527
292.703
291.87
291.026
290.169
289.298
288.412
287.511
286.593
285.66
284.71
283.742
282.754
281.745
280.714
279.659
278.578
277.471
276.337
275.174
273.98
272.754
271.495
270.203
268.879
267.525
266.143
264.737
263.309
261.864
260.405
258.938
257.466
255.994
254.528
253.072
251.632
250.212
248.819
247.455
246.126
244.835
243.584
242.38
241.228
240.134
239.106
238.152
237.276
236.482
235.77
235.137
234.575
234.075
233.623
233.207
232.812
232.425
232.034
231.629
231.2
230.741
230.246
229.712
229.136
228.517
227.855
227.147
226.392
225.591
224.743
223.85
222.913
221.931
220.905
219.831
218.706
217.523
216.276
214.956
213.555
212.063
210.485
208.861
207.29
205.906
204.789
203.939
203.292
202.757
202.25
201.727
201.205
200.722
200.289
199.887
199.445
198.917
198.416
197.939
197.253
196.222
194.847
193.15
192.18
194.113
199.807
206.651
210.671
210.02
205.633
199.133
191.287
182.209
171.14
156.158
136.948
117.565
102.892
95.0297
93.7965
98.6207
108.632
121.883
135.839
148.723
159.757
167.184
169.474
168.695
167.925
167.517
167.222
167.326
168.193
170.041
172.71
175.588
177.894
179.057
178.994
178.045
176.617
174.983
173.259
171.496
169.735
168.006
166.318
164.695
163.107
161.502
160.054
158.74
156.81
153.625
149.68
145.714
142.318
140.245
139.951
140.878
141.756
141.716
140.756
139.244
137.499
135.711
133.906
132.103
130.358
128.622
126.784
125.073
122.843
297.494
296.706
295.908
295.1
294.285
293.462
292.63
291.789
290.938
290.074
289.198
288.307
287.4
286.478
285.539
284.583
283.608
282.612
281.596
280.558
279.499
278.418
277.314
276.186
275.035
273.857
272.651
271.417
270.154
268.863
267.545
266.203
264.838
263.454
262.053
260.639
259.215
257.785
256.354
254.927
253.509
252.106
250.721
249.356
248.012
246.691
245.395
244.126
242.889
241.693
240.545
239.454
238.429
237.48
236.616
235.844
235.166
234.575
234.06
233.603
233.184
232.783
232.384
231.976
231.552
231.108
230.639
230.141
229.608
229.035
228.418
227.757
227.054
226.311
225.528
224.707
223.844
222.94
221.996
221.012
219.987
218.914
217.783
216.579
215.284
213.891
212.387
210.745
208.997
207.312
205.899
204.858
204.162
203.709
203.368
203.01
202.594
202.153
201.733
201.351
201.006
200.59
200.023
199.619
199.368
198.72
197.439
195.254
191.686
188.899
190.824
198.054
206.244
210.605
209.626
204.917
198.447
191.268
183.166
173.294
160.082
142.853
124.427
109.518
100.906
98.9187
103.079
112.352
124.679
137.612
149.598
159.957
166.999
168.625
167.416
167.038
166.926
166.627
166.882
167.987
170.078
173.004
176.102
178.546
179.736
179.611
178.549
177
175.261
173.456
171.633
169.828
168.065
166.359
164.729
163.125
161.511
160.077
158.781
156.877
153.723
149.792
145.853
142.501
140.482
140.218
141.119
141.94
141.856
140.869
139.332
137.575
135.78
133.958
132.153
130.421
128.695
126.885
125.208
122.862
297.398
296.62
295.833
295.035
294.228
293.41
292.583
291.744
290.894
290.03
289.151
288.256
287.342
286.41
285.461
284.495
283.512
282.511
281.493
280.455
279.398
278.322
277.225
276.107
274.966
273.8
272.608
271.388
270.142
268.869
267.571
266.252
264.912
263.555
262.183
260.798
259.403
258.002
256.6
255.202
253.813
252.438
251.083
249.747
248.43
247.125
245.83
244.542
243.268
242.02
240.813
239.664
238.582
237.576
236.657
235.835
235.117
234.5
233.973
233.516
233.105
232.716
232.329
231.929
231.507
231.057
230.574
230.06
229.514
228.937
228.327
227.679
226.992
226.265
225.498
224.691
223.848
222.972
222.064
221.125
220.152
219.133
218.061
216.909
215.635
214.227
212.672
210.919
209.01
207.2
205.763
204.811
204.29
204.037
203.879
203.637
203.302
202.957
202.622
202.311
201.996
201.511
200.918
200.666
200.664
200.302
199.131
196.261
190.809
186.072
187.676
195.947
204.861
209.045
207.429
202.378
196.397
190.457
183.82
175.172
163.322
147.802
130.529
115.67
106.428
103.682
107.161
115.75
127.257
139.184
150.185
159.724
166.078
167.533
166.486
166.422
166.56
166.394
166.828
168.139
170.405
173.484
176.673
179.145
180.302
180.097
178.931
177.283
175.462
173.596
171.728
169.89
168.104
166.384
164.744
163.125
161.51
160.073
158.762
156.904
153.825
149.924
146.02
142.73
140.765
140.508
141.349
142.089
141.955
140.943
139.391
137.632
135.832
133.995
132.189
130.468
128.751
126.977
125.324
122.896
297.381
296.595
295.799
294.994
294.179
293.355
292.521
291.678
290.826
289.963
289.086
288.195
287.286
286.359
285.411
284.443
283.456
282.449
281.424
280.383
279.324
278.248
277.154
276.042
274.91
273.755
272.574
271.366
270.131
268.872
267.591
266.29
264.973
263.64
262.295
260.937
259.57
258.194
256.814
255.435
254.065
252.71
251.374
250.056
248.755
247.463
246.172
244.873
243.567
242.265
240.987
239.759
238.604
237.538
236.574
235.722
234.987
234.368
233.852
233.416
233.027
232.652
232.27
231.869
231.446
230.996
230.516
230.001
229.455
228.878
228.27
227.629
226.952
226.238
225.486
224.696
223.873
223.019
222.139
221.237
220.308
219.344
218.341
217.259
216.04
214.635
212.971
210.989
208.841
206.9
205.466
204.644
204.348
204.334
204.358
204.202
203.911
203.634
203.426
203.26
202.945
202.154
201.537
201.579
201.557
201.488
200.655
197.299
190.792
185.204
186.479
194.755
203.552
207.133
204.795
199.458
194.008
189.412
184.545
177.232
166.285
151.738
135.331
120.661
111.008
107.646
110.539
118.581
129.482
140.558
150.435
158.902
164.653
166.403
165.935
166.087
166.373
166.357
166.922
168.404
170.816
173.997
177.21
179.648
180.739
180.45
179.198
177.475
175.595
173.683
171.785
169.927
168.126
166.397
164.747
163.121
161.513
160.07
158.725
156.918
153.943
150.068
146.175
142.939
141.026
140.763
141.533
142.193
142.016
140.986
139.428
137.671
135.867
134.018
132.211
130.501
128.792
127.048
125.413
122.932
297.34
296.551
295.753
294.946
294.131
293.306
292.473
291.633
290.785
289.926
289.054
288.164
287.256
286.328
285.377
284.406
283.414
282.402
281.372
280.328
279.27
278.197
277.108
276.001
274.875
273.726
272.553
271.354
270.128
268.877
267.605
266.313
265.007
263.687
262.356
261.016
259.669
258.316
256.961
255.61
254.267
252.94
251.631
250.339
249.056
247.77
246.469
245.147
243.804
242.454
241.115
239.812
238.572
237.427
236.403
235.518
234.777
234.173
233.688
233.291
232.943
232.605
232.247
231.857
231.431
230.969
230.474
229.948
229.397
228.822
228.222
227.593
226.928
226.226
225.484
224.707
223.901
223.067
222.215
221.345
220.451
219.539
218.606
217.594
216.476
215.165
213.384
211.029
208.515
206.393
204.963
204.31
204.284
204.573
204.792
204.7
204.456
204.148
204.083
204.193
203.86
202.522
201.71
202.254
201.994
201.785
201.229
197.651
191.17
185.796
187.027
194.881
203.087
205.885
202.855
197.364
192.412
188.891
185.539
179.612
169.311
155.006
138.825
124.188
114.275
110.496
112.951
120.603
131.162
141.729
150.609
157.906
163.226
165.454
165.71
166.054
166.323
166.411
167.071
168.671
171.207
174.456
177.663
180.04
181.052
180.686
179.366
177.59
175.67
173.732
171.815
169.944
168.137
166.404
164.748
163.121
161.522
160.072
158.693
156.92
154.056
150.216
146.313
143.104
141.228
140.954
141.66
142.257
142.046
141.005
139.449
137.698
135.889
134.026
132.224
130.527
128.819
127.089
125.458
122.954
297.326
296.538
295.736
294.925
294.105
293.279
292.447
291.61
290.766
289.913
289.046
288.161
287.254
286.322
285.363
284.38
283.375
282.353
281.32
280.276
279.222
278.156
277.077
275.981
274.865
273.723
272.554
271.356
270.131
268.885
267.62
266.34
265.049
263.748
262.436
261.113
259.778
258.433
257.082
255.734
254.4
253.089
251.808
250.555
249.314
248.059
246.763
245.41
244.01
242.59
241.182
239.809
238.498
237.279
236.19
235.259
234.5
233.91
233.469
233.13
232.837
232.54
232.212
231.842
231.427
230.968
230.467
229.932
229.371
228.793
228.196
227.574
226.921
226.229
225.496
224.729
223.933
223.109
222.276
221.436
220.566
219.709
218.848
217.893
216.909
215.795
213.974
211.203
208.205
205.805
204.338
203.866
204.107
204.702
205.103
205.026
204.853
204.423
204.425
204.903
204.494
202.708
201.518
202.366
202.311
201.534
200.905
197.775
191.941
187.028
188.344
195.846
203.453
205.579
202.096
196.597
191.988
189.036
186.551
181.716
172.126
157.949
141.449
126.524
116.346
112.295
114.474
121.89
132.3
142.685
150.974
157.358
162.267
164.792
165.718
166.297
166.419
166.507
167.228
168.898
171.528
174.814
178.004
180.317
181.255
180.826
179.458
177.648
175.705
173.753
171.829
169.952
168.142
166.408
164.749
163.123
161.531
160.078
158.676
156.911
154.132
150.343
146.431
143.225
141.367
141.079
141.737
142.289
142.056
141.01
139.459
137.715
135.902
134.026
132.23
130.546
128.833
127.103
125.462
122.96
297.323
296.521
295.707
294.883
294.053
293.22
292.387
291.555
290.72
289.879
289.024
288.151
287.254
286.328
285.369
284.378
283.359
282.32
281.272
280.223
279.17
278.11
277.039
275.954
274.851
273.722
272.562
271.368
270.142
268.89
267.619
266.338
265.049
263.756
262.461
261.16
259.85
258.527
257.194
255.857
254.529
253.226
251.958
250.729
249.522
248.305
247.035
245.678
244.236
242.748
241.261
239.811
238.428
237.142
235.995
235.022
234.244
233.66
233.253
232.968
232.729
232.475
232.175
231.82
231.415
230.961
230.463
229.928
229.365
228.785
228.187
227.566
226.917
226.231
225.504
224.747
223.96
223.145
222.329
221.504
220.649
219.832
219.015
218.095
217.236
216.308
214.515
211.501
208.113
205.409
203.855
203.518
203.99
204.803
205.323
205.211
205.001
204.486
204.456
205.151
204.686
202.804
201.547
202.076
202.238
201.539
200.694
197.773
192.597
188.337
189.824
197.058
204.215
205.931
202.241
196.761
192.231
189.388
187.164
182.672
173.828
160.238
143.431
128.051
117.597
113.355
115.379
122.686
133.049
143.417
151.501
157.387
161.922
164.441
165.819
166.693
166.611
166.597
167.355
169.057
171.741
175.046
178.218
180.481
181.364
180.893
179.496
177.669
175.718
173.76
171.833
169.955
168.145
166.41
164.75
163.124
161.536
160.082
158.671
156.9
154.157
150.416
146.513
143.307
141.453
141.152
141.779
142.303
142.057
141.01
139.463
137.725
135.909
134.026
132.23
130.552
128.836
127.103
125.45
122.957
297.327
296.524
295.704
294.874
294.039
293.202
292.369
291.539
290.708
289.872
289.023
288.155
287.26
286.333
285.37
284.374
283.349
282.304
281.252
280.2
279.149
278.092
277.025
275.945
274.846
273.721
272.565
271.375
270.153
268.905
267.639
266.36
265.074
263.783
262.488
261.187
259.876
258.553
257.221
255.888
254.567
253.274
252.021
250.806
249.613
248.407
247.145
245.793
244.352
242.852
241.339
239.857
238.443
237.134
235.967
234.977
234.188
233.601
233.199
232.926
232.703
232.461
232.168
231.816
231.41
230.955
230.457
229.923
229.364
228.787
228.191
227.571
226.924
226.237
225.512
224.758
223.97
223.16
222.354
221.523
220.682
219.895
219.061
218.164
217.405
216.472
214.633
211.683
208.273
205.412
203.752
203.4
203.939
204.815
205.361
205.286
205.006
204.48
204.464
205.007
204.597
202.891
201.703
202.07
202.207
201.526
200.568
197.725
192.891
189.043
190.715
197.844
204.798
206.318
202.487
196.973
192.426
189.547
187.297
182.673
174.248
161.178
144.447
128.814
118.198
113.846
115.786
123.043
133.387
143.758
151.812
157.553
161.877
164.306
165.894
166.964
166.771
166.638
167.409
169.128
171.833
175.149
178.307
180.546
181.403
180.912
179.504
177.674
175.721
173.763
171.834
169.957
168.146
166.412
164.751
163.124
161.539
160.087
158.672
156.891
154.154
150.434
146.547
143.346
141.493
141.185
141.797
142.306
142.055
141.008
139.465
137.728
135.91
134.027
132.232
130.548
128.833
127.104
125.443
122.954
118.485
116.327
113.842
111.183
108.38
105.498
102.902
101.585
103.295
108.953
115.917
118.876
113.567
101.834
88.6608
76.0524
65.3789
56.3442
49.2263
43.7499
36.6797
27.1689
17.7117
10.4369
4.47398
118.333
116.158
113.676
111.016
108.197
105.288
102.649
101.274
103.012
108.817
115.817
118.495
112.874
100.801
87.1678
74.8879
64.9534
56.1172
49.0598
43.656
36.5664
27.0049
17.5517
10.3247
4.36915
118.15
115.974
113.5
110.82
107.961
104.975
102.165
100.581
102.275
108.175
115.272
117.73
111.687
99.3181
85.5876
73.54
64.308
55.7498
48.8553
43.5923
36.4847
26.824
17.3491
10.1867
4.2691
117.974
115.783
113.304
110.595
107.654
104.49
101.375
99.46
101.11
107.101
114.209
116.515
110.161
97.3805
83.6758
71.8107
63.1568
55.1526
48.5994
43.5517
36.421
26.6135
17.0964
10.0222
4.17517
117.804
115.589
113.088
110.31
107.225
103.809
100.259
97.8464
99.3975
105.57
112.684
114.749
108.219
95.093
81.1757
69.5107
61.3996
54.2782
48.3021
43.5276
36.3651
26.3701
16.7944
9.83165
4.08738
117.641
115.394
112.845
109.96
106.696
102.957
98.7869
95.7937
97.2243
103.606
110.709
112.457
105.73
92.3494
78.11
66.711
59.1476
53.1377
47.9757
43.5095
36.3058
26.0895
16.4432
9.61566
4.00698
117.476
115.188
112.571
109.566
106.103
101.95
96.9574
93.3961
94.7682
101.328
108.331
109.685
102.649
89.0709
74.5386
63.4554
56.5229
51.7558
47.6154
43.4857
36.2322
25.769
16.0426
9.37407
3.9329
117.299
114.965
112.274
109.14
105.457
100.78
94.8026
90.6691
92.0647
98.744
105.564
106.467
98.9852
85.2329
70.4963
59.7288
53.5729
50.1438
47.1996
43.4431
36.1318
25.4031
15.5897
9.10662
3.86545
117.11
114.729
111.957
108.687
104.77
99.4301
92.3844
87.6765
89.1656
95.9081
102.437
102.834
94.7866
80.8246
65.9969
55.5464
50.313
48.3069
46.6965
43.3624
35.988
24.983
15.081
8.8127
3.80462
116.915
114.483
111.622
108.225
104.056
97.9159
89.7931
84.5646
86.1782
92.9147
99.0174
98.8235
90.1235
75.8666
61.0402
50.9519
46.7609
46.2548
46.0721
43.219
35.784
24.4994
14.5136
8.49164
3.75039
116.719
114.231
111.282
107.774
103.322
96.2952
87.1575
81.4985
83.2132
89.8388
95.3797
94.4794
85.0536
70.4028
55.6445
46.0026
42.9457
44.0021
45.2977
42.9882
35.506
23.9454
13.887
8.14363
3.70259
116.529
113.982
110.954
107.349
102.58
94.6584
84.6309
78.6476
80.3914
86.7676
91.6044
89.856
79.632
64.4921
49.8413
40.7519
38.9027
41.5664
44.356
42.6496
35.1434
23.3168
13.2025
7.76995
3.66101
116.35
113.744
110.655
106.964
101.856
93.1189
82.3713
76.1644
77.8312
83.7897
87.772
85.0162
73.9127
58.2066
43.6816
35.2497
34.6706
38.9688
43.2427
42.1899
34.6893
22.613
12.4646
7.37307
3.62522
116.187
113.53
110.397
106.632
101.191
91.7854
80.526
74.1714
75.6323
80.9836
83.9566
80.0296
67.9542
51.6195
37.2265
29.5483
30.2936
36.2361
41.9668
41.6042
34.141
21.8408
11.6816
6.95737
3.59464
116.047
113.348
110.191
106.363
100.638
90.738
79.2011
72.7555
73.8734
78.4234
80.2283
74.9708
61.8265
44.8157
30.5484
23.7043
25.8217
33.4017
40.5478
40.8967
33.5026
21.0144
10.8683
6.53042
3.56848
115.936
113.209
110.043
106.17
100.246
90.0332
78.4544
71.9637
72.6042
76.1681
76.6468
69.915
55.6032
37.8883
23.7356
17.7826
21.3092
30.504
39.0139
40.0807
32.7857
20.1536
10.0457
6.10333
3.5459
115.858
113.117
109.955
106.067
100.038
89.7131
78.3045
71.8062
71.8491
74.2641
73.2658
64.9387
49.3688
30.9343
16.8854
11.8587
16.814
27.5855
37.3995
39.1777
32.0102
19.2843
9.23929
5.68935
3.52612
115.815
113.073
109.931
106.062
100.018
89.7936
78.7358
72.2609
71.6104
72.7417
70.1404
60.1207
43.2193
24.0545
10.0988
6.0133
12.3963
24.6934
35.7436
38.2158
31.2017
18.4372
8.47728
5.30282
3.50836
115.809
113.075
109.97
106.152
100.176
90.2575
79.7001
73.2759
71.8694
71.6176
67.3198
55.5424
37.254
17.3513
3.47809
0.329835
8.11712
21.8761
34.0883
37.2272
30.3903
17.6451
7.78786
4.95843
3.49192
115.836
113.123
110.067
106.323
100.494
91.0621
81.1203
74.7749
72.5874
70.896
64.8419
51.2758
31.5705
10.9267
-2.87467
-5.10645
4.03845
19.1798
32.477
36.2469
29.6087
16.9399
7.19739
4.67029
3.4763
115.897
113.214
110.215
106.562
100.952
92.1456
82.8985
76.6651
73.7116
70.5657
62.7419
47.3793
26.2585
4.88026
-8.8613
-10.2119
0.221792
16.6512
30.9522
35.3111
28.8908
16.3516
6.72876
4.45132
3.46139
115.991
113.346
110.405
106.857
101.524
93.4346
84.9274
78.8454
75.1822
70.6068
61.0437
43.9226
21.3971
-0.693075
-14.3888
-14.9101
-3.27493
14.3379
29.5551
34.4557
28.2706
15.9083
6.3998
4.31125
3.44748
116.116
113.514
110.63
107.194
102.179
94.8543
87.1025
81.2134
76.9323
71.0008
59.7454
40.9959
17.0653
-5.70863
-19.3728
-19.1366
-6.40045
12.2849
28.3246
33.7157
27.782
15.6341
6.22391
4.25407
3.43534
116.269
113.713
110.884
107.56
102.888
96.3346
89.3281
83.6744
78.8886
71.7201
58.8471
38.6411
13.3501
-10.1001
-23.744
-22.846
-9.11438
10.536
27.2962
33.1226
27.4554
15.5444
6.21244
4.27969
3.42611
116.446
113.936
111.161
107.946
103.627
97.8133
91.5217
86.1486
80.9814
72.7138
58.3745
36.8025
10.3219
-13.8136
-27.4507
-26.0066
-11.3922
9.1309
26.5009
32.704
27.3121
15.6452
6.37402
4.38738
3.42138
116.642
114.179
111.455
108.346
104.374
99.2406
93.6183
88.5719
83.1507
73.9299
58.3183
35.4571
7.99208
-16.7783
-30.4486
-28.5787
-13.2103
8.10414
25.9644
32.4835
27.3675
15.9386
6.71044
4.57621
3.42277
116.849
114.435
111.762
108.755
105.11
100.583
95.5756
90.8952
85.3426
75.3373
58.6206
34.6771
6.34927
-18.9116
-32.6823
-30.4956
-14.5122
7.48194
25.7072
32.4815
27.6328
16.4254
7.21465
4.84378
3.43134
117.086
114.726
112.109
109.211
105.897
101.948
97.5506
93.302
87.7308
77.0651
59.3381
34.4639
5.35341
-20.3174
-34.2228
-31.7838
-15.289
7.26289
25.7429
32.7342
28.1636
17.1744
7.93717
5.22006
3.44994
117.349
115.049
112.495
109.712
106.714
103.287
99.4654
95.7062
90.2609
79.1281
60.6237
35.0361
5.36357
-20.6388
-34.6591
-32.0544
-15.2232
7.66176
26.2304
33.3656
29.0568
18.2569
8.92344
5.73286
3.48397
117.612
115.371
112.878
110.206
107.484
104.48
101.143
97.8737
92.6718
81.3129
62.3444
36.3838
6.4354
-19.7369
-33.8506
-31.1997
-14.2506
8.70099
27.175
34.3606
30.263
19.598
10.0907
6.33625
3.53241
117.87
115.688
113.25
110.686
108.204
105.534
102.591
99.7984
94.9322
83.5695
64.4386
38.4446
8.51777
-17.6453
-31.8166
-29.2586
-12.4072
10.3499
28.5529
35.7084
31.7808
21.186
11.4124
7.0146
3.59594
118.121
115.994
113.608
111.147
108.876
106.462
103.83
101.486
97.0237
85.8441
66.8362
41.1319
11.5406
-14.4301
-28.6099
-26.2915
-9.75463
12.5545
30.3231
37.3893
33.6025
22.9936
12.86
7.75206
3.67501
118.363
116.285
113.952
111.591
109.506
107.281
104.877
102.943
98.9324
88.0921
69.4572
44.3466
15.4026
-10.1801
-24.3252
-22.3846
-6.37963
15.2442
32.438
39.3785
35.7036
24.9854
14.4052
8.53194
3.76985
118.592
116.562
114.284
112.022
110.096
107.998
105.75
104.175
100.646
90.2731
72.2196
47.9703
19.9687
-5.02119
-19.0956
-17.6508
-2.39027
18.3364
34.8483
41.6439
38.0439
27.1237
16.0193
9.33821
3.88029
118.811
116.826
114.61
112.441
110.641
108.615
106.46
105.19
102.153
92.3489
75.0447
51.8788
25.0733
0.872289
-13.0917
-12.2296
2.085
21.7344
37.5004
44.1423
40.5766
29.3674
17.6727
10.1569
4.00592
119.02
117.076
114.927
112.846
111.133
109.131
107.021
105.992
103.445
94.2849
77.8565
55.9414
30.5349
7.28833
-6.51686
-6.29372
6.89762
25.3298
40.334
46.8221
43.2508
31.6703
19.3356
10.9762
4.14584
119.222
117.313
115.23
113.228
111.567
109.552
107.449
106.591
104.516
96.0505
80.5887
60.0212
36.161
14.0038
0.406945
-0.0469492
11.8825
29.0193
43.2843
49.6289
46.0106
33.9874
20.9825
11.785
4.2989
119.417
117.534
115.512
113.581
111.938
109.885
107.764
107.001
105.357
97.6213
83.1863
63.9968
41.7521
20.7811
7.43857
6.2846
16.8707
32.7072
46.2842
52.5084
48.7959
36.2756
22.5902
12.574
4.4638
119.609
117.737
115.766
113.899
112.249
110.144
107.989
107.24
105.964
98.9795
85.6077
67.7821
47.1258
27.3685
14.3218
12.4688
21.7047
36.3029
49.271
55.4061
51.5434
38.4919
24.1355
13.3361
4.63933
119.797
117.92
115.99
114.184
112.51
110.349
108.146
107.332
106.328
100.112
87.8234
71.3299
52.1515
33.5409
20.8124
18.3008
26.2548
39.7304
52.1912
58.2657
54.189
40.596
25.5974
14.0655
4.82455
119.976
118.077
116.185
114.442
112.737
110.522
108.261
107.305
106.448
101.008
89.8171
74.6272
56.7747
39.1716
26.7288
23.6205
30.4231
42.9325
54.9978
61.0298
56.6718
42.5531
26.9592
14.7581
5.01821
120.139
118.199
116.353
114.686
112.952
110.683
108.357
107.196
106.328
101.654
91.5836
77.6863
61.0042
44.2482
32.0042
28.344
34.154
45.8768
57.6517
63.6421
58.9407
44.3367
28.2096
15.411
5.2181
120.271
118.277
116.491
114.919
113.165
110.842
108.445
107.051
106.02
102.022
93.0576
80.4147
64.7055
48.6084
36.4665
32.3085
37.3147
48.4466
60.0158
65.9457
60.8715
45.858
29.2937
15.9959
5.41278
120.352
118.301
116.601
115.139
113.378
111.001
108.526
106.919
105.642
102.141
94.2249
82.7605
67.8133
52.1845
40.0786
35.5055
39.8888
50.5801
61.9877
67.8311
62.4096
47.0803
30.1859
16.4936
5.59068
120.38
118.27
116.689
115.351
113.593
111.163
108.599
106.823
105.293
102.075
95.1514
84.7862
70.4325
55.1106
42.9975
38.0897
41.9858
52.3249
63.5879
69.3299
63.6174
48.0547
30.9172
16.9148
5.75108
120.363
118.192
116.757
115.555
113.807
111.326
108.665
106.767
105.028
101.899
95.9046
86.5377
72.6537
57.5044
45.352
40.1721
43.6784
53.7237
64.8576
70.5026
64.5607
48.8311
31.5175
17.2709
5.89495
120.31
118.08
116.812
115.749
114.009
111.489
108.729
106.747
104.868
101.701
96.5417
88.0512
74.5444
59.4572
47.241
41.8347
45.0243
54.8233
65.8489
71.4117
65.2937
49.4509
32.0115
17.5718
6.02338
120.213
117.946
116.864
115.93
114.198
111.647
108.793
106.753
104.813
101.556
97.0952
89.3638
76.1588
61.0428
48.7439
43.1473
46.078
55.6731
66.6125
72.1092
65.8599
49.948
32.4189
17.8258
6.13762
120.064
117.787
116.913
116.103
114.374
111.796
108.854
106.775
104.842
101.504
97.5706
90.5024
77.5408
62.3252
49.9274
44.1696
46.8881
56.3161
67.1895
72.636
66.2959
50.3493
32.7554
18.0397
6.23902
119.882
117.607
116.957
116.268
114.539
111.932
108.912
106.803
104.928
101.548
97.967
91.4755
78.719
63.3627
50.8512
44.9529
47.4959
56.7882
67.6141
73.0267
66.6312
50.6754
33.0338
18.2196
6.32894
119.717
117.442
116.997
116.416
114.692
112.055
108.967
106.832
105.043
101.665
98.2938
92.2882
79.7042
64.2041
51.5675
45.5435
47.9386
57.1223
67.9167
73.3102
66.8894
50.942
33.2643
18.3705
6.40867
119.62
117.351
117.043
116.541
114.83
112.165
109.018
106.859
105.166
101.822
98.5575
92.9535
80.5018
64.8853
52.1204
45.9816
48.2505
57.3494
68.1242
73.5099
67.0898
51.1606
33.4554
18.497
6.47933
119.597
117.352
117.096
116.64
114.948
112.258
109.064
106.887
105.284
101.987
98.7415
93.4675
81.1284
65.43
52.5441
46.3021
48.4629
57.4956
68.2577
73.6449
67.2475
51.3398
33.6142
18.6031
6.54193
119.623
117.406
117.146
116.715
115.045
112.331
109.101
106.917
105.388
102.14
98.8528
93.7973
81.6061
65.8576
52.8665
46.5323
48.5997
57.5787
68.3329
73.732
67.3725
51.4867
33.7465
18.6923
6.59774
119.676
117.474
117.188
116.774
115.12
112.384
109.13
106.944
105.471
102.263
98.9313
93.9641
81.937
66.1784
53.1099
46.6909
48.6768
57.6117
68.3632
73.7853
67.471
51.6083
33.8565
18.7673
6.64874
119.737
117.54
117.228
116.817
115.171
112.423
109.158
106.972
105.531
102.348
98.9949
94.0569
82.1314
66.3981
53.2809
46.7888
48.7055
57.6065
68.3608
73.8144
67.5483
51.7116
33.95
18.8323
6.69906
119.786
117.59
117.258
116.843
115.201
112.455
109.189
106.999
105.566
102.396
99.0383
94.1215
82.2434
66.5367
53.3835
46.8329
48.6936
57.5734
68.3373
73.8236
67.6048
51.7983
34.0311
18.8905
6.74931
)
;

boundaryField
{
    inlet
    {
        type            zeroGradient;
    }
    outlet
    {
        type            fixedValue;
        value           uniform 0;
    }
    upperWall
    {
        type            zeroGradient;
    }
    lowerWall
    {
        type            zeroGradient;
    }
    frontAndBack
    {
        type            empty;
    }
}


// ************************************************************************* //
