/*--------------------------------*- C++ -*----------------------------------*\
  =========                 |
  \\      /  F ield         | OpenFOAM: The Open Source CFD Toolbox
   \\    /   O peration     | Website:  https://openfoam.org
    \\  /    A nd           | Version:  6
     \\/     M anipulation  |
\*---------------------------------------------------------------------------*/
FoamFile
{
    version     2.0;
    format      ascii;
    class       volScalarField;
    location    "0.4";
    object      s;
}
// * * * * * * * * * * * * * * * * * * * * * * * * * * * * * * * * * * * * * //

dimensions      [0 0 0 0 0 0 0];

internalField   nonuniform List<scalar> 
12225
(
1
1
1
1
1
1
1
1
1
1
1
1
1
1
1
1
1
1
1
1
1
1
1
1
1
1
1
1
1
1
1
1
1
1
1
1
1
1
1
1
1
1
1
1
1
1
1
1
1
1
1
1
1
1
1
1
1
1
1
1
1
1
1
1
1
1
1
1
1
1
1
1
1
1
1
1
1
1
1
1
1
1
1
1
1
1
1
1
1
1
1
1
1
1
1
1
1
1
1
1
1
1
1
1
1
1
1
1
1
1
1
1
1
1
1
1
1
1
1
1
1
1
1
1
1
1
1
1
1
1
1
1
1
1
1
1
1
1
1
1
1
1
1
1
1
1
1
1
1
1
1
1
1
1
1
1
1
1
1
1
1
1
1
1
1
1
1
1
1
1
1
1
1
1
1
1
1
1
1
1
1
1
1
1
1
1
1
1
1
1
1
1
1
1
1
1
1
1
1
1
1
1
1
1
1
1
1
1
1
1
1
1
1
1
1
1
1
1
1
1
1
1
1
1
1
1
1
1
1
1
1
1
1
1
1
1
1
1
1
1
1
1
1
1
1
1
1
1
1
1
1
1
1
1
1
1
1
1
1
1
1
1
1
1
1
1
1
1
1
1
1
1
1
1
1
1
1
1
1
1
1
1
1
1
1
1
1
1
1
1
1
1
1
1
1
1
1
1
1
1
1
1
1
1
1
1
1
1
1
1
1
1
1
1
1
1
1
1
1
1
1
1
1
1
1
1
1
1
1
1
1
1
1
1
1
1
1
1
1
1
1
1
1
1
1
1
1
1
1
1
1
1
1
1
1
1
1
1
1
1
1
1
1
1
1
1
1
1
1
1
1
1
1
1
1
1
1
1
1
1
1
1
1
1
1
1
1
1
1
1
1
1
1
1
1
1
1
1
1
1
1
1
1
1
1
1
1
1
1
1
1
1
1
1
1
1
1
1
1
1
1
1
1
1
1
1
1
1
1
1
1
1
1
1
1
1
1
1
1
1
1
1
1
1
1
1
1
1
1
1
1
1
1
1
1
1
1
1
1
1
1
1
1
1
1
1
1
1
1
1
1
1
1
1
1
1
1
1
1
1
1
1
1
1
1
1
1
1
1
1
1
1
1
1
1
1
1
1
1
1
1
1
1
1
1
1
1
1
1
1
1
1
1
1
1
1
1
1
1
1
1
1
1
1
1
1
1
1
1
1
1
1
1
1
1
1
1
1
1
1
0.999458
0.999559
0.999568
0.999564
0.999567
0.999588
0.999597
0.999598
0.999597
0.999594
0.99959
0.999586
0.999585
0.999584
0.999583
0.999583
0.999584
0.999585
0.999586
0.999587
0.99959
0.999593
0.999596
0.999603
0.999613
0.999627
0.999646
0.999672
0.999702
0.999733
0.999761
0.999778
0.999784
0.999783
0.999765
0.999691
0.99944
0.99927
0.999255
0.999284
0.999361
0.999394
0.999399
0.999396
0.999386
0.999383
0.999384
0.999389
0.999397
0.999408
0.999421
0.999433
0.999443
0.999451
0.99946
0.999471
0.999478
0.999482
0.999484
0.999486
0.999486
0.999485
0.999482
0.999482
0.999485
0.999497
0.999512
0.999523
0.999528
0.999529
0.999527
0.999509
0.999436
0.999397
0.999409
0.999494
0.999569
0.999649
0.99974
0.999808
0.999851
0.99987
0.999877
0.999878
0.999882
0.999887
0.999881
0.999858
0.999852
0.999853
0.999838
0.999815
0.99981
0.999807
0.999804
0.999801
0.999799
0.999797
0.999796
0.999793
0.999792
0.99979
0.999789
0.999788
0.999787
0.999787
0.999787
0.999787
0.999787
0.999788
0.999789
0.99979
0.999791
0.999793
0.999796
0.999798
0.9998
0.999803
0.999806
0.999809
0.999812
0.999816
0.99982
0.999824
0.999828
0.999833
0.999837
0.999842
0.999847
0.999851
0.999855
0.999859
0.999863
0.999866
0.999869
0.999872
0.999874
0.999877
0.999879
0.999881
0.999882
0.999884
0.999885
0.999886
0.999888
0.999888
0.999889
0.999889
0.99989
0.99989
0.99989
0.99989
0.999889
0.999888
0.999885
0.999884
0.999884
0.999882
0.999872
0.999859
0.999856
0.999859
0.999865
0.999866
0.999866
0.999869
0.999878
0.99988
0.999876
0.999868
0.999864
0.999861
0.999859
0.999857
0.999855
0.999853
0.999852
0.999851
0.999851
0.999851
0.99941
0.999481
0.999477
0.999528
0.999595
0.999611
0.999608
0.999596
0.99958
0.999555
0.99953
0.999508
0.999496
0.999489
0.999488
0.999489
0.999492
0.999497
0.999505
0.999513
0.999523
0.999534
0.999545
0.999557
0.999571
0.999586
0.999604
0.999629
0.999659
0.999684
0.999713
0.999746
0.999767
0.999778
0.999781
0.999776
0.999748
0.99969
0.999553
0.999335
0.999316
0.999359
0.999376
0.999376
0.999375
0.999381
0.999401
0.999429
0.999455
0.999482
0.999521
0.999547
0.999587
0.999612
0.99963
0.999655
0.999679
0.999695
0.999696
0.999694
0.999688
0.999675
0.999655
0.999628
0.999592
0.999561
0.999546
0.999545
0.999549
0.999571
0.999585
0.999583
0.999537
0.999439
0.999404
0.999403
0.999418
0.999472
0.999611
0.999728
0.999814
0.999863
0.99988
0.999882
0.999881
0.999875
0.999853
0.999839
0.999849
0.999844
0.999817
0.999788
0.999776
0.999761
0.999752
0.999746
0.999741
0.999739
0.999738
0.999738
0.999738
0.999739
0.999742
0.999745
0.999748
0.99975
0.999752
0.999752
0.999753
0.999753
0.999752
0.999752
0.999751
0.99975
0.999749
0.999749
0.999749
0.999749
0.999749
0.99975
0.999752
0.999754
0.999757
0.999761
0.999765
0.999771
0.999777
0.999785
0.999793
0.999802
0.999811
0.999821
0.999831
0.99984
0.99985
0.99986
0.999868
0.999876
0.999883
0.999888
0.999893
0.999897
0.999901
0.999905
0.99991
0.999915
0.99992
0.999924
0.999927
0.999929
0.999929
0.999929
0.999927
0.999927
0.999928
0.999935
0.999946
0.999952
0.999952
0.999948
0.999931
0.9999
0.999872
0.999849
0.999841
0.999842
0.999853
0.999867
0.999872
0.999873
0.999879
0.999885
0.999886
0.999886
0.999884
0.999876
0.999869
0.999865
0.999864
0.999861
0.999375
0.999388
0.999519
0.999622
0.999621
0.999606
0.99957
0.999508
0.999442
0.999362
0.999296
0.999245
0.999219
0.999212
0.999214
0.999221
0.999232
0.999248
0.999264
0.99928
0.9993
0.99932
0.99934
0.999371
0.999404
0.999436
0.999478
0.999526
0.99957
0.999608
0.99965
0.999685
0.999714
0.999748
0.999768
0.99978
0.999784
0.99978
0.999761
0.999695
0.999578
0.999471
0.999439
0.999425
0.999445
0.999491
0.999554
0.999616
0.999661
0.999696
0.999735
0.999768
0.999801
0.999826
0.999846
0.999859
0.999868
0.999873
0.999873
0.999872
0.999868
0.999859
0.999838
0.999821
0.999802
0.999759
0.999713
0.999689
0.999684
0.999681
0.999665
0.999606
0.99951
0.999453
0.99945
0.999477
0.999583
0.999763
0.99985
0.99987
0.999865
0.999848
0.999839
0.999842
0.999842
0.999826
0.999823
0.999841
0.999842
0.999818
0.999783
0.99977
0.999764
0.99976
0.999758
0.999758
0.99976
0.999767
0.999776
0.99979
0.999808
0.999827
0.999844
0.999856
0.999864
0.999872
0.999876
0.999879
0.99988
0.99988
0.999878
0.999876
0.999873
0.999868
0.999863
0.999858
0.999852
0.999845
0.999838
0.99983
0.999822
0.999814
0.999807
0.999801
0.999796
0.999793
0.999792
0.999793
0.999797
0.999802
0.999809
0.999818
0.999827
0.999836
0.999845
0.999854
0.999864
0.999873
0.999882
0.99989
0.999897
0.999902
0.999906
0.99991
0.999915
0.999921
0.999928
0.999934
0.99994
0.999945
0.999948
0.999948
0.999945
0.99994
0.999939
0.99994
0.999949
0.999962
0.999968
0.999969
0.999967
0.999953
0.999903
0.99987
0.999868
0.999892
0.999916
0.999918
0.999911
0.999896
0.99989
0.99989
0.999891
0.999894
0.999894
0.999889
0.999883
0.999882
0.999883
0.999881
0.999398
0.999556
0.999651
0.999637
0.999593
0.9995
0.999362
0.999235
0.999127
0.999057
0.999015
0.998993
0.998989
0.998992
0.999001
0.99903
0.999064
0.999093
0.999116
0.999135
0.999151
0.999164
0.999177
0.999188
0.999209
0.999239
0.999265
0.999314
0.999374
0.999443
0.999518
0.999589
0.999645
0.999693
0.999734
0.999765
0.999781
0.99979
0.99979
0.999782
0.99976
0.999707
0.999672
0.999663
0.999673
0.999695
0.999711
0.999732
0.999762
0.999801
0.999837
0.999868
0.999885
0.999895
0.999901
0.999902
0.999902
0.999901
0.9999
0.999896
0.999886
0.999873
0.999855
0.999841
0.999828
0.999803
0.999755
0.999712
0.999686
0.999665
0.999631
0.99958
0.99955
0.999555
0.999612
0.999789
0.999866
0.999862
0.999829
0.999798
0.999793
0.999791
0.999795
0.999806
0.999807
0.999805
0.999826
0.999838
0.999826
0.999791
0.999778
0.999775
0.999775
0.999782
0.999797
0.999812
0.999827
0.999849
0.999874
0.999901
0.999917
0.999924
0.999928
0.99993
0.999931
0.999932
0.999932
0.999932
0.999933
0.999933
0.999933
0.999934
0.999934
0.999935
0.999936
0.999937
0.999938
0.999938
0.999939
0.999939
0.999938
0.999937
0.999935
0.999932
0.999928
0.999923
0.999918
0.999911
0.999905
0.999899
0.999896
0.999895
0.999897
0.999901
0.999904
0.999908
0.999912
0.999918
0.999923
0.99993
0.999936
0.999942
0.999945
0.999946
0.999946
0.999946
0.999945
0.999945
0.999946
0.999951
0.999956
0.99996
0.999961
0.99996
0.999955
0.999952
0.999953
0.99996
0.999971
0.999975
0.999974
0.999968
0.999935
0.999904
0.999903
0.999922
0.999952
0.999961
0.999961
0.999952
0.999923
0.999904
0.999899
0.999899
0.999899
0.999896
0.999895
0.999895
0.999902
0.999906
0.999591
0.999697
0.999664
0.999564
0.999386
0.99922
0.999112
0.999041
0.998995
0.998967
0.998952
0.998945
0.998944
0.998945
0.998952
0.998976
0.999009
0.999041
0.999069
0.999089
0.999101
0.99911
0.999116
0.999119
0.999112
0.99911
0.999114
0.99913
0.999168
0.999222
0.999311
0.99944
0.999554
0.999624
0.999674
0.999727
0.99977
0.99979
0.999796
0.999795
0.999788
0.999766
0.999748
0.999744
0.999739
0.99974
0.99975
0.99978
0.999836
0.999884
0.999904
0.999909
0.999909
0.999909
0.999907
0.999905
0.999903
0.999901
0.999899
0.99989
0.999876
0.999874
0.999873
0.999866
0.999846
0.9998
0.999754
0.999717
0.999692
0.999673
0.99966
0.999662
0.999692
0.99979
0.99986
0.999864
0.99982
0.999791
0.999795
0.999801
0.999814
0.999814
0.999807
0.999806
0.999801
0.999808
0.99983
0.999831
0.999806
0.999787
0.999784
0.999786
0.999794
0.999807
0.999827
0.999852
0.999882
0.999911
0.999927
0.999933
0.999935
0.999936
0.999937
0.999937
0.999936
0.999936
0.999935
0.999935
0.999934
0.999934
0.999934
0.999935
0.999935
0.999936
0.999937
0.999938
0.99994
0.999943
0.999945
0.999948
0.999951
0.999953
0.999955
0.999957
0.999959
0.999961
0.999962
0.999963
0.999963
0.999962
0.99996
0.999956
0.999951
0.999946
0.999943
0.999941
0.99994
0.999941
0.999944
0.999948
0.999954
0.999959
0.999963
0.999967
0.99997
0.999971
0.99997
0.999967
0.999962
0.999959
0.999959
0.999962
0.999967
0.999968
0.999967
0.999963
0.999962
0.999964
0.999972
0.999977
0.999978
0.999973
0.999949
0.999927
0.999925
0.999937
0.999961
0.999971
0.999972
0.99997
0.999957
0.999925
0.99991
0.999904
0.999902
0.999901
0.999901
0.999903
0.999914
0.999934
0.999757
0.999715
0.999543
0.999334
0.999207
0.999119
0.999055
0.999009
0.998979
0.998963
0.998954
0.998948
0.998944
0.998943
0.998944
0.99895
0.998958
0.998968
0.99898
0.998995
0.999006
0.999009
0.999001
0.998965
0.998923
0.99891
0.998912
0.998922
0.998952
0.999007
0.99908
0.999193
0.999348
0.999504
0.999633
0.999722
0.999771
0.999793
0.999797
0.999795
0.999785
0.999765
0.99975
0.999742
0.99974
0.99975
0.999811
0.999894
0.999915
0.999917
0.999913
0.999909
0.999904
0.999901
0.999899
0.999897
0.999895
0.999894
0.999892
0.99989
0.999886
0.999882
0.999878
0.999871
0.99986
0.999839
0.999813
0.999789
0.999772
0.999766
0.999771
0.999804
0.999843
0.999853
0.999838
0.999797
0.999792
0.99981
0.999832
0.999838
0.999839
0.999836
0.999827
0.999809
0.999802
0.999813
0.999828
0.99982
0.999795
0.999788
0.999788
0.99979
0.999799
0.999817
0.999852
0.9999
0.999924
0.999933
0.999937
0.999938
0.999939
0.999939
0.999938
0.999938
0.999938
0.999937
0.999937
0.999936
0.999935
0.999934
0.999933
0.999932
0.999932
0.999931
0.99993
0.99993
0.99993
0.999931
0.999933
0.999935
0.999939
0.999943
0.999948
0.999954
0.999958
0.999961
0.999964
0.999966
0.999968
0.99997
0.999971
0.999971
0.999969
0.999963
0.999956
0.999951
0.999948
0.999947
0.999947
0.999949
0.999953
0.999958
0.999963
0.999968
0.999973
0.999977
0.999978
0.999978
0.999975
0.99997
0.999967
0.999967
0.999969
0.999972
0.999972
0.999971
0.999969
0.999969
0.999974
0.99998
0.999981
0.999977
0.999958
0.999943
0.999942
0.999951
0.999969
0.999976
0.999977
0.999976
0.99997
0.999947
0.999922
0.99991
0.999905
0.999905
0.999906
0.999912
0.999937
0.99996
0.999745
0.99961
0.999374
0.999257
0.999171
0.999104
0.999055
0.999026
0.99902
0.999025
0.999023
0.999015
0.999003
0.998995
0.998987
0.998979
0.998972
0.998967
0.998958
0.998938
0.998897
0.998866
0.998844
0.998826
0.998815
0.998813
0.998814
0.998821
0.998839
0.998876
0.998948
0.999113
0.999326
0.99951
0.999647
0.999738
0.999782
0.999794
0.999793
0.99978
0.999764
0.999751
0.999743
0.999745
0.999787
0.999898
0.999924
0.999923
0.999914
0.999904
0.999901
0.999899
0.999899
0.999898
0.999897
0.999895
0.999893
0.999891
0.999888
0.999884
0.999881
0.999877
0.999874
0.999869
0.999864
0.999855
0.999843
0.999835
0.999832
0.999836
0.999851
0.999855
0.999852
0.999821
0.999797
0.999796
0.999819
0.999837
0.99984
0.999841
0.999841
0.999838
0.999827
0.999811
0.999807
0.999822
0.999825
0.99981
0.999792
0.999788
0.999787
0.999789
0.999797
0.999821
0.999876
0.999924
0.999937
0.99994
0.99994
0.99994
0.99994
0.99994
0.999941
0.999942
0.999944
0.999945
0.999946
0.999946
0.999944
0.999941
0.999939
0.999938
0.999936
0.999934
0.999932
0.999931
0.99993
0.999929
0.999929
0.999929
0.99993
0.999931
0.999932
0.999936
0.999941
0.999946
0.999952
0.999958
0.999963
0.999967
0.99997
0.999972
0.999973
0.999973
0.999971
0.999964
0.999957
0.999952
0.999949
0.999949
0.99995
0.999952
0.999956
0.999962
0.99997
0.999977
0.999982
0.999983
0.999982
0.999977
0.999972
0.999971
0.999971
0.999974
0.999976
0.999976
0.999975
0.999975
0.999976
0.999982
0.999984
0.999983
0.999972
0.999962
0.999962
0.999971
0.99998
0.99998
0.999979
0.999977
0.999973
0.999957
0.99993
0.999915
0.999911
0.999911
0.999915
0.999934
0.999961
0.999977
0.999738
0.99951
0.99933
0.999241
0.999173
0.999143
0.99914
0.999151
0.999178
0.999204
0.999203
0.999195
0.99918
0.999174
0.999167
0.999159
0.999157
0.999161
0.999153
0.999128
0.999073
0.999013
0.998947
0.998895
0.998851
0.998821
0.998808
0.998808
0.998819
0.998858
0.998952
0.999143
0.999366
0.999564
0.999706
0.999768
0.999785
0.999779
0.999756
0.999743
0.999743
0.999752
0.999784
0.999879
0.999916
0.999924
0.999914
0.999903
0.9999
0.9999
0.999899
0.9999
0.9999
0.999901
0.999901
0.9999
0.999899
0.999896
0.999893
0.999889
0.999884
0.999879
0.999876
0.999872
0.999868
0.999865
0.999864
0.999864
0.999867
0.999867
0.999866
0.999853
0.99982
0.999797
0.999796
0.999811
0.999834
0.999839
0.99984
0.99984
0.999839
0.999836
0.999825
0.999818
0.999819
0.999824
0.999821
0.999801
0.999789
0.999785
0.999781
0.99978
0.999785
0.999811
0.999873
0.999927
0.999941
0.999943
0.999943
0.999942
0.999942
0.999942
0.999944
0.999948
0.999951
0.999952
0.999953
0.999953
0.999952
0.999947
0.999942
0.99994
0.999939
0.999939
0.999939
0.999938
0.999936
0.999933
0.999931
0.99993
0.999929
0.999929
0.999929
0.99993
0.999931
0.999934
0.999937
0.999941
0.999946
0.999952
0.999959
0.999966
0.999972
0.999975
0.999977
0.999977
0.999975
0.999968
0.99996
0.999954
0.999952
0.999952
0.999953
0.999957
0.999963
0.999973
0.999981
0.999986
0.999988
0.999987
0.999981
0.999976
0.999975
0.999976
0.999978
0.999979
0.999979
0.999979
0.999979
0.999983
0.999986
0.999987
0.999983
0.999979
0.999979
0.999983
0.999985
0.999982
0.999974
0.999972
0.99997
0.99996
0.999935
0.999921
0.999918
0.99992
0.999931
0.999956
0.999975
0.999987
0.999729
0.999465
0.999319
0.999248
0.999253
0.999311
0.999366
0.999392
0.999424
0.999436
0.999415
0.999369
0.999338
0.999328
0.999331
0.999341
0.999358
0.999374
0.999379
0.999385
0.99938
0.999355
0.999295
0.999178
0.999033
0.998894
0.998823
0.998814
0.998827
0.998883
0.999017
0.999252
0.999511
0.99968
0.999744
0.999766
0.999753
0.999734
0.999737
0.999745
0.999766
0.99983
0.999898
0.99992
0.99992
0.999906
0.999902
0.999902
0.999902
0.999903
0.999905
0.999909
0.999911
0.999912
0.999913
0.999913
0.999912
0.99991
0.999906
0.999903
0.999899
0.999895
0.999892
0.99989
0.999889
0.999888
0.999887
0.999885
0.999882
0.999878
0.999866
0.999841
0.999805
0.999796
0.999798
0.999817
0.999836
0.999839
0.999839
0.999839
0.999836
0.999832
0.999826
0.999824
0.999824
0.999823
0.999814
0.999793
0.999782
0.999772
0.99976
0.999757
0.999759
0.999782
0.999843
0.999917
0.999941
0.999946
0.999946
0.999945
0.999944
0.999944
0.999945
0.999948
0.999951
0.999955
0.999956
0.999956
0.999954
0.999948
0.999943
0.99994
0.999939
0.999939
0.99994
0.999941
0.999943
0.999943
0.999941
0.999937
0.999934
0.999931
0.99993
0.99993
0.99993
0.99993
0.999932
0.999935
0.999937
0.99994
0.999944
0.999949
0.999958
0.999967
0.999974
0.999979
0.999981
0.999982
0.99998
0.999972
0.999964
0.99996
0.999959
0.999959
0.999962
0.99997
0.99998
0.999987
0.99999
0.99999
0.999988
0.999982
0.999978
0.999978
0.999979
0.999981
0.999981
0.999981
0.999981
0.999983
0.999987
0.999989
0.999989
0.999988
0.999988
0.999989
0.999989
0.999983
0.999969
0.999965
0.999964
0.999957
0.999938
0.999927
0.999925
0.999929
0.999946
0.999969
0.999984
0.999992
0.999718
0.999437
0.99932
0.999327
0.999436
0.99959
0.999655
0.999654
0.999624
0.999572
0.999499
0.999427
0.999386
0.999372
0.999378
0.999393
0.999411
0.999419
0.999417
0.999413
0.999403
0.99938
0.99932
0.999198
0.999048
0.998907
0.998842
0.998837
0.998877
0.998996
0.999222
0.999476
0.999642
0.999709
0.999734
0.999724
0.999719
0.999731
0.999749
0.999789
0.999875
0.999912
0.999921
0.999919
0.999908
0.999905
0.999904
0.999904
0.999907
0.999911
0.999914
0.999916
0.999917
0.999917
0.999918
0.999918
0.999918
0.999918
0.999918
0.999916
0.999915
0.999914
0.999913
0.999912
0.99991
0.999908
0.999906
0.999902
0.999897
0.999889
0.999873
0.999843
0.999806
0.999796
0.999797
0.999813
0.999835
0.999839
0.999839
0.999838
0.999835
0.999832
0.999828
0.999827
0.999825
0.999821
0.999809
0.999793
0.99978
0.99976
0.99974
0.999736
0.999736
0.999753
0.999803
0.999885
0.999936
0.999948
0.999949
0.999949
0.999947
0.999946
0.999947
0.999948
0.999952
0.999957
0.999959
0.999957
0.999953
0.999947
0.999941
0.999936
0.999934
0.999934
0.999936
0.99994
0.999943
0.999946
0.999948
0.999949
0.999945
0.99994
0.999936
0.999932
0.99993
0.99993
0.99993
0.999931
0.999933
0.999936
0.999938
0.99994
0.999943
0.999948
0.999959
0.999971
0.999978
0.999983
0.999985
0.999985
0.999984
0.999978
0.999975
0.999975
0.999974
0.999975
0.99998
0.999987
0.999991
0.999992
0.999991
0.999986
0.999981
0.999979
0.999979
0.999981
0.999982
0.999982
0.999983
0.999984
0.999987
0.99999
0.999991
0.999991
0.999991
0.999992
0.999991
0.999983
0.999963
0.999957
0.999956
0.999952
0.999938
0.999931
0.999931
0.999936
0.999956
0.999977
0.999989
0.999995
0.999701
0.999428
0.999363
0.999453
0.999659
0.999783
0.999796
0.999773
0.999715
0.999629
0.999539
0.999459
0.999411
0.999395
0.999403
0.999419
0.999434
0.999435
0.999429
0.999414
0.999386
0.999343
0.999267
0.999155
0.999028
0.99893
0.998892
0.998926
0.999056
0.999249
0.999442
0.999595
0.999667
0.999695
0.999699
0.999709
0.999725
0.999757
0.999828
0.999894
0.99992
0.999924
0.99992
0.999912
0.999909
0.999908
0.999909
0.999913
0.999917
0.99992
0.999922
0.999923
0.999924
0.999925
0.999925
0.999925
0.999925
0.999924
0.999923
0.999922
0.999922
0.999921
0.999922
0.999923
0.999923
0.999922
0.99992
0.999917
0.999914
0.999908
0.999896
0.999872
0.999832
0.999804
0.999799
0.999805
0.999828
0.999838
0.999839
0.999838
0.999835
0.999832
0.99983
0.999828
0.999825
0.99982
0.999809
0.999796
0.999784
0.999761
0.999734
0.999728
0.999728
0.999745
0.999795
0.999881
0.999934
0.999949
0.999952
0.999953
0.999953
0.999952
0.999953
0.999955
0.999959
0.99996
0.999959
0.999954
0.999947
0.999938
0.999931
0.999929
0.999929
0.999931
0.999934
0.999937
0.99994
0.999944
0.999949
0.999953
0.999956
0.999955
0.99995
0.999943
0.999937
0.999932
0.999931
0.99993
0.99993
0.999932
0.999934
0.999937
0.999939
0.999941
0.999945
0.999952
0.999965
0.999977
0.999983
0.999987
0.999989
0.99999
0.99999
0.999991
0.999992
0.999992
0.999991
0.999992
0.999994
0.999994
0.999993
0.99999
0.999983
0.99998
0.99998
0.999981
0.999982
0.999983
0.999983
0.999984
0.999987
0.99999
0.999992
0.999993
0.999993
0.999994
0.999993
0.999984
0.999959
0.999949
0.999948
0.999944
0.999936
0.999933
0.999933
0.99994
0.999962
0.99998
0.999991
0.999996
0.999679
0.999426
0.999421
0.999584
0.999807
0.999841
0.999836
0.999809
0.999757
0.999691
0.999614
0.999522
0.999457
0.999434
0.999434
0.999442
0.999451
0.999454
0.999446
0.999421
0.999375
0.999313
0.999234
0.999141
0.999062
0.999029
0.999056
0.999159
0.999297
0.999433
0.999552
0.99963
0.999667
0.999684
0.9997
0.999725
0.99977
0.999857
0.999908
0.999925
0.999928
0.999924
0.999916
0.999913
0.999913
0.999916
0.999919
0.999922
0.999925
0.999929
0.999932
0.999934
0.999936
0.999937
0.999938
0.999938
0.999937
0.999935
0.999933
0.99993
0.999927
0.999925
0.999925
0.999925
0.999927
0.999927
0.999927
0.999927
0.999925
0.999922
0.999917
0.999905
0.999882
0.999842
0.999809
0.999804
0.999812
0.999834
0.999839
0.999839
0.999836
0.999833
0.999831
0.999829
0.999826
0.999821
0.999813
0.999807
0.999797
0.99977
0.999736
0.999727
0.999728
0.999748
0.999815
0.999909
0.999942
0.999951
0.999955
0.999956
0.999957
0.999957
0.99996
0.999963
0.999963
0.999959
0.99995
0.999938
0.999928
0.999924
0.999924
0.999926
0.999928
0.999931
0.999934
0.999937
0.99994
0.999943
0.999947
0.999953
0.999958
0.999962
0.999963
0.999961
0.999953
0.999943
0.999936
0.999932
0.999931
0.999931
0.999931
0.999933
0.999937
0.999939
0.999941
0.999944
0.99995
0.999962
0.999975
0.999984
0.999989
0.999991
0.999994
0.999995
0.999997
0.999997
0.999998
0.999998
0.999998
0.999998
0.999997
0.999993
0.999986
0.999982
0.999981
0.999981
0.999982
0.999983
0.999983
0.999984
0.999986
0.99999
0.999993
0.999995
0.999996
0.999996
0.999995
0.999984
0.999955
0.999942
0.99994
0.999937
0.999934
0.999933
0.999934
0.999943
0.999965
0.999981
0.999991
0.999996
0.999663
0.999442
0.999473
0.999726
0.999853
0.999861
0.999849
0.999821
0.999784
0.999736
0.999669
0.99958
0.999503
0.999472
0.99946
0.999459
0.999472
0.999474
0.99947
0.999452
0.99941
0.999348
0.999282
0.99924
0.999225
0.99923
0.999277
0.999357
0.999444
0.999523
0.999592
0.99964
0.999672
0.999694
0.999733
0.99981
0.999881
0.999916
0.99993
0.999933
0.999932
0.999925
0.99992
0.999919
0.99992
0.999922
0.999925
0.999927
0.99993
0.999933
0.999935
0.999938
0.999941
0.999943
0.999944
0.999945
0.999945
0.999945
0.999945
0.999943
0.99994
0.999937
0.999932
0.999928
0.999927
0.999927
0.999929
0.999929
0.999929
0.999928
0.999926
0.999922
0.999912
0.999892
0.999854
0.999815
0.999808
0.999815
0.999836
0.999839
0.999839
0.999837
0.999834
0.999832
0.99983
0.999826
0.999824
0.99982
0.999808
0.99978
0.999741
0.99973
0.999731
0.999755
0.999836
0.999934
0.999959
0.999964
0.999965
0.999966
0.999967
0.999968
0.999968
0.999965
0.999954
0.999937
0.999923
0.999918
0.999918
0.999921
0.999924
0.999927
0.99993
0.999934
0.999938
0.999942
0.999944
0.999945
0.999947
0.999952
0.999958
0.999963
0.999967
0.999968
0.999967
0.999962
0.999949
0.99994
0.999934
0.999932
0.999931
0.999932
0.999933
0.999937
0.999941
0.999943
0.999946
0.999951
0.999962
0.999975
0.999984
0.99999
0.999994
0.999996
0.999998
0.999999
0.999999
0.999999
0.999999
0.999999
0.999998
0.999995
0.999988
0.999983
0.999982
0.999982
0.999983
0.999984
0.999984
0.999984
0.999986
0.99999
0.999994
0.999996
0.999997
0.999997
0.999996
0.999985
0.999954
0.999937
0.999934
0.999934
0.999933
0.999933
0.999934
0.999944
0.999966
0.999981
0.999991
0.999996
0.999657
0.999466
0.999535
0.999808
0.99987
0.99987
0.999855
0.999827
0.999793
0.999748
0.999685
0.999601
0.999526
0.9995
0.999492
0.99949
0.999493
0.999496
0.999494
0.999484
0.999461
0.999428
0.999392
0.999369
0.99936
0.99936
0.9994
0.999447
0.999509
0.999563
0.999615
0.99966
0.999698
0.999752
0.999844
0.999901
0.999928
0.99994
0.999943
0.999943
0.999941
0.999938
0.999938
0.999939
0.99994
0.99994
0.999942
0.999943
0.999944
0.999946
0.999947
0.999948
0.999949
0.99995
0.999952
0.999953
0.999954
0.999954
0.999952
0.99995
0.999948
0.999947
0.999945
0.999943
0.999938
0.999932
0.999929
0.999928
0.999929
0.99993
0.999929
0.999928
0.999926
0.999918
0.999902
0.999869
0.999824
0.999812
0.999816
0.999833
0.999839
0.999839
0.999838
0.999837
0.999836
0.999834
0.999832
0.999827
0.999813
0.999785
0.999748
0.999736
0.999736
0.999764
0.99987
0.999953
0.999971
0.999973
0.99997
0.999968
0.999966
0.999961
0.99995
0.999932
0.999919
0.999913
0.999912
0.999914
0.999917
0.99992
0.999926
0.999933
0.999938
0.999942
0.999945
0.999947
0.999948
0.999949
0.99995
0.999953
0.999958
0.999963
0.999967
0.99997
0.999971
0.99997
0.999966
0.999953
0.999942
0.999936
0.999933
0.999932
0.999932
0.999935
0.999939
0.999943
0.999945
0.999949
0.999955
0.999966
0.999977
0.999986
0.999992
0.999996
0.999998
0.999999
0.999999
1
1
1
0.999999
0.999996
0.999989
0.999985
0.999983
0.999983
0.999984
0.999985
0.999985
0.999986
0.999987
0.99999
0.999994
0.999996
0.999997
0.999998
0.999996
0.999987
0.999955
0.999934
0.99993
0.99993
0.999931
0.999932
0.999934
0.999944
0.999965
0.99998
0.99999
0.999996
0.999655
0.999486
0.999598
0.999841
0.999881
0.999881
0.999867
0.999843
0.999809
0.999761
0.999704
0.999643
0.999575
0.999537
0.999523
0.999517
0.999516
0.999516
0.999512
0.999502
0.999485
0.999464
0.999447
0.999438
0.999435
0.999446
0.999473
0.999508
0.999553
0.999604
0.999658
0.999714
0.999789
0.999873
0.999916
0.999937
0.999947
0.999951
0.999952
0.999952
0.999951
0.99995
0.99995
0.99995
0.99995
0.99995
0.99995
0.999951
0.99995
0.99995
0.999949
0.999948
0.999948
0.999949
0.999952
0.999956
0.999961
0.999965
0.999966
0.999967
0.999962
0.999956
0.99995
0.999948
0.999946
0.999945
0.999944
0.999937
0.999931
0.99993
0.99993
0.99993
0.999929
0.999927
0.999923
0.999912
0.999887
0.999841
0.999818
0.999818
0.999826
0.999835
0.999838
0.999838
0.999838
0.999837
0.999834
0.999828
0.999814
0.999787
0.99976
0.999745
0.999746
0.999784
0.999895
0.999964
0.999974
0.999973
0.999968
0.99996
0.999946
0.999928
0.999915
0.99991
0.999908
0.999908
0.999909
0.999912
0.999917
0.999924
0.999934
0.99994
0.999944
0.999945
0.999947
0.999947
0.999948
0.999949
0.999951
0.999953
0.999957
0.999962
0.999967
0.99997
0.999972
0.999972
0.999971
0.999966
0.999952
0.999942
0.999936
0.999933
0.999933
0.999933
0.999937
0.999943
0.999947
0.999949
0.999954
0.999961
0.999971
0.999982
0.999989
0.999994
0.999997
0.999999
0.999999
1
1
1
0.999999
0.999997
0.99999
0.999986
0.999985
0.999985
0.999986
0.999987
0.999987
0.999988
0.999988
0.99999
0.999994
0.999997
0.999998
0.999998
0.999997
0.99999
0.999958
0.999931
0.999925
0.999926
0.999928
0.999929
0.999933
0.999943
0.999962
0.999978
0.999989
0.999995
0.999657
0.999505
0.999638
0.999864
0.999898
0.999899
0.999894
0.999876
0.999843
0.999794
0.999739
0.999687
0.999634
0.999593
0.999575
0.999565
0.999559
0.999555
0.999551
0.999542
0.999534
0.999527
0.999524
0.999528
0.999537
0.999553
0.999577
0.99961
0.999648
0.999698
0.99976
0.999826
0.999891
0.999926
0.999943
0.99995
0.999953
0.999954
0.999953
0.999952
0.999951
0.999949
0.999947
0.999944
0.99994
0.999935
0.999928
0.99992
0.999911
0.999903
0.999897
0.999895
0.999897
0.999904
0.999914
0.99993
0.999948
0.999961
0.999968
0.999974
0.999977
0.999979
0.999973
0.999962
0.99995
0.999946
0.999946
0.999948
0.999947
0.999943
0.999937
0.999933
0.999931
0.99993
0.999929
0.999926
0.999919
0.999904
0.999869
0.999834
0.999825
0.999825
0.999828
0.999831
0.999833
0.999832
0.999831
0.999824
0.999809
0.999791
0.999772
0.99976
0.999764
0.999808
0.999909
0.999962
0.999973
0.99997
0.999954
0.999933
0.999919
0.999911
0.999907
0.999906
0.999906
0.999906
0.999907
0.999912
0.99992
0.999931
0.999938
0.999942
0.999944
0.999946
0.999947
0.999947
0.999948
0.999948
0.999949
0.999952
0.999956
0.99996
0.999965
0.999969
0.999972
0.999972
0.999972
0.99997
0.99996
0.999948
0.999939
0.999934
0.999932
0.999932
0.999933
0.999941
0.99995
0.999953
0.999955
0.99996
0.999968
0.999978
0.999987
0.999993
0.999996
0.999998
0.999999
1
1
1
0.999999
0.999998
0.999992
0.999989
0.999987
0.999987
0.999988
0.999989
0.99999
0.99999
0.999991
0.999992
0.999995
0.999997
0.999998
0.999998
0.999998
0.999993
0.999966
0.999932
0.999921
0.99992
0.999922
0.999924
0.999928
0.999938
0.999959
0.999977
0.999988
0.999995
0.99966
0.999519
0.999669
0.999878
0.99991
0.999912
0.999908
0.999893
0.999865
0.999824
0.999778
0.99974
0.999712
0.999685
0.999664
0.999654
0.999647
0.999642
0.999638
0.999632
0.999628
0.999627
0.999632
0.99964
0.999654
0.999672
0.999695
0.999722
0.999757
0.999802
0.999851
0.999901
0.999931
0.999945
0.999951
0.999953
0.999953
0.999953
0.999951
0.999947
0.99994
0.999929
0.999913
0.999896
0.99988
0.999865
0.999853
0.999846
0.999843
0.999842
0.999846
0.999851
0.999859
0.999868
0.999878
0.99989
0.999905
0.99993
0.999951
0.999967
0.999977
0.999983
0.999987
0.999988
0.999981
0.999964
0.999948
0.999944
0.999946
0.999949
0.999948
0.999946
0.999941
0.999936
0.999933
0.999931
0.999928
0.999924
0.999915
0.999897
0.999864
0.999839
0.999831
0.999829
0.999827
0.999825
0.999822
0.999817
0.999808
0.999796
0.999781
0.999776
0.999783
0.999834
0.999916
0.999959
0.99997
0.999959
0.999936
0.999919
0.99991
0.999906
0.999904
0.999904
0.999904
0.999904
0.999906
0.999911
0.999924
0.999934
0.99994
0.999943
0.999945
0.999945
0.999946
0.999945
0.999945
0.999945
0.999946
0.999947
0.999951
0.999955
0.999959
0.999965
0.99997
0.999972
0.999972
0.999971
0.999965
0.999951
0.999941
0.999935
0.999932
0.999931
0.999931
0.999935
0.999949
0.99996
0.999963
0.999964
0.999967
0.999975
0.999984
0.999991
0.999995
0.999998
0.999999
1
1
1
1
0.999999
0.999995
0.999991
0.999989
0.999989
0.99999
0.999992
0.999993
0.999994
0.999994
0.999994
0.999996
0.999997
0.999999
0.999999
0.999999
0.999995
0.999974
0.999936
0.999919
0.999916
0.999916
0.999917
0.999921
0.999934
0.999959
0.999977
0.999988
0.999995
0.999659
0.999524
0.999682
0.999883
0.999914
0.999917
0.999914
0.999905
0.999887
0.999861
0.999834
0.999805
0.999781
0.999768
0.999757
0.999748
0.999743
0.999739
0.999733
0.999726
0.999723
0.999725
0.999732
0.999739
0.999754
0.999769
0.999789
0.999809
0.999836
0.99987
0.999904
0.999932
0.999945
0.99995
0.999952
0.999952
0.999952
0.999948
0.999939
0.999921
0.999898
0.999877
0.999863
0.999854
0.999847
0.999843
0.99984
0.99984
0.999841
0.999843
0.999848
0.999854
0.99986
0.999867
0.999875
0.999883
0.999891
0.999901
0.999926
0.999949
0.999968
0.99998
0.999987
0.999991
0.999992
0.999991
0.999984
0.999961
0.999945
0.999942
0.999945
0.999948
0.999949
0.999948
0.999945
0.99994
0.999935
0.999933
0.99993
0.999927
0.999918
0.999899
0.99987
0.999847
0.999836
0.999829
0.999824
0.999818
0.999811
0.999801
0.999793
0.999792
0.999807
0.999863
0.999922
0.999957
0.999962
0.99995
0.999927
0.999913
0.999906
0.999904
0.999903
0.999902
0.999902
0.999903
0.999905
0.999912
0.999926
0.999935
0.99994
0.999943
0.999944
0.999944
0.999943
0.999942
0.99994
0.99994
0.99994
0.99994
0.999942
0.999946
0.999949
0.999956
0.999964
0.99997
0.999971
0.999971
0.999966
0.999953
0.999941
0.999934
0.99993
0.999928
0.999927
0.999929
0.999941
0.999961
0.99997
0.999972
0.999973
0.999975
0.999983
0.99999
0.999995
0.999998
0.999999
1
1
1
1
0.999999
0.999998
0.999994
0.999991
0.999991
0.999991
0.999993
0.999995
0.999997
0.999997
0.999997
0.999998
0.999998
0.999999
0.999999
0.999999
0.999997
0.999984
0.999944
0.999921
0.999914
0.999913
0.999913
0.999917
0.999934
0.999959
0.999977
0.999989
0.999995
0.999656
0.999526
0.999686
0.999884
0.999916
0.999921
0.999922
0.99992
0.999912
0.999896
0.999873
0.999856
0.999843
0.999832
0.999827
0.999823
0.999819
0.999816
0.99981
0.999803
0.999801
0.999803
0.999807
0.999812
0.999826
0.999837
0.999853
0.999867
0.999886
0.999908
0.999929
0.999943
0.999949
0.99995
0.999951
0.99995
0.999945
0.99993
0.999905
0.999883
0.999868
0.999859
0.999855
0.999853
0.999853
0.999857
0.999865
0.999873
0.999878
0.999882
0.999884
0.999885
0.999885
0.999885
0.999885
0.999884
0.999887
0.99989
0.999901
0.999929
0.999957
0.999975
0.999986
0.999991
0.999994
0.999995
0.999995
0.999992
0.999975
0.999952
0.999944
0.999944
0.999947
0.999949
0.99995
0.99995
0.999948
0.999944
0.999941
0.99994
0.999938
0.999934
0.999926
0.99991
0.999886
0.999863
0.999846
0.999835
0.999824
0.999817
0.999816
0.999822
0.999845
0.99989
0.99993
0.999954
0.999956
0.999945
0.999922
0.99991
0.999905
0.999903
0.999902
0.999902
0.999902
0.999903
0.999906
0.999915
0.999929
0.999937
0.999941
0.999942
0.999942
0.999942
0.999939
0.999935
0.999933
0.999931
0.999931
0.99993
0.999931
0.999933
0.999936
0.999941
0.999952
0.999963
0.999968
0.999968
0.999966
0.999954
0.99994
0.999931
0.999926
0.999923
0.999922
0.999923
0.999932
0.999957
0.999974
0.999979
0.99998
0.999981
0.999983
0.99999
0.999995
0.999997
0.999999
1
1
1
1
1
0.999999
0.999996
0.999994
0.999993
0.999993
0.999994
0.999996
0.999998
0.999998
0.999999
0.999999
0.999999
1
1
1
0.999999
0.999992
0.99996
0.999926
0.999915
0.999912
0.999913
0.999917
0.999934
0.99996
0.999978
0.999989
0.999996
0.99965
0.999526
0.999678
0.999879
0.999916
0.999922
0.999924
0.999924
0.999922
0.999917
0.999907
0.999894
0.999884
0.999879
0.999875
0.999874
0.999871
0.999869
0.999864
0.999859
0.999857
0.999858
0.999859
0.999862
0.999872
0.999881
0.999893
0.999901
0.999915
0.999928
0.99994
0.999947
0.999949
0.99995
0.999949
0.999943
0.999926
0.9999
0.99988
0.999868
0.999862
0.99986
0.99986
0.999869
0.999882
0.999893
0.999898
0.999901
0.999902
0.999902
0.999901
0.999899
0.999897
0.999892
0.99989
0.999888
0.999887
0.999888
0.999891
0.999903
0.999937
0.999965
0.999982
0.999991
0.999995
0.999997
0.999997
0.999997
0.999995
0.999985
0.999959
0.999947
0.999945
0.999946
0.999949
0.999951
0.999953
0.999952
0.999951
0.999949
0.999948
0.999948
0.999947
0.999944
0.999937
0.999925
0.999908
0.999892
0.999873
0.999864
0.999866
0.999872
0.999883
0.999911
0.999938
0.999951
0.999952
0.999941
0.99992
0.999909
0.999904
0.999902
0.999902
0.999902
0.999902
0.999903
0.999907
0.99992
0.999932
0.999938
0.999941
0.999941
0.99994
0.999938
0.999933
0.999929
0.999927
0.999926
0.999925
0.999924
0.999922
0.999922
0.999922
0.999924
0.999931
0.999948
0.999958
0.999961
0.99996
0.999952
0.999936
0.999925
0.999919
0.999916
0.999915
0.999916
0.999925
0.999952
0.999974
0.999984
0.999986
0.999987
0.999987
0.99999
0.999995
0.999997
0.999999
1
1
1
1
1
1
0.999998
0.999996
0.999995
0.999995
0.999996
0.999997
0.999998
0.999999
0.999999
1
1
1
1
1
1
0.999997
0.99998
0.999939
0.999919
0.999914
0.999914
0.999918
0.999937
0.999963
0.99998
0.99999
0.999996
0.999639
0.999524
0.999661
0.999866
0.999911
0.999921
0.999924
0.999924
0.999924
0.999923
0.999921
0.999917
0.999912
0.999909
0.999907
0.999905
0.999903
0.999901
0.999899
0.999895
0.999893
0.999892
0.999893
0.999893
0.9999
0.999907
0.999915
0.99992
0.99993
0.999937
0.999944
0.999947
0.999948
0.999948
0.999944
0.999927
0.999903
0.999883
0.999872
0.999866
0.999864
0.999867
0.999882
0.999896
0.999902
0.999906
0.999907
0.999908
0.999908
0.999908
0.999906
0.999905
0.999903
0.999899
0.999894
0.99989
0.999889
0.999889
0.99989
0.999896
0.999918
0.999952
0.999975
0.999988
0.999994
0.999997
0.999998
0.999998
0.999998
0.999996
0.99999
0.999965
0.99995
0.999945
0.999945
0.999948
0.999952
0.999954
0.999956
0.999955
0.999955
0.999955
0.999955
0.999957
0.999956
0.999953
0.999946
0.999939
0.999926
0.999915
0.99991
0.999911
0.999915
0.999927
0.999943
0.99995
0.999949
0.999937
0.999919
0.999909
0.999904
0.999903
0.999902
0.999902
0.999903
0.999905
0.99991
0.999924
0.999934
0.999938
0.99994
0.999939
0.999938
0.999934
0.999931
0.999928
0.999927
0.999926
0.999924
0.999923
0.999921
0.999919
0.999918
0.999917
0.999917
0.999924
0.999941
0.999948
0.999949
0.999945
0.99993
0.999918
0.999911
0.999907
0.999906
0.999908
0.999917
0.999948
0.999973
0.999986
0.99999
0.999991
0.999991
0.999992
0.999995
0.999997
0.999999
1
1
1
1
1
1
0.999999
0.999998
0.999997
0.999997
0.999997
0.999998
0.999999
0.999999
1
1
1
1
1
1
1
0.999999
0.999993
0.999966
0.999934
0.999923
0.999921
0.999925
0.999945
0.999968
0.999983
0.999992
0.999997
0.999633
0.999522
0.999626
0.999831
0.999896
0.999913
0.99992
0.999923
0.999924
0.999924
0.999924
0.999922
0.999921
0.999921
0.999921
0.999921
0.99992
0.999919
0.999918
0.999916
0.999914
0.999913
0.999912
0.999912
0.999917
0.999921
0.999928
0.99993
0.999937
0.999941
0.999945
0.999947
0.999947
0.999945
0.999932
0.999911
0.99989
0.999877
0.99987
0.999867
0.99987
0.999887
0.9999
0.999906
0.999909
0.999911
0.999914
0.999917
0.999919
0.999918
0.999914
0.999909
0.999906
0.999904
0.9999
0.999894
0.999891
0.99989
0.999891
0.999894
0.99991
0.999945
0.99997
0.999985
0.999993
0.999997
0.999999
0.999999
0.999999
0.999999
0.999997
0.999991
0.999968
0.999951
0.999946
0.999945
0.999947
0.999953
0.999956
0.999957
0.999958
0.999959
0.99996
0.999962
0.999963
0.999963
0.999962
0.999959
0.999953
0.999945
0.999938
0.999935
0.999936
0.999939
0.999946
0.999948
0.999947
0.999934
0.999918
0.999909
0.999905
0.999903
0.999903
0.999903
0.999904
0.999906
0.999914
0.999928
0.999936
0.999939
0.999939
0.999938
0.999935
0.999933
0.99993
0.999928
0.999927
0.999927
0.999926
0.999925
0.999922
0.99992
0.999918
0.999916
0.999915
0.999915
0.999919
0.999927
0.99993
0.999929
0.999923
0.999911
0.999902
0.999898
0.999897
0.999899
0.99991
0.999945
0.999972
0.999987
0.999993
0.999995
0.999995
0.999995
0.999996
0.999998
0.999999
1
1
1
1
1
1
1
0.999999
0.999999
0.999998
0.999998
0.999998
0.999999
0.999999
1
1
1
1
1
1
1
1
0.999997
0.999986
0.999964
0.999949
0.999945
0.999947
0.99996
0.999977
0.999987
0.999994
0.999997
0.999638
0.999531
0.999593
0.999752
0.999853
0.999885
0.999899
0.999907
0.999912
0.999919
0.999921
0.999922
0.999923
0.999923
0.999924
0.999926
0.999927
0.999928
0.999926
0.999925
0.999924
0.999923
0.999923
0.999923
0.999926
0.999929
0.999934
0.999936
0.99994
0.999942
0.999944
0.999946
0.999946
0.999938
0.999921
0.9999
0.999884
0.999875
0.999871
0.99987
0.999884
0.9999
0.999908
0.999912
0.999916
0.999922
0.99993
0.999938
0.999941
0.999939
0.999931
0.999918
0.99991
0.999906
0.999902
0.999897
0.999893
0.999892
0.999892
0.999894
0.999906
0.99994
0.999967
0.999984
0.999992
0.999997
0.999999
0.999999
0.999999
0.999999
0.999999
0.999998
0.999991
0.999968
0.999951
0.999946
0.999945
0.999947
0.999953
0.999957
0.999959
0.99996
0.999962
0.999963
0.999966
0.999967
0.999967
0.999966
0.999965
0.99996
0.999955
0.99995
0.999947
0.999948
0.999949
0.999949
0.999944
0.99993
0.999917
0.999909
0.999905
0.999904
0.999904
0.999904
0.999905
0.999909
0.99992
0.999932
0.999937
0.999939
0.999939
0.999938
0.999935
0.999933
0.999932
0.999931
0.999932
0.999932
0.999932
0.999932
0.99993
0.999927
0.999923
0.99992
0.999916
0.999914
0.999913
0.999913
0.999914
0.999913
0.999911
0.999904
0.999896
0.999892
0.999892
0.999894
0.999906
0.999943
0.999971
0.999987
0.999994
0.999996
0.999997
0.999997
0.999997
0.999998
0.999999
1
1
1
1
1
1
1
1
0.999999
0.999999
0.999999
0.999999
0.999999
1
1
1
1
1
1
1
1
1
0.999999
0.999995
0.999984
0.999975
0.999971
0.999971
0.999976
0.999985
0.999992
0.999996
0.999998
0.999655
0.99955
0.999585
0.999681
0.999776
0.999826
0.999849
0.99987
0.999881
0.999896
0.999903
0.999912
0.999918
0.99992
0.999922
0.999925
0.999929
0.999934
0.999931
0.999929
0.999928
0.999928
0.999929
0.999929
0.999931
0.999932
0.999937
0.999938
0.999941
0.999942
0.999944
0.999945
0.999942
0.999931
0.999912
0.999894
0.999882
0.999876
0.999872
0.999877
0.999895
0.999907
0.999913
0.999918
0.999924
0.999933
0.999942
0.999946
0.999947
0.999946
0.999942
0.999929
0.999915
0.999908
0.999904
0.999899
0.999895
0.999894
0.999894
0.999895
0.999906
0.999938
0.999966
0.999983
0.999992
0.999996
0.999998
0.999999
1
1
1
0.999999
0.999998
0.999991
0.999967
0.999951
0.999946
0.999945
0.999947
0.999953
0.999958
0.99996
0.999962
0.999964
0.999966
0.999968
0.999969
0.999969
0.999969
0.999967
0.999963
0.999958
0.999954
0.999953
0.999951
0.999949
0.99994
0.999927
0.999917
0.99991
0.999906
0.999905
0.999905
0.999906
0.999907
0.999912
0.999926
0.999934
0.999938
0.999939
0.999939
0.999938
0.999936
0.999935
0.999936
0.999938
0.999941
0.999944
0.999946
0.999946
0.999945
0.999941
0.999937
0.999932
0.999925
0.999918
0.999914
0.999912
0.999911
0.99991
0.999908
0.999902
0.999895
0.999891
0.999891
0.999892
0.999905
0.999943
0.999971
0.999987
0.999994
0.999997
0.999998
0.999998
0.999998
0.999999
0.999999
1
1
1
1
1
1
1
1
1
1
1
1
1
1
1
1
1
1
1
1
1
1
1
0.999999
0.999994
0.999989
0.999987
0.999987
0.999988
0.999992
0.999996
0.999998
0.999999
0.999726
0.999608
0.999608
0.999666
0.999732
0.999781
0.999828
0.999859
0.999879
0.99989
0.999893
0.999894
0.9999
0.99991
0.999913
0.999913
0.999918
0.999936
0.999947
0.999935
0.99993
0.99993
0.999931
0.999932
0.999934
0.999934
0.999938
0.999939
0.999941
0.999942
0.999944
0.999943
0.999939
0.999925
0.999906
0.999891
0.999882
0.999876
0.999875
0.999885
0.999902
0.999912
0.999918
0.999923
0.999931
0.99994
0.999946
0.999948
0.999948
0.999947
0.999944
0.999934
0.999918
0.99991
0.999905
0.999901
0.999897
0.999895
0.999895
0.999897
0.999907
0.999938
0.999966
0.999983
0.999992
0.999996
0.999998
0.999999
1
1
1
1
0.999999
0.999997
0.999989
0.999965
0.99995
0.999946
0.999945
0.999947
0.999953
0.999959
0.999961
0.999964
0.999966
0.999968
0.99997
0.99997
0.99997
0.99997
0.999968
0.999962
0.999958
0.999955
0.999953
0.999948
0.999936
0.999925
0.999917
0.999911
0.999907
0.999907
0.999907
0.999907
0.99991
0.999918
0.99993
0.999937
0.999939
0.99994
0.999939
0.999938
0.999939
0.999941
0.999944
0.99995
0.999957
0.999963
0.999967
0.999968
0.999967
0.999965
0.99996
0.999954
0.999945
0.999933
0.999923
0.999916
0.999913
0.999911
0.999908
0.999902
0.999895
0.999891
0.999891
0.999892
0.999905
0.999943
0.999972
0.999988
0.999995
0.999997
0.999998
0.999999
0.999999
0.999999
1
1
1
1
1
1
1
1
1
1
1
1
1
1
1
1
1
1
1
1
1
1
1
1
1
0.999998
0.999996
0.999995
0.999995
0.999995
0.999996
0.999998
0.999999
0.999999
0.999816
0.999775
0.999748
0.999752
0.999786
0.999846
0.999891
0.999922
0.999947
0.999964
0.999965
0.999941
0.999904
0.999892
0.999893
0.999883
0.999879
0.999909
0.999963
0.99996
0.999935
0.999931
0.999931
0.999932
0.999935
0.999935
0.999938
0.99994
0.999941
0.999942
0.999943
0.999941
0.999935
0.999921
0.999903
0.999891
0.999883
0.999877
0.999879
0.999891
0.999906
0.999915
0.999921
0.999928
0.999936
0.999943
0.999947
0.999948
0.999948
0.999948
0.999945
0.999935
0.999919
0.99991
0.999906
0.999902
0.999899
0.999897
0.999897
0.9999
0.999911
0.999943
0.999969
0.999984
0.999993
0.999997
0.999999
0.999999
1
1
1
1
1
0.999999
0.999997
0.999987
0.999962
0.99995
0.999946
0.999945
0.999947
0.999954
0.99996
0.999963
0.999966
0.999968
0.99997
0.99997
0.99997
0.99997
0.999969
0.999965
0.99996
0.999957
0.999953
0.999944
0.999934
0.999924
0.999917
0.999911
0.999909
0.999908
0.999908
0.999909
0.999913
0.999924
0.999934
0.999939
0.99994
0.999941
0.999941
0.999942
0.999944
0.99995
0.999959
0.999969
0.999978
0.999984
0.999988
0.99999
0.999989
0.999989
0.999987
0.999983
0.999975
0.999961
0.999944
0.999931
0.999923
0.999918
0.999912
0.999904
0.999896
0.999892
0.999891
0.999893
0.999906
0.999944
0.999973
0.999988
0.999995
0.999998
0.999999
0.999999
0.999999
0.999999
1
1
1
1
1
1
1
1
1
1
1
1
1
1
1
1
1
1
1
1
1
1
1
1
1
1
0.999999
0.999998
0.999998
0.999998
0.999999
0.999999
0.999999
1
0.999831
0.99982
0.999812
0.999812
0.999823
0.99985
0.999876
0.999908
0.999944
0.999974
0.99999
0.999995
0.999992
0.999943
0.99988
0.999865
0.999871
0.999902
0.999963
0.999984
0.999959
0.999932
0.999931
0.999932
0.999934
0.999935
0.999938
0.999939
0.999941
0.999942
0.999942
0.99994
0.999933
0.999917
0.999903
0.999891
0.999883
0.999879
0.999882
0.999894
0.999909
0.999917
0.999924
0.999931
0.999939
0.999944
0.999947
0.999948
0.999948
0.999947
0.999944
0.999934
0.999918
0.99991
0.999906
0.999903
0.9999
0.999899
0.9999
0.999902
0.999916
0.999947
0.999972
0.999986
0.999993
0.999997
0.999999
0.999999
1
1
1
1
1
1
0.999999
0.999996
0.999984
0.99996
0.999949
0.999945
0.999945
0.999947
0.999954
0.999961
0.999964
0.999967
0.999969
0.99997
0.99997
0.99997
0.999969
0.999965
0.99996
0.999957
0.99995
0.999941
0.999931
0.999924
0.999917
0.999913
0.99991
0.99991
0.99991
0.999912
0.999918
0.99993
0.999937
0.99994
0.999941
0.999942
0.999944
0.999948
0.999955
0.999966
0.999979
0.999988
0.999992
0.999995
0.999996
0.999997
0.999997
0.999997
0.999996
0.999995
0.999993
0.999989
0.999976
0.999958
0.999944
0.999933
0.999922
0.99991
0.9999
0.999894
0.999893
0.999895
0.999909
0.999948
0.999975
0.99999
0.999996
0.999998
0.999999
0.999999
0.999999
1
1
1
1
1
1
1
1
1
1
1
1
1
1
1
1
1
1
1
1
1
1
1
1
1
1
1
1
1
0.999999
0.999999
1
1
1
1
0.999991
0.99998
0.999968
0.999961
0.999946
0.999939
0.999942
0.999956
0.999977
0.999989
0.999995
0.999998
0.999999
0.999997
0.999956
0.999913
0.99992
0.999959
0.999986
0.999994
0.999985
0.99994
0.999931
0.999932
0.999934
0.999935
0.999937
0.999939
0.999941
0.999942
0.999941
0.999939
0.999931
0.999916
0.999903
0.999892
0.999884
0.999882
0.999884
0.999896
0.99991
0.999919
0.999926
0.999933
0.999939
0.999944
0.999947
0.999947
0.999947
0.999946
0.999942
0.999931
0.999916
0.999909
0.999906
0.999903
0.999901
0.999901
0.999902
0.999906
0.999923
0.999954
0.999976
0.999988
0.999995
0.999998
0.999999
1
1
1
1
1
1
1
1
0.999999
0.999995
0.999981
0.999958
0.999948
0.999945
0.999945
0.999947
0.999954
0.999961
0.999966
0.999969
0.99997
0.99997
0.99997
0.999969
0.999965
0.999959
0.999954
0.999946
0.999938
0.99993
0.999924
0.999918
0.999914
0.999912
0.999912
0.999913
0.999915
0.999925
0.999935
0.99994
0.999942
0.999943
0.999946
0.999951
0.999959
0.999973
0.999986
0.999992
0.999995
0.999997
0.999998
0.999999
0.999999
0.999999
0.999999
0.999999
0.999999
0.999998
0.999997
0.999995
0.999988
0.999975
0.999958
0.999939
0.999921
0.999907
0.9999
0.999898
0.9999
0.999915
0.999953
0.999978
0.999991
0.999996
0.999998
0.999999
0.999999
0.999999
1
1
1
1
1
1
1
1
1
1
1
1
1
1
1
1
1
1
1
1
1
1
1
1
1
1
1
1
1
1
1
1
1
1
1
1
1
0.999999
0.999998
0.999997
0.999997
0.999998
0.999999
0.999999
1
1
1
1
1
0.999999
0.999994
0.999994
0.999996
0.999998
0.999999
0.999996
0.999958
0.99993
0.999929
0.999933
0.999935
0.999937
0.999939
0.99994
0.999941
0.99994
0.999938
0.99993
0.999916
0.999904
0.999893
0.999886
0.999884
0.999886
0.999897
0.99991
0.999919
0.999926
0.999933
0.999939
0.999944
0.999946
0.999946
0.999945
0.999943
0.999939
0.999926
0.999913
0.999908
0.999906
0.999904
0.999903
0.999903
0.999905
0.999911
0.999933
0.999962
0.999981
0.999991
0.999996
0.999998
0.999999
1
1
1
1
1
1
1
1
1
0.999999
0.999994
0.999979
0.999957
0.999948
0.999945
0.999945
0.999947
0.999952
0.999962
0.999967
0.999969
0.99997
0.99997
0.999969
0.999965
0.999958
0.999952
0.999944
0.999937
0.99993
0.999925
0.999919
0.999915
0.999914
0.999915
0.999916
0.999921
0.999932
0.999939
0.999942
0.999944
0.999947
0.999954
0.999964
0.99998
0.99999
0.999995
0.999997
0.999998
0.999999
0.999999
1
1
1
1
1
1
1
0.999999
0.999999
0.999998
0.999995
0.999987
0.999966
0.999941
0.999921
0.999911
0.999908
0.99991
0.999926
0.999961
0.999982
0.999993
0.999997
0.999999
0.999999
0.999999
1
1
1
1
1
1
1
1
1
1
1
1
1
1
1
1
1
1
1
1
1
1
1
1
1
1
1
1
1
1
1
1
1
1
1
1
1
1
1
1
1
1
1
1
1
1
1
1
1
1
1
1
1
1
1
1
0.999999
0.999994
0.999972
0.999942
0.999934
0.999934
0.999936
0.999938
0.999939
0.99994
0.99994
0.999937
0.99993
0.999917
0.999906
0.999896
0.999889
0.999887
0.999888
0.999896
0.999909
0.999918
0.999925
0.999932
0.999937
0.999942
0.999943
0.999943
0.999942
0.99994
0.999934
0.99992
0.999911
0.999908
0.999906
0.999905
0.999905
0.999906
0.999908
0.999918
0.999945
0.999971
0.999986
0.999994
0.999997
0.999999
0.999999
1
1
1
1
1
1
1
1
1
1
0.999998
0.999994
0.999978
0.999957
0.999948
0.999945
0.999945
0.999946
0.99995
0.99996
0.999966
0.999968
0.999968
0.999967
0.999964
0.999958
0.999951
0.999944
0.999937
0.999931
0.999925
0.99992
0.999917
0.999917
0.999918
0.99992
0.99993
0.999938
0.999941
0.999944
0.999948
0.999956
0.999968
0.999984
0.999992
0.999996
0.999998
0.999999
0.999999
1
1
1
1
1
1
1
1
1
1
1
0.999999
0.999999
0.999997
0.99999
0.999968
0.999942
0.999928
0.999924
0.999925
0.999942
0.999971
0.999987
0.999995
0.999998
0.999999
0.999999
1
1
1
1
1
1
1
1
1
1
1
1
1
1
1
1
1
1
1
1
1
1
1
1
1
1
1
1
1
1
1
1
1
1
1
1
1
1
1
1
1
1
1
1
1
1
1
1
1
1
1
1
1
1
1
1
1
1
0.999999
0.999995
0.999979
0.999946
0.999936
0.999935
0.999936
0.999938
0.999939
0.999939
0.999937
0.99993
0.999918
0.999908
0.999898
0.999891
0.99989
0.99989
0.999895
0.999907
0.999916
0.999924
0.999929
0.999934
0.999938
0.999939
0.999939
0.999938
0.999935
0.999925
0.999914
0.999909
0.999908
0.999907
0.999907
0.999908
0.999909
0.999914
0.99993
0.99996
0.999979
0.99999
0.999995
0.999998
0.999999
1
1
1
1
1
1
1
1
1
1
1
1
0.999998
0.999994
0.999979
0.999959
0.999949
0.999945
0.999945
0.999945
0.999948
0.999955
0.999961
0.999963
0.999963
0.999962
0.999958
0.999951
0.999943
0.999937
0.999931
0.999926
0.999921
0.99992
0.99992
0.999922
0.999929
0.999937
0.999941
0.999944
0.999948
0.999957
0.999973
0.999987
0.999994
0.999997
0.999999
0.999999
1
1
1
1
1
1
1
1
1
1
1
1
1
1
1
0.999999
0.999997
0.99999
0.999967
0.999951
0.999946
0.999947
0.999961
0.999981
0.999992
0.999997
0.999999
0.999999
1
1
1
1
1
1
1
1
1
1
1
1
1
1
1
1
1
1
1
1
1
1
1
1
1
1
1
1
1
1
1
1
1
1
1
1
1
1
1
1
1
1
1
1
1
1
1
1
1
1
1
1
1
1
1
1
1
1
1
1
0.999999
0.999995
0.999975
0.999945
0.999936
0.999935
0.999936
0.999938
0.999938
0.999937
0.999932
0.999921
0.999911
0.999901
0.999894
0.999892
0.999892
0.999895
0.999903
0.999913
0.999921
0.999926
0.999931
0.999934
0.999935
0.999935
0.999933
0.999927
0.999916
0.99991
0.999908
0.999908
0.999908
0.999909
0.999911
0.999914
0.999923
0.999948
0.999973
0.999988
0.999995
0.999998
0.999999
1
1
1
1
1
1
1
1
1
1
1
1
1
1
0.999998
0.999994
0.999983
0.999961
0.99995
0.999946
0.999945
0.999945
0.999946
0.999949
0.999952
0.999952
0.999953
0.999952
0.999949
0.999941
0.999936
0.999931
0.999926
0.999924
0.999924
0.999925
0.999929
0.999938
0.999942
0.999944
0.999949
0.999958
0.999976
0.999989
0.999995
0.999998
0.999999
1
1
1
1
1
1
1
1
1
1
1
1
1
1
1
1
1
1
0.999999
0.999997
0.999986
0.999975
0.999972
0.999973
0.999981
0.999991
0.999996
0.999998
0.999999
1
1
1
1
1
1
1
1
1
1
1
1
1
1
1
1
1
1
1
1
1
1
1
1
1
1
1
1
1
1
1
1
1
1
1
1
1
1
1
1
1
1
1
1
1
1
1
1
1
1
1
1
1
1
1
1
1
1
1
1
1
1
0.999999
0.999994
0.999971
0.999944
0.999937
0.999936
0.999936
0.999937
0.999936
0.999934
0.999924
0.999915
0.999907
0.9999
0.999896
0.999896
0.999896
0.999899
0.999907
0.999915
0.999921
0.999926
0.999928
0.999928
0.999927
0.999923
0.999915
0.99991
0.999909
0.999909
0.999909
0.999911
0.999912
0.999915
0.999922
0.999941
0.999968
0.999985
0.999993
0.999997
0.999999
0.999999
1
1
1
1
1
1
1
1
1
1
1
1
1
1
1
0.999999
0.999995
0.999987
0.999966
0.999953
0.999947
0.999945
0.999944
0.999944
0.999944
0.999945
0.999945
0.999944
0.999942
0.999939
0.999935
0.99993
0.999928
0.999928
0.999929
0.999932
0.999939
0.999943
0.999945
0.999951
0.999961
0.99998
0.999991
0.999996
0.999998
0.999999
1
1
1
1
1
1
1
1
1
1
1
1
1
1
1
1
1
1
1
1
0.999999
0.999994
0.99999
0.999989
0.999989
0.999992
0.999996
0.999998
0.999999
1
1
1
1
1
1
1
1
1
1
1
1
1
1
1
1
1
1
1
1
1
1
1
1
1
1
1
1
1
1
1
1
1
1
1
1
1
1
1
1
1
1
1
1
1
1
1
1
1
1
1
1
1
1
1
1
1
1
1
1
1
1
1
1
0.999999
0.999993
0.99997
0.999945
0.999938
0.999936
0.999936
0.999936
0.999935
0.999931
0.99992
0.999911
0.999904
0.9999
0.999899
0.999899
0.9999
0.999903
0.999908
0.999912
0.999917
0.999918
0.999917
0.999916
0.999912
0.99991
0.999909
0.999909
0.99991
0.999913
0.999914
0.999917
0.999924
0.999938
0.999966
0.999984
0.999992
0.999997
0.999998
0.999999
1
1
1
1
1
1
1
1
1
1
1
1
1
1
1
1
1
0.999999
0.999997
0.999991
0.999976
0.999959
0.99995
0.999946
0.999944
0.999943
0.999942
0.999942
0.999941
0.99994
0.999937
0.999934
0.999933
0.999933
0.999933
0.999936
0.999941
0.999944
0.999947
0.999953
0.999966
0.999984
0.999993
0.999997
0.999999
0.999999
1
1
1
1
1
1
1
1
1
1
1
1
1
1
1
1
1
1
1
1
1
0.999999
0.999998
0.999996
0.999995
0.999995
0.999996
0.999998
0.999999
1
1
1
1
1
1
1
1
1
1
1
1
1
1
1
1
1
1
1
1
1
1
1
1
1
1
1
1
1
1
1
1
1
1
1
1
1
1
1
1
1
1
1
1
1
1
1
1
1
1
1
1
1
1
1
1
1
1
1
1
1
1
1
1
1
1
0.999998
0.999993
0.999973
0.999948
0.999939
0.999936
0.999935
0.999935
0.999933
0.999929
0.99992
0.99991
0.999905
0.999902
0.999902
0.999902
0.999903
0.999905
0.999907
0.99991
0.99991
0.99991
0.999909
0.999909
0.999909
0.99991
0.999912
0.999915
0.999917
0.99992
0.999927
0.999939
0.999967
0.999984
0.999992
0.999996
0.999998
0.999999
1
1
1
1
1
1
1
1
1
1
1
1
1
1
1
1
1
1
1
0.999999
0.999998
0.999994
0.999986
0.999969
0.999956
0.99995
0.999946
0.999943
0.999942
0.999941
0.99994
0.999937
0.999936
0.999936
0.999937
0.999939
0.999942
0.999946
0.999951
0.999958
0.999975
0.999988
0.999995
0.999998
0.999999
1
1
1
1
1
1
1
1
1
1
1
1
1
1
1
1
1
1
1
1
1
1
1
1
0.999999
0.999998
0.999998
0.999998
0.999998
0.999999
1
1
1
1
1
1
1
1
1
1
1
1
1
1
1
1
1
1
1
1
1
1
1
1
1
1
1
1
1
1
1
1
1
1
1
1
1
1
1
1
1
1
1
1
1
1
1
1
1
1
1
1
1
1
1
1
1
1
1
1
1
1
1
1
1
1
1
1
0.999998
0.999994
0.999981
0.999955
0.999942
0.999937
0.999936
0.999934
0.999932
0.999928
0.999923
0.999915
0.99991
0.999907
0.999905
0.999905
0.999905
0.999907
0.999908
0.999908
0.999909
0.999909
0.99991
0.999912
0.999915
0.999918
0.99992
0.999924
0.999931
0.999946
0.999971
0.999986
0.999993
0.999997
0.999998
0.999999
1
1
1
1
1
1
1
1
1
1
1
1
1
1
1
1
1
1
1
1
1
1
0.999999
0.999997
0.999993
0.999983
0.999972
0.99996
0.999953
0.999948
0.999946
0.999943
0.999942
0.999942
0.999943
0.999945
0.999948
0.999953
0.999959
0.999972
0.999985
0.999992
0.999997
0.999999
0.999999
1
1
1
1
1
1
1
1
1
1
1
1
1
1
1
1
1
1
1
1
1
1
1
1
1
1
0.999999
0.999999
0.999999
0.999999
1
1
1
1
1
1
1
1
1
1
1
1
1
1
1
1
1
1
1
1
1
1
1
1
1
1
1
1
1
1
1
1
1
1
1
1
1
1
1
1
1
1
1
1
1
1
1
1
1
1
1
1
1
1
1
1
1
1
1
1
1
1
1
1
1
1
1
1
1
1
0.999999
0.999996
0.999988
0.99997
0.99995
0.999941
0.999937
0.999935
0.999931
0.999928
0.999924
0.99992
0.999917
0.999914
0.999912
0.999911
0.99991
0.999911
0.999911
0.999912
0.999914
0.999917
0.99992
0.999922
0.999924
0.99993
0.999938
0.999957
0.999978
0.999989
0.999995
0.999997
0.999999
0.999999
1
1
1
1
1
1
1
1
1
1
1
1
1
1
1
1
1
1
1
1
1
1
1
1
0.999999
0.999998
0.999997
0.999992
0.999987
0.999979
0.999972
0.999967
0.999962
0.999962
0.999962
0.999963
0.999966
0.999971
0.999979
0.999987
0.999993
0.999996
0.999998
0.999999
1
1
1
1
1
1
1
1
1
1
1
1
1
1
1
1
1
1
1
1
1
1
1
1
1
1
1
1
1
0.999999
0.999999
1
1
1
1
1
1
1
1
1
1
1
1
1
1
1
1
1
1
1
1
1
1
1
1
1
1
1
1
1
1
1
1
1
1
1
1
1
1
1
1
1
1
1
1
1
1
1
1
1
1
1
1
1
1
1
1
1
1
1
1
1
1
1
1
1
1
1
1
1
1
1
1
0.999999
0.999997
0.999993
0.999983
0.999968
0.999952
0.999943
0.999938
0.999934
0.999931
0.999927
0.999924
0.999922
0.99992
0.999919
0.999918
0.999918
0.999919
0.99992
0.999922
0.999923
0.999927
0.999932
0.999939
0.999954
0.999973
0.999986
0.999993
0.999996
0.999998
0.999999
1
1
1
1
1
1
1
1
1
1
1
1
1
1
1
1
1
1
1
1
1
1
1
1
1
1
1
1
0.999999
0.999998
0.999997
0.999994
0.999992
0.999989
0.999987
0.999986
0.999986
0.999987
0.999989
0.999992
0.999995
0.999997
0.999998
0.999999
1
1
1
1
1
1
1
1
1
1
1
1
1
1
1
1
1
1
1
1
1
1
1
1
1
1
1
1
1
1
1
1
1
1
1
1
1
1
1
1
1
1
1
1
1
1
1
1
1
1
1
1
1
1
1
1
1
1
1
1
1
1
1
1
1
1
1
1
1
1
1
1
1
1
1
1
1
1
1
1
1
1
1
1
1
1
1
1
1
1
1
1
1
1
1
1
1
1
1
1
1
1
1
1
1
1
1
0.999999
0.999996
0.999991
0.999984
0.999972
0.99996
0.999951
0.999944
0.999938
0.999934
0.999931
0.999929
0.999928
0.999927
0.999928
0.999928
0.99993
0.999933
0.999939
0.999946
0.99996
0.999975
0.999986
0.999992
0.999996
0.999998
0.999999
0.999999
1
1
1
1
1
1
1
1
1
1
1
1
1
1
1
1
1
1
1
1
1
1
1
1
1
1
1
1
1
1
1
1
0.999999
0.999998
0.999998
0.999997
0.999997
0.999997
0.999997
0.999998
0.999999
0.999999
1
1
1
1
1
1
1
1
1
1
1
1
1
1
1
1
1
1
1
1
1
1
1
1
1
1
1
1
1
1
1
1
1
1
1
1
1
1
1
1
1
1
1
1
1
1
1
1
1
1
1
1
1
1
1
1
1
1
1
1
1
1
1
1
1
1
1
1
1
1
1
1
1
1
1
1
1
1
1
1
1
1
1
1
1
1
1
1
1
1
1
1
1
1
1
1
1
1
1
1
1
1
1
1
1
1
1
1
1
1
1
0.999999
0.999998
0.999997
0.999993
0.999988
0.999982
0.999976
0.99997
0.999964
0.999959
0.999956
0.999954
0.999954
0.999955
0.999957
0.999961
0.999968
0.999976
0.999983
0.999989
0.999993
0.999996
0.999998
0.999999
0.999999
1
1
1
1
1
1
1
1
1
1
1
1
1
1
1
1
1
1
1
1
1
1
1
1
1
1
1
1
1
1
1
1
1
1
1
1
1
0.999999
0.999999
1
1
1
1
1
1
1
1
1
1
1
1
1
1
1
1
1
1
1
1
1
1
1
1
1
1
1
1
1
1
1
1
1
1
1
1
1
1
1
1
1
1
1
1
1
1
1
1
1
1
1
1
1
1
1
1
1
1
1
1
1
1
1
1
1
1
1
1
1
1
1
1
1
1
1
1
1
1
1
1
1
1
1
1
1
1
1
1
1
1
1
1
1
1
1
1
1
1
1
1
1
1
1
1
1
1
1
1
1
1
1
1
1
1
1
1
1
1
1
0.999999
0.999998
0.999996
0.999994
0.999992
0.99999
0.999988
0.999986
0.999986
0.999986
0.999987
0.999988
0.99999
0.999993
0.999995
0.999996
0.999998
0.999999
0.999999
1
1
1
1
1
1
1
1
1
1
1
1
1
1
1
1
1
1
1
1
1
1
1
1
1
1
1
1
1
1
1
1
1
1
1
1
1
1
1
1
1
1
1
1
1
1
1
1
1
1
1
1
1
1
1
1
1
1
1
1
1
1
1
1
1
1
1
1
1
1
1
1
1
1
1
1
1
1
1
1
1
1
1
1
1
1
1
1
1
1
1
1
1
1
1
1
1
1
1
1
1
1
1
1
1
1
1
1
1
1
1
1
1
1
1
1
1
1
1
1
1
1
1
1
1
1
1
1
1
1
1
1
1
1
1
1
1
1
1
1
1
1
1
1
1
1
1
1
1
1
1
1
1
1
1
1
1
1
1
1
1
1
1
1
0.999999
0.999999
0.999998
0.999998
0.999998
0.999998
0.999998
0.999998
0.999998
0.999999
0.999999
0.999999
1
1
1
1
1
1
1
1
1
1
1
1
1
1
1
1
1
1
1
1
1
1
1
1
1
1
1
1
1
1
1
1
1
1
1
1
1
1
1
1
1
1
1
1
1
1
1
1
1
1
1
1
1
1
1
1
1
1
1
1
1
1
1
1
1
1
1
1
1
1
1
1
1
1
1
1
1
1
1
1
1
1
1
1
1
1
1
1
1
1
1
1
1
1
1
1
1
1
1
1
1
1
1
1
1
1
1
1
1
1
1
1
1
1
1
1
1
1
1
1
1
1
1
1
1
1
1
1
1
1
1
1
1
1
1
1
1
1
1
1
1
1
1
1
1
1
1
1
1
1
1
1
1
1
1
1
1
1
1
1
1
1
1
1
1
1
1
1
1
1
1
1
1
1
1
1
1
1
1
1
1
1
1
1
1
1
1
1
1
1
1
1
1
1
1
1
1
1
1
1
1
1
1
1
1
1
1
1
1
1
1
1
1
1
1
1
1
1
1
1
1
1
1
1
1
1
1
1
1
1
1
1
1
1
1
1
1
1
1
1
1
1
1
1
1
1
1
1
1
1
0.999999
0.999999
0.999999
1
1
1
1
1
1
1
1
1
1
1
1
1
1
1
1
1
1
1
1
1
1
1
1
1
1
1
1
1
1
1
1
1
1
1
1
1
1
1
1
1
0.999999
0.999999
0.999999
0.999999
0.999999
1
1
1
1
1
1
1
1
1
1
1
1
1
1
1
1
1
1
1
1
1
1
1
1
1
1
1
1
1
1
1
1
1
1
1
1
1
1
1
1
1
1
1
1
1
1
1
1
1
1
1
1
1
1
1
1
1
1
1
1
1
1
1
1
1
1
1
1
1
1
1
1
1
1
1
1
1
1
1
1
1
1
1
1
1
1
1
1
1
1
1
1
1
1
1
1
1
1
1
1
1
1
1
1
1
1
1
1
1
1
1
1
1
1
1
1
1
1
1
1
1
1
1
1
1
1
1
1
1
0.999999
0.999999
0.999999
0.999999
1
1
1
1
1
1
1
1
1
1
1
1
1
1
1
1
1
1
1
1
1
1
1
1
1
1
1
1
1
1
1
1
1
1
1
1
1
1
1
1
1
0.999999
0.999997
0.999996
0.999997
0.999997
0.999998
0.999999
1
1
1
1
1
1
1
1
1
1
1
1
1
1
1
1
1
1
1
1
1
1
1
1
1
1
1
1
1
1
1
1
1
1
1
1
1
1
1
1
1
1
1
1
1
1
1
1
1
1
1
1
1
1
1
1
1
1
1
1
1
1
1
1
1
1
1
1
1
1
1
1
1
1
1
1
1
1
1
1
1
1
1
1
1
1
1
1
1
1
1
1
1
1
1
1
1
1
1
1
1
1
1
1
1
1
1
1
1
1
1
1
1
1
1
1
1
1
1
1
1
1
1
1
1
1
1
0.999999
0.999999
0.999998
0.999999
0.999999
1
1
1
1
1
1
1
1
1
1
1
1
1
1
1
1
1
1
1
1
1
1
1
1
1
1
1
1
1
1
1
1
1
1
1
1
1
1
1
1
0.999999
0.999996
0.999991
0.999991
0.999991
0.999994
0.999996
0.999998
0.999999
1
1
1
1
1
1
1
1
1
1
1
1
1
1
1
1
1
1
1
1
1
1
1
1
1
1
1
1
1
1
1
1
1
1
1
1
1
1
1
1
1
1
1
1
1
1
1
1
1
1
1
1
1
1
1
1
1
1
1
1
1
1
1
1
1
1
1
1
1
1
1
1
1
1
1
1
1
1
1
1
1
1
1
1
1
1
1
1
1
1
1
1
1
1
1
1
1
1
1
1
1
1
1
1
1
1
1
1
1
1
1
1
1
1
1
1
1
1
1
1
1
1
1
1
1
1
0.999998
0.999997
0.999998
0.999999
1
1
1
1
1
1
1
1
1
1
1
1
1
1
1
1
1
1
1
1
1
1
1
1
1
1
1
1
1
1
1
1
1
1
1
1
1
1
1
1
0.999998
0.999994
0.999987
0.999984
0.999984
0.999984
0.999987
0.999992
0.999996
0.999998
0.999999
0.999999
1
1
1
1
1
1
1
1
1
1
1
1
1
1
1
1
1
1
1
1
1
1
1
1
1
1
1
1
1
1
1
1
1
1
1
1
1
1
1
1
1
1
1
1
1
1
1
1
1
1
1
1
1
1
1
1
1
1
1
1
1
1
1
1
1
1
1
1
1
1
1
1
1
1
1
1
1
1
1
1
1
1
1
1
1
1
1
1
1
1
1
1
1
1
1
1
1
1
1
1
1
1
1
1
1
1
1
1
1
1
1
1
1
1
1
1
1
1
1
1
1
1
1
0.999998
0.999995
0.999995
0.999997
0.999999
1
1
1
1
1
1
1
1
1
1
1
1
1
1
1
1
1
1
1
1
1
1
1
1
1
1
1
1
1
1
1
1
1
1
1
1
1
1
1
0.999999
0.999993
0.999985
0.999982
0.999981
0.999981
0.999982
0.999984
0.999989
0.999994
0.999996
0.999998
0.999999
0.999999
1
1
1
1
1
1
1
1
1
1
1
1
1
1
1
1
1
1
1
1
1
1
1
1
1
1
1
1
1
1
1
1
1
1
1
1
1
1
1
1
1
1
1
1
1
1
1
1
1
1
1
1
1
1
1
1
1
1
1
1
1
1
1
1
1
1
1
1
1
1
1
1
1
1
1
1
1
1
1
1
1
1
1
1
1
1
1
1
1
1
1
1
1
1
1
1
1
1
1
1
1
1
1
1
1
1
1
1
1
1
1
1
1
1
1
1
1
1
1
1
1
0.999999
0.999994
0.999992
0.999993
0.999997
1
1
1
1
1
1
1
1
1
1
1
1
1
1
1
1
1
1
1
0.999999
0.999999
0.999999
0.999999
0.999999
1
1
1
1
1
1
1
1
1
1
1
1
1
1
1
0.999999
0.999995
0.999984
0.999981
0.999981
0.999981
0.999981
0.999981
0.999983
0.999987
0.999992
0.999995
0.999997
0.999998
0.999999
0.999999
1
1
1
1
1
1
1
1
1
1
1
1
1
1
1
1
1
1
1
1
1
1
1
1
1
1
1
1
1
1
1
1
1
1
1
1
1
1
1
1
1
1
1
1
1
1
1
1
1
1
1
1
1
1
1
1
1
1
1
1
1
1
1
1
1
1
1
1
1
1
1
1
1
1
1
1
1
1
1
1
1
1
1
1
1
1
1
1
1
1
1
1
1
1
1
1
1
1
1
1
1
1
1
1
1
1
1
1
1
1
1
1
1
1
1
1
1
1
1
1
0.999996
0.999988
0.999988
0.999991
0.999998
1
1
1
1
1
1
1
1
1
1
1
1
1
1
1
0.999999
0.999998
0.999997
0.999997
0.999996
0.999996
0.999997
0.999997
0.999998
0.999999
0.999999
1
1
1
1
1
1
1
1
1
1
1
1
1
0.999998
0.999988
0.999981
0.99998
0.999981
0.999981
0.999981
0.999981
0.999983
0.999987
0.999992
0.999995
0.999997
0.999998
0.999998
0.999999
0.999999
0.999999
1
1
1
0.999999
1
1
1
1
1
1
1
1
1
1
1
1
1
1
1
1
1
1
1
1
1
1
1
1
1
1
1
1
1
1
1
1
1
1
1
1
1
1
1
1
1
1
1
1
1
1
1
1
1
1
1
1
1
1
1
1
1
1
1
1
1
1
1
1
1
1
1
1
1
1
1
1
1
1
1
1
1
1
1
1
1
1
1
1
1
1
1
1
1
1
1
1
1
1
1
1
1
1
1
1
1
1
1
1
1
1
1
1
1
1
1
1
1
0.999999
0.99999
0.999982
0.999984
0.99999
0.999998
1
1
1
1
1
1
1
1
1
1
1
1
1
0.999999
0.999996
0.999996
0.999996
0.999996
0.999995
0.999995
0.999995
0.999995
0.999996
0.999997
0.999998
0.999999
0.999999
1
1
1
1
1
1
1
1
1
1
0.999999
0.999998
0.999994
0.999983
0.999979
0.999981
0.999982
0.999982
0.999981
0.999981
0.999983
0.999988
0.999992
0.999995
0.999996
0.999997
0.999998
0.999999
0.999999
0.999999
0.999999
0.999999
0.999999
0.999997
1
1
1
1
1
1
1
1
1
1
1
1
1
1
1
1
1
1
1
1
1
1
1
1
1
1
1
1
1
1
1
1
1
1
1
1
1
1
1
1
1
1
1
1
1
1
1
1
1
1
1
1
1
1
1
1
1
1
1
1
1
1
1
1
1
1
1
1
1
1
1
1
1
1
1
1
1
1
1
1
1
1
1
1
1
1
1
1
1
1
1
1
1
1
1
1
1
1
1
1
1
1
1
1
1
1
1
1
1
1
1
1
1
0.999998
0.999982
0.999977
0.999978
0.999988
0.999996
0.999999
1
1
1
1
1
1
1
1
1
1
1
0.999999
0.999997
0.999996
0.999996
0.999995
0.999995
0.999995
0.999995
0.999995
0.999995
0.999995
0.999996
0.999997
0.999998
0.999999
0.999999
1
1
1
1
1
1
1
1
0.999999
0.999998
0.999993
0.999988
0.999982
0.999979
0.999981
0.999984
0.999982
0.999982
0.999982
0.999985
0.999989
0.999993
0.999994
0.999996
0.999997
0.999997
0.999998
0.999998
0.999998
0.999998
0.999998
0.999998
0.999995
1
1
1
1
1
1
1
1
1
1
1
1
1
1
1
1
1
1
1
1
1
1
1
1
1
1
1
1
1
1
1
1
1
1
1
1
1
1
1
1
1
1
1
1
1
1
1
1
1
1
1
1
1
1
1
1
1
1
1
1
1
1
1
1
1
1
1
1
1
1
1
1
1
1
1
1
1
1
1
1
1
1
1
1
1
1
1
1
1
1
1
1
1
1
1
1
1
1
1
1
1
1
1
1
1
1
1
1
1
1
1
1
1
0.999994
0.999976
0.999971
0.99997
0.999979
0.999992
0.999998
0.999999
1
1
1
1
1
1
1
1
1
0.999999
0.999997
0.999996
0.999996
0.999996
0.999995
0.999995
0.999995
0.999995
0.999995
0.999995
0.999995
0.999996
0.999997
0.999998
0.999999
0.999999
0.999999
1
1
1
1
1
0.999999
0.999999
0.999996
0.99999
0.999987
0.999986
0.999983
0.999978
0.999981
0.999985
0.999984
0.999983
0.999984
0.999987
0.999991
0.999993
0.999994
0.999995
0.999996
0.999996
0.999997
0.999997
0.999997
0.999997
0.999996
0.999995
0.999992
1
1
1
1
1
1
1
1
1
1
1
1
1
1
1
1
1
1
1
1
1
1
1
1
1
1
1
1
1
1
1
1
1
1
1
1
1
1
1
1
1
1
1
1
1
1
1
1
1
1
1
1
1
1
1
1
1
1
1
1
1
1
1
1
1
1
1
1
1
1
1
1
1
1
1
1
1
1
1
1
1
1
1
1
1
1
1
1
1
1
1
1
1
1
1
1
1
1
1
1
1
1
1
1
1
1
1
1
1
1
1
1
0.999999
0.999988
0.999974
0.999969
0.999967
0.999968
0.999982
0.999994
0.999998
0.999999
1
1
1
1
1
1
0.999999
0.999999
0.999996
0.999995
0.999995
0.999996
0.999997
0.999996
0.999995
0.999995
0.999995
0.999995
0.999995
0.999996
0.999997
0.999998
0.999998
0.999999
0.999999
0.999999
1
1
1
0.999999
0.999998
0.999996
0.99999
0.999982
0.999981
0.999981
0.999984
0.999984
0.999978
0.999979
0.999986
0.999987
0.999987
0.999988
0.99999
0.999992
0.999993
0.999993
0.999993
0.999992
0.999992
0.999992
0.999993
0.999993
0.999993
0.999993
0.999993
0.999991
1
1
1
1
1
1
1
1
1
1
1
1
1
1
1
1
1
1
1
1
1
1
1
1
1
1
1
1
1
1
1
1
1
1
1
1
1
1
1
1
1
1
1
1
1
1
1
1
1
1
1
1
1
1
1
1
1
1
1
1
1
1
1
1
1
1
1
1
1
1
1
1
1
1
1
1
1
1
1
1
1
1
1
1
1
1
1
1
1
1
1
1
1
1
1
1
1
1
1
1
1
1
1
1
1
1
1
1
1
1
1
1
0.999998
0.999987
0.999976
0.999972
0.999968
0.999966
0.999968
0.999985
0.999995
0.999998
0.999999
0.999999
0.999999
0.999999
0.999999
0.999999
0.999998
0.999996
0.999993
0.999992
0.999992
0.999995
0.999997
0.999997
0.999996
0.999996
0.999996
0.999996
0.999996
0.999996
0.999997
0.999998
0.999999
0.999999
0.999999
0.999999
1
0.999999
0.999998
0.999996
0.999989
0.999972
0.999963
0.999962
0.999965
0.999976
0.999985
0.999986
0.99998
0.999977
0.999983
0.999987
0.999988
0.999989
0.99999
0.999991
0.999989
0.999987
0.999986
0.999987
0.999989
0.99999
0.99999
0.999991
0.999992
0.999992
0.999992
0.999991
1
1
1
1
1
1
1
1
1
1
1
1
1
1
1
1
1
1
1
1
1
1
1
1
1
1
1
1
1
1
1
1
1
1
1
1
1
1
1
1
1
1
1
1
1
1
1
1
1
1
1
1
1
1
1
1
1
1
1
1
1
1
1
1
1
1
1
1
1
1
1
1
1
1
1
1
1
1
1
1
1
1
1
1
1
1
1
1
1
1
1
1
1
1
1
1
1
1
1
1
1
1
1
1
1
1
1
1
1
1
1
0.999999
0.999996
0.999987
0.999985
0.999985
0.999982
0.99997
0.999964
0.999967
0.999986
0.999994
0.999996
0.999997
0.999998
0.999997
0.999997
0.999996
0.999995
0.999992
0.999989
0.999986
0.999984
0.99999
0.999996
0.999997
0.999998
0.999998
0.999997
0.999997
0.999997
0.999998
0.999998
0.999999
0.999999
0.999999
0.999999
0.999999
0.999999
0.999996
0.999983
0.999954
0.999941
0.99994
0.999941
0.999949
0.999963
0.999975
0.999984
0.999987
0.999983
0.999977
0.999979
0.999982
0.999984
0.999985
0.999985
0.999983
0.999983
0.999983
0.999986
0.999987
0.999989
0.999989
0.99999
0.999991
0.999992
0.999992
0.999991
0.999991
1
1
1
1
1
1
1
1
1
1
1
1
1
1
1
1
1
1
1
1
1
1
1
1
1
1
1
1
1
1
1
1
1
1
1
1
1
1
1
1
1
1
1
1
1
1
1
1
1
1
1
1
1
1
1
1
1
1
1
1
1
1
1
1
1
1
1
1
1
1
1
1
1
1
1
1
1
1
1
1
1
1
1
1
1
1
1
1
1
1
1
1
1
1
1
1
1
1
1
1
1
1
1
1
1
1
1
1
0.999999
0.999999
0.999999
0.999998
0.999995
0.999993
0.999994
0.999995
0.999995
0.99999
0.999969
0.999961
0.999968
0.999982
0.999987
0.999989
0.99999
0.99999
0.999988
0.999988
0.999985
0.999982
0.999977
0.999966
0.999961
0.999974
0.999991
0.999996
0.999998
0.999999
0.999999
0.999999
0.999999
0.999999
0.999999
0.999999
0.999999
0.999999
0.999999
0.999994
0.999967
0.999929
0.999917
0.999915
0.999918
0.999928
0.999938
0.999948
0.99996
0.999971
0.999982
0.999988
0.999988
0.999983
0.999979
0.999979
0.99998
0.999981
0.999981
0.999982
0.999984
0.999986
0.999987
0.999989
0.999991
0.999992
0.999992
0.999992
0.999992
0.999991
0.999991
0.99999
1
1
1
1
1
1
1
1
1
1
1
1
1
1
1
1
1
1
1
1
1
1
1
1
1
1
1
1
1
1
1
1
1
1
1
1
1
1
1
1
1
1
1
1
1
1
1
1
1
1
1
1
1
1
1
1
1
1
1
1
1
1
1
1
1
1
1
1
1
1
1
1
1
1
1
1
1
1
1
1
1
1
1
1
1
1
1
1
1
1
1
1
1
1
1
1
1
1
1
1
1
1
1
1
1
1
1
1
0.999999
0.999999
0.999998
0.999998
0.999997
0.999997
0.999998
0.999998
0.999998
0.999994
0.999979
0.999962
0.999961
0.99997
0.999972
0.999972
0.999971
0.999969
0.999966
0.999962
0.99996
0.999956
0.999952
0.999948
0.999947
0.999953
0.999982
0.999989
0.99999
0.99999
0.99999
0.99999
0.99999
0.999989
0.999987
0.999983
0.999974
0.999955
0.999924
0.9999
0.999895
0.999899
0.999909
0.999921
0.999934
0.999946
0.999957
0.999966
0.999975
0.999982
0.999988
0.99999
0.99999
0.999989
0.999988
0.999987
0.999987
0.999987
0.999988
0.99999
0.999991
0.999992
0.999994
0.999995
0.999994
0.999989
0.999988
0.99999
0.999991
0.999991
0.999991
0.99999
0.999851
0.999852
0.999855
0.999857
0.999861
0.999876
0.999908
0.999927
0.999933
0.999931
0.999932
0.999931
0.999932
0.999935
0.999915
0.999772
0.999659
0.999638
0.999638
0.999646
0.999664
0.999671
0.999674
0.999656
0.999674
0.999862
0.999864
0.999869
0.999876
0.999891
0.999932
0.999973
0.999982
0.999964
0.999904
0.999868
0.999854
0.999855
0.999902
0.999923
0.999862
0.999705
0.999675
0.999694
0.999736
0.999809
0.999868
0.999911
0.999908
0.999912
0.999885
0.999889
0.9999
0.999925
0.999955
0.999981
0.99999
0.999974
0.999859
0.999792
0.999781
0.999776
0.99977
0.999781
0.999877
0.999885
0.999796
0.999743
0.999774
0.999845
0.999901
0.999932
0.999942
0.999947
0.999948
0.999923
0.999938
0.999952
0.999968
0.999984
0.999993
0.999986
0.999876
0.999786
0.999781
0.999782
0.999781
0.999769
0.999763
0.999804
0.999871
0.99984
0.999786
0.999807
0.99988
0.999923
0.999935
0.999935
0.999939
0.99994
0.999957
0.99997
0.999979
0.999988
0.999994
0.999994
0.999952
0.999796
0.999787
0.999809
0.999805
0.999793
0.99978
0.999763
0.99977
0.999842
0.99985
0.999818
0.999825
0.999885
0.999924
0.999932
0.999932
0.999935
0.999934
0.999977
0.999986
0.999992
0.999996
0.999997
0.99999
0.999876
0.999784
0.999824
0.999834
0.999811
0.99979
0.99978
0.999764
0.999763
0.999809
0.999848
0.999837
0.999841
0.999884
0.999922
0.999929
0.999929
0.999933
0.999931
0.999988
0.999994
0.999997
0.999998
0.999997
0.999973
0.999818
0.999806
0.999849
0.999842
0.99981
0.999777
0.999772
0.999762
0.99976
0.999782
0.999842
0.999847
0.999852
0.999884
0.999919
0.999926
0.999924
0.999928
0.999926
0.999994
0.999997
0.999999
0.999999
0.999996
0.999928
0.999803
0.999842
0.99986
0.999844
0.999803
0.99977
0.999761
0.999757
0.999756
0.999767
0.999828
0.999851
0.99986
0.999885
0.999915
0.999922
0.999919
0.999922
0.99992
0.999996
0.999999
0.999999
0.999999
0.99999
0.999882
0.999812
0.99986
0.999864
0.99984
0.999792
0.999766
0.999754
0.999751
0.999752
0.999759
0.99981
0.99985
0.999865
0.999886
0.999913
0.999918
0.999915
0.999918
0.999915
0.999998
0.999999
0.999999
0.999999
0.999978
0.999853
0.999835
0.999868
0.999866
0.999836
0.999784
0.999759
0.999751
0.999748
0.999749
0.999753
0.999793
0.999848
0.999868
0.999888
0.99991
0.999915
0.999912
0.999914
0.999911
0.999998
0.999999
0.999999
0.999997
0.999959
0.99984
0.999849
0.999872
0.999867
0.999829
0.999779
0.999756
0.99975
0.999747
0.999747
0.999749
0.999778
0.999842
0.999869
0.999889
0.999909
0.999913
0.99991
0.999911
0.999907
0.999998
0.999999
0.999999
0.999995
0.999936
0.99984
0.999857
0.999873
0.999866
0.999823
0.999774
0.999754
0.99975
0.999748
0.999746
0.999747
0.999766
0.999833
0.999869
0.99989
0.999907
0.99991
0.999907
0.999909
0.999905
0.999998
0.999999
0.999999
0.999991
0.999915
0.999846
0.999863
0.999873
0.999865
0.999819
0.999771
0.999753
0.99975
0.999749
0.999746
0.999747
0.999759
0.999822
0.999868
0.99989
0.999905
0.999907
0.999904
0.999908
0.999905
0.999998
0.999999
0.999998
0.999985
0.9999
0.999852
0.999866
0.999873
0.999863
0.999814
0.999769
0.999753
0.999753
0.999752
0.999748
0.999747
0.999755
0.99981
0.999866
0.999891
0.999904
0.999904
0.9999
0.999906
0.999904
0.999998
0.999999
0.999997
0.999979
0.999891
0.999857
0.999868
0.999872
0.999862
0.999811
0.999767
0.999754
0.999755
0.999756
0.999752
0.999747
0.999752
0.999799
0.999862
0.999891
0.999902
0.9999
0.999895
0.999905
0.999904
0.999998
0.999999
0.999996
0.999974
0.999887
0.999861
0.999869
0.999871
0.99986
0.999809
0.999766
0.999755
0.999758
0.999764
0.99976
0.999749
0.999752
0.99979
0.999858
0.999891
0.999901
0.999895
0.99989
0.999903
0.999905
0.999998
0.999998
0.999996
0.999969
0.999886
0.999865
0.99987
0.999871
0.99986
0.999807
0.999766
0.999757
0.999761
0.999773
0.999769
0.999753
0.999752
0.999781
0.999853
0.99989
0.999899
0.999891
0.999884
0.9999
0.999906
0.999998
0.999998
0.999995
0.999966
0.999889
0.999869
0.999871
0.999871
0.999859
0.999806
0.999766
0.999758
0.999764
0.999784
0.99978
0.99976
0.999753
0.999776
0.999848
0.999889
0.999897
0.999886
0.999879
0.999898
0.999907
0.999998
0.999998
0.999994
0.999965
0.999893
0.999873
0.999872
0.999872
0.99986
0.999805
0.999766
0.99976
0.999768
0.999795
0.999792
0.999768
0.999755
0.999772
0.999842
0.999888
0.999895
0.999882
0.999875
0.999895
0.999909
0.999998
0.999998
0.999994
0.999965
0.999898
0.999876
0.999874
0.999873
0.99986
0.999806
0.999766
0.999761
0.999772
0.999805
0.999804
0.999778
0.999758
0.99977
0.999837
0.999887
0.999893
0.999878
0.999872
0.999893
0.99991
0.999998
0.999998
0.999994
0.999965
0.999902
0.999879
0.999876
0.999874
0.999861
0.999806
0.999766
0.999762
0.999777
0.999816
0.999815
0.999789
0.999761
0.99977
0.999832
0.999885
0.999891
0.999876
0.99987
0.999891
0.999912
0.999998
0.999998
0.999994
0.999967
0.999907
0.999882
0.999878
0.999877
0.999863
0.999806
0.999766
0.999762
0.999782
0.999825
0.999825
0.9998
0.999765
0.99977
0.999827
0.999883
0.999889
0.999873
0.999869
0.999889
0.999914
0.999998
0.999998
0.999994
0.99997
0.999912
0.999886
0.999882
0.999879
0.999865
0.999807
0.999766
0.999763
0.999787
0.999834
0.999834
0.99981
0.999769
0.999771
0.999824
0.999882
0.999887
0.999872
0.999868
0.999888
0.999916
0.999999
0.999998
0.999995
0.999974
0.999918
0.99989
0.999885
0.999882
0.999867
0.999807
0.999765
0.999763
0.999792
0.999841
0.999843
0.999819
0.999773
0.999773
0.999821
0.99988
0.999886
0.999871
0.999868
0.999887
0.999918
0.999999
0.999999
0.999995
0.999977
0.999924
0.999896
0.99989
0.999886
0.99987
0.999807
0.999764
0.999763
0.999796
0.999847
0.99985
0.999827
0.999777
0.999775
0.999818
0.999878
0.999884
0.999871
0.999869
0.999886
0.99992
0.999999
0.999999
0.999996
0.99998
0.99993
0.999901
0.999895
0.99989
0.999872
0.999805
0.999763
0.999762
0.9998
0.999853
0.999855
0.999834
0.999781
0.999777
0.999817
0.999877
0.999883
0.999871
0.99987
0.999886
0.999922
1
0.999999
0.999996
0.999982
0.999936
0.999907
0.999899
0.999893
0.999873
0.999801
0.999762
0.999762
0.999803
0.999856
0.99986
0.999839
0.999784
0.999779
0.999816
0.999875
0.999882
0.999871
0.999871
0.999887
0.999924
1
0.999999
0.999997
0.999985
0.999942
0.999913
0.999904
0.999896
0.999873
0.999798
0.99976
0.999761
0.999804
0.999858
0.999863
0.999842
0.999788
0.999781
0.999815
0.999874
0.99988
0.999872
0.999873
0.999889
0.999926
1
0.999999
0.999997
0.999986
0.999947
0.999919
0.999908
0.999899
0.999872
0.999794
0.999759
0.999761
0.999805
0.999858
0.999864
0.999843
0.99979
0.999783
0.999816
0.999872
0.999879
0.999873
0.999875
0.999891
0.999928
1
0.999999
0.999997
0.999987
0.999951
0.999924
0.999911
0.999899
0.99987
0.999791
0.999758
0.999761
0.999802
0.999857
0.999864
0.999841
0.999791
0.999785
0.999816
0.999871
0.999878
0.999875
0.999877
0.999893
0.99993
1
0.999999
0.999997
0.999987
0.999955
0.999929
0.999912
0.999898
0.999868
0.999788
0.999756
0.999761
0.999796
0.999852
0.999861
0.999837
0.999791
0.999787
0.999817
0.99987
0.999877
0.999876
0.999879
0.999896
0.999932
1
0.999999
0.999997
0.999987
0.999957
0.999932
0.999912
0.999898
0.999868
0.999785
0.999755
0.999761
0.99979
0.999842
0.999855
0.99983
0.999791
0.999789
0.999819
0.999869
0.999876
0.999877
0.99988
0.999899
0.999934
1
0.999999
0.999997
0.999986
0.99996
0.999935
0.999911
0.999897
0.999867
0.999783
0.999754
0.999762
0.999782
0.999828
0.999843
0.999819
0.99979
0.99979
0.999821
0.999868
0.999876
0.999877
0.999882
0.999903
0.999935
1
0.999999
0.999997
0.999985
0.999964
0.999937
0.999911
0.999897
0.999868
0.99978
0.999752
0.999762
0.999778
0.99981
0.999826
0.999808
0.999789
0.999792
0.999824
0.999867
0.999876
0.999878
0.999884
0.999906
0.999936
1
0.999999
0.999997
0.999985
0.999967
0.999939
0.999911
0.999897
0.999868
0.999777
0.999751
0.999762
0.999777
0.999794
0.999809
0.999797
0.999789
0.999793
0.999827
0.999866
0.999875
0.999878
0.999885
0.99991
0.999937
1
0.999999
0.999997
0.999986
0.999971
0.99994
0.999911
0.999898
0.99987
0.999775
0.999749
0.999762
0.999776
0.999786
0.999795
0.999791
0.999789
0.999795
0.99983
0.999866
0.999875
0.999878
0.999886
0.999914
0.999937
1
1
0.999998
0.999988
0.999976
0.999944
0.999912
0.9999
0.999872
0.999775
0.999748
0.999761
0.999774
0.999782
0.999788
0.999788
0.999789
0.999797
0.999834
0.999866
0.999874
0.999878
0.999888
0.999917
0.999936
1
1
0.999998
0.999992
0.999981
0.999949
0.999915
0.999903
0.999876
0.999775
0.999747
0.999761
0.999773
0.99978
0.999785
0.999787
0.999789
0.999799
0.999839
0.999866
0.999874
0.999878
0.999891
0.99992
0.999934
1
1
0.999999
0.999995
0.999987
0.999956
0.999919
0.999907
0.99988
0.999775
0.999745
0.99976
0.999772
0.999779
0.999784
0.999787
0.99979
0.999804
0.999843
0.999867
0.999873
0.999878
0.999895
0.99992
0.99993
1
1
0.999999
0.999998
0.999992
0.999967
0.999927
0.999914
0.999886
0.999778
0.999743
0.999758
0.999772
0.999779
0.999783
0.999787
0.999792
0.99981
0.999847
0.999867
0.999872
0.999878
0.999899
0.999918
0.999924
1
1
1
0.999999
0.999996
0.999978
0.999937
0.999922
0.999894
0.999784
0.999738
0.999756
0.999772
0.99978
0.999784
0.999788
0.999795
0.999818
0.99985
0.999867
0.999872
0.99988
0.999901
0.999912
0.999914
1
1
1
1
0.999998
0.999986
0.999948
0.999932
0.999903
0.999795
0.999736
0.999753
0.999772
0.999782
0.999787
0.999791
0.999801
0.999828
0.999856
0.999867
0.999871
0.999884
0.999899
0.999901
0.999899
1
1
1
1
0.999999
0.999992
0.99996
0.999942
0.999914
0.99981
0.999736
0.99975
0.999772
0.999785
0.999794
0.9998
0.999816
0.99984
0.999859
0.999866
0.999871
0.999888
0.999891
0.999888
0.99988
1
1
1
1
0.999999
0.999995
0.99997
0.999952
0.999925
0.99983
0.999739
0.999745
0.999769
0.999787
0.999803
0.999815
0.99983
0.999849
0.99986
0.999865
0.999876
0.999887
0.999881
0.999866
0.999861
1
1
1
1
1
0.999996
0.999977
0.99996
0.999935
0.999854
0.999747
0.999739
0.999763
0.999788
0.999808
0.999827
0.999839
0.999852
0.999859
0.999865
0.999882
0.999882
0.99986
0.999843
0.999842
1
1
1
1
1
0.999997
0.999982
0.999966
0.999944
0.999879
0.999761
0.999732
0.999757
0.999787
0.999811
0.999834
0.999846
0.999854
0.999859
0.99987
0.999882
0.999872
0.999833
0.99982
0.999824
1
1
1
1
1
0.999997
0.999985
0.999972
0.999952
0.999903
0.999783
0.99973
0.99975
0.99978
0.999812
0.999837
0.999851
0.999857
0.999862
0.999877
0.99988
0.999849
0.999806
0.9998
0.99981
1
1
1
1
0.999999
0.999997
0.999987
0.999975
0.999959
0.999923
0.999813
0.999731
0.999743
0.999767
0.999808
0.999837
0.999853
0.99986
0.999869
0.999878
0.999871
0.999815
0.999785
0.999786
0.999801
0.999999
0.999999
0.999999
0.999999
0.999999
0.999997
0.999988
0.999978
0.999965
0.999938
0.999847
0.999736
0.999735
0.999754
0.999787
0.99983
0.999851
0.99986
0.99987
0.999873
0.999843
0.999785
0.999772
0.999778
0.999796
0.999997
0.999998
0.999998
0.999998
0.999998
0.999996
0.99999
0.999981
0.999971
0.99995
0.999878
0.999747
0.999729
0.999746
0.999764
0.9998
0.999837
0.999852
0.999862
0.999854
0.999799
0.999765
0.999763
0.999778
0.999792
0.999995
0.999995
0.999997
0.999997
0.999996
0.999995
0.999991
0.999984
0.999976
0.999961
0.999905
0.999764
0.999728
0.999734
0.99975
0.99977
0.999799
0.999819
0.999827
0.999808
0.999767
0.999754
0.99976
0.999783
0.999791
0.999992
0.999993
0.999995
0.999995
0.999995
0.999994
0.999992
0.999987
0.99998
0.99997
0.999926
0.999786
0.999729
0.999729
0.999735
0.999749
0.999765
0.999776
0.999781
0.999768
0.99975
0.99975
0.99977
0.999788
0.999789
0.999991
0.999992
0.999993
0.999994
0.999994
0.999993
0.999991
0.999989
0.999984
0.999976
0.999942
0.999808
0.999738
0.999729
0.99973
0.999735
0.999742
0.999748
0.99975
0.999746
0.999745
0.999759
0.999784
0.999786
0.999785
0.999991
0.999992
0.999993
0.999993
0.999993
0.999992
0.99999
0.999989
0.999987
0.999982
0.999954
0.999828
0.999754
0.999736
0.999732
0.999732
0.999735
0.999738
0.99974
0.999742
0.999753
0.999778
0.999782
0.999778
0.999782
0.999991
0.999992
0.999993
0.999993
0.999992
0.99999
0.999988
0.999988
0.999987
0.999984
0.999958
0.999839
0.999772
0.999756
0.999748
0.999743
0.999741
0.999742
0.999746
0.999756
0.999772
0.999774
0.999772
0.999774
0.999804
0.999991
0.999992
0.999992
0.999992
0.999991
0.999982
0.999981
0.999985
0.999985
0.999983
0.999957
0.999842
0.99978
0.999769
0.999763
0.999759
0.999757
0.999758
0.999761
0.999767
0.999769
0.999771
0.99979
0.999827
0.99989
0.99999
0.99999
0.99999
0.99999
0.999983
0.999958
0.999952
0.999955
0.999949
0.999917
0.999852
0.999811
0.999794
0.999793
0.999794
0.999794
0.999794
0.999797
0.999804
0.999822
0.999879
0.99994
0.999956
0.999951
0.999916
)
;

boundaryField
{
    inlet
    {
        type            fixedValue;
        value           uniform 1;
    }
    outlet
    {
        type            inletOutlet;
        inletValue      uniform 0;
        value           nonuniform List<scalar> 
57
(
0.999674
0.999912
0.999948
0.99994
0.999934
0.999931
0.999926
0.99992
0.999915
0.999911
0.999907
0.999905
0.999905
0.999904
0.999904
0.999905
0.999906
0.999907
0.999909
0.99991
0.999912
0.999914
0.999916
0.999918
0.99992
0.999922
0.999924
0.999926
0.999928
0.99993
0.999932
0.999934
0.999935
0.999936
0.999937
0.999937
0.999936
0.999934
0.99993
0.999924
0.999914
0.999899
0.99988
0.999861
0.999842
0.999824
0.99981
0.999801
0.999796
0.999792
0.999791
0.999789
0.999785
0.999782
0.999804
0.99989
0.999916
)
;
    }
    upperWall
    {
        type            zeroGradient;
    }
    lowerWall
    {
        type            zeroGradient;
    }
    frontAndBack
    {
        type            empty;
    }
}


// ************************************************************************* //
