/*--------------------------------*- C++ -*----------------------------------*\
  =========                 |
  \\      /  F ield         | OpenFOAM: The Open Source CFD Toolbox
   \\    /   O peration     | Website:  https://openfoam.org
    \\  /    A nd           | Version:  6
     \\/     M anipulation  |
\*---------------------------------------------------------------------------*/
FoamFile
{
    version     2.0;
    format      ascii;
    class       volScalarField;
    location    "0.05";
    object      nut;
}
// * * * * * * * * * * * * * * * * * * * * * * * * * * * * * * * * * * * * * //

dimensions      [0 2 -1 0 0 0 0];

internalField   nonuniform List<scalar> 
12225
(
2.49316e-09
2.64157e-09
0
0
0
0
0
0
0
0
0
0
0
0
0
0
0
3.72606e-09
6.84091e-10
7.38101e-10
0
0
0
0
0
0
0
0
0
0
0
0
0
0
0
1.85895e-10
8.18513e-10
3.6724e-10
0
0
0
0
0
0
0
0
0
0
0
0
0
0
0
0
4.54266e-08
2.15593e-08
4.31474e-11
0
0
0
0
0
0
0
0
0
0
0
0
0
0
0
0
0
0
0
3.50865e-07
1.88014e-06
2.32706e-06
2.16587e-06
3.73551e-07
0
0
0
0
0
8.91715e-09
1.92994e-08
6.29157e-09
0
0
0
0
0
4.63109e-07
2.30616e-06
2.89349e-06
1.78977e-06
1.70278e-06
0
0
0
0
0
0
4.40524e-07
1.00495e-06
4.96074e-07
0
0
0
0
1.76254e-07
8.84495e-07
4.07203e-07
8.25838e-07
1.24797e-06
1.63397e-07
0
0
0
0
0
0
1.03433e-07
0
0
0
2.4117e-07
3.14108e-07
1.25503e-07
0
5.11979e-07
1.76491e-06
1.24708e-06
5.66759e-07
6.18511e-08
0
0
0
0
5.32738e-08
0
0
0
0
9.00285e-07
2.15992e-07
0
0
2.57706e-09
8.23906e-07
8.13417e-07
3.4087e-07
0
0
0
0
2.74665e-08
7.67219e-08
5.15745e-09
0
0
0
7.48054e-08
1.25965e-07
0
0
9.03081e-08
1.62534e-07
0
0
0
0
0
0
0
3.76994e-07
4.40211e-07
2.26169e-07
0
1.01643e-07
5.58778e-07
8.48943e-07
6.81798e-07
8.35226e-08
2.51225e-07
7.23162e-08
0
0
0
0
0
0
0
0
3.76366e-08
0
2.88773e-07
2.95993e-07
7.74385e-07
1.41549e-06
2.24866e-06
1.5131e-06
3.45423e-07
0
0
0
0
0
0
0
0
0
0
0
1.67674e-07
1.18481e-06
7.49105e-07
5.57828e-07
7.51496e-07
3.62354e-07
1.55236e-08
0
0
0
0
1.49816e-07
1.99514e-07
1.80084e-07
1.77349e-07
2.62323e-07
1.20821e-07
0
0
0
1.32155e-06
8.71689e-07
0
0
0
0
0
0
0
0
1.82071e-07
4.68942e-07
7.57377e-07
7.00532e-07
1.08446e-07
2.27739e-07
0
0
2.23872e-06
2.4448e-06
6.4538e-07
0
3.36445e-08
0
0
0
0
0
0
0
1.62502e-09
2.89341e-07
5.841e-07
7.07375e-07
5.66263e-07
3.63295e-07
3.45152e-07
0
0
0
0
0
0
0
0
0
0
0
3.11815e-07
6.8264e-07
8.12676e-07
8.15767e-07
3.07662e-07
4.67187e-07
1.0407e-07
0
0
0
1.74579e-07
7.07632e-07
1.52259e-06
9.67721e-07
0
0
4.79061e-07
1.68166e-06
1.89176e-06
1.49462e-06
1.04429e-06
7.22141e-07
2.82224e-07
3.7589e-07
0
0
0
0
3.90905e-07
1.06398e-06
1.75266e-06
1.97234e-06
1.26245e-06
8.21774e-07
9.84523e-07
1.15573e-06
9.95059e-07
4.60224e-07
0
0
3.70613e-07
6.64867e-08
0
0
0
3.07322e-08
0
0
3.25305e-07
1.1303e-06
7.59631e-07
0
0
0
0
0
0
0
9.48383e-07
1.45824e-06
1.18729e-06
0
2.85965e-08
0
0
0
0
0
0
0
0
0
0
0
0
0
0
0
2.6562e-07
5.4126e-07
9.47065e-07
5.82838e-08
0
0
0
0
0
0
0
0
0
0
0
0
0
0
0
3.68067e-07
1.65462e-06
1.53769e-06
0
1.74499e-07
3.07488e-08
0
0
0
0
0
1.56739e-07
2.92751e-07
0
0
1.27462e-06
8.2568e-07
0
2.82155e-07
1.96732e-06
2.13511e-06
1.78594e-06
0
0
0
0
9.76421e-08
8.9133e-08
1.89942e-07
4.30016e-07
7.29056e-07
9.24828e-07
7.48386e-07
8.60693e-07
5.60295e-07
0
4.84987e-07
2.03903e-06
2.68517e-06
1.97364e-06
3.45937e-07
0
0
0
9.04275e-08
4.14577e-07
8.58154e-07
1.24777e-06
1.20198e-06
8.31629e-07
4.21435e-07
0
0
0
4.41871e-07
1.78776e-06
1.6891e-06
4.52906e-07
0
7.25306e-08
0
0
0
0
0
9.0787e-07
7.83509e-07
3.04363e-07
2.06094e-08
0
0
0
1.02599e-07
7.73658e-07
8.35755e-07
5.74953e-07
2.30445e-07
0
0
0
0
0
1.17787e-08
1.79511e-07
2.65001e-07
1.37803e-07
1.18354e-08
0
0
2.21868e-09
1.95329e-08
1.78351e-08
1.17581e-08
4.57617e-09
0
0
0
0
0
0
0
0
0
0
1.08016e-09
3.17316e-09
1.24497e-09
5.90279e-10
5.22412e-11
0
0
0
0
0
0
0
0
0
0
0
0
0
0
4.04348e-09
3.13226e-09
1.71798e-09
4.03135e-10
0
0
0
0
0
0
0
0
0
0
0
0
0
0
2.51954e-08
1.79526e-08
9.55898e-09
2.05167e-09
0
0
0
0
0
0
0
0
0
0
0
0
0
0
3.36142e-05
2.88215e-05
1.57662e-05
3.59222e-06
0
0
0
0
0
6.96895e-07
3.55825e-06
5.37174e-06
6.21702e-06
6.48681e-06
6.4441e-06
6.16402e-06
5.56644e-06
4.68046e-06
3.66134e-06
2.64434e-06
1.70596e-06
8.79189e-07
1.65369e-07
0
0
0
0
0
0
0
0
0
0
2.68828e-07
1.02263e-06
1.86967e-06
2.69648e-06
3.38693e-06
4.23215e-06
6.1767e-06
7.15447e-06
2.74363e-06
0
0
5.40468e-06
9.19733e-06
1.57952e-05
1.28459e-05
2.49438e-06
9.55242e-06
2.19694e-05
1.95142e-05
0
1.65024e-06
8.42815e-05
0.000115044
0.000128142
8.23158e-05
1.87702e-05
3.99674e-06
9.52851e-07
3.7287e-07
3.48126e-07
3.81912e-07
3.88064e-07
3.69783e-07
3.3963e-07
3.12101e-07
2.88258e-07
2.73647e-07
2.65045e-07
2.63768e-07
2.65211e-07
2.71091e-07
2.76392e-07
2.8348e-07
2.87563e-07
2.92403e-07
2.90626e-07
2.88754e-07
2.80357e-07
2.71175e-07
2.53997e-07
2.38178e-07
2.14006e-07
1.93443e-07
1.65378e-07
1.41293e-07
1.1297e-07
8.73562e-08
6.02123e-08
3.31645e-08
5.14755e-09
0
0
0
0
0
0
0
0
0
0
0
0
0
0
0
0
0
0
0
0
0
0
0
0
0
1.66674e-08
0
0
0
0
0
0
0
0
0
0
0
0
0
0
3.65003e-10
2.29362e-09
5.75563e-09
1.02635e-08
1.4517e-08
1.69273e-08
1.63103e-08
1.2358e-08
5.72771e-09
0
0
0
0
0
0
0
0
0
0
0
0
0
0
0
0
0
0
0
0
0
0
0
0
0
0
0
0
0
0
0
0
0
0
0
0
1.8903e-09
8.94127e-10
1.19223e-05
1.76288e-05
1.50906e-05
6.07099e-06
0
0
0
0
0
0
0
0
0
0
0
0
0
0
0
0
0
0
0
0
0
0
0
0
0
0
0
0
0
0
0
4.35712e-07
1.33031e-06
1.96339e-06
2.43026e-06
3.76334e-06
2.42558e-06
0
0
0
1.10093e-06
0
0
0
0
0
0
0
0
2.10389e-05
2.06975e-05
1.28615e-05
1.10723e-05
1.23758e-05
6.70966e-06
3.19866e-06
1.41682e-06
8.68039e-07
7.32484e-07
6.61206e-07
5.94498e-07
5.24526e-07
4.64393e-07
4.18034e-07
3.82316e-07
3.60473e-07
3.46003e-07
3.40238e-07
3.37189e-07
3.38437e-07
3.39266e-07
3.42366e-07
3.43241e-07
3.44735e-07
3.42541e-07
3.3995e-07
3.33564e-07
3.25683e-07
3.14009e-07
2.99806e-07
2.81606e-07
2.60315e-07
2.35475e-07
2.07146e-07
1.7509e-07
1.394e-07
1.00177e-07
5.74775e-08
1.15223e-08
0
0
0
0
0
0
0
0
0
0
0
0
0
0
0
0
0
0
0
0
0
0
0
0
0
5.65102e-09
5.79706e-08
4.43479e-08
1.99055e-08
8.26693e-10
0
0
0
0
0
0
0
0
0
0
0
0
0
0
2.16606e-08
4.45654e-08
5.92405e-08
6.39012e-08
5.93819e-08
4.83527e-08
3.42156e-08
1.99154e-08
6.9807e-09
0
0
0
0
0
0
0
0
0
0
0
0
0
0
0
0
0
0
0
0
0
0
0
0
0
0
0
0
0
0
2.49045e-10
0
1.06175e-08
3.85861e-09
5.50448e-06
1.49687e-05
2.23439e-05
2.29252e-05
1.78643e-05
2.42704e-06
0
0
0
0
0
0
0
0
0
0
0
0
0
0
0
0
0
0
0
0
0
0
0
0
0
0
0
0
0
0
0
0
0
0
0
0
0
0
0
0
0
0
0
0
0
0
2.2094e-05
2.62038e-05
1.60618e-05
6.27559e-06
2.95425e-06
3.66133e-06
3.40201e-06
2.4085e-06
2.11383e-06
2.51979e-06
2.99103e-06
3.16762e-06
3.03681e-06
2.75138e-06
2.43857e-06
2.1853e-06
1.9844e-06
1.84905e-06
1.7477e-06
1.68441e-06
1.63336e-06
1.59935e-06
1.5646e-06
1.53766e-06
1.50496e-06
1.47525e-06
1.43825e-06
1.4e-06
1.35291e-06
1.29965e-06
1.23259e-06
1.1562e-06
1.06833e-06
9.6935e-07
8.59707e-07
7.39837e-07
6.13276e-07
4.81383e-07
3.44779e-07
2.02778e-07
5.5272e-08
0
0
0
0
0
0
0
0
0
0
0
0
0
0
0
0
0
0
0
0
0
0
0
0
0
0
0
0
0
0
0
0
0
0
0
0
0
0
0
0
0
0
0
0
1.59713e-08
1.24664e-07
2.10365e-07
2.63947e-07
2.84555e-07
2.76616e-07
2.47926e-07
2.08149e-07
1.65998e-07
1.26527e-07
9.05356e-08
5.67088e-08
2.52106e-08
0
0
0
0
0
0
0
0
0
0
0
0
0
0
0
0
0
0
0
0
0
0
0
0
0
0
4.56821e-09
9.35878e-10
2.28548e-08
9.38688e-10
1.30202e-06
2.19915e-06
5.43167e-06
0
0
0
0
0
0
0
0
0
0
0
0
0
0
0
0
0
0
0
0
0
0
0
0
0
0
0
0
0
0
0
0
0
0
0
0
0
0
0
0
0
0
0
0
0
0
0
0
4.81566e-07
3.64716e-06
1.70716e-05
8.43054e-06
2.44444e-06
8.72637e-07
1.56792e-06
2.13923e-06
2.47924e-06
2.92695e-06
3.04032e-06
2.55582e-06
1.85032e-06
1.24136e-06
8.37724e-07
5.99144e-07
4.71282e-07
3.97307e-07
3.53704e-07
3.25455e-07
3.04902e-07
2.88868e-07
2.80081e-07
2.79268e-07
2.8901e-07
3.06531e-07
3.32777e-07
3.66486e-07
4.12515e-07
4.73287e-07
5.54259e-07
6.61353e-07
7.99972e-07
9.76754e-07
1.20772e-06
1.50078e-06
1.85704e-06
2.3065e-06
2.88492e-06
3.65675e-06
4.66351e-06
4.99382e-06
0
0
0
0
0
0
0
0
0
0
0
0
0
0
0
0
0
0
0
0
0
0
0
0
0
0
0
0
0
0
0
0
0
0
2.44749e-08
3.78459e-08
3.85034e-08
2.54887e-08
0
0
0
0
0
0
1.49921e-08
9.72004e-08
1.75816e-07
2.31249e-07
2.37069e-07
1.68636e-07
1.84232e-08
0
0
0
0
0
0
0
0
0
0
0
0
0
0
0
0
1.28405e-08
1.24902e-08
0
0
0
0
0
0
0
0
0
0
0
0
0
0
9.59245e-09
0
2.29661e-08
0
0
0
0
0
0
0
0
0
0
0
1.82337e-07
8.17606e-07
7.06626e-07
4.33048e-07
1.20519e-07
0
0
0
0
0
0
0
9.25507e-08
2.33196e-07
3.56828e-07
4.70135e-07
5.62141e-07
6.05206e-07
5.90901e-07
5.31223e-07
4.21054e-07
2.4035e-07
2.3215e-08
0
0
0
0
4.73288e-07
1.02472e-06
1.12837e-06
1.23967e-06
9.82065e-07
6.52798e-07
1.26858e-07
0
0
0
0
2.48244e-06
1.59476e-06
1.29863e-06
0
0
9.69298e-06
4.4534e-06
0
0
0
1.31094e-06
2.57053e-06
2.56132e-06
1.8267e-06
1.01004e-06
4.71559e-07
1.78411e-07
6.07827e-08
4.23003e-08
7.191e-08
1.11738e-07
1.36416e-07
1.36394e-07
1.16237e-07
9.0262e-08
7.44319e-08
7.73381e-08
1.0084e-07
1.43763e-07
2.0831e-07
2.95847e-07
4.09691e-07
5.46114e-07
6.96757e-07
8.46483e-07
9.76041e-07
1.07792e-06
1.15996e-06
1.23582e-06
1.33278e-06
1.48761e-06
1.71486e-06
2.03709e-06
2.47705e-06
2.70522e-06
5.53785e-07
0
0
0
0
0
0
0
0
0
0
0
0
0
0
0
0
0
0
0
0
0
0
0
0
0
0
0
0
0
0
0
6.17135e-09
6.86724e-08
1.00738e-07
1.0866e-07
9.62273e-08
6.47644e-08
1.46698e-08
0
0
0
0
0
0
0
0
0
0
0
0
0
0
0
0
0
0
0
0
0
0
0
0
0
0
0
0
3.06068e-08
3.47264e-07
1.3089e-07
0
0
0
0
0
0
0
0
0
3.07352e-08
4.17467e-08
2.5716e-08
0
0
0
0
0
0
0
0
0
0
0
1.16629e-06
9.07552e-08
0
0
0
0
0
0
0
0
9.31909e-08
2.54423e-07
4.28491e-07
6.28055e-07
8.56158e-07
1.11006e-06
1.3767e-06
1.63775e-06
1.87483e-06
2.07616e-06
2.23225e-06
2.30885e-06
2.26695e-06
2.08566e-06
1.77803e-06
1.38629e-06
1.02492e-06
7.72994e-07
6.96759e-07
7.25201e-07
8.46359e-07
1.16766e-06
1.55376e-06
1.86447e-06
1.89699e-06
1.37947e-06
1.0059e-06
1.21083e-06
1.21458e-06
4.67084e-07
0
0
4.59907e-06
7.52487e-07
0
0
0
4.37324e-06
2.52502e-06
0
0
0
1.84017e-06
3.67975e-06
3.57077e-06
2.4956e-06
1.36099e-06
6.17273e-07
2.25176e-07
7.86591e-08
7.19817e-08
1.27962e-07
1.92698e-07
2.27777e-07
2.20955e-07
1.91104e-07
1.70666e-07
1.82932e-07
2.31471e-07
3.11073e-07
4.06945e-07
5.0309e-07
5.76882e-07
6.12277e-07
6.06564e-07
5.81537e-07
5.57763e-07
5.59227e-07
5.93643e-07
6.74636e-07
8.31325e-07
1.09685e-06
1.49386e-06
2.14068e-06
3.19412e-06
4.72701e-06
3.44431e-06
0
0
0
0
0
0
0
0
0
0
0
0
0
0
0
0
0
0
0
0
0
0
0
0
0
0
0
0
0
0
0
0
0
0
6.75851e-08
1.05848e-07
1.1057e-07
8.62126e-08
3.64473e-08
0
0
0
0
0
0
0
0
0
0
0
0
0
0
0
0
0
0
0
0
0
0
0
0
0
0
0
0
0
1.83767e-07
0
0
0
0
0
0
0
0
0
0
5.72602e-08
3.12699e-07
5.84399e-07
4.91472e-07
3.66028e-07
2.24016e-08
3.29972e-08
0
0
0
0
0
0
0
0
0
0
0
0
0
0
0
0
0
0
0
0
1.82928e-07
5.99294e-07
1.0366e-06
1.47767e-06
1.91847e-06
2.32108e-06
2.66066e-06
2.88777e-06
2.92721e-06
2.74341e-06
2.32711e-06
1.73978e-06
1.06691e-06
4.67641e-07
1.40373e-07
1.96918e-07
5.49606e-07
9.8988e-07
1.55419e-06
2.53787e-06
3.78663e-06
4.07268e-06
2.8085e-06
1.33283e-06
2.59936e-07
0
0
0
0
0
0
0
0
0
0
6.47146e-08
0
0
0
2.94193e-06
5.7091e-06
5.82202e-06
4.19274e-06
2.2918e-06
9.94897e-07
3.29099e-07
8.59992e-08
6.47499e-08
1.3473e-07
2.15669e-07
2.64097e-07
2.69296e-07
2.51959e-07
2.4609e-07
2.70962e-07
3.10752e-07
3.40354e-07
3.45721e-07
3.19729e-07
2.77389e-07
2.40059e-07
2.26597e-07
2.4918e-07
3.1954e-07
4.45303e-07
6.41873e-07
9.36505e-07
1.36045e-06
1.94575e-06
2.70779e-06
3.63745e-06
4.39184e-06
3.39068e-06
0
0
0
0
0
0
0
0
0
0
0
0
0
0
0
0
0
0
0
0
0
0
0
0
0
0
0
0
0
0
0
0
0
0
0
0
2.50276e-08
6.21957e-08
5.54945e-08
1.25906e-08
0
0
0
0
0
0
0
0
0
0
0
0
0
0
0
0
0
0
0
0
0
0
0
0
0
0
0
0
0
0
0
0
0
0
0
0
0
0
4.38122e-07
6.52768e-07
8.16779e-07
1.0143e-06
1.27281e-06
1.29054e-06
1.073e-06
5.50396e-07
9.50185e-08
0
0
0
0
0
0
0
0
0
0
0
0
0
0
0
0
0
0
0
0
0
3.29947e-07
8.02629e-07
1.25004e-06
1.65793e-06
2.01722e-06
2.32562e-06
2.56078e-06
2.70029e-06
2.66246e-06
2.44508e-06
2.11707e-06
1.90112e-06
1.90509e-06
2.14956e-06
2.54752e-06
2.86086e-06
3.10801e-06
4.12817e-06
6.68223e-06
9.56208e-06
1.00675e-05
8.06999e-06
6.65487e-06
5.43964e-06
3.04671e-06
5.62079e-07
0
0
0
0
0
0
0
0
0
0
0
0
2.90809e-06
5.75441e-06
6.71817e-06
5.51533e-06
3.05418e-06
1.12469e-06
2.46385e-07
5.53771e-09
3.66199e-08
1.51352e-07
2.59626e-07
3.10277e-07
2.86554e-07
2.02993e-07
1.11967e-07
4.97227e-08
1.80605e-08
4.65416e-09
7.08879e-10
7.39286e-09
3.274e-08
8.60928e-08
1.76194e-07
3.13661e-07
5.09583e-07
7.65665e-07
1.07971e-06
1.41228e-06
1.69963e-06
1.82786e-06
1.76605e-06
1.433e-06
6.80102e-07
0
0
0
0
0
1.79154e-07
2.80169e-07
2.21616e-07
6.3366e-08
0
0
0
0
0
0
0
0
0
0
0
0
0
0
0
0
0
0
0
0
0
0
0
0
0
0
0
0
0
2.53485e-08
3.17262e-08
0
0
0
0
0
0
0
0
0
0
0
0
0
0
0
0
0
0
0
0
0
0
0
0
5.66092e-07
8.75603e-07
7.15901e-07
6.25759e-08
0
0
0
0
0
0
0
0
0
2.04375e-07
5.04341e-07
1.07247e-06
2.63727e-06
2.37793e-06
1.93294e-06
1.83874e-06
1.72559e-06
1.48788e-06
9.29109e-07
2.65357e-07
0
0
0
0
0
0
0
0
0
0
0
0
0
0
0
0
0
0
0
0
0
0
3.121e-07
6.52491e-07
9.57258e-07
1.23369e-06
1.48777e-06
1.73138e-06
1.96199e-06
2.32423e-06
2.91635e-06
3.91546e-06
5.13187e-06
6.49545e-06
7.83553e-06
8.76527e-06
8.91099e-06
8.16528e-06
7.82821e-06
1.01535e-05
1.37676e-05
1.35498e-05
1.0591e-05
9.72166e-06
1.07634e-05
1.09505e-05
1.00908e-05
8.14394e-06
5.3773e-06
4.04486e-06
1.88517e-06
0
0
0
0
0
0
0
0
1.73442e-06
3.72354e-06
4.93019e-06
5.38063e-06
3.79236e-06
1.31559e-06
2.82228e-07
6.80425e-08
1.21922e-07
2.42775e-07
3.40274e-07
3.4657e-07
2.36809e-07
5.02181e-08
0
0
0
0
0
0
1.03397e-07
2.34224e-07
3.90769e-07
5.71098e-07
7.59602e-07
9.00557e-07
9.50036e-07
8.91162e-07
7.3178e-07
4.86404e-07
1.29615e-07
0
0
0
0
8.18409e-07
1.85643e-06
2.28369e-06
2.32292e-06
2.16938e-06
1.89257e-06
1.54888e-06
1.16281e-06
7.60624e-07
3.70293e-07
2.56903e-08
0
0
0
0
0
0
0
0
0
0
0
0
0
0
0
0
0
0
0
0
0
0
0
0
0
0
0
0
0
0
0
0
0
0
0
0
0
0
0
0
0
0
1.1067e-07
0
0
0
0
0
0
0
3.55943e-07
1.32637e-06
1.63851e-06
1.54301e-06
9.93235e-07
0
0
7.50393e-08
0
0
0
0
0
0
5.95289e-07
7.82426e-07
7.50631e-07
1.05035e-06
2.26514e-06
2.74512e-06
2.32237e-06
1.95936e-06
1.62687e-06
1.04792e-06
3.80028e-07
0
0
0
0
0
0
0
0
0
0
0
0
0
0
0
0
0
0
0
8.89354e-08
2.80291e-07
2.48411e-07
1.3422e-07
9.97654e-08
2.47777e-07
5.85261e-07
1.04041e-06
1.53184e-06
2.00323e-06
2.44653e-06
2.84103e-06
3.2283e-06
3.64712e-06
4.35359e-06
5.37639e-06
6.56864e-06
7.17836e-06
6.99973e-06
6.13566e-06
5.57994e-06
6.37074e-06
5.71541e-06
3.5531e-06
2.91517e-06
3.74194e-06
3.90127e-06
3.78665e-06
4.35806e-06
5.3727e-06
6.31563e-06
6.03743e-06
2.37168e-06
0
0
2.32776e-06
0
0
0
0
9.16134e-07
2.17585e-06
2.46736e-06
2.84036e-06
4.47689e-06
3.12817e-06
8.56818e-07
1.96511e-07
7.83912e-08
1.58416e-07
2.81397e-07
3.35561e-07
2.57464e-07
4.35311e-08
0
0
0
0
4.76163e-08
1.94568e-07
3.36013e-07
4.49463e-07
5.14003e-07
5.11188e-07
4.60117e-07
3.89044e-07
3.094e-07
2.0717e-07
6.49331e-08
0
0
0
0
1.0633e-07
9.57426e-07
1.51536e-06
1.66308e-06
1.56405e-06
1.37201e-06
1.14659e-06
9.05694e-07
6.86578e-07
5.21199e-07
4.14549e-07
3.35511e-07
2.3763e-07
7.84188e-08
0
0
0
0
0
0
0
0
0
0
0
0
0
0
0
0
0
0
0
0
0
0
0
0
0
0
0
0
0
0
0
0
0
0
0
0
4.08496e-08
9.8702e-10
0
0
1.21528e-07
4.04449e-07
5.67537e-07
4.43351e-07
4.7196e-07
7.45219e-07
9.77882e-07
9.79571e-07
8.46282e-07
6.29904e-07
7.51782e-07
1.07041e-06
1.18515e-06
9.4014e-07
6.49202e-08
0
5.79266e-07
8.32056e-07
6.92688e-07
1.01678e-07
1.61524e-07
4.28164e-07
6.61549e-07
1.21417e-06
1.09875e-06
8.00156e-07
7.16963e-07
8.7149e-07
1.55019e-06
2.279e-06
2.10394e-06
1.59016e-06
8.89772e-07
2.65949e-07
0
0
0
0
0
0
0
0
0
0
0
0
0
0
0
3.89361e-07
2.21272e-06
4.03004e-06
5.32588e-06
5.49941e-06
4.23104e-06
1.79191e-06
0
0
0
0
0
0
9.86166e-07
1.77966e-06
2.11289e-06
2.16306e-06
2.19699e-06
2.09319e-06
2.02496e-06
1.93829e-06
2.09712e-06
2.3913e-06
2.66424e-06
2.6126e-06
1.90807e-06
1.72302e-06
9.84908e-07
0
0
0
0
0
0
0
2.77379e-06
5.49309e-06
1.02615e-05
5.07592e-06
9.23094e-07
0
0
0
0
6.141e-07
1.26443e-06
8.18559e-07
2.98108e-07
6.40198e-07
3.79217e-06
1.70402e-06
0
0
0
1.69363e-07
3.71079e-07
3.83848e-07
1.42771e-07
0
0
0
3.57471e-08
2.10264e-07
3.51105e-07
3.98542e-07
3.4325e-07
2.26436e-07
1.2599e-07
8.26829e-08
9.93752e-08
1.49517e-07
2.04716e-07
2.45094e-07
2.73924e-07
3.26151e-07
4.43125e-07
5.62117e-07
4.71205e-07
9.50665e-08
0
0
0
0
0
0
0
0
0
0
0
0
0
0
0
0
0
0
0
0
0
0
0
0
0
0
0
0
0
0
0
0
0
0
0
0
0
0
0
0
0
0
0
0
0
0
0
2.29501e-07
3.95638e-07
4.65462e-07
4.87076e-07
5.21727e-07
6.92001e-07
1.08117e-06
1.44195e-06
1.44061e-06
1.49594e-06
1.82179e-06
2.17994e-06
2.18877e-06
1.95789e-06
1.43167e-06
2.1687e-07
0
0
0
0
0
0
3.69405e-08
3.11304e-07
1.03805e-06
9.11627e-07
8.34748e-07
9.13697e-07
1.10105e-06
1.7927e-06
1.08008e-06
7.94531e-07
7.47087e-07
7.22903e-07
9.95403e-07
1.75322e-06
1.33995e-06
5.26481e-07
2.56507e-08
0
0
0
0
0
0
0
0
0
0
0
0
0
6.13848e-07
3.18885e-06
6.52236e-06
1.04215e-05
1.453e-05
1.79462e-05
1.88273e-05
1.49257e-05
5.21784e-06
0
0
0
0
0
0
0
0
7.31206e-07
8.66804e-07
1.1957e-06
1.54792e-06
1.53286e-06
1.25139e-06
1.01437e-06
8.89852e-07
1.09392e-06
1.45352e-06
1.49906e-06
1.79399e-06
2.45563e-06
3.3547e-07
0
0
0
0
0
0
0
0
7.80872e-06
6.30832e-07
0
0
0
0
0
4.28037e-07
7.25825e-07
3.2e-07
0
0
1.26955e-06
2.72317e-06
0
0
0
7.5291e-08
4.02503e-07
5.14869e-07
2.4767e-07
0
0
0
1.57167e-08
2.18648e-07
3.61926e-07
3.70592e-07
2.83382e-07
1.88202e-07
1.54523e-07
2.21138e-07
3.66567e-07
5.44326e-07
6.96032e-07
7.64574e-07
6.60897e-07
3.13815e-07
0
0
0
0
0
0
0
0
0
0
0
0
0
0
0
0
0
0
0
0
0
0
0
0
0
0
0
0
0
0
0
0
0
0
0
0
0
0
0
0
0
0
3.64893e-08
1.58108e-07
1.69088e-07
1.00554e-07
4.08018e-08
9.1554e-08
2.98089e-07
5.984e-07
9.27457e-07
1.26333e-06
1.56824e-06
1.77703e-06
1.96326e-06
2.12531e-06
2.27126e-06
2.53095e-06
2.81882e-06
2.85557e-06
2.76286e-06
2.85388e-06
3.02442e-06
2.93913e-06
2.49816e-06
1.95393e-06
9.16555e-07
0
0
0
0
0
0
0
0
2.18446e-07
1.15926e-06
1.35477e-06
1.11601e-06
1.04763e-06
1.21725e-06
1.76572e-06
1.05588e-06
9.12033e-07
8.43854e-07
6.60506e-07
8.99532e-07
5.63692e-07
0
0
0
0
0
0
0
0
0
0
0
0
0
0
1.78831e-06
5.00614e-06
9.36484e-06
1.51916e-05
2.28503e-05
3.25718e-05
4.46557e-05
5.71154e-05
6.07503e-05
2.44344e-05
0
0
0
0
0
0
0
0
1.23469e-06
5.03524e-07
0
0
4.92786e-07
1.34765e-06
1.14517e-06
7.62557e-07
4.66238e-07
2.02625e-07
0
0
0
0
0
0
0
0
0
0
0
0
2.4408e-06
0
0
0
0
0
0
2.22896e-07
5.35858e-07
3.54497e-07
0
0
1.26659e-06
3.89602e-06
0
0
0
2.42227e-08
3.94384e-07
6.22747e-07
3.12678e-07
0
0
0
0
3.01605e-07
5.72166e-07
6.70422e-07
6.36845e-07
4.90473e-07
3.78321e-07
3.69569e-07
4.53979e-07
5.68258e-07
5.77435e-07
2.63362e-07
0
0
0
0
0
0
0
0
0
0
0
0
0
0
0
0
0
0
0
0
0
0
0
0
0
0
0
0
0
0
0
0
0
0
0
0
0
0
0
0
3.25363e-08
7.2515e-08
7.7134e-08
8.71084e-08
1.61509e-07
5.08174e-07
1.03845e-06
1.4182e-06
1.66076e-06
1.83524e-06
2.04539e-06
2.23575e-06
2.37937e-06
2.48417e-06
2.54233e-06
2.58335e-06
2.74503e-06
3.27006e-06
3.60939e-06
3.73164e-06
3.78423e-06
3.75593e-06
3.60566e-06
3.46369e-06
3.39211e-06
3.2319e-06
2.71208e-06
2.17729e-06
1.46268e-06
6.60049e-08
0
0
0
0
0
2.50462e-08
0
1.17495e-08
3.22926e-07
1.15545e-06
1.33994e-06
1.14087e-06
1.03765e-06
1.14717e-06
1.44075e-06
1.15208e-06
1.11274e-06
9.91719e-07
1.0619e-06
0
0
0
0
0
0
0
0
0
0
0
0
0
0
2.04673e-06
5.24572e-06
9.58481e-06
1.54633e-05
2.3285e-05
3.27589e-05
4.16894e-05
4.42009e-05
3.45493e-05
1.19511e-05
0
0
0
0
0
0
0
0
0
1.74303e-06
2.74355e-06
2.32502e-07
0
0
0
8.33343e-07
8.82718e-07
4.63156e-07
1.75165e-07
0
0
0
0
0
0
0
0
0
0
0
3.95024e-06
1.12675e-05
0
0
0
0
0
0
6.44041e-08
7.95731e-07
9.99122e-07
5.31987e-07
2.69528e-07
2.29609e-06
5.81184e-06
1.2506e-06
0
0
0
3.07916e-07
5.94268e-07
3.77277e-07
0
0
0
1.55132e-08
6.73671e-07
1.07013e-06
1.11223e-06
8.85661e-07
5.35551e-07
1.94298e-07
0
0
0
0
0
0
0
0
0
0
0
0
1.7624e-07
1.93843e-06
2.14406e-06
1.76038e-06
1.21412e-06
6.47672e-07
3.11617e-08
0
0
0
0
0
0
0
0
0
0
0
0
0
0
0
0
0
0
0
0
0
0
0
0
8.34235e-08
1.48076e-07
1.90808e-07
2.15719e-07
2.12326e-07
2.01528e-07
2.23289e-07
3.09088e-07
4.97722e-07
7.61508e-07
9.45955e-07
1.07585e-06
1.16886e-06
1.21559e-06
1.23783e-06
1.22636e-06
1.1852e-06
1.14518e-06
1.23313e-06
1.72017e-06
2.5315e-06
2.87645e-06
2.89147e-06
2.91255e-06
3.1367e-06
3.27237e-06
3.23237e-06
3.10677e-06
2.70957e-06
2.20906e-06
1.71801e-06
8.44534e-07
0
0
0
0
0
1.44659e-07
9.72793e-08
5.63269e-08
1.54216e-07
4.0637e-07
9.44033e-07
1.24201e-06
1.22175e-06
1.17869e-06
1.17633e-06
1.15309e-06
1.15626e-06
1.05471e-06
5.90222e-07
0
0
0
0
0
0
0
0
0
0
0
0
0
8.00397e-07
2.74589e-06
5.13829e-06
7.83231e-06
1.04308e-05
1.16834e-05
9.50986e-06
2.67879e-06
0
0
0
0
0
0
0
0
0
0
0
0
0
2.10161e-06
2.0875e-06
0
0
0
0
7.3092e-07
4.97021e-07
1.79327e-07
4.52895e-08
0
0
0
6.39084e-07
1.90523e-06
4.64035e-06
7.91131e-06
7.14933e-06
5.26864e-06
6.34606e-06
1.25626e-05
1.92599e-05
8.38196e-06
1.41059e-06
7.30423e-07
0
0
0
0
1.77129e-06
2.57046e-06
2.27855e-06
1.845e-06
3.18072e-06
2.17374e-06
0
0
5.69986e-08
1.06239e-07
2.29851e-07
4.59926e-07
4.009e-07
0
0
0
3.58204e-09
8.06473e-07
1.23037e-06
1.14013e-06
6.26659e-07
0
0
0
0
0
0
0
0
0
0
0
0
0
1.75736e-07
2.89061e-06
3.27538e-06
2.82834e-06
2.13107e-06
1.4021e-06
8.90756e-07
6.26205e-07
3.59106e-07
0
0
0
0
0
0
0
0
0
0
0
0
0
0
0
0
0
0
0
0
0
0
0
3.49925e-07
4.94e-07
5.05152e-07
4.57574e-07
3.9045e-07
3.21664e-07
2.79795e-07
2.73247e-07
3.0682e-07
3.57322e-07
4.19956e-07
4.71027e-07
5.24897e-07
5.65806e-07
5.79533e-07
5.69629e-07
5.43805e-07
5.09039e-07
5.14678e-07
7.02687e-07
1.19687e-06
1.51648e-06
1.5797e-06
1.58282e-06
1.87536e-06
2.41583e-06
2.67008e-06
2.6945e-06
2.5236e-06
2.12717e-06
1.79105e-06
1.30097e-06
2.74649e-07
0
0
1.54752e-07
1.64867e-07
1.56808e-07
1.56229e-07
1.15936e-07
1.21874e-07
1.89903e-07
3.33155e-07
6.50805e-07
9.39707e-07
1.18674e-06
1.41321e-06
1.2463e-06
7.88482e-07
6.14083e-07
0
0
0
0
0
0
0
0
0
0
0
0
0
0
0
0
0
0
0
0
0
0
0
0
0
0
0
0
0
0
0
0
0
0
0
1.14711e-06
1.86972e-06
5.63996e-08
0
0
0
8.65232e-07
5.28629e-07
1.67829e-07
2.85051e-08
0
0
0
0
4.58186e-07
3.73758e-06
1.07773e-05
1.48399e-05
1.25314e-05
9.55601e-06
7.04823e-06
6.35441e-06
5.76231e-06
4.13458e-06
2.37722e-06
6.80094e-07
0
0
0
2.20282e-06
5.50931e-06
5.79804e-06
3.9809e-06
3.00697e-07
0
0
0
0
1.22482e-07
2.47445e-07
3.38172e-07
3.42548e-07
0
0
0
0
5.55085e-07
8.66386e-07
6.57263e-07
9.60489e-08
0
0
0
0
0
0
0
0
0
0
0
0
0
0
8.60143e-07
1.653e-06
1.95599e-06
1.64185e-06
9.31165e-07
2.99693e-07
6.35769e-08
1.3831e-07
9.32812e-08
0
0
0
0
0
6.98238e-08
0
0
0
0
0
0
0
0
0
0
0
0
0
0
0
0
5.45656e-07
9.10258e-07
9.82618e-07
8.76177e-07
7.02805e-07
5.31872e-07
3.95496e-07
3.17612e-07
2.87903e-07
2.92759e-07
3.05741e-07
3.31582e-07
3.89375e-07
4.37271e-07
4.55822e-07
4.51541e-07
4.31811e-07
3.96746e-07
3.66215e-07
4.24977e-07
6.6517e-07
8.35135e-07
8.70821e-07
8.43101e-07
9.61069e-07
1.50698e-06
2.04277e-06
2.26194e-06
2.26132e-06
2.00514e-06
1.77112e-06
1.51337e-06
9.93645e-07
2.79114e-08
0
3.07265e-07
8.25704e-08
1.44697e-08
5.71194e-08
3.72622e-08
0
0
1.00801e-07
2.38963e-07
3.42635e-07
4.45399e-07
5.93385e-07
7.08582e-07
5.78863e-07
3.04865e-07
0
0
0
0
0
0
0
2.54493e-08
7.3807e-07
1.00317e-06
8.58212e-07
4.49068e-07
0
0
0
0
0
0
0
0
0
0
0
0
0
0
0
0
0
0
0
0
6.88699e-07
1.1996e-07
4.39329e-07
1.68261e-06
2.04826e-06
7.44047e-07
0
0
8.79298e-07
1.05618e-06
4.62223e-07
9.07834e-08
0
0
0
0
0
0
0
2.53179e-06
8.30238e-06
1.01842e-05
8.44395e-06
4.68762e-06
9.15833e-07
0
0
0
0
0
0
0
0
0
0
0
0
0
0
0
0
0
3.25788e-08
2.6724e-07
3.03595e-07
3.7006e-08
0
0
0
3.23031e-09
7.05086e-07
4.86538e-07
0
0
0
0
0
2.71717e-07
1.16325e-06
1.42737e-06
1.22404e-06
9.3389e-07
4.36979e-07
0
0
0
0
0
2.76508e-07
1.47413e-06
1.72124e-06
1.0913e-06
2.95794e-07
0
0
0
0
0
0
0
3.28614e-08
2.28014e-07
0
0
0
1.66347e-07
0
0
0
0
0
0
0
0
0
0
0
0
6.54884e-07
1.40207e-06
1.6003e-06
1.45664e-06
1.1605e-06
8.49745e-07
5.93999e-07
4.16138e-07
3.23656e-07
2.95452e-07
2.94137e-07
3.03333e-07
3.34806e-07
4.00098e-07
4.41452e-07
4.59982e-07
4.64501e-07
4.53078e-07
4.26185e-07
4.37666e-07
5.50355e-07
5.9762e-07
5.83104e-07
5.26841e-07
5.12491e-07
8.31149e-07
1.42834e-06
1.83664e-06
1.96838e-06
1.83292e-06
1.67375e-06
1.54962e-06
1.34412e-06
9.17944e-07
3.83285e-07
2.33362e-07
0
0
0
0
0
0
0
1.57325e-07
1.85327e-07
1.70859e-07
1.79139e-07
2.03965e-07
2.0342e-07
0
0
0
0
0
0
2.17286e-07
2.48922e-07
2.65657e-07
1.17448e-06
1.92954e-06
1.93188e-06
1.55514e-06
1.00577e-06
2.60256e-07
0
0
0
0
0
0
0
0
0
0
0
0
0
0
0
0
2.83239e-06
3.96811e-06
3.51568e-06
2.07079e-06
1.35805e-06
1.65783e-06
1.69563e-06
6.68055e-07
0
0
1.31504e-06
8.85046e-07
2.27731e-07
0
0
0
0
0
0
0
0
0
1.35115e-06
4.86092e-06
5.46554e-06
3.12494e-06
0
0
0
0
0
0
0
0
0
0
0
0
0
0
0
0
0
0
0
0
1.59672e-07
1.55111e-07
0
0
0
0
2.91596e-07
8.43599e-07
3.6414e-07
0
0
0
0
1.12365e-06
2.48109e-06
3.1359e-06
2.63674e-06
1.10447e-06
0
0
0
0
0
0
3.35352e-07
1.5458e-06
1.95888e-06
1.54485e-06
7.89391e-07
1.30621e-07
0
0
0
0
0
0
0
2.64127e-07
0
0
2.09497e-07
5.51827e-07
0
0
0
0
0
0
0
0
0
0
0
0
1.36216e-07
1.90783e-06
2.40566e-06
2.21408e-06
1.76289e-06
1.27563e-06
8.70699e-07
5.80208e-07
4.0476e-07
3.29313e-07
3.10949e-07
3.13838e-07
3.28602e-07
3.68888e-07
4.10048e-07
4.38709e-07
4.61293e-07
4.87949e-07
5.25912e-07
6.05595e-07
6.69467e-07
6.16102e-07
5.48089e-07
4.6415e-07
3.71138e-07
4.56598e-07
9.30423e-07
1.46689e-06
1.71955e-06
1.66669e-06
1.55405e-06
1.50966e-06
1.45243e-06
1.36645e-06
1.22915e-06
2.37118e-07
0
0
0
0
0
0
0
2.31132e-07
2.59661e-07
1.6595e-07
1.26557e-07
1.71774e-07
2.1354e-07
0
0
0
0
0
0
1.9594e-06
2.19527e-06
1.84864e-06
1.47608e-06
2.26003e-06
2.44089e-06
2.15691e-06
1.72216e-06
1.22816e-06
6.10486e-07
0
0
0
0
0
0
0
0
0
0
0
0
0
4.49323e-07
6.6089e-06
7.72259e-06
6.37208e-06
4.16067e-06
2.11217e-06
1.38684e-06
1.36338e-06
1.25517e-06
7.05635e-07
1.31388e-07
1.07102e-06
1.3509e-06
5.01093e-07
4.76823e-08
0
0
0
0
0
0
0
0
0
0
6.72136e-07
2.57326e-06
2.49818e-06
6.80499e-09
0
0
0
0
0
0
0
0
0
0
0
0
0
0
0
0
0
0
0
0
0
0
0
0
0
0
2.57424e-07
8.20008e-07
2.53304e-07
0
0
0
0
0
0
0
0
0
0
0
0
6.58258e-07
1.5009e-06
2.00362e-06
2.1044e-06
1.88717e-06
1.56059e-06
1.09878e-06
5.36193e-07
3.64534e-08
0
0
0
0
0
0
1.92252e-07
1.86705e-07
2.62539e-07
7.02372e-07
8.97639e-07
0
0
0
0
0
0
0
0
0
0
0
0
0
1.47859e-06
3.30345e-06
3.19351e-06
2.5189e-06
1.80241e-06
1.20763e-06
7.85127e-07
5.22899e-07
3.90038e-07
3.43382e-07
3.35521e-07
3.42642e-07
3.62546e-07
3.77451e-07
3.92185e-07
4.1443e-07
4.53744e-07
5.38647e-07
7.17689e-07
7.90585e-07
7.21492e-07
6.36644e-07
5.48341e-07
4.21093e-07
3.19511e-07
5.65417e-07
1.12117e-06
1.48451e-06
1.50456e-06
1.41028e-06
1.39727e-06
1.41652e-06
1.43265e-06
1.52457e-06
8.25402e-07
0
0
0
0
0
0
0
2.46588e-07
4.75101e-07
3.43337e-07
3.30039e-07
4.40083e-07
2.3202e-07
0
0
0
0
0
0
1.27289e-05
8.99991e-06
4.29722e-06
1.87956e-06
1.72049e-06
2.23024e-06
2.12635e-06
1.80583e-06
1.43799e-06
1.05862e-06
5.92835e-07
0
0
0
0
0
0
0
0
0
0
0
0
1.1179e-05
1.10059e-05
7.96824e-06
5.03617e-06
2.59321e-06
1.46673e-06
1.31665e-06
1.26075e-06
1.14689e-06
1.16794e-06
1.68935e-06
2.11729e-06
1.05678e-06
2.98914e-07
1.13447e-08
0
0
0
0
0
0
0
0
0
0
0
5.94899e-07
1.47872e-06
4.21499e-07
0
0
0
0
0
0
0
0
0
0
0
0
0
0
0
1.04536e-07
0
0
0
0
0
0
0
0
0
0
0
0
4.08844e-07
0
0
0
0
0
0
0
0
0
3.61127e-07
1.72317e-06
3.00993e-06
4.10807e-06
4.76111e-06
4.68689e-06
3.42374e-06
1.97798e-06
1.57176e-06
1.3122e-06
8.49019e-07
2.62078e-07
0
0
0
0
0
0
1.91842e-07
5.54123e-07
8.02642e-07
1.3638e-06
1.34129e-06
6.06281e-07
0
0
0
0
0
0
0
0
0
0
0
0
0
3.34473e-06
4.34591e-06
3.47522e-06
2.44432e-06
1.61718e-06
1.03618e-06
6.76404e-07
4.85335e-07
3.99433e-07
3.70354e-07
3.65107e-07
3.64729e-07
3.60126e-07
3.62637e-07
3.86771e-07
4.34963e-07
5.42142e-07
7.2886e-07
7.82904e-07
7.40501e-07
7.03745e-07
6.90607e-07
6.37523e-07
4.09635e-07
3.74954e-07
8.07887e-07
1.24453e-06
1.33367e-06
1.26303e-06
1.24412e-06
1.27201e-06
1.2966e-06
1.16162e-06
5.45943e-07
0
0
0
0
0
0
0
0
2.08185e-07
0
2.58717e-07
4.60358e-07
4.18302e-07
0
0
0
0
0
0
2.34932e-05
1.13956e-05
4.54004e-06
1.72786e-06
7.61359e-07
1.44138e-06
1.65169e-06
1.47443e-06
1.19419e-06
9.10791e-07
6.32991e-07
3.11514e-07
0
0
0
0
0
0
0
0
0
0
1.55702e-05
1.32587e-05
7.75243e-06
4.65916e-06
2.46987e-06
1.355e-06
1.205e-06
1.33667e-06
1.3906e-06
1.59002e-06
2.81311e-06
3.7455e-06
2.08375e-06
6.63519e-07
1.83398e-07
3.68322e-08
1.90318e-10
0
1.69492e-09
9.52062e-10
0
0
0
0
0
0
0
0
1.3708e-07
0
0
0
0
0
0
0
0
0
0
0
0
0
0
0
0
0
1.42034e-07
5.23456e-08
0
0
0
0
0
0
0
0
0
0
0
0
1.41609e-07
0
0
0
0
0
8.4235e-07
2.08806e-06
3.09373e-06
4.14856e-06
5.39568e-06
6.60106e-06
7.58585e-06
7.69661e-06
4.76813e-06
2.12503e-06
1.89197e-06
1.62626e-06
1.11824e-06
4.76862e-07
0
0
0
0
0
0
4.17033e-07
1.07136e-06
1.59341e-06
2.40229e-06
2.46253e-06
2.36445e-06
3.99739e-07
0
2.70433e-07
3.61493e-06
4.40631e-06
0
0
0
0
0
0
0
0
9.50373e-08
5.15153e-06
4.62667e-06
3.21654e-06
2.08162e-06
1.29422e-06
8.14588e-07
5.62201e-07
4.49939e-07
4.05722e-07
3.87451e-07
3.7039e-07
3.48846e-07
3.35587e-07
3.5517e-07
4.15876e-07
5.39045e-07
7.11938e-07
7.30705e-07
6.78628e-07
6.78153e-07
7.71749e-07
9.02437e-07
7.00244e-07
4.01324e-07
5.73315e-07
9.90025e-07
1.14462e-06
1.10672e-06
1.06656e-06
1.06146e-06
1.0649e-06
6.66141e-07
0
0
0
0
0
0
0
0
0
0
0
3.09055e-07
5.45239e-07
5.2097e-07
0
0
0
0
0
0
1.92144e-05
1.02953e-05
5.76262e-06
2.51576e-06
9.11233e-07
3.89784e-07
8.08504e-07
8.67351e-07
7.30755e-07
5.54748e-07
3.89922e-07
2.2841e-07
3.77412e-08
0
0
0
0
0
0
0
0
3.94007e-07
4.08617e-06
3.81794e-06
2.55503e-06
1.68671e-06
1.08395e-06
9.74268e-07
1.36767e-06
1.79322e-06
2.18374e-06
3.7756e-06
6.45009e-06
4.10752e-06
1.41121e-06
4.69354e-07
1.70781e-07
7.41479e-08
4.68306e-08
4.02168e-08
3.67869e-08
3.18551e-08
2.35403e-08
1.12214e-08
0
0
0
0
0
0
0
0
0
0
0
0
0
0
0
0
0
0
0
0
0
0
0
0
1.29154e-08
1.64272e-07
1.33337e-07
0
0
0
0
0
0
0
0
0
0
0
0
9.28777e-07
2.05059e-06
2.9808e-06
3.36012e-06
3.56972e-06
3.9311e-06
4.30378e-06
4.66637e-06
5.41333e-06
6.55245e-06
7.83419e-06
9.18393e-06
9.22184e-06
3.93505e-06
1.90001e-06
2.01122e-06
1.78846e-06
1.24474e-06
6.60612e-07
2.83555e-07
0
0
0
0
0
9.6431e-07
1.81559e-06
2.85887e-06
3.99428e-06
4.2565e-06
4.7304e-06
2.50109e-06
2.65292e-06
6.89779e-06
6.20233e-06
1.96244e-06
0
0
0
0
0
0
0
0
0
4.18611e-06
5.84018e-06
4.1659e-06
2.66923e-06
1.66284e-06
1.03241e-06
6.88572e-07
5.27426e-07
4.57057e-07
4.20085e-07
3.85075e-07
3.50805e-07
3.27216e-07
3.2938e-07
3.75633e-07
4.85968e-07
6.4631e-07
6.66565e-07
6.20898e-07
6.49247e-07
8.2e-07
1.07557e-06
1.00215e-06
6.09896e-07
4.67905e-07
7.3493e-07
9.2687e-07
9.31873e-07
8.72324e-07
8.0697e-07
7.73056e-07
2.3885e-07
0
0
0
0
0
0
0
0
0
0
0
6.10403e-07
7.66256e-07
5.89666e-07
6.60568e-08
0
0
0
0
0
1.76716e-05
4.7441e-06
2.79552e-06
2.06482e-06
1.46362e-06
4.15228e-07
0
0
4.29004e-08
5.59597e-08
4.7416e-08
1.24541e-08
0
0
0
0
0
0
0
0
0
4.58034e-07
8.42032e-07
8.70071e-07
8.63087e-07
8.70557e-07
8.82036e-07
1.32374e-06
2.11636e-06
2.94372e-06
4.99282e-06
1.03088e-05
7.98762e-06
2.60019e-06
8.56299e-07
3.31421e-07
1.54696e-07
9.90725e-08
8.53806e-08
7.63433e-08
6.54559e-08
5.49279e-08
4.38883e-08
3.2433e-08
1.97788e-08
5.5502e-09
0
0
0
0
0
0
0
0
0
0
0
0
0
0
0
0
0
0
0
0
0
0
0
3.6189e-08
1.77631e-07
1.67399e-07
0
0
0
0
0
0
0
0
0
0
0
0
7.94458e-07
2.2139e-06
3.21485e-06
3.70221e-06
3.94096e-06
4.06034e-06
4.28592e-06
4.89864e-06
5.8886e-06
7.12284e-06
8.16626e-06
7.78654e-06
1.02777e-06
1.60982e-06
1.98738e-06
1.58758e-06
9.19597e-07
5.69602e-07
3.34073e-07
0
0
0
0
3.89764e-07
1.83309e-06
2.95368e-06
4.697e-06
5.95612e-06
5.95802e-06
6.12134e-06
5.98417e-06
9.10789e-06
4.98076e-06
3.45164e-07
0
0
0
0
0
0
0
0
0
0
0
6.57348e-06
5.194e-06
3.26752e-06
1.97258e-06
1.19662e-06
7.74982e-07
5.71354e-07
4.77905e-07
4.29155e-07
3.94665e-07
3.67065e-07
3.46055e-07
3.37599e-07
3.51343e-07
4.14993e-07
5.37744e-07
6.00049e-07
5.90622e-07
6.57894e-07
9.00281e-07
1.16639e-06
1.17033e-06
8.53853e-07
4.93503e-07
5.21577e-07
6.88838e-07
7.27732e-07
6.62793e-07
5.59472e-07
4.73487e-07
2.26486e-07
0
0
0
0
0
0
0
0
0
0
0
0
3.80092e-07
3.60459e-07
0
4.6288e-08
0
0
0
0
1.06854e-05
9.70196e-07
0
0
4.43342e-07
6.33969e-07
0
0
0
0
0
0
0
0
0
0
0
0
0
1.08044e-07
3.33375e-07
5.05203e-07
5.68058e-07
6.02571e-07
7.79769e-07
9.93839e-07
1.41215e-06
2.41038e-06
3.71999e-06
6.6318e-06
1.37192e-05
1.33796e-05
4.5145e-06
1.40769e-06
5.49715e-07
2.53691e-07
1.51297e-07
1.26424e-07
1.17777e-07
9.9633e-08
8.03404e-08
6.71861e-08
5.66996e-08
4.47436e-08
3.12568e-08
1.61729e-08
1.04478e-09
0
0
0
0
0
0
0
0
0
0
0
0
0
0
0
0
0
0
0
0
0
0
0
3.53431e-08
1.71579e-07
1.50681e-07
0
0
0
0
0
0
0
0
0
0
0
0
0
7.43977e-07
1.51424e-06
2.13744e-06
2.54437e-06
2.88916e-06
3.37611e-06
3.95945e-06
4.13214e-06
4.33117e-06
1.08285e-06
2.99553e-07
1.63392e-06
1.56173e-06
9.6094e-07
5.63661e-07
3.8841e-07
1.38965e-07
0
0
0
2.33935e-08
1.67741e-06
2.92759e-06
4.54743e-06
6.83256e-06
7.8757e-06
7.24103e-06
6.40309e-06
6.20971e-06
0
0
0
0
0
0
0
0
0
0
0
0
0
0
6.06696e-06
6.25243e-06
4.01831e-06
2.42961e-06
1.46765e-06
9.29106e-07
6.53557e-07
5.15544e-07
4.46649e-07
4.15859e-07
4.01728e-07
3.93203e-07
3.75083e-07
3.58576e-07
3.69441e-07
4.2806e-07
4.89348e-07
5.35552e-07
6.76128e-07
9.81983e-07
1.20648e-06
1.2223e-06
1.00992e-06
5.93929e-07
3.86267e-07
4.62887e-07
5.00605e-07
4.39867e-07
3.45728e-07
2.47879e-07
1.43751e-07
8.59684e-08
0
6.72146e-09
3.33091e-07
2.83907e-07
0
0
0
0
0
0
0
0
0
0
0
7.52072e-08
0
0
0
1.69792e-05
0
0
0
0
0
0
0
0
0
0
0
0
0
0
0
0
0
1.41156e-07
4.04073e-07
5.58536e-07
5.43572e-07
4.34063e-07
5.36017e-07
9.70018e-07
1.64059e-06
2.88748e-06
4.67617e-06
8.69725e-06
1.37339e-05
1.40631e-05
6.9518e-06
2.08898e-06
7.98879e-07
3.67496e-07
2.06583e-07
1.62384e-07
1.5488e-07
1.39704e-07
1.12199e-07
8.78403e-08
7.48334e-08
6.6076e-08
5.5554e-08
4.10725e-08
2.33809e-08
4.38202e-09
0
0
0
0
0
0
0
0
0
0
0
0
0
0
0
0
0
0
0
0
0
7.96968e-08
1.06037e-08
0
7.59656e-09
1.39263e-07
1.00241e-07
0
0
0
0
0
0
0
0
0
0
0
0
0
8.09103e-08
7.90234e-07
1.20184e-06
1.32076e-06
1.21838e-06
1.001e-06
9.30554e-07
1.06488e-06
7.22517e-07
1.08735e-06
1.31413e-06
8.75684e-07
4.89675e-07
3.14281e-07
2.34052e-07
0
0
0
3.6138e-07
1.72513e-06
3.01279e-06
4.18058e-06
6.44341e-06
8.83137e-06
9.42312e-06
8.44552e-06
8.08537e-06
8.25319e-06
3.7275e-06
0
0
0
0
0
0
0
0
0
0
0
0
0
3.24314e-06
7.02554e-06
4.73682e-06
2.84044e-06
1.68311e-06
1.03669e-06
7.03322e-07
5.34493e-07
4.53037e-07
4.24333e-07
4.21063e-07
4.24013e-07
4.1843e-07
3.88018e-07
3.56697e-07
3.56877e-07
3.93941e-07
4.75987e-07
6.86775e-07
1.00575e-06
1.19877e-06
1.20557e-06
1.06198e-06
6.97109e-07
3.27738e-07
2.70594e-07
2.77799e-07
2.27571e-07
1.64741e-07
9.58152e-08
0
5.16333e-07
7.20717e-07
5.76807e-07
7.05752e-07
6.35597e-07
1.36517e-08
0
0
0
0
0
0
0
0
0
0
0
5.07629e-08
0
0
7.96578e-06
0
0
0
0
0
0
0
0
0
0
0
0
0
0
0
0
0
0
0
3.23013e-07
7.48476e-07
1.09849e-06
1.50445e-06
2.19902e-06
3.54814e-06
6.10483e-06
9.69994e-06
1.07509e-05
1.03741e-05
7.6379e-06
2.66407e-06
1.00745e-06
4.69409e-07
2.57379e-07
1.89397e-07
1.79931e-07
1.70894e-07
1.47885e-07
1.16417e-07
9.26173e-08
7.94593e-08
7.08761e-08
6.17045e-08
4.7773e-08
2.75158e-08
5.62894e-09
0
0
0
0
0
0
0
0
0
0
0
0
0
0
0
0
0
0
0
0
0
1.26254e-07
1.06242e-07
0
0
0
8.19503e-08
4.4731e-08
0
0
0
0
0
0
0
0
0
0
0
0
0
0
0
0
0
1.12299e-08
3.23969e-07
3.01303e-07
1.21489e-06
3.08174e-06
1.2594e-06
4.48147e-07
1.7466e-07
1.55241e-07
1.88337e-07
1.16492e-08
0
8.54531e-07
2.24115e-06
3.30563e-06
4.22195e-06
5.52303e-06
8.2904e-06
1.02808e-05
1.03065e-05
9.20484e-06
8.74818e-06
8.94219e-06
9.42603e-06
0
0
0
8.11351e-08
2.67177e-06
1.64914e-06
0
0
0
0
0
0
0
0
7.30332e-06
5.29619e-06
3.14869e-06
1.86356e-06
1.14911e-06
7.66487e-07
5.68013e-07
4.70228e-07
4.35541e-07
4.39384e-07
4.62549e-07
4.71867e-07
4.42412e-07
3.72923e-07
3.23474e-07
3.2966e-07
4.09907e-07
6.41875e-07
9.6512e-07
1.14092e-06
1.13657e-06
1.02787e-06
7.49922e-07
3.18195e-07
1.18665e-07
7.45011e-08
4.42349e-08
1.7443e-08
0
0
1.71421e-07
8.88718e-07
9.06855e-07
8.8514e-07
7.61562e-07
3.57764e-07
0
0
0
0
0
0
0
0
0
0
0
0
0
0
7.81572e-06
5.83216e-07
0
0
0
0
0
0
0
0
0
0
0
0
0
0
0
0
0
3.02187e-07
1.50403e-06
2.99234e-06
4.69222e-06
6.32313e-06
6.00184e-06
4.89519e-06
6.29569e-06
6.90462e-06
6.46458e-06
5.97611e-06
2.72416e-06
1.07228e-06
5.22615e-07
2.90762e-07
2.03531e-07
1.88857e-07
1.86114e-07
1.72604e-07
1.4409e-07
1.11971e-07
9.30458e-08
8.12843e-08
7.35731e-08
6.4138e-08
5.06859e-08
2.97294e-08
5.61649e-09
0
0
0
0
0
0
0
0
0
0
0
0
0
0
0
0
0
0
0
0
0
0
4.66267e-08
2.56542e-08
0
0
0
9.3936e-09
1.53479e-08
0
0
0
0
0
0
0
0
0
0
0
0
0
0
0
0
0
0
0
2.55869e-06
3.43033e-06
1.05306e-06
8.18979e-09
0
6.10153e-08
3.90109e-07
5.94986e-07
1.32898e-06
2.8947e-06
3.94023e-06
4.53733e-06
5.2069e-06
6.82107e-06
9.52186e-06
1.07484e-05
1.02469e-05
8.95919e-06
8.29031e-06
8.10638e-06
8.01044e-06
4.0694e-06
1.78777e-06
1.88277e-06
3.44303e-06
7.14019e-06
5.64034e-06
4.22985e-06
0
0
0
0
0
0
0
6.6265e-06
5.67474e-06
3.48884e-06
2.08649e-06
1.27534e-06
8.24001e-07
5.78962e-07
4.63602e-07
4.36456e-07
4.52449e-07
4.86828e-07
4.96406e-07
4.59373e-07
3.78782e-07
3.06154e-07
2.84138e-07
3.44105e-07
5.54063e-07
8.60737e-07
1.02125e-06
1.00439e-06
9.13748e-07
7.22878e-07
3.18658e-07
8.64141e-10
0
0
0
0
0
7.87913e-08
5.14967e-07
8.67663e-07
8.6141e-07
7.26972e-07
4.46725e-07
0
0
0
0
0
0
0
0
0
0
0
0
0
0
7.54105e-07
3.82006e-07
0
0
0
0
0
0
0
0
0
0
0
0
0
0
0
0
0
0
0
0
0
0
0
0
2.17768e-06
3.31462e-06
4.1505e-06
2.31462e-06
9.84256e-07
5.13317e-07
2.96907e-07
2.03555e-07
1.82878e-07
1.84651e-07
1.79142e-07
1.6475e-07
1.34148e-07
1.05872e-07
8.61716e-08
7.44051e-08
6.80339e-08
6.05041e-08
4.88299e-08
2.84238e-08
4.27932e-09
0
0
0
0
0
0
0
0
0
0
0
0
0
0
0
0
0
0
0
0
0
0
0
0
0
0
0
0
0
4.8973e-08
0
0
0
0
0
0
0
0
0
0
0
0
0
0
0
0
0
0
1.46361e-06
2.00391e-06
3.56823e-08
0
0
0
1.30342e-06
2.55162e-06
4.12473e-06
5.24244e-06
5.60105e-06
5.81616e-06
6.43037e-06
8.42266e-06
1.06343e-05
1.10491e-05
1.01518e-05
8.65874e-06
7.85269e-06
7.26727e-06
6.37354e-06
2.93836e-06
3.86438e-06
5.18977e-06
5.93151e-06
9.35791e-06
7.3338e-06
5.14426e-06
0
0
0
0
0
0
0
4.98776e-06
5.86367e-06
3.65708e-06
2.17851e-06
1.32817e-06
8.47885e-07
5.85569e-07
4.76013e-07
4.65552e-07
4.86288e-07
5.11274e-07
5.18487e-07
4.82538e-07
4.13644e-07
3.33335e-07
2.86605e-07
3.20419e-07
4.95861e-07
7.76592e-07
9.23339e-07
8.99762e-07
8.22441e-07
6.92442e-07
3.33459e-07
0
0
0
0
0
0
7.88971e-08
2.98413e-07
6.44694e-07
7.57682e-07
6.68794e-07
4.45249e-07
4.34026e-08
0
0
0
0
0
0
0
0
0
0
0
0
0
9.84984e-08
2.71918e-08
0
0
0
9.34193e-08
1.14238e-08
0
0
0
0
0
0
0
0
0
0
0
0
0
0
0
0
0
0
0
1.56866e-06
2.85685e-06
1.68891e-06
7.89412e-07
4.38445e-07
2.68156e-07
1.87385e-07
1.65261e-07
1.702e-07
1.72772e-07
1.66082e-07
1.49481e-07
1.19368e-07
9.28263e-08
7.51528e-08
6.47245e-08
5.94422e-08
5.36607e-08
4.44137e-08
2.66196e-08
2.14718e-09
0
0
0
0
0
0
0
0
0
0
0
0
0
0
0
0
0
0
0
0
0
0
0
0
0
0
0
0
0
0
1.47288e-07
8.96479e-08
0
0
0
0
0
0
0
0
0
0
0
0
0
0
0
0
0
0
0
0
0
0
3.796e-06
6.54361e-06
7.41019e-06
7.30589e-06
7.02549e-06
6.98927e-06
7.63961e-06
9.64783e-06
1.08896e-05
1.05992e-05
9.40534e-06
7.90155e-06
7.08532e-06
6.27534e-06
4.8235e-06
1.75137e-06
3.18185e-06
7.95398e-06
9.30846e-06
1.19167e-05
7.79743e-06
2.76931e-06
0
0
0
0
0
0
0
2.21399e-06
5.69077e-06
3.70689e-06
2.22942e-06
1.36998e-06
8.74339e-07
6.07208e-07
4.9386e-07
4.6137e-07
4.71151e-07
4.95107e-07
5.14203e-07
5.05646e-07
4.60566e-07
3.8429e-07
3.19196e-07
3.20156e-07
4.34508e-07
6.52726e-07
7.6343e-07
7.35204e-07
6.77074e-07
5.9101e-07
2.91425e-07
0
0
0
0
0
0
7.82417e-08
1.84739e-07
3.73186e-07
5.40025e-07
5.32012e-07
3.59471e-07
6.60498e-08
0
0
0
0
0
0
0
0
0
0
0
0
0
1.17568e-08
0
0
0
0
2.3975e-08
0
0
0
0
0
0
0
0
0
0
0
0
0
0
0
0
0
0
0
1.04388e-06
1.60242e-06
8.706e-07
4.6668e-07
2.83825e-07
1.93539e-07
1.47354e-07
1.38806e-07
1.45748e-07
1.54236e-07
1.51439e-07
1.43669e-07
1.23339e-07
9.65976e-08
7.55939e-08
6.24259e-08
5.47074e-08
4.98237e-08
4.4116e-08
3.65072e-08
2.19667e-08
0
0
0
0
0
0
0
0
0
0
0
0
0
0
0
0
0
0
0
0
0
0
0
0
0
0
0
0
0
0
0
5.7324e-08
2.95295e-07
3.77469e-07
2.79894e-07
7.03909e-08
0
0
0
0
0
0
0
0
0
0
0
0
0
0
0
0
0
2.09575e-06
3.66419e-06
2.18561e-06
5.77603e-06
8.05915e-06
8.34715e-06
8.25193e-06
8.27625e-06
8.96012e-06
1.04086e-05
1.06504e-05
9.91838e-06
8.5298e-06
7.23684e-06
6.44895e-06
5.51025e-06
3.55501e-06
1.12592e-06
2.16535e-06
1.08093e-05
1.55057e-05
1.83116e-05
8.04824e-06
0
0
0
0
0
0
0
0
0
5.44851e-06
3.81212e-06
2.36864e-06
1.50364e-06
9.74506e-07
6.54845e-07
4.95346e-07
4.52462e-07
4.70998e-07
5.09152e-07
5.35359e-07
5.28281e-07
4.87534e-07
4.22113e-07
3.573e-07
3.41995e-07
4.22193e-07
5.71065e-07
6.35087e-07
6.03229e-07
5.61278e-07
4.95111e-07
2.32742e-07
0
0
0
0
0
1.58374e-08
7.46725e-08
1.3666e-07
2.0124e-07
3.45966e-07
4.04375e-07
2.8215e-07
9.2177e-08
0
0
1.25496e-07
9.56436e-08
0
0
0
0
0
0
0
0
0
0
0
0
5.79325e-10
9.95163e-12
0
0
0
0
0
0
0
0
0
0
0
0
0
0
0
0
0
0
0
5.83854e-07
4.56518e-07
2.70909e-07
1.77161e-07
1.35758e-07
1.16648e-07
1.10458e-07
1.14521e-07
1.23379e-07
1.32655e-07
1.31143e-07
1.26905e-07
1.16459e-07
9.58633e-08
7.58503e-08
6.08658e-08
5.21701e-08
4.71777e-08
4.28049e-08
3.70686e-08
2.98198e-08
1.73434e-08
0
0
0
0
0
0
0
0
0
0
0
0
0
0
0
0
0
0
0
0
0
0
0
0
0
0
0
0
0
0
0
0
3.40958e-08
4.26832e-07
6.52644e-07
6.8347e-07
6.13851e-07
5.35139e-07
4.29026e-07
2.50005e-07
4.05846e-08
0
0
0
0
0
0
0
0
0
0
0
7.51621e-07
2.42242e-06
2.93474e-06
6.65091e-07
0
3.0084e-06
6.59125e-06
8.2968e-06
9.00462e-06
9.75653e-06
1.02054e-05
9.86883e-06
9.03363e-06
7.64749e-06
6.66819e-06
5.8887e-06
4.72674e-06
2.53095e-06
8.77603e-07
1.58441e-06
1.19247e-05
2.4987e-05
3.18396e-05
5.90644e-06
0
0
0
0
0
0
0
0
0
4.91083e-06
3.61632e-06
2.28421e-06
1.48451e-06
9.80775e-07
6.59796e-07
4.97254e-07
4.7091e-07
5.03704e-07
5.24538e-07
5.35162e-07
5.37184e-07
5.19403e-07
4.82329e-07
4.30494e-07
4.07214e-07
4.43529e-07
5.09181e-07
5.19755e-07
4.87498e-07
4.58003e-07
3.92783e-07
1.56583e-07
0
0
0
0
0
4.08452e-08
7.28977e-08
1.14402e-07
1.10781e-07
1.98476e-07
3.01705e-07
2.32358e-07
1.21541e-07
3.46558e-08
6.12058e-08
2.35543e-07
3.97814e-07
3.4751e-07
1.05725e-07
5.73701e-09
0
0
0
0
0
0
0
0
0
0
0
0
0
0
0
0
0
0
0
0
0
0
0
0
0
0
0
4.09111e-09
3.72376e-08
4.01824e-08
4.36848e-08
4.9131e-08
5.71461e-08
6.78452e-08
7.95707e-08
8.79782e-08
9.30113e-08
1.00009e-07
1.07813e-07
1.07985e-07
1.06323e-07
1.0133e-07
8.74994e-08
7.11075e-08
5.73649e-08
4.88958e-08
4.4177e-08
4.12604e-08
3.6414e-08
3.03619e-08
2.28945e-08
1.16802e-08
0
0
0
0
0
0
0
0
0
0
0
0
0
0
0
0
0
0
0
0
0
0
0
0
0
0
0
0
0
0
0
0
0
0
0
4.85596e-07
7.55949e-07
8.81558e-07
8.97509e-07
8.07085e-07
6.25913e-07
3.60408e-07
0
0
0
0
0
0
0
0
0
0
5.3349e-07
1.49277e-06
1.96212e-06
1.14795e-06
0
0
2.64438e-06
6.28024e-06
8.19619e-06
9.00728e-06
9.10812e-06
8.76959e-06
8.02258e-06
6.85681e-06
6.17263e-06
5.35059e-06
3.88331e-06
1.88475e-06
8.62114e-07
1.51357e-06
1.00941e-05
3.51178e-05
5.54201e-05
0
0
0
0
0
0
0
0
0
0
4.38195e-06
3.40166e-06
2.17386e-06
1.45332e-06
9.95594e-07
6.9495e-07
5.48664e-07
5.15432e-07
5.16665e-07
5.19831e-07
5.3732e-07
5.52113e-07
5.56714e-07
5.20863e-07
4.7e-07
4.39099e-07
4.4553e-07
4.45253e-07
4.11017e-07
3.83838e-07
3.60991e-07
2.84557e-07
7.76853e-08
0
0
0
0
8.35103e-09
6.48487e-08
7.31122e-08
1.02741e-07
7.11857e-08
1.00115e-07
2.32492e-07
2.07347e-07
1.4671e-07
1.03315e-07
1.28264e-07
2.6165e-07
2.93808e-07
1.64052e-07
1.32542e-07
8.12429e-08
7.0204e-09
0
0
0
0
0
1.21923e-07
0
0
0
0
0
0
0
0
0
0
0
0
0
0
0
0
0
0
0
7.62652e-10
2.16136e-09
4.96133e-09
1.21218e-08
2.37703e-08
3.80188e-08
5.05115e-08
5.87579e-08
6.19632e-08
6.45538e-08
7.20163e-08
8.14196e-08
8.53103e-08
8.55731e-08
8.21986e-08
7.21338e-08
6.08424e-08
5.08955e-08
4.39018e-08
4.012e-08
3.7944e-08
3.51307e-08
3.00688e-08
2.36921e-08
1.56459e-08
5.58413e-09
0
0
0
0
0
0
0
0
0
0
0
0
0
0
0
0
0
0
0
0
0
0
0
0
0
0
0
0
0
0
0
0
0
0
0
0
0
0
0
0
0
0
0
0
0
0
0
2.11556e-07
4.94765e-07
4.31612e-07
2.3518e-07
3.68305e-08
8.95418e-08
5.51533e-07
1.07965e-06
1.1868e-06
2.78545e-07
0
1.84491e-07
3.51039e-06
6.05247e-06
7.26225e-06
7.6716e-06
7.61109e-06
7.00772e-06
6.25956e-06
5.71065e-06
4.81294e-06
3.13088e-06
1.64738e-06
9.99043e-07
1.71018e-06
7.49295e-06
3.93466e-05
8.70194e-05
0
0
0
0
0
0
0
0
0
0
3.97693e-06
3.24499e-06
2.16833e-06
1.53276e-06
1.11679e-06
7.97624e-07
5.90283e-07
5.21561e-07
5.18999e-07
5.35387e-07
5.58995e-07
5.81701e-07
5.78053e-07
5.38362e-07
4.99005e-07
4.69443e-07
4.42466e-07
3.75272e-07
3.09397e-07
2.89498e-07
2.65325e-07
1.78953e-07
1.00683e-08
0
0
0
0
4.7763e-08
7.33879e-08
6.81167e-08
9.33919e-08
5.87354e-08
4.01583e-08
1.87212e-07
1.88204e-07
1.56306e-07
1.63551e-07
2.00071e-07
2.4018e-07
1.50633e-07
0
0
5.60175e-08
4.75094e-08
1.15537e-08
0
0
0
0
0
0
0
0
0
0
0
0
0
0
0
0
0
0
0
0
0
0
0
0
3.50068e-09
9.3268e-09
1.71593e-08
2.59449e-08
3.29115e-08
3.65397e-08
3.74214e-08
3.94022e-08
4.50637e-08
5.46043e-08
6.48824e-08
6.78071e-08
6.59636e-08
6.09693e-08
5.33407e-08
4.71683e-08
4.14932e-08
3.69193e-08
3.42354e-08
3.2444e-08
3.07728e-08
2.72534e-08
2.21591e-08
1.54541e-08
7.30932e-09
0
0
0
0
0
0
0
0
0
0
0
0
0
0
0
0
0
0
0
0
0
0
0
0
0
0
0
0
0
0
0
0
0
0
0
0
0
0
0
0
0
0
0
0
0
0
6.55878e-07
1.23306e-06
1.15807e-06
7.68866e-07
4.95264e-07
2.81265e-07
0
0
0
0
6.28846e-07
5.54228e-07
0
0
1.4743e-06
3.94552e-06
5.50493e-06
6.31266e-06
6.53392e-06
6.16659e-06
5.82382e-06
5.26232e-06
4.23649e-06
2.64264e-06
1.68092e-06
1.22782e-06
1.88276e-06
5.73795e-06
3.14466e-05
0.000106405
0
0
0
0
0
0
0
0
0
0
3.69126e-06
2.90526e-06
2.00973e-06
1.49582e-06
1.10198e-06
7.7003e-07
5.77677e-07
5.39792e-07
5.66492e-07
5.7768e-07
5.65177e-07
5.51015e-07
5.38313e-07
5.18927e-07
5.08052e-07
4.90183e-07
4.18616e-07
2.95785e-07
2.14739e-07
1.98829e-07
1.67159e-07
7.91612e-08
0
0
0
0
0
5.23437e-08
5.63018e-08
4.79896e-08
7.56689e-08
6.94163e-08
3.22454e-08
1.55043e-07
1.5543e-07
1.3811e-07
1.99851e-07
3.08227e-07
2.03967e-07
4.26073e-08
0
0
0
5.22396e-08
7.17986e-08
4.08458e-08
0
0
0
0
0
0
0
0
0
0
0
0
0
0
0
0
0
0
8.93156e-10
5.15146e-09
8.79718e-09
1.27971e-08
1.75618e-08
2.34431e-08
2.91372e-08
3.28656e-08
3.39123e-08
3.29742e-08
3.2362e-08
3.47644e-08
3.9995e-08
4.60334e-08
4.90275e-08
4.6226e-08
4.2356e-08
3.86634e-08
3.60375e-08
3.43885e-08
3.24966e-08
3.01597e-08
2.79172e-08
2.61657e-08
2.49249e-08
2.31735e-08
1.99235e-08
1.46157e-08
7.52027e-09
5.87659e-10
0
0
0
0
0
0
0
0
0
0
0
0
0
0
0
0
0
0
0
0
0
0
0
0
0
0
0
0
0
0
0
0
0
0
0
0
0
0
0
0
0
0
0
3.39962e-07
1.28369e-06
1.85185e-06
1.75929e-06
1.04304e-06
3.32614e-07
7.47024e-08
1.79807e-08
0
0
0
0
0
0
0
0
0
0
2.40295e-06
4.16062e-06
5.24374e-06
5.67702e-06
5.64917e-06
5.52953e-06
4.89555e-06
3.70105e-06
2.40849e-06
1.80813e-06
1.46945e-06
1.82472e-06
4.40706e-06
1.55023e-05
3.45381e-05
0
0
0
0
0
0
0
0
2.01112e-05
5.84494e-06
3.71984e-06
2.47479e-06
1.70459e-06
1.29791e-06
9.86381e-07
7.57712e-07
6.36201e-07
6.44758e-07
6.43227e-07
5.57231e-07
4.76799e-07
4.35796e-07
4.33128e-07
4.49449e-07
4.77794e-07
4.64145e-07
3.61047e-07
2.10272e-07
1.27798e-07
1.08634e-07
6.80909e-08
0
0
0
0
0
0
1.33499e-08
3.6339e-09
0
3.40116e-08
1.19646e-07
1.37739e-07
1.36431e-07
1.10528e-07
9.12952e-08
1.69675e-07
4.70158e-07
1.86526e-07
0
0
0
0
6.20493e-09
9.17333e-08
8.56116e-08
0
0
0
0
0
0
0
0
0
0
2.46955e-09
6.57559e-10
0
0
0
0
0
0
7.15983e-09
1.42202e-08
1.89597e-08
2.25444e-08
2.58181e-08
2.86265e-08
3.00406e-08
2.94779e-08
2.77444e-08
2.62191e-08
2.63537e-08
2.73341e-08
2.69079e-08
2.4376e-08
2.11821e-08
2.00925e-08
2.13242e-08
2.31449e-08
2.42096e-08
2.41448e-08
2.28909e-08
2.08239e-08
1.89821e-08
1.7943e-08
1.73879e-08
1.60836e-08
1.28777e-08
7.46287e-09
1.4988e-09
0
0
0
0
0
0
0
0
0
0
0
0
0
0
0
0
0
0
0
0
0
0
0
0
0
0
0
0
0
0
0
0
0
0
0
0
0
0
0
0
3.92348e-07
9.57121e-07
1.50601e-06
1.90876e-06
2.08652e-06
1.86496e-06
1.0541e-06
0
0
0
0
0
0
0
0
0
0
0
0
0
0
0
1.76341e-06
3.47254e-06
4.615e-06
5.1879e-06
5.47222e-06
5.34166e-06
4.63716e-06
3.25875e-06
2.31833e-06
1.93872e-06
1.6528e-06
1.57067e-06
2.95265e-06
3.59057e-06
0
0
0
0
0
0
0
0
0
8.83424e-05
1.70254e-05
4.09495e-06
2.07748e-06
1.38808e-06
1.10752e-06
9.41575e-07
7.9024e-07
6.95059e-07
6.67336e-07
5.62933e-07
4.00996e-07
2.9237e-07
2.7114e-07
3.28941e-07
4.0854e-07
4.77978e-07
4.42372e-07
2.99948e-07
1.33183e-07
4.8281e-08
1.57827e-08
0
0
0
0
0
0
0
0
0
0
0
2.1394e-07
2.60251e-07
1.66885e-08
7.93535e-08
6.4649e-08
1.25252e-08
4.06851e-07
2.60293e-07
0
0
0
0
0
3.2596e-08
6.12787e-08
0
0
0
2.11395e-08
0
0
0
0
0
5.8457e-09
2.55112e-08
1.40699e-08
0
0
0
0
0
4.90273e-09
1.82214e-08
2.51336e-08
2.54863e-08
2.20983e-08
1.79218e-08
1.47901e-08
1.33678e-08
1.31659e-08
1.37271e-08
1.4311e-08
1.39151e-08
1.22552e-08
1.04304e-08
1.00846e-08
1.18969e-08
1.46532e-08
1.65309e-08
1.67606e-08
1.58462e-08
1.43599e-08
1.25777e-08
1.09431e-08
1.00179e-08
9.75744e-09
9.46459e-09
8.13418e-09
5.14451e-09
1.25489e-09
0
0
0
0
0
0
0
0
0
0
0
0
0
0
0
0
0
0
0
0
0
0
0
0
0
0
0
0
0
0
0
0
0
0
0
0
0
0
0
2.39762e-07
6.53968e-07
1.06982e-06
1.38794e-06
1.46976e-06
1.17289e-06
4.09777e-07
0
0
0
0
0
6.13751e-08
5.6949e-07
7.34471e-07
0
0
0
0
0
0
0
3.1118e-07
2.08618e-06
2.97492e-06
3.76138e-06
4.52059e-06
5.181e-06
5.56446e-06
5.26526e-06
4.36299e-06
2.91452e-06
2.26266e-06
2.111e-06
1.84291e-06
1.39073e-06
1.45135e-06
0
0
0
0
0
0
0
0
0
0
0.000121457
2.44426e-05
4.58025e-06
1.78548e-06
1.18544e-06
1.05887e-06
9.7308e-07
8.39468e-07
6.98851e-07
5.34988e-07
3.08585e-07
1.12071e-07
3.47695e-08
1.17925e-07
3.11878e-07
4.99224e-07
5.92411e-07
4.69418e-07
2.49129e-07
6.15417e-08
0
0
0
0
0
0
0
0
0
0
0
0
0
1.91278e-07
0
0
0
1.37529e-07
0
0
4.49544e-07
0
0
0
0
0
0
0
0
0
0
0
0
0
0
0
0
7.88602e-08
1.13455e-07
9.36986e-08
6.09406e-08
3.67075e-08
2.47493e-08
2.17451e-08
2.31276e-08
2.54848e-08
2.646e-08
2.47663e-08
2.08374e-08
1.63183e-08
1.27833e-08
1.11605e-08
1.14476e-08
1.27595e-08
1.39765e-08
1.45109e-08
1.46167e-08
1.47704e-08
1.53019e-08
1.57548e-08
1.53137e-08
1.36335e-08
1.15555e-08
1.00103e-08
8.81711e-09
7.20187e-09
5.03826e-09
3.16201e-09
2.1024e-09
1.53217e-09
7.73883e-10
0
0
0
0
0
0
0
0
0
0
0
0
0
0
0
0
0
0
0
0
0
0
0
0
0
0
0
0
0
0
0
0
0
0
0
0
0
0
0
0
0
0
0
0
0
0
0
0
0
0
0
0
5.91596e-09
2.54496e-07
7.40928e-07
1.22561e-06
1.02915e-06
0
0
0
0
0
0
0
1.39255e-06
3.61527e-06
4.56891e-06
4.69457e-06
4.83331e-06
5.46953e-06
5.76935e-06
5.23186e-06
3.97907e-06
2.63206e-06
2.24621e-06
2.3531e-06
2.11083e-06
1.41715e-06
1.77022e-07
0
0
0
0
0
0
0
0
0
2.48196e-05
0.000113405
2.6194e-05
4.79542e-06
1.42108e-06
8.9963e-07
9.17715e-07
9.3081e-07
7.8376e-07
5.17507e-07
2.06367e-07
0
0
0
9.37412e-08
5.26046e-07
7.8339e-07
7.2141e-07
4.39567e-07
1.67046e-07
0
0
0
0
0
0
0
0
0
0
0
0
0
0
0
0
0
0
0
0
0
1.39418e-07
1.31036e-07
0
0
0
0
0
0
0
0
0
0
0
0
0
0
0
3.54542e-09
3.99654e-08
4.14868e-08
2.95215e-08
1.91009e-08
1.41627e-08
1.34345e-08
1.48064e-08
1.69192e-08
1.88965e-08
1.99588e-08
1.96511e-08
1.80817e-08
1.58247e-08
1.35008e-08
1.14987e-08
1.00019e-08
9.16972e-09
9.23247e-09
9.96939e-09
1.05272e-08
9.81396e-09
7.41175e-09
4.37932e-09
2.29585e-09
1.66333e-09
1.58218e-09
8.10489e-10
0
0
0
0
0
0
0
0
0
0
0
0
0
0
0
0
0
0
0
0
0
0
0
0
0
0
0
0
0
0
0
0
0
0
0
0
0
0
0
0
0
0
0
0
0
0
0
0
0
0
0
0
0
0
0
0
8.94918e-09
1.10534e-07
2.22913e-07
4.91965e-07
9.75363e-07
1.0528e-06
4.45316e-07
0
0
0
0
0
0
0
1.61099e-06
3.6457e-06
4.69856e-06
4.81728e-06
4.72374e-06
5.2151e-06
5.38357e-06
4.72206e-06
3.21596e-06
2.22495e-06
2.19631e-06
2.54126e-06
2.31644e-06
1.47492e-06
0
0
0
0
0
0
0
0
0
0
6.43308e-05
8.64305e-05
2.3364e-05
4.33992e-06
8.66494e-07
4.19099e-07
5.39214e-07
6.2172e-07
4.70061e-07
1.66458e-07
0
0
0
0
3.06345e-07
9.15204e-07
1.04814e-06
7.12839e-07
3.29149e-07
5.9217e-08
0
0
0
0
0
0
0
0
0
0
0
0
0
0
0
0
0
0
0
0
0
0
0
0
0
0
0
0
0
0
0
0
0
0
0
0
0
0
0
0
0
0
0
0
0
0
9.58179e-10
1.45728e-08
2.52571e-08
3.12568e-08
3.20298e-08
2.78564e-08
2.03269e-08
1.19041e-08
4.73675e-09
0
0
0
0
0
0
0
0
0
0
0
0
0
0
0
0
0
0
0
0
0
0
0
0
0
0
0
0
0
0
0
0
0
0
0
0
0
0
0
0
0
0
0
0
0
0
0
0
0
0
0
0
0
0
0
0
0
0
0
0
0
0
9.96129e-09
3.26582e-08
4.20879e-08
5.54594e-08
7.77597e-08
1.04357e-07
1.4675e-07
2.78105e-07
6.10089e-07
7.91777e-07
7.41784e-07
0
0
0
0
0
0
0
6.33782e-07
2.58808e-06
4.26005e-06
4.91615e-06
4.77e-06
4.48072e-06
4.58837e-06
4.56909e-06
3.87774e-06
2.42931e-06
1.95541e-06
2.31258e-06
2.76378e-06
2.56699e-06
1.60246e-06
0
0
0
0
0
0
0
0
0
0
8.41136e-05
5.92322e-05
1.93312e-05
4.11048e-06
5.92852e-07
9.90098e-08
2.64827e-07
3.9526e-07
2.65759e-07
0
0
0
0
0
6.24694e-07
1.18195e-06
9.93589e-07
4.97878e-07
1.37298e-07
0
0
0
0
0
0
0
0
0
0
0
0
0
0
0
0
0
0
0
0
0
0
0
0
0
0
0
0
0
0
0
0
0
2.93797e-07
2.1009e-07
1.39969e-07
9.40841e-08
6.37822e-08
4.1148e-08
2.18841e-08
4.35912e-09
0
0
0
0
0
0
0
1.55391e-08
3.45005e-08
3.92391e-08
3.08508e-08
1.64975e-08
2.98435e-09
0
0
0
0
0
0
0
0
0
0
0
0
0
0
0
0
0
0
0
0
0
0
0
0
0
0
0
0
0
0
0
0
0
0
0
7.09577e-09
1.1953e-08
1.00994e-08
4.1632e-09
0
0
0
0
0
0
0
0
0
0
0
1.18748e-09
4.49562e-09
8.58726e-09
1.21397e-08
1.4263e-08
1.49267e-08
1.46641e-08
1.42915e-08
1.46951e-08
1.70504e-08
2.30486e-08
3.68708e-08
5.77712e-08
7.27332e-08
7.57354e-08
7.00239e-08
6.28181e-08
6.28221e-08
6.9954e-08
8.56805e-08
1.4133e-07
3.14464e-07
4.71921e-07
5.77772e-07
3.77545e-07
3.37568e-07
2.25472e-06
4.10622e-06
3.8005e-06
2.46424e-06
3.09419e-06
4.39222e-06
4.40408e-06
5.05024e-06
6.0088e-06
6.15971e-06
5.49736e-06
4.54306e-06
3.86635e-06
3.50142e-06
2.90843e-06
1.78977e-06
1.7952e-06
2.43777e-06
2.87356e-06
2.72059e-06
1.71406e-06
0
0
0
0
0
0
0
0
0
0
6.59949e-05
3.71945e-05
1.43596e-05
3.94368e-06
8.96273e-07
3.32294e-07
4.5422e-07
5.27358e-07
2.973e-07
0
0
0
0
0
6.75555e-07
9.27784e-07
5.16562e-07
1.12633e-07
0
0
0
0
0
0
0
0
0
0
0
0
0
0
0
0
0
0
0
0
0
0
0
0
0
0
0
0
0
0
0
0
0
0
5.81342e-07
4.96837e-07
3.98045e-07
3.14437e-07
2.50646e-07
2.06375e-07
1.78077e-07
1.62244e-07
1.54419e-07
1.49248e-07
1.43573e-07
1.35373e-07
1.2396e-07
1.12043e-07
1.00878e-07
9.00329e-08
7.81574e-08
6.00902e-08
3.5595e-08
1.0255e-08
0
0
0
0
0
0
0
0
0
0
0
0
0
0
0
0
0
0
0
0
0
0
0
0
0
0
0
0
0
0
0
0
0
0
0
6.0272e-09
2.19384e-08
3.4461e-08
4.02623e-08
3.90208e-08
3.32653e-08
2.59446e-08
1.84538e-08
1.10827e-08
4.50801e-09
1.11711e-10
0
2.76281e-09
9.65643e-09
1.76011e-08
2.51747e-08
3.28235e-08
3.98002e-08
4.59279e-08
5.16928e-08
5.65753e-08
5.83392e-08
5.60796e-08
5.14219e-08
4.68745e-08
4.43888e-08
4.5039e-08
4.92796e-08
5.5259e-08
5.72331e-08
5.37875e-08
4.75176e-08
4.31682e-08
4.49268e-08
4.96749e-08
6.29955e-08
1.19207e-07
1.79479e-07
2.06897e-07
1.69582e-07
4.84709e-07
3.04158e-06
7.30068e-06
8.71315e-06
7.95194e-06
7.38147e-06
1.44535e-05
1.8682e-05
1.30459e-05
9.62535e-06
9.13682e-06
8.87955e-06
7.73233e-06
5.75763e-06
4.03788e-06
3.29229e-06
2.64766e-06
1.62905e-06
1.87772e-06
2.58704e-06
2.90737e-06
2.81588e-06
1.85652e-06
0
0
0
0
0
0
0
0
0
0
4.09302e-05
2.32454e-05
1.00587e-05
3.58395e-06
1.1741e-06
5.67397e-07
5.68953e-07
4.66593e-07
6.88564e-08
0
0
0
0
0
2.61702e-07
1.8181e-07
0
0
0
0
0
0
0
0
0
0
0
0
0
0
0
0
0
0
0
0
0
0
0
0
0
0
0
0
0
0
0
0
0
2.42794e-07
2.83286e-07
8.7322e-08
6.51788e-07
5.66888e-07
4.34348e-07
3.01663e-07
1.98321e-07
1.39839e-07
1.22324e-07
1.2671e-07
1.31334e-07
1.23063e-07
9.96371e-08
6.45255e-08
2.58247e-08
0
0
0
0
0
0
6.25052e-10
3.05944e-09
0
0
0
0
0
0
0
0
0
0
0
0
0
0
0
0
0
0
0
0
0
0
0
0
0
0
0
0
0
0
0
0
0
0
5.15147e-09
2.31435e-08
4.37022e-08
6.17664e-08
7.23543e-08
7.44897e-08
7.12022e-08
6.61444e-08
6.14467e-08
5.85453e-08
5.83646e-08
5.94082e-08
5.82608e-08
5.49593e-08
5.519e-08
6.18981e-08
7.1146e-08
8.05812e-08
9.5082e-08
1.10147e-07
1.22568e-07
1.30272e-07
1.30862e-07
1.23808e-07
1.09147e-07
8.79083e-08
6.38374e-08
4.17354e-08
2.59395e-08
1.78562e-08
1.54749e-08
1.4589e-08
1.46274e-08
1.42237e-08
8.58533e-09
6.80297e-09
5.62509e-09
0
0
0
1.7353e-06
6.74184e-06
8.67634e-06
6.68584e-06
1.8666e-07
0
1.56777e-05
4.72362e-05
2.4777e-05
1.51276e-05
1.26425e-05
1.2177e-05
1.09589e-05
7.73701e-06
5.11256e-06
4.49685e-06
3.41646e-06
2.02317e-06
2.18757e-06
2.7037e-06
2.86315e-06
2.82094e-06
2.00506e-06
0
0
0
0
0
0
0
0
0
0
2.09735e-05
1.4415e-05
7.01758e-06
2.74467e-06
8.59767e-07
2.29864e-07
6.94796e-08
0
0
0
0
0
0
0
0
0
0
0
0
0
0
0
0
0
0
0
0
0
0
0
0
0
0
0
0
0
0
0
0
0
0
0
1.29884e-07
4.03178e-07
0
0
0
0
0
7.87059e-07
6.54614e-07
5.00099e-07
4.37887e-07
3.03393e-07
1.92541e-07
1.17416e-07
8.14007e-08
8.42505e-08
1.13064e-07
1.40765e-07
1.38111e-07
9.62042e-08
3.23619e-08
0
0
0
0
0
0
0
1.04552e-08
2.11538e-08
2.35911e-08
1.86019e-08
7.78837e-09
0
0
0
0
0
0
0
0
0
0
0
0
0
0
0
0
0
0
0
0
0
0
0
0
0
0
0
0
0
0
0
0
0
0
4.10761e-09
6.2078e-08
1.09197e-07
1.37046e-07
1.45998e-07
1.43571e-07
1.39918e-07
1.43915e-07
1.54485e-07
1.63572e-07
1.64054e-07
1.55647e-07
1.46214e-07
1.4433e-07
1.45404e-07
1.42272e-07
1.38393e-07
1.39536e-07
1.51709e-07
1.81768e-07
2.03698e-07
2.14734e-07
2.11595e-07
1.8832e-07
1.38418e-07
6.88088e-08
9.79399e-09
0
0
0
0
0
0
0
0
0
0
0
3.71678e-06
6.34536e-06
3.69389e-06
0
0
0
0
1.01535e-05
1.58769e-05
1.66099e-05
1.70961e-05
1.64402e-05
1.30834e-05
7.15964e-06
4.33997e-06
4.89877e-06
3.87211e-06
2.61461e-06
2.70342e-06
2.82641e-06
2.76573e-06
2.52521e-06
1.99322e-06
0
0
0
0
0
0
0
1.73971e-06
1.75736e-06
0
4.63809e-06
6.83089e-06
4.4203e-06
2.00052e-06
5.38678e-07
0
0
0
0
0
0
0
0
0
0
0
0
0
0
0
0
0
0
0
0
0
0
0
0
0
0
0
0
0
0
0
0
0
0
0
0
0
0
6.0452e-08
0
0
0
0
0
1.13429e-06
8.66817e-07
9.58064e-07
0
0
0
0
0
0
5.23005e-08
8.35647e-08
9.10709e-08
7.94819e-08
5.09616e-08
9.07876e-09
0
0
0
0
0
0
0
0
0
0
0
0
0
0
0
0
0
0
0
0
0
0
0
0
0
0
0
0
0
0
0
0
0
0
0
0
0
0
0
0
0
0
0
0
3.25341e-08
1.32661e-07
2.21042e-07
2.71914e-07
2.79917e-07
2.5628e-07
2.15521e-07
1.74672e-07
1.51427e-07
1.58675e-07
1.90195e-07
2.19036e-07
2.29411e-07
2.27074e-07
2.29133e-07
2.403e-07
2.49058e-07
2.44224e-07
2.2496e-07
1.9881e-07
1.82436e-07
1.9008e-07
2.1439e-07
2.32921e-07
2.17088e-07
1.61977e-07
9.41681e-08
3.22533e-08
0
0
0
0
0
0
0
0
0
0
0
2.73568e-06
1.59492e-06
0
0
0
0
0
0
0
1.02431e-05
2.04401e-05
2.10069e-05
1.40408e-05
5.26313e-06
2.86306e-06
4.80874e-06
4.32877e-06
4.24802e-06
4.26406e-06
3.44089e-06
2.6156e-06
1.87624e-06
1.63746e-06
5.95862e-07
0
0
0
0
0
0
0
2.86687e-07
0
0
1.42171e-06
2.10465e-06
1.6977e-06
9.08062e-07
1.42793e-07
0
0
0
0
0
0
0
0
0
0
0
0
0
0
0
0
0
0
0
0
0
0
0
0
0
0
0
0
0
0
0
0
0
0
0
0
0
0
0
0
0
0
0
5.38943e-07
3.29348e-07
7.11958e-07
0
0
0
0
0
0
0
0
0
0
0
0
0
0
0
0
0
0
0
0
0
0
0
0
0
0
0
0
0
0
0
0
0
0
0
0
0
0
0
0
0
0
0
0
0
0
0
0
0
0
0
0
0
0
0
0
0
0
1.39295e-07
2.7303e-07
3.31647e-07
3.30044e-07
2.91312e-07
2.35237e-07
1.83524e-07
1.55515e-07
1.75925e-07
2.33143e-07
2.60957e-07
2.65342e-07
2.93627e-07
3.32472e-07
3.55831e-07
3.53136e-07
3.28235e-07
2.89396e-07
2.41613e-07
2.03768e-07
1.9402e-07
1.84583e-07
1.21891e-07
4.00487e-08
9.63731e-09
0
0
0
0
0
0
0
0
0
0
0
0
0
0
0
0
0
0
0
0
0
3.76313e-06
2.2113e-05
2.25751e-05
9.78529e-06
0
0
5.97537e-07
4.23923e-06
7.35212e-06
8.6374e-06
6.87045e-06
4.14604e-06
1.80919e-06
1.63968e-06
4.00298e-06
4.34089e-06
0
0
0
0
0
0
0
4.47739e-07
0
0
2.5345e-07
6.55468e-07
6.13714e-07
9.23819e-08
0
0
0
0
0
0
0
0
0
0
0
0
0
0
0
0
0
0
0
0
0
0
0
0
0
0
0
0
0
0
0
0
0
0
0
0
0
0
0
0
0
0
2.7254e-07
0
0
0
0
0
0
0
0
0
0
0
0
1.08535e-08
1.0464e-07
1.76468e-07
2.06882e-07
1.71383e-07
8.55169e-08
9.68467e-09
0
0
0
0
0
0
0
0
0
0
0
0
0
0
0
0
0
0
0
0
0
0
0
0
0
0
0
0
0
0
0
0
0
0
0
0
0
2.19186e-08
1.15974e-07
1.7785e-07
1.98703e-07
1.87638e-07
1.99822e-07
2.78511e-07
3.44315e-07
3.45511e-07
2.87168e-07
2.10475e-07
1.50147e-07
1.25901e-07
1.38961e-07
1.42299e-07
7.22832e-08
1.52611e-08
6.82934e-08
1.61688e-07
2.37399e-07
2.75592e-07
2.75358e-07
2.48755e-07
2.2051e-07
1.96468e-07
1.72748e-07
1.45801e-07
7.44986e-08
0
0
0
0
0
0
0
0
0
0
0
0
0
0
0
0
0
0
0
0
0
0
0
1.0318e-05
3.10159e-05
1.79792e-05
0
0
0
0
0
5.12289e-06
7.49507e-06
5.61805e-06
4.76276e-06
4.4464e-06
3.22545e-06
5.44894e-06
7.49065e-06
3.82337e-06
0
0
0
1.9167e-06
4.26836e-06
3.98072e-06
2.39607e-06
5.72918e-07
0
0
0
0
0
0
0
0
0
0
0
0
0
0
0
0
0
0
0
0
0
0
0
0
0
0
0
0
0
0
0
0
0
0
0
0
0
0
0
0
0
0
0
0
0
6.6769e-07
1.044e-06
9.00866e-07
0
0
0
0
0
0
0
0
0
0
0
0
0
4.8927e-07
1.18002e-06
1.49102e-06
1.28875e-06
8.04055e-07
3.09223e-07
0
0
0
0
0
0
1.26716e-08
0
0
0
0
0
0
0
0
5.1486e-08
1.09752e-07
1.29687e-07
1.22992e-07
1.09381e-07
9.5473e-08
7.47977e-08
3.74603e-08
0
0
0
0
0
0
0
0
0
0
0
0
0
0
9.9378e-08
1.94024e-07
2.15268e-07
1.48122e-07
0
0
0
0
0
0
0
0
1.11454e-07
1.3919e-07
7.85779e-08
0
0
0
0
0
5.88971e-08
1.27507e-07
1.37883e-07
1.28677e-07
1.14729e-07
8.53028e-08
5.25335e-08
8.10029e-10
0
0
0
0
0
0
0
0
0
0
0
0
0
0
4.27257e-07
5.14221e-08
4.03831e-07
1.34321e-06
1.36762e-06
1.17366e-06
1.43697e-06
2.59389e-06
9.33921e-06
2.27645e-05
1.77865e-05
5.5008e-06
0
0
0
0
0
0
0
0
0
2.15401e-06
3.71403e-06
5.24184e-06
7.0541e-06
5.06541e-06
0
0
5.48065e-06
2.28103e-05
1.53119e-05
9.31285e-06
4.9412e-06
1.66983e-06
0
0
0
0
0
0
0
0
0
0
0
0
0
0
0
0
0
0
0
0
0
0
0
0
0
0
0
0
0
0
0
0
0
0
0
0
0
0
0
0
0
0
0
0
0
7.34361e-08
4.94639e-08
1.07809e-07
0
0
0
0
0
5.15736e-08
8.80922e-08
3.86248e-08
0
0
0
0
8.49072e-08
4.06125e-07
9.51428e-07
1.54785e-06
1.97551e-06
2.13396e-06
2.05754e-06
1.85364e-06
1.59208e-06
1.28472e-06
1.04134e-06
8.39375e-07
6.06583e-07
3.48758e-07
1.29174e-07
0
0
0
0
0
0
1.70725e-08
1.30544e-07
2.50124e-07
3.2815e-07
3.23682e-07
2.59294e-07
1.80533e-07
1.0122e-07
2.17976e-08
0
0
0
0
0
0
0
0
0
0
0
0
2.88883e-07
3.87663e-07
0
8.79568e-08
2.61938e-07
9.26482e-08
0
0
0
0
0
0
0
0
0
0
0
0
0
0
2.49544e-08
3.34495e-08
2.87552e-08
0
0
0
3.09952e-08
6.87749e-08
1.05794e-07
8.51931e-08
0
0
0
9.69966e-08
3.46374e-07
2.49362e-07
0
0
4.90696e-09
0
0
0
0
4.85389e-07
3.41575e-06
3.61525e-06
3.8737e-06
5.6908e-06
5.97386e-06
5.32587e-06
4.6056e-06
6.11882e-06
1.20607e-05
1.3116e-05
7.57603e-06
6.71072e-06
2.93662e-06
0
0
6.28186e-06
4.43294e-06
0
0
0
0
3.38143e-06
3.17136e-06
4.32237e-06
6.41797e-06
7.49418e-06
4.00937e-06
0
0
3.71555e-05
2.48435e-05
1.40315e-05
6.94372e-06
2.20675e-06
0
0
0
0
0
0
0
0
0
0
0
0
0
0
0
0
0
0
0
0
0
0
0
0
0
0
0
0
0
0
0
0
0
0
6.40492e-08
0
0
0
0
0
0
0
0
0
0
1.70339e-08
0
5.88598e-08
0
7.30369e-08
0
2.56083e-07
3.75954e-08
1.49642e-07
3.88736e-07
5.39348e-07
5.95704e-07
6.73582e-07
7.53625e-07
8.3045e-07
9.01598e-07
9.6632e-07
1.02114e-06
1.01296e-06
9.19241e-07
7.44963e-07
4.58629e-07
6.78267e-08
0
0
0
1.24444e-06
1.42695e-06
9.50167e-07
4.99998e-07
2.01714e-07
4.41754e-08
0
0
6.74693e-09
5.56618e-08
1.03692e-07
1.33204e-07
1.30788e-07
9.81711e-08
5.59843e-08
2.59448e-08
1.54307e-08
1.34956e-08
2.51365e-09
0
0
0
0
0
0
0
0
0
0
0
2.64978e-08
7.68781e-08
3.68735e-08
0
0
3.90583e-07
1.90055e-07
0
0
0
0
0
0
0
0
0
0
0
0
0
0
0
3.57224e-08
0
0
0
0
0
0
1.53688e-08
8.64553e-08
3.57858e-07
6.50329e-07
0
8.74525e-07
1.7322e-06
2.0197e-06
1.40092e-06
0
0
0
0
0
0
1.73307e-06
5.67172e-06
6.57226e-06
5.5479e-06
7.18307e-06
8.16688e-06
7.22049e-06
5.4967e-06
5.49781e-06
7.7712e-06
6.14975e-06
4.33252e-06
6.1104e-06
3.93874e-06
0
1.67273e-06
1.29589e-05
2.83271e-05
3.32373e-05
0
0
2.33877e-06
7.95988e-06
5.40944e-06
3.67261e-06
5.40844e-06
7.39088e-06
7.961e-06
3.92046e-06
0
7.25347e-06
3.26706e-05
1.63438e-05
6.58302e-06
4.91769e-07
0
0
0
0
0
0
0
0
0
0
0
0
0
0
0
0
0
0
0
0
0
0
0
0
0
0
0
0
0
0
0
0
0
0
1.24901e-08
0
0
0
0
0
0
0
0
1.99445e-09
0
0
0
5.6523e-08
0
1.00369e-07
0
9.61849e-08
0
0
0
0
0
0
1.46706e-07
3.36056e-07
5.37289e-07
7.37852e-07
8.856e-07
8.58814e-07
5.8124e-07
1.94163e-07
0
0
0
0
0
2.50575e-07
5.1502e-07
5.97661e-07
5.04429e-07
3.21454e-07
1.47653e-07
5.48105e-08
3.36106e-08
4.83292e-08
6.95108e-08
8.15275e-08
8.02447e-08
6.8519e-08
5.45669e-08
4.79774e-08
5.67637e-08
8.05797e-08
1.06723e-07
1.16552e-07
9.78556e-08
5.11282e-08
0
0
0
0
0
2.10348e-08
1.10123e-07
1.41262e-07
1.35367e-07
1.19137e-07
9.81348e-08
8.18386e-08
1.03128e-07
2.36011e-07
6.63708e-07
1.53037e-06
1.62655e-06
6.97819e-08
0
0
0
0
0
0
0
0
0
0
0
0
0
4.9439e-08
8.36215e-08
0
0
0
0
0
0
0
0
0
0
1.47627e-06
3.17829e-06
3.69076e-06
3.24294e-06
2.08175e-06
1.42523e-06
8.30584e-07
0
0
0
3.84629e-06
9.18284e-06
1.0684e-05
7.36233e-06
7.33645e-06
8.73771e-06
8.06898e-06
5.96044e-06
4.14286e-06
3.52373e-06
1.81344e-06
1.99254e-06
4.14901e-06
1.15344e-06
0
0
4.07841e-06
2.19501e-05
3.97905e-05
1.37694e-05
1.01261e-06
4.46931e-06
1.17415e-05
1.00652e-05
4.55292e-06
4.22482e-06
6.17726e-06
7.89933e-06
7.56623e-06
3.34922e-06
0
3.03318e-05
1.40591e-05
2.70063e-06
0
0
0
0
0
0
0
0
0
0
0
0
0
0
0
0
0
0
0
0
0
0
0
0
0
0
0
0
0
0
0
0
0
0
0
0
0
0
0
0
0
0
0
0
0
0
1.09886e-08
0
5.39954e-08
0
8.85903e-08
0
0
0
0
0
2.65194e-08
6.03789e-08
4.61907e-08
0
0
0
3.64481e-08
4.46705e-07
1.0074e-06
1.32285e-06
1.23164e-06
9.2412e-07
5.94795e-07
3.35012e-07
1.66838e-07
7.38244e-08
3.91799e-08
5.00351e-08
9.77693e-08
1.68151e-07
2.36115e-07
2.41302e-07
1.10403e-07
0
0
2.03977e-08
9.68193e-08
1.1767e-07
1.04678e-07
7.81722e-08
5.36467e-08
3.95365e-08
3.85451e-08
4.65964e-08
5.38312e-08
5.08676e-08
3.38309e-08
7.80675e-09
0
0
4.51866e-08
1.12168e-07
1.2947e-07
8.8562e-08
5.4278e-08
6.29409e-08
1.02507e-07
1.62973e-07
2.56801e-07
4.36935e-07
7.05574e-07
1.00772e-06
1.38238e-06
1.81344e-06
1.67706e-06
8.81631e-09
0
0
0
0
0
0
0
0
0
4.95978e-08
6.31281e-09
0
0
1.12832e-08
0
2.86249e-08
6.05374e-08
9.61488e-08
0
0
0
0
0
0
0
1.93239e-06
2.8413e-06
1.83268e-06
9.5805e-07
2.58358e-06
3.84162e-06
6.15349e-07
0
0
6.37534e-06
1.27567e-05
1.42973e-05
9.37978e-06
6.8055e-06
8.01854e-06
8.20995e-06
6.16687e-06
2.47396e-06
0
0
0
1.17579e-06
0
0
0
2.30681e-06
2.32415e-05
3.89776e-05
2.62685e-05
4.91765e-06
5.26152e-06
1.40197e-05
1.61101e-05
6.72065e-06
3.46985e-06
4.52866e-06
6.50388e-06
7.09863e-06
6.16813e-06
2.16992e-06
6.19988e-06
5.75273e-06
0
0
0
0
0
0
0
0
0
0
0
0
0
0
0
0
0
0
0
0
0
0
0
0
0
0
0
0
0
0
0
0
0
0
0
0
0
0
0
0
0
0
0
0
0
4.36603e-09
0
2.45196e-08
0
4.16074e-08
0
7.27659e-08
0
0
0
0
0
4.45687e-08
9.02424e-08
9.89421e-08
4.27952e-08
0
0
0
0
0
3.52293e-08
6.08863e-08
8.2791e-08
1.0405e-07
1.16858e-07
1.13409e-07
9.49814e-08
7.12276e-08
5.02458e-08
3.14939e-08
1.1683e-08
0
0
0
0
0
0
3.71522e-09
9.8594e-09
1.48153e-08
1.8979e-08
2.2044e-08
2.35817e-08
2.37405e-08
2.26706e-08
2.06891e-08
1.80831e-08
1.469e-08
1.00852e-08
4.58082e-09
0
0
0
0
0
0
0
0
0
0
3.43888e-10
1.0362e-09
1.71439e-09
3.27286e-09
3.82905e-09
0
0
0
0
0
0
0
6.23339e-09
3.73688e-08
3.83246e-08
4.86558e-08
1.15155e-08
0
9.79834e-08
2.82883e-07
1.815e-07
0
1.13462e-07
9.45725e-07
1.63299e-06
1.9506e-06
1.32479e-06
0
0
0
0
0
1.2946e-06
2.26404e-06
4.59112e-07
0
0
6.50201e-07
1.72646e-07
0
0
1.33731e-05
1.79667e-05
1.73744e-05
1.17077e-05
7.00414e-06
6.42957e-06
7.56158e-06
6.37233e-06
1.12418e-06
0
0
0
0
0
0
0
2.84359e-06
2.26192e-05
2.28243e-05
1.12789e-05
6.51008e-06
7.839e-06
1.36748e-05
1.82586e-05
1.0181e-05
4.3301e-06
2.80657e-06
4.02081e-06
5.64429e-06
5.50432e-06
4.34616e-06
8.53423e-07
0
0
0
0
0
0
0
0
0
0
0
0
0
0
0
0
0
0
0
0
0
0
0
0
0
0
0
0
0
0
0
0
0
0
0
0
0
0
0
0
0
1.80526e-10
2.52523e-09
2.1942e-09
5.28163e-09
4.26768e-09
1.21934e-08
7.97542e-09
1.97464e-08
3.28332e-09
2.64156e-08
0
5.18792e-08
0
1.09495e-09
1.78968e-09
2.26202e-09
2.25442e-09
1.66942e-09
6.39998e-10
0
0
0
0
0
0
0
0
0
0
0
1.2453e-09
2.6665e-09
3.12122e-09
2.40688e-09
1.01849e-09
0
0
0
0
0
0
0
0
0
0
0
0
0
0
7.4081e-10
1.75557e-09
2.34069e-09
2.13951e-09
1.17855e-09
0
0
0
0
0
0
0
2.97577e-10
1.02678e-09
1.12956e-09
1.62052e-09
1.69168e-09
1.1538e-09
2.49745e-09
1.16181e-09
3.18573e-09
4.17208e-09
0
7.22331e-09
0
0
2.98204e-08
2.47902e-08
0
0
0
0
0
0
0
3.88335e-07
1.04536e-06
8.98322e-07
1.88613e-07
0
1.54118e-06
5.1758e-06
8.31629e-06
8.09079e-06
2.17163e-06
0
0
0
0
8.80492e-07
1.07732e-06
0
0
0
0
0
0
0
8.2144e-06
2.42845e-05
2.21696e-05
1.60706e-05
8.80601e-06
6.38402e-06
6.36702e-06
6.58593e-06
2.05902e-06
0
0
0
0
0
0
0
0
0
0
0
0
5.43273e-06
1.39127e-05
1.81941e-05
1.39762e-05
7.57679e-06
3.61561e-06
2.22873e-06
2.03608e-06
2.11766e-06
1.49702e-06
3.72322e-07
0
0
0
0
0
0
0
0
0
0
0
0
0
0
0
0
0
0
0
0
0
0
0
0
0
0
0
0
0
0
0
0
0
0
0
1.014e-09
2.00014e-09
2.13078e-09
2.45185e-09
3.08526e-09
3.91019e-09
3.87104e-09
4.26612e-09
3.68037e-09
5.24933e-09
4.05573e-09
7.12316e-09
3.26788e-09
8.86248e-09
3.4773e-10
1.3107e-08
0
2.69107e-08
0
4.30678e-10
6.3339e-10
6.62671e-10
4.73768e-10
5.02744e-11
0
0
0
0
0
0
0
0
0
0
0
6.28157e-10
1.83208e-09
2.74905e-09
3.04524e-09
2.37263e-09
1.23519e-09
4.14932e-10
6.09476e-10
1.3965e-09
1.04541e-09
0
0
0
0
0
0
0
0
0
0
0
0
0
0
0
0
0
0
0
0
2.51056e-10
1.00863e-09
1.23949e-09
1.36903e-09
9.73489e-10
1.24943e-09
1.25894e-09
1.27412e-09
2.79262e-09
1.67074e-09
4.35664e-09
4.79849e-09
1.75785e-09
1.3911e-08
4.15574e-09
1.24437e-08
1.18822e-07
1.76321e-07
0
0
0
0
0
0
0
5.10531e-07
2.06791e-06
2.32735e-06
7.18586e-07
0
0
7.41836e-06
1.1193e-05
1.1882e-05
8.18502e-06
3.83761e-07
0
0
0
0
0
0
0
0
0
0
4.98242e-08
0
0
3.39148e-06
1.31887e-05
2.05461e-05
1.57998e-05
9.00223e-06
6.29861e-06
4.03871e-06
7.09726e-07
0
0
0
0
0
0
0
0
0
0
0
0
1.49525e-07
1.07244e-05
1.94389e-05
1.91293e-05
1.62131e-05
9.45494e-06
2.12009e-06
3.46311e-07
5.27976e-09
0
0
0
0
0
0
0
0
0
0
0
0
0
0
0
0
0
0
0
0
0
0
0
0
0
0
0
0
0
0
0
0
0
0
0
0
2.76619e-10
8.39247e-10
1.10928e-09
1.15916e-09
1.1895e-09
1.17293e-09
1.21878e-09
9.60349e-10
1.04921e-09
5.71007e-10
1.05788e-09
1.9597e-11
1.24897e-09
0
2.12876e-09
0
4.6606e-09
0
1.14652e-08
0
0
0
0
0
0
0
0
0
0
0
0
0
0
0
0
0
0
7.13435e-10
1.43974e-09
1.61494e-09
9.45159e-10
0
0
0
1.63911e-09
3.07975e-09
2.23027e-09
0
0
0
0
0
0
0
0
0
0
0
0
0
0
0
0
0
0
0
3.85215e-10
1.14727e-09
1.20488e-09
1.17275e-09
8.23199e-10
1.45687e-09
1.76522e-09
2.3608e-09
4.0278e-09
2.69612e-09
5.56176e-09
4.94684e-09
3.70219e-09
1.76235e-08
7.81029e-09
4.41992e-08
4.46457e-07
9.11766e-07
0
0
0
0
0
0
0
0
9.75427e-07
2.76224e-06
7.89677e-07
0
0
0
3.83944e-06
7.44993e-06
1.78639e-05
2.38618e-05
1.50684e-05
3.17981e-07
0
0
0
0
0
0
0
1.07221e-06
2.15316e-07
0
0
0
1.66999e-06
4.43572e-06
9.34817e-06
1.34051e-05
6.86614e-06
9.83808e-07
0
0
0
0
0
0
0
0
0
0
0
0
0
1.05919e-06
1.97741e-06
1.04117e-05
2.63348e-05
3.16337e-05
2.42115e-05
3.28198e-06
1.39753e-07
0
0
0
0
0
0
1.13101e-09
8.51713e-10
0
0
0
0
0
0
0
0
0
0
0
0
0
0
0
0
0
0
0
0
0
0
0
0
0
0
0
0
0
0
0
0
0
0
0
0
0
0
0
0
0
0
0
0
0
7.35799e-10
0
4.03722e-09
0
0
0
0
0
0
0
0
0
0
0
0
0
0
0
0
0
0
0
0
0
0
0
0
0
0
1.16551e-09
1.27245e-09
5.86176e-10
0
0
0
0
0
0
0
0
0
0
0
0
0
0
0
0
0
0
0
3.61745e-10
3.70537e-10
3.55707e-10
2.71809e-10
9.15327e-10
1.28062e-09
1.92365e-09
3.21917e-09
2.2934e-09
5.37578e-09
3.99755e-09
3.01878e-09
2.06325e-08
5.98732e-09
1.00806e-07
1.27622e-06
2.81031e-06
0
0
0
0
0
0
0
0
0
2.7988e-07
1.37891e-06
0
0
9.39873e-07
1.1198e-06
2.47214e-06
9.55559e-06
3.14062e-05
1.6281e-05
3.23838e-06
0
0
0
0
0
2.62811e-06
2.97049e-06
9.90711e-07
0
0
0
0
1.62981e-07
1.11566e-06
3.24271e-06
7.27887e-06
4.97892e-06
2.38924e-07
0
0
0
0
0
0
0
0
0
8.50471e-08
0
0
1.67755e-06
1.69043e-06
2.31221e-07
3.56808e-06
1.22818e-05
5.97977e-05
3.69866e-05
3.05873e-06
4.75769e-08
0
0
0
0
0
1.03123e-09
5.06112e-09
7.67923e-09
8.45802e-09
6.52119e-09
3.59888e-10
0
0
0
0
0
0
0
0
0
0
0
0
0
0
0
0
0
0
0
0
0
0
0
0
0
0
0
0
0
0
0
0
0
0
0
0
0
0
0
0
0
0
0
0
1.01318e-09
0
1.16635e-07
1.80078e-07
1.48141e-07
1.20155e-07
1.18451e-07
1.2482e-07
1.2303e-07
1.10394e-07
9.7132e-08
8.6713e-08
7.92789e-08
7.18295e-08
6.56116e-08
5.88077e-08
5.40101e-08
4.75116e-08
4.39596e-08
3.54931e-08
3.34971e-08
2.1556e-08
2.33253e-08
6.58551e-09
1.55478e-08
0
0
6.99126e-08
7.02015e-08
4.49398e-08
3.42487e-08
3.01629e-08
2.92326e-08
2.54146e-08
2.24783e-08
1.85766e-08
1.62838e-08
1.393e-08
1.24159e-08
1.06141e-08
9.152e-09
7.80038e-09
6.116e-09
5.14075e-09
2.6337e-09
2.1786e-09
0
0
0
0
0
0
7.74653e-08
5.73254e-08
3.29595e-08
2.23751e-08
1.85943e-08
1.57747e-08
1.18291e-08
7.83751e-09
4.57106e-09
2.2411e-09
5.90894e-10
0
0
0
0
0
0
0
0
0
0
0
0
0
0
3.91754e-08
9.91482e-09
0
0
0
0
0
0
0
0
0
0
0
0
0
0
0
0
0
0
0
0
0
0
0
0
0
0
0
0
0
0
0
0
0
0
0
0
0
0
0
0
0
0
0
0
0
0
0
0
0
0
0
0
0
0
0
0
0
0
0
0
0
0
0
0
0
0
0
0
0
0
0
0
0
0
0
0
0
0
0
0
0
0
0
0
0
0
0
0
0
0
0
0
0
0
0
0
0
0
0
0
0
0
0
0
0
0
0
0
0
0
0
0
0
0
0
0
0
0
0
0
0
0
0
0
0
0
0
0
0
0
0
0
0
0
0
0
0
0
0
0
0
0
0
0
0
0
0
0
0
0
0
0
0
0
0
0
0
0
0
0
0
0
0
0
0
0
0
0
0
0
0
0
0
0
0
0
0
0
0
0
0
0
0
0
0
0
0
0
0
0
0
0
0
0
0
0
0
0
0
0
0
0
0
0
0
0
0
0
0
0
0
0
0
0
0
0
0
0
0
0
0
0
0
0
0
0
0
0
0
0
0
0
0
0
0
0
0
0
0
0
0
0
0
0
0
0
0
0
0
0
0
0
0
0
0
0
0
0
0
0
0
0
0
0
0
0
0
0
0
0
0
0
0
0
0
0
0
0
0
0
0
0
0
0
0
0
0
0
0
0
0
0
0
0
0
0
0
0
0
0
0
0
0
0
0
0
0
0
0
0
0
0
0
0
0
0
0
0
0
0
0
0
0
0
0
0
0
0
0
0
0
0
0
0
0
0
0
0
0
0
0
0
0
0
0
0
0
0
0
0
4.7564e-08
1.73938e-07
1.0356e-08
0
0
0
0
0
0
0
0
0
0
0
0
0
0
0
0
0
0
0
0
0
0
3.00214e-07
3.07262e-07
4.58408e-08
0
0
0
0
0
0
0
0
0
0
0
0
0
0
0
0
0
0
0
0
0
1.7102e-07
4.87439e-07
3.69886e-07
1.46207e-08
0
0
0
0
0
0
0
0
0
0
0
0
0
0
0
0
0
0
0
0
0
2.94038e-07
6.76091e-07
4.28205e-07
0
0
0
0
0
0
0
0
0
0
0
0
0
0
0
0
0
0
0
0
0
0
3.51376e-07
7.01628e-07
3.29642e-07
0
0
0
0
0
0
0
0
0
0
0
0
0
0
0
0
0
0
0
0
0
0
2.52817e-07
2.43685e-07
0
0
0
0
0
0
0
0
0
0
0
0
0
0
0
0
0
0
0
0
0
0
0
2.43278e-08
0
0
0
0
0
0
0
0
0
0
0
0
0
0
0
0
0
0
0
0
0
0
0
0
0
0
0
0
0
0
0
0
0
0
0
0
0
0
0
0
0
0
0
0
0
0
0
0
0
0
0
0
0
0
0
0
0
0
0
0
0
0
0
0
0
0
0
0
0
0
0
0
0
0
0
0
0
0
0
0
0
0
0
0
0
0
0
0
0
0
0
0
0
0
0
0
0
0
0
0
0
0
0
0
0
0
0
0
0
0
0
0
0
0
0
0
0
0
0
0
0
0
0
0
0
0
0
0
0
0
0
0
0
0
0
0
0
0
0
0
0
0
0
0
0
0
0
0
0
0
0
0
0
0
0
0
0
0
0
0
0
0
0
0
0
0
0
0
0
0
0
0
0
0
0
0
0
0
0
0
0
0
0
0
0
0
0
0
0
0
0
0
0
0
0
0
0
0
0
0
0
0
0
0
0
0
0
0
0
0
0
0
0
0
0
0
0
0
0
0
0
0
0
0
0
0
0
0
0
0
0
0
0
0
0
0
0
0
0
0
0
0
0
0
0
0
0
0
0
0
0
0
0
0
0
0
0
0
0
0
0
0
0
0
0
0
0
0
0
0
0
0
0
0
0
0
0
0
0
0
0
0
0
0
0
0
0
0
0
0
0
0
0
0
0
0
0
0
0
0
0
0
0
0
0
0
0
0
0
0
0
0
0
0
0
0
0
0
0
0
0
0
0
0
0
0
0
0
0
0
0
0
0
0
0
0
0
0
0
0
0
0
0
0
0
0
0
0
0
0
0
0
0
0
0
0
0
0
0
0
0
0
0
0
0
0
0
0
0
0
0
0
0
0
0
0
0
0
0
0
0
0
0
0
0
0
0
0
0
0
0
0
0
0
0
0
0
0
0
0
0
0
0
0
0
0
0
0
0
0
0
0
0
0
0
0
0
0
0
0
0
0
0
0
0
0
0
0
0
0
0
0
0
0
0
0
0
0
0
0
0
0
0
0
0
0
0
0
0
0
0
0
0
0
0
0
0
0
0
0
0
0
0
0
0
0
0
0
0
0
0
0
0
8.62508e-08
0
0
0
0
0
0
0
0
0
0
0
0
0
0
0
0
0
0
0
0
0
0
0
0
7.42016e-07
0
0
0
0
0
0
0
0
0
0
0
0
0
0
0
0
0
0
0
0
0
0
0
0
1.25884e-06
1.52033e-07
0
0
0
0
0
0
0
0
0
0
0
0
0
0
0
0
0
0
0
0
0
0
0
0
8.65895e-07
0
0
0
0
0
0
0
0
0
0
0
0
0
0
0
0
0
0
0
0
0
0
0
0
0
0
0
0
0
0
0
0
0
0
0
0
0
0
0
0
0
0
0
0
0
0
0
0
0
0
0
0
0
0
0
0
0
0
0
0
0
0
0
0
0
0
0
0
0
0
0
0
0
0
0
0
0
0
0
0
0
0
0
0
1.14716e-08
0
0
0
0
0
0
0
0
0
0
0
0
0
0
0
0
0
0
0
0
0
0
0
5.69408e-09
1.83358e-08
5.28268e-09
0
0
0
0
0
0
0
0
0
0
0
0
0
0
0
0
0
0
0
0
0
2.9334e-09
1.07975e-08
1.06756e-08
5.85607e-09
0
0
0
0
0
9.55026e-10
0
4.04849e-09
0
5.85042e-09
0
3.00047e-09
2.30267e-08
0
0
0
0
0
0
0
5.29161e-09
8.52581e-09
9.34651e-09
8.00567e-09
6.44019e-09
4.75423e-09
4.4448e-09
3.69806e-09
4.29528e-09
3.17009e-09
3.94346e-09
2.25885e-09
3.90867e-09
1.23986e-09
4.05031e-09
4.6438e-11
2.42615e-09
4.02254e-08
0
0
0
0
5.44586e-09
9.86081e-09
1.0431e-08
9.59314e-09
8.38872e-09
7.21605e-09
5.88946e-09
4.90011e-09
3.92993e-09
3.49607e-09
2.77943e-09
2.73779e-09
1.94694e-09
2.12147e-09
1.20854e-09
1.90326e-09
6.11099e-10
2.02182e-09
0
1.04012e-09
3.33787e-08
8.38358e-09
0
0
2.89944e-09
4.08912e-09
2.7772e-09
9.74953e-10
0
0
0
0
0
0
0
0
0
0
0
0
0
0
0
0
0
2.6149e-08
1.47259e-08
5.1537e-09
9.96828e-10
0
0
0
0
0
0
0
0
0
0
0
0
0
0
0
0
0
0
0
0
0
2.32071e-08
1.65406e-08
5.82394e-09
5.43263e-10
0
0
0
0
0
0
0
0
0
0
0
0
0
0
0
0
0
0
0
0
0
2.19216e-08
1.43953e-08
4.56401e-09
4.67254e-10
0
0
0
0
0
0
0
0
0
0
0
0
0
0
0
0
0
0
0
0
0
)
;

boundaryField
{
    inlet
    {
        type            zeroGradient;
    }
    outlet
    {
        type            zeroGradient;
    }
    upperWall
    {
        type            zeroGradient;
    }
    lowerWall
    {
        type            zeroGradient;
    }
    frontAndBack
    {
        type            empty;
    }
}


// ************************************************************************* //
