/*--------------------------------*- C++ -*----------------------------------*\
  =========                 |
  \\      /  F ield         | OpenFOAM: The Open Source CFD Toolbox
   \\    /   O peration     | Website:  https://openfoam.org
    \\  /    A nd           | Version:  6
     \\/     M anipulation  |
\*---------------------------------------------------------------------------*/
FoamFile
{
    version     2.0;
    format      ascii;
    class       volScalarField;
    location    "0.05";
    object      p;
}
// * * * * * * * * * * * * * * * * * * * * * * * * * * * * * * * * * * * * * //

dimensions      [0 2 -2 0 0 0 0];

internalField   nonuniform List<scalar> 
12225
(
163.218
165.974
169.351
171.713
173.378
174.528
175.251
175.596
175.632
175.432
175.055
174.574
174.031
173.463
172.852
172.23
171.441
170.498
162.176
165.912
169.335
171.711
173.402
174.563
175.277
175.605
175.627
175.423
175.052
174.576
174.038
173.464
172.851
172.199
171.437
170.512
160.995
165.894
169.455
171.831
173.49
174.617
175.304
175.616
175.638
175.445
175.085
174.613
174.068
173.476
172.837
172.149
171.379
170.467
159.902
165.972
169.596
171.941
173.603
174.731
175.404
175.697
175.702
175.493
175.122
174.639
174.085
173.479
172.822
172.113
171.326
170.45
159.585
166.042
169.803
172.141
173.778
174.876
175.517
175.785
175.776
175.56
175.185
174.696
174.131
173.508
172.831
172.1
171.307
170.473
159.772
166.345
170.159
172.443
174.016
175.063
175.665
175.913
175.893
175.666
175.278
174.775
174.196
173.557
172.86
172.109
171.314
170.498
162.311
167.016
170.594
172.825
174.361
175.357
175.906
176.109
176.054
175.801
175.392
174.872
174.274
173.614
172.898
172.136
171.341
170.521
161.263
167.83
171.21
173.331
174.79
175.696
176.176
176.338
176.255
175.975
175.544
175.007
174.395
173.72
172.99
172.213
171.4
170.556
164.118
168.984
171.991
173.96
175.317
176.127
176.536
176.651
176.531
176.217
175.753
175.184
174.541
173.839
173.085
172.289
171.458
170.597
167.124
170.431
172.846
174.704
175.974
176.685
177.001
177.039
176.854
176.49
175.993
175.401
174.737
174.013
173.24
172.425
171.575
170.691
170.058
172.123
174.05
175.717
176.809
177.34
177.533
177.503
177.269
176.856
176.31
175.675
174.974
174.22
173.423
172.589
171.724
170.824
173.779
173.755
175.28
176.701
177.642
178.066
178.155
178.029
177.713
177.235
176.641
175.972
175.243
174.464
173.642
172.786
171.901
170.99
174.572
175.234
176.665
177.86
178.614
178.895
178.861
178.633
178.238
177.693
177.043
176.325
175.557
174.751
173.909
173.036
172.135
171.21
171.824
176.591
178.46
179.462
179.955
180.011
179.801
179.432
178.926
178.298
177.582
176.805
175.986
175.133
174.256
173.361
172.451
171.527
176.36
179.409
180.889
181.511
181.65
181.483
181.091
180.535
179.858
179.095
178.28
177.435
176.565
175.674
174.764
173.84
172.908
171.97
181.475
183.554
184.431
184.52
184.011
183.38
182.692
181.914
181.067
180.173
179.242
178.292
177.337
176.383
175.432
174.487
173.548
172.614
187.396
189.667
189.213
188.272
187.091
185.987
184.923
183.809
182.69
181.598
180.525
179.463
178.411
177.373
176.352
175.355
174.382
173.435
213.105
200.949
195.955
193.106
190.973
189.22
187.65
186.15
184.725
183.38
182.103
180.882
179.715
178.596
177.523
176.492
175.501
174.543
200.532
202.157
200.218
197.691
195.167
192.871
190.78
188.864
187.13
185.549
184.076
182.687
181.374
180.134
178.965
177.862
176.821
175.839
220.264
212.021
206.269
202.105
198.75
195.971
193.528
191.294
189.26
187.424
185.755
184.219
182.793
181.468
180.234
179.08
177.998
176.98
222.881
215.315
209.772
205.129
201.306
198.095
195.316
192.855
190.663
188.711
186.945
185.319
183.811
182.417
181.13
179.939
178.832
177.803
224.68
217.537
211.622
206.74
202.735
199.444
196.624
194.087
191.782
189.706
187.836
186.134
184.574
183.141
181.819
180.594
179.456
178.396
228.087
218.768
212.602
207.913
203.906
200.461
197.474
194.827
192.465
190.352
188.449
186.716
185.124
183.657
182.305
181.06
179.911
178.848
224.366
218.532
212.986
208.428
204.493
201.121
198.168
195.501
193.084
190.904
188.937
187.154
185.529
184.041
182.676
181.418
180.256
179.18
222.49
217.924
213.15
208.759
204.879
201.499
198.498
195.795
193.373
191.198
189.232
187.446
185.818
184.326
182.951
181.678
180.498
179.406
222.761
217.642
213.056
208.879
205.119
201.791
198.814
196.113
193.669
191.464
189.468
187.656
186.007
184.504
183.125
181.855
180.677
179.583
222.087
217.218
212.995
208.964
205.257
201.957
198.989
196.274
193.809
191.589
189.588
187.781
186.141
184.645
183.264
181.982
180.787
179.679
220.088
216.835
212.856
208.991
205.346
202.04
199.064
196.359
193.909
191.695
189.689
187.869
186.221
184.724
183.349
182.07
180.873
179.753
219.156
216.589
212.756
208.97
205.38
202.11
199.149
196.437
193.965
191.733
189.719
187.903
186.265
184.781
183.418
182.146
180.947
179.814
219.441
216.573
212.782
209.018
205.422
202.135
199.169
196.46
193.991
191.758
189.741
187.924
186.29
184.812
183.451
182.177
180.97
179.829
155.582
155.554
155.49
155.394
155.272
155.116
154.931
154.738
154.556
154.402
154.282
154.185
154.093
153.995
153.9
153.825
153.78
153.77
153.79
153.838
153.911
154.005
154.117
154.244
154.381
154.525
154.675
154.832
155.001
155.186
155.397
155.649
155.956
156.339
156.845
157.48
158.273
159.244
160.267
161.381
162.243
162.252
161.418
160.355
159.656
159.075
158.337
157.692
157.316
157.182
156.999
156.649
156.227
155.69
155.194
154.419
153.439
152.809
152.246
151.256
149.72
147.837
145.755
143.589
141.412
139.26
137.143
135.054
132.976
130.888
128.766
126.588
124.334
121.985
119.527
116.948
114.241
111.401
108.432
105.34
102.14
98.8521
95.5063
92.1405
88.8024
85.549
82.4469
79.571
77.0023
74.8256
73.1254
71.9807
71.4619
71.628
72.5226
74.1636
76.5393
79.6146
83.3306
87.6066
92.3432
97.4274
102.738
108.151
113.548
118.815
123.856
128.585
132.935
136.854
140.3
143.244
145.668
147.56
148.919
149.754
150.082
149.932
149.346
148.37
147.057
145.459
143.628
141.612
139.455
137.195
134.866
132.499
130.122
127.768
125.466
123.249
121.15
119.202
117.433
115.866
114.513
113.372
112.43
111.661
111.036
110.52
110.079
109.68
109.293
108.891
108.457
107.976
107.441
106.846
106.19
105.475
104.703
103.872
102.983
102.042
101.06
100.058
99.056
98.0661
97.0815
96.0858
95.0655
94.0163
92.9413
91.8479
90.7452
89.6414
88.5435
87.456
86.381
85.3156
84.2565
83.1979
82.141
81.083
80.0355
78.9894
77.9716
76.9394
155.685
155.658
155.574
155.439
155.263
155.057
154.829
154.593
154.367
154.17
154.018
153.898
153.776
153.638
153.504
153.408
153.369
153.386
153.444
153.534
153.646
153.774
153.916
154.065
154.218
154.373
154.528
154.687
154.853
155.029
155.236
155.469
155.747
156.102
156.498
156.987
157.573
158.274
159.067
159.857
160.69
160.778
160.159
159.968
159.791
158.91
157.823
157.046
156.624
156.573
156.656
156.64
156.394
155.761
155.079
154.531
153.67
152.721
151.831
150.603
148.987
147.107
145.088
143.015
140.942
138.892
136.868
134.86
132.849
130.815
128.734
126.585
124.349
122.008
119.549
116.961
114.237
111.375
108.377
105.251
102.011
98.6784
95.2835
91.8647
88.4701
85.1581
81.9966
79.0622
76.4383
74.212
72.4704
71.2965
70.7631
70.9279
71.8271
73.4763
75.869
78.9706
82.7211
87.0381
91.8206
96.9537
102.314
107.777
113.221
118.532
123.612
128.376
132.757
136.704
140.176
143.147
145.596
147.514
148.898
149.754
150.101
149.966
149.39
148.42
147.109
145.509
143.673
141.649
139.481
137.207
134.862
132.478
130.087
127.719
125.404
123.175
121.067
119.111
117.339
115.773
114.424
113.29
112.357
111.599
110.985
110.478
110.046
109.655
109.274
108.877
108.444
107.965
107.432
106.841
106.19
105.476
104.7
103.864
102.973
102.035
101.058
100.059
99.0567
98.0634
97.0747
96.0772
95.0585
94.0125
92.9402
91.848
90.7455
89.6417
88.5437
87.4559
86.3804
85.3143
84.254
83.1932
82.1334
81.0708
80.018
78.9638
77.9348
76.8849
155.856
155.8
155.659
155.44
155.175
154.905
154.652
154.402
154.129
153.85
153.635
153.499
153.385
153.272
153.176
153.116
153.097
153.117
153.174
153.264
153.381
153.519
153.673
153.836
154.002
154.168
154.334
154.5
154.67
154.853
155.06
155.296
155.577
155.905
156.264
156.697
157.169
157.646
158.167
158.64
159.091
159.253
159.161
159.227
158.863
158.037
157.287
156.614
156.101
156.077
156.527
156.94
156.998
156.6
155.773
154.871
153.804
152.488
151.047
149.453
147.726
145.893
144.005
142.097
140.194
138.306
136.428
134.547
132.644
130.697
128.683
126.584
124.379
122.054
119.596
116.996
114.249
111.352
108.309
105.128
101.824
98.4183
94.9406
91.4306
87.9376
84.5216
81.2529
78.211
75.4831
73.1603
71.334
70.0911
69.5078
69.6428
70.5335
72.1954
74.6196
77.7695
81.5827
85.9738
90.8388
96.0599
101.511
107.063
112.593
117.983
123.134
127.96
132.396
136.392
139.913
142.932
145.43
147.397
148.829
149.729
150.112
150.006
149.45
148.49
147.181
145.577
143.731
141.691
139.502
137.205
134.835
132.426
130.008
127.614
125.274
123.023
120.897
118.93
117.152
115.589
114.251
113.135
112.223
111.488
110.894
110.407
109.99
109.612
109.242
108.853
108.426
107.949
107.416
106.822
106.166
105.451
104.677
103.849
102.966
102.032
101.058
100.063
99.0654
98.0716
97.0763
96.0682
95.0401
93.9907
92.922
91.8382
90.745
89.6486
88.5552
87.4689
86.3915
85.3207
84.2537
83.1855
82.1175
81.0466
79.9818
78.9138
77.8585
76.7782
155.921
155.742
155.462
155.135
154.784
154.477
154.252
154.047
153.824
153.606
153.398
153.181
152.961
152.779
152.661
152.604
152.595
152.622
152.679
152.764
152.877
153.016
153.177
153.353
153.54
153.732
153.927
154.124
154.328
154.547
154.793
155.077
155.408
155.784
156.201
156.664
157.132
157.58
158.026
158.383
158.651
158.802
158.797
158.696
158.266
157.628
157.093
156.602
156.352
156.608
157.329
157.995
158.286
157.975
157.043
155.617
153.919
152.074
150.21
148.361
146.541
144.741
142.958
141.195
139.448
137.715
135.984
134.235
132.447
130.595
128.656
126.61
124.439
122.13
119.671
117.056
114.278
111.336
108.234
104.98
101.589
98.0819
94.4898
90.8529
87.2221
83.66
80.2402
77.0464
74.1705
71.7089
69.7581
68.4098
67.7443
67.824
68.6894
70.3564
72.8143
76.0233
79.9169
84.4056
89.381
94.7214
100.297
105.973
111.622
117.123
122.372
127.283
131.793
135.857
139.442
142.527
145.096
147.135
148.637
149.602
150.041
149.979
149.454
148.515
147.215
145.61
143.755
141.7
139.49
137.165
134.763
132.32
129.869
127.441
125.07
122.792
120.644
118.662
116.881
115.324
114.004
112.916
112.037
111.336
110.774
110.314
109.92
109.562
109.209
108.833
108.414
107.94
107.406
106.809
106.147
105.426
104.65
103.823
102.945
102.02
101.056
100.067
99.0701
98.0709
97.0672
96.052
95.0215
93.9753
92.9137
91.8378
90.7513
89.6595
88.5676
87.4794
86.3974
85.3204
84.2465
83.1713
82.0949
81.0144
79.9351
78.8501
77.7647
76.6506
156.186
155.972
155.696
155.372
155.005
154.66
154.315
153.936
153.616
153.414
153.249
153.03
152.744
152.438
152.16
151.938
151.782
151.693
151.665
151.693
151.776
151.908
152.085
152.297
152.538
152.798
153.07
153.351
153.644
153.959
154.31
154.71
155.167
155.679
156.236
156.814
157.376
157.903
158.376
158.714
158.904
158.964
158.855
158.596
158.183
157.716
157.386
157.224
157.377
157.883
158.563
159.231
159.675
159.395
158.119
156.082
153.815
151.555
149.423
147.428
145.559
143.787
142.084
140.432
138.813
137.214
135.614
133.989
132.311
130.55
128.682
126.685
124.544
122.247
119.783
117.146
114.329
111.332
108.158
104.814
101.314
97.6795
93.9411
90.1394
86.3265
82.5669
78.9377
75.5277
72.4351
69.7641
67.6196
66.1017
65.2985
65.2808
66.0952
67.7583
70.2553
73.5409
77.5416
82.161
87.2847
92.7857
98.5286
104.374
110.187
115.838
121.219
126.243
130.85
134.999
138.667
141.84
144.502
146.636
148.228
149.273
149.777
149.766
149.28
148.367
147.084
145.486
143.63
141.566
139.344
137.003
134.581
132.112
129.632
127.174
124.775
122.471
120.303
118.309
116.527
114.984
113.691
112.64
111.805
111.148
110.625
110.198
109.832
109.496
109.163
108.804
108.398
107.933
107.402
106.804
106.136
105.405
104.621
103.793
102.921
102.004
101.047
100.063
99.0653
98.065
97.0602
96.0436
95.0116
93.9656
92.9069
91.8356
90.7536
89.6649
88.5741
87.4847
86.3993
85.3177
84.2378
83.1558
82.0706
80.9798
79.8857
78.7827
77.6698
76.5252
157.109
156.934
156.641
156.254
155.866
155.518
155.051
154.42
153.783
153.249
152.807
152.388
151.944
151.479
151.016
150.588
150.222
149.938
149.749
149.66
149.674
149.786
149.988
150.269
150.613
151.004
151.428
151.873
152.341
152.839
153.386
153.999
154.685
155.434
156.22
157.008
157.76
158.435
158.98
159.329
159.45
159.353
159.063
158.657
158.22
157.807
157.531
157.491
157.79
158.368
159.069
159.742
160.105
159.783
158.296
155.879
153.317
150.872
148.643
146.621
144.77
143.049
141.418
139.856
138.339
136.85
135.362
133.844
132.263
130.583
128.775
126.821
124.704
122.413
119.938
117.271
114.406
111.342
108.077
104.619
100.978
97.1749
93.2373
89.2057
85.1335
81.0888
77.1555
73.432
70.0289
67.0639
64.6561
62.9182
61.9493
61.8275
62.6024
64.2884
66.8625
70.2691
74.4241
79.2212
84.5386
90.2443
96.1985
102.257
108.274
114.114
119.658
124.816
129.53
133.771
137.528
140.796
143.564
145.814
147.521
148.67
149.261
149.313
148.865
147.974
146.702
145.112
143.261
141.198
138.97
136.621
134.192
131.717
129.23
126.765
124.358
122.048
119.878
117.891
116.125
114.609
113.355
112.354
111.576
110.972
110.493
110.1
109.759
109.443
109.123
108.772
108.371
107.913
107.392
106.8
106.133
105.396
104.604
103.771
102.898
101.985
101.033
100.054
99.0604
98.0608
97.0542
96.0344
94.9995
93.9532
92.8978
91.8318
90.7547
89.6692
88.5797
87.4896
86.4013
85.3149
84.2288
83.1396
82.0455
80.9441
79.8356
78.7151
77.5783
76.4089
158.396
158.264
157.975
157.476
156.87
156.289
155.638
154.85
153.965
153.033
152.11
151.213
150.339
149.489
148.672
147.913
147.239
146.683
146.271
146.021
145.944
146.037
146.291
146.691
147.212
147.832
148.524
149.27
150.061
150.904
151.81
152.792
153.844
154.943
156.045
157.106
158.079
158.925
159.591
159.982
160.038
159.796
159.356
158.784
158.16
157.554
157.094
156.924
157.134
157.635
158.334
159.033
159.26
158.826
157.382
154.975
152.442
150.061
147.903
145.96
144.18
142.524
140.958
139.467
138.03
136.628
135.233
133.807
132.308
130.696
128.939
127.017
124.914
122.619
120.122
117.411
114.48
111.321
107.932
104.314
100.476
96.4355
92.2204
87.8735
83.4539
79.0386
74.7237
70.6223
66.8607
63.5731
60.8933
58.9463
57.8397
57.6539
58.4351
60.1915
62.8912
66.4655
70.8161
75.8254
81.3644
87.2981
93.4862
99.7816
106.031
112.085
117.811
123.111
127.929
132.247
136.072
139.414
142.275
144.636
146.465
147.733
148.429
148.564
148.175
147.315
146.051
144.455
142.595
140.535
138.321
135.988
133.571
131.107
128.635
126.19
123.806
121.521
119.378
117.421
115.693
114.226
113.035
112.101
111.386
110.839
110.406
110.045
109.725
109.424
109.118
108.776
108.373
107.903
107.376
106.79
106.129
105.391
104.592
103.751
102.876
101.965
101.019
100.044
99.0528
98.0522
97.044
96.0238
94.9895
93.9442
92.891
91.8289
90.7555
89.6722
88.5833
87.4925
86.4018
85.3109
84.2185
83.1217
82.0187
80.907
79.7852
78.6487
77.4919
76.3023
159.666
159.447
159.045
158.447
157.652
156.743
155.724
154.59
153.346
151.992
150.56
149.087
147.611
146.169
144.795
143.528
142.408
141.473
140.758
140.29
140.086
140.149
140.475
141.048
141.84
142.821
143.954
145.209
146.562
147.998
149.505
151.061
152.638
154.19
155.657
156.977
158.117
159.077
159.82
160.232
160.225
159.887
159.369
158.732
157.977
157.156
156.426
155.963
155.861
156.093
156.669
157.295
157.388
156.953
155.773
153.679
151.417
149.269
147.279
145.462
143.763
142.166
140.655
139.224
137.857
136.533
135.219
133.872
132.444
130.889
129.171
127.269
125.167
122.852
120.31
117.53
114.498
111.205
107.642
103.81
99.715
95.3751
90.823
86.1079
81.2982
76.4826
71.77
67.2878
63.1769
59.5844
56.6553
54.5231
53.3
53.068
53.873
55.7196
58.5662
62.3287
66.8919
72.1243
77.8902
84.0556
90.4855
97.0355
103.546
109.848
115.786
121.247
126.169
130.545
134.405
137.786
140.706
143.151
145.082
146.457
147.254
147.478
147.162
146.355
145.121
143.53
141.656
139.572
137.344
135.025
132.65
130.242
127.828
125.438
123.109
120.88
118.793
116.894
115.23
113.831
112.711
111.857
111.227
110.756
110.381
110.054
109.748
109.449
109.145
108.805
108.399
107.921
107.382
106.789
106.127
105.389
104.586
103.738
102.858
101.945
101.002
100.032
99.0425
98.0425
97.0348
96.0165
94.9843
93.9399
92.8871
91.8265
90.7555
89.6739
88.5852
87.4933
86.4001
85.3049
84.2065
83.1024
81.991
80.8695
79.7356
78.5848
77.4111
76.2045
160.373
160.088
159.532
158.74
157.703
156.446
154.987
153.352
151.564
149.632
147.582
145.447
143.276
141.13
139.07
137.16
135.459
134.023
132.902
132.138
131.763
131.795
132.235
133.067
134.257
135.762
137.529
139.507
141.645
143.891
146.189
148.483
150.714
152.809
154.678
156.249
157.512
158.49
159.158
159.459
159.422
159.167
158.732
158.157
157.425
156.603
155.816
155.175
154.781
154.691
154.95
155.27
155.254
155.036
154.232
152.496
150.546
148.644
146.818
145.106
143.471
141.923
140.465
139.095
137.797
136.546
135.306
134.032
132.669
131.165
129.479
127.584
125.464
123.103
120.487
117.601
114.43
110.961
107.185
103.1
98.715
94.0523
89.1497
84.0639
78.8717
73.6701
68.5772
63.73
59.2791
55.3807
52.1874
49.8402
48.4609
48.1436
48.9437
50.8663
53.8586
57.8154
62.5962
68.0491
74.0307
80.4139
87.0802
93.9005
100.714
107.327
113.546
119.222
124.278
128.717
132.595
135.986
138.932
141.428
143.425
144.873
145.741
146.033
145.781
145.034
143.853
142.303
140.45
138.364
136.117
133.781
131.415
129.056
126.727
124.446
122.23
120.109
118.124
116.323
114.752
113.452
112.437
111.684
111.138
110.734
110.408
110.114
109.825
109.53
109.22
108.874
108.461
107.967
107.408
106.801
106.135
105.396
104.587
103.732
102.844
101.928
100.985
100.017
99.032
98.0342
97.0275
96.0106
94.9809
93.9383
92.8861
91.8259
90.7561
89.6757
88.5868
87.4931
86.3968
85.2973
84.1932
83.0823
81.9628
80.8319
79.687
78.5234
77.3354
76.1143
159.981
159.624
158.928
157.923
156.612
155.004
153.107
150.94
148.534
145.918
143.132
140.222
137.251
134.292
131.427
128.742
126.325
124.263
122.638
121.521
120.966
121.002
121.632
122.833
124.557
126.736
129.289
132.128
135.161
138.297
141.45
144.539
147.478
150.175
152.535
154.496
156.039
157.163
157.871
158.221
158.336
158.242
157.864
157.221
156.349
155.389
154.552
153.945
153.595
153.473
153.513
153.507
153.467
153.62
153.189
151.716
150.019
148.263
146.536
144.881
143.291
141.792
140.388
139.076
137.839
136.651
135.478
134.271
132.973
131.521
129.862
127.964
125.806
123.372
120.652
117.629
114.29
110.623
106.621
102.281
97.612
92.64
87.4076
81.9763
76.4266
70.8583
65.3918
60.1677
55.3428
51.0823
47.552
44.9107
43.303
42.8493
43.6213
45.6247
48.788
52.9698
57.9862
63.6509
69.8085
76.3477
83.1872
90.2413
97.3702
104.358
110.952
116.937
122.195
126.73
130.633
134.025
136.98
139.5
141.532
143.013
143.913
144.238
144.024
143.323
142.191
140.694
138.895
136.858
134.642
132.314
129.952
127.626
125.373
123.211
121.148
119.197
117.382
115.743
114.326
113.16
112.251
111.587
111.127
110.798
110.526
110.259
109.971
109.657
109.322
108.958
108.537
108.034
107.459
106.832
106.153
105.408
104.595
103.733
102.838
101.917
100.971
100.005
99.0222
98.0267
97.0212
96.0059
94.9786
93.9384
92.8869
91.8266
90.7571
89.6771
88.5878
87.4924
86.3929
85.2891
84.1794
83.062
81.9347
80.7949
79.6399
78.4649
77.2647
76.031
158.289
157.883
157.072
155.877
154.305
152.361
150.043
147.356
144.321
140.972
137.363
133.559
129.643
125.711
121.875
118.257
114.991
112.206
110.018
108.525
107.798
107.879
108.774
110.454
112.854
115.875
119.392
123.258
127.32
131.439
135.509
139.445
143.157
146.549
149.542
152.083
154.136
155.675
156.724
157.363
157.674
157.669
157.24
156.336
155.101
153.704
152.499
151.728
151.464
151.57
151.786
151.896
152.098
152.507
152.287
151.247
149.795
148.102
146.43
144.803
143.246
141.786
140.421
139.147
137.952
136.815
135.699
134.56
133.334
131.942
130.313
128.403
126.19
123.663
120.816
117.642
114.133
110.278
106.067
101.497
96.5766
91.33
85.801
80.0514
74.1589
68.2195
62.3507
56.6962
51.4253
46.7252
42.7901
39.8097
37.9586
37.3834
38.1721
40.3271
43.747
48.2328
53.5316
59.4005
65.6626
72.2276
79.0747
86.2024
93.5429
100.888
107.913
114.297
119.839
124.518
128.462
131.851
134.808
137.343
139.386
140.866
141.755
142.075
141.875
141.207
140.126
138.687
136.949
134.975
132.83
130.575
128.274
126.002
123.829
121.794
119.905
118.164
116.576
115.159
113.938
112.936
112.169
111.617
111.228
110.934
110.678
110.422
110.14
109.823
109.468
109.072
108.619
108.096
107.508
106.869
106.18
105.426
104.608
103.74
102.838
101.911
100.961
99.9943
99.0133
98.0203
97.0167
96.0029
94.9773
93.9387
92.8877
91.8269
90.7572
89.6777
88.5884
87.4915
86.3889
85.2807
84.1656
83.0418
81.9073
80.7593
79.595
78.4097
77.1986
75.9541
155.554
155.121
154.235
152.896
151.099
148.835
146.09
142.856
139.15
135.005
130.486
125.675
120.682
115.642
110.717
106.088
101.933
98.4156
95.6708
93.8034
92.8987
93.0268
94.2154
96.4418
99.6303
103.651
108.324
113.431
118.728
123.989
129.064
133.9
138.463
142.673
146.429
149.644
152.274
154.325
155.83
156.803
157.294
157.362
156.913
155.836
154.235
152.346
150.547
149.207
148.624
148.756
149.263
149.83
150.406
151.018
151.205
150.857
149.618
148.031
146.414
144.807
143.269
141.825
140.477
139.226
138.067
136.975
135.919
134.855
133.716
132.405
130.821
128.899
126.622
123.99
121.008
117.683
114.019
110.013
105.648
100.905
95.7812
90.2967
84.494
78.4313
72.1818
65.8381
59.5206
53.3869
47.634
42.4845
38.1645
34.8888
32.8535
32.2219
33.1056
35.5118
39.304
44.2052
49.8651
55.9572
62.2633
68.7081
75.3383
82.2686
89.5673
97.0999
104.498
111.31
117.195
122.058
126.049
129.422
132.363
134.896
136.933
138.386
139.234
139.518
139.302
138.647
137.611
136.244
134.595
132.711
130.653
128.494
126.31
124.164
122.12
120.231
118.528
117.017
115.687
114.532
113.553
112.76
112.149
111.7
111.375
111.122
110.885
110.625
110.323
109.98
109.604
109.189
108.713
108.166
107.558
106.904
106.204
105.444
104.622
103.75
102.843
101.91
100.956
99.9874
99.0067
98.0155
97.0137
96.0009
94.9763
93.9385
92.8879
91.8267
90.7565
89.6772
88.5879
87.4898
86.3845
85.2724
84.1522
83.0225
81.8811
80.7254
79.5526
78.3581
77.1373
75.8834
152.49
152.035
151.083
149.613
147.597
145.005
141.805
137.989
133.572
128.598
123.14
117.303
111.229
105.102
99.1383
93.5655
88.5901
84.3793
81.0683
78.7824
77.6458
77.7668
79.2005
81.934
85.8885
90.9187
96.8114
103.292
110.034
116.661
122.858
128.544
133.854
138.864
143.472
147.489
150.807
153.447
155.46
156.876
157.718
157.954
157.625
156.63
154.857
152.581
150.116
147.975
146.601
146.201
146.624
147.571
148.635
149.707
150.522
150.509
149.421
147.93
146.334
144.726
143.186
141.749
140.423
139.206
138.094
137.069
136.096
135.129
134.097
132.894
131.378
129.454
127.106
124.363
121.251
117.803
114.039
109.947
105.493
100.636
95.3496
89.6438
83.5597
77.1606
70.5268
63.7615
56.999
50.4181
44.2438
38.7241
34.0977
30.582
28.3823
27.6951
28.6837
31.3873
35.6433
41.0792
47.2125
53.6007
59.9619
66.2189
72.4727
78.9537
85.9034
93.3382
100.918
108.083
114.318
119.387
123.425
126.762
129.654
132.147
134.137
135.528
136.312
136.545
136.301
135.645
134.634
133.323
131.768
130.01
128.086
126.057
124.01
122.033
120.188
118.513
117.032
115.761
114.697
113.821
113.112
112.55
112.121
111.802
111.553
111.327
111.087
110.81
110.488
110.128
109.735
109.299
108.798
108.227
107.598
106.929
106.22
105.456
104.632
103.759
102.849
101.913
100.956
99.9844
99.0028
98.0122
97.0116
95.9998
94.9757
93.9384
92.8879
91.8261
90.7553
89.6757
88.5863
87.4872
86.3797
85.2641
84.1394
83.0042
81.8565
80.6937
79.513
78.3102
77.0808
75.8188
149.991
149.496
148.455
146.834
144.583
141.652
138.001
133.622
128.539
122.802
116.495
109.737
102.704
95.621
88.7511
82.352
76.6419
71.7957
67.9708
65.3308
64.0279
64.1647
65.7876
68.8817
73.3821
79.168
86.0414
93.7194
101.865
110.027
117.61
124.252
130.145
135.688
141.002
145.871
150.019
153.364
155.971
157.928
159.239
159.856
159.888
159.321
157.921
155.77
153.137
150.465
148.372
147.32
147.331
148.126
149.273
150.456
151.234
150.737
149.463
147.857
146.161
144.478
142.882
141.417
140.116
138.974
137.963
137.054
136.208
135.377
134.485
133.414
131.999
130.098
127.679
124.821
121.593
118.059
114.262
110.17
105.702
100.771
95.3276
89.3785
82.9827
76.2287
69.2253
62.097
54.9875
48.0797
41.6021
35.7999
30.8961
27.0926
24.6103
23.7179
24.6823
27.6311
32.4077
38.5189
45.2867
52.106
58.6179
64.7381
70.6013
76.5215
82.904
89.9582
97.4545
104.803
111.318
116.577
120.652
123.932
126.746
129.149
131.033
132.313
133.004
133.175
132.896
132.223
131.214
129.938
128.458
126.817
125.053
123.21
121.358
119.587
117.977
116.569
115.374
114.39
113.607
113.007
112.562
112.239
112.007
111.83
111.664
111.475
111.246
110.964
110.625
110.242
109.829
109.379
108.865
108.275
107.627
106.943
106.225
105.459
104.636
103.764
102.855
101.917
100.958
99.985
99.002
98.0111
97.0109
95.9996
94.9757
93.9385
92.888
91.8258
90.7542
89.6741
88.5844
87.4844
86.3748
85.256
84.1272
82.987
81.8335
80.6642
79.4764
78.2661
77.029
75.7597
148.93
148.367
147.195
145.385
142.882
139.629
135.584
130.736
125.112
118.765
111.781
104.292
96.4978
88.6658
81.1015
74.0972
67.8945
62.6861
58.6381
55.9011
54.5925
54.7731
56.4864
59.74
64.4885
70.6427
78.0537
86.4293
95.4274
104.746
113.738
121.52
127.957
133.748
139.435
144.957
149.908
153.992
157.202
159.674
161.5
162.739
163.381
163.449
162.946
161.795
160.079
157.914
155.867
154.46
153.836
153.788
153.946
153.831
153.168
151.718
149.934
148.006
146.057
144.176
142.428
140.856
139.518
138.441
137.582
136.876
136.245
135.614
134.897
133.98
132.699
130.87
128.416
125.447
122.115
118.524
114.727
110.672
106.224
101.242
95.6399
89.4333
82.7219
75.6488
68.3698
61.0236
53.7339
46.65
39.9707
33.9131
28.6648
24.4023
21.38
19.9914
20.6911
23.7886
29.1729
36.1676
43.7765
51.1633
57.9132
63.98
69.536
74.9371
80.7015
87.2117
94.3912
101.708
108.373
113.757
117.833
121.033
123.736
126.002
127.723
128.847
129.421
129.516
129.184
128.459
127.398
126.098
124.653
123.114
121.507
119.872
118.273
116.784
115.469
114.373
113.506
112.853
112.386
112.076
111.892
111.796
111.75
111.715
111.649
111.519
111.32
111.049
110.709
110.317
109.893
109.433
108.909
108.307
107.644
106.946
106.219
105.452
104.633
103.765
102.858
101.921
100.963
99.9884
99.0042
98.0123
97.0118
96.0005
94.9765
93.9391
92.8885
91.8261
90.7539
89.6729
88.5826
87.4816
86.3701
85.2482
84.1156
82.9709
81.8121
80.637
79.4427
78.2257
76.9816
75.7058
149.977
149.261
147.879
145.837
143.087
139.569
135.231
130.057
124.073
117.332
109.92
101.975
93.7122
85.4248
77.4551
70.1305
63.7091
58.3731
54.2654
51.507
50.172
50.3073
51.9887
55.2745
60.1327
66.4413
74.0817
82.7986
92.1154
101.783
111.557
120.396
127.408
133.214
138.94
144.853
150.446
155.205
158.993
161.934
164.231
166.052
167.357
168.14
168.589
168.714
168.44
167.651
166.391
164.904
163.422
161.864
160.052
157.941
155.628
153.263
150.849
148.455
146.12
143.914
141.907
140.157
138.721
137.657
136.948
136.476
136.133
135.798
135.329
134.601
133.477
131.781
129.381
126.339
122.888
119.222
115.413
111.384
106.955
101.935
96.2019
89.7741
82.8017
75.5054
68.0965
60.7067
53.4051
46.2755
39.4659
33.1491
27.4555
22.5187
18.6527
16.4572
16.6763
19.881
26.0312
34.1806
42.843
50.8503
57.7861
63.7591
69.038
73.9983
79.2074
85.1503
91.8801
98.9816
105.636
111.041
115.059
118.147
120.706
122.788
124.297
125.231
125.661
125.643
125.2
124.35
123.153
121.743
120.257
118.769
117.31
115.911
114.621
113.495
112.567
111.86
111.377
111.099
110.985
110.994
111.084
111.217
111.356
111.465
111.505
111.45
111.299
111.061
110.741
110.356
109.929
109.462
108.933
108.326
107.653
106.943
106.207
105.439
104.624
103.761
102.858
101.924
100.967
99.9932
99.0085
98.0156
97.0143
96.0025
94.9783
93.9406
92.8897
91.8271
90.7544
89.6727
88.5813
87.4791
86.3657
85.241
84.1048
82.956
81.7925
80.6121
79.4119
78.1888
76.9386
75.6568
153.462
152.494
150.788
148.476
145.537
141.885
137.44
132.169
126.094
119.269
111.781
103.761
95.4151
87.032
78.9625
71.5546
65.0808
59.7136
55.575
52.7586
51.3168
51.3196
52.8821
56.0901
60.9307
67.2353
74.8322
83.5419
92.8575
102.329
111.891
120.902
128.222
134.001
139.602
145.661
151.62
156.764
160.895
164.181
166.83
168.968
170.736
172.197
173.299
174.131
174.714
174.959
174.583
173.279
170.951
167.854
164.42
161.049
157.887
154.899
151.946
149.065
146.296
143.712
141.4
139.449
137.927
136.869
136.253
135.99
135.924
135.864
135.66
135.162
134.222
132.701
130.462
127.468
123.916
120.111
116.232
112.217
107.84
102.856
97.1011
90.5868
83.5038
76.1307
68.7145
61.3893
54.1904
47.1406
40.3134
33.7896
27.5981
21.8521
17.0246
13.9926
13.758
17.0799
23.9997
33.325
43.0198
51.5181
58.438
64.1443
69.0754
73.6374
78.4008
83.8637
90.1308
96.8995
103.383
108.675
112.561
115.502
117.884
119.732
120.985
121.692
121.928
121.709
121.037
119.934
118.481
116.859
115.263
113.779
112.433
111.279
110.365
109.7
109.264
109.04
109.012
109.155
109.425
109.773
110.154
110.527
110.855
111.109
111.259
111.287
111.198
111.005
110.721
110.36
109.942
109.473
108.941
108.332
107.655
106.937
106.193
105.422
104.61
103.753
102.855
101.925
100.97
99.9981
99.0138
98.0202
97.0179
96.0053
94.9806
93.9425
92.8914
91.8286
90.7555
89.6729
88.5804
87.4768
86.3614
85.2342
84.0949
82.9423
81.7746
80.5895
79.384
78.1554
76.8995
75.6124
158.222
156.891
154.796
152.277
149.296
145.706
141.382
136.268
130.374
123.752
116.489
108.713
100.61
92.4424
84.5321
77.2164
70.774
65.3809
61.1539
58.2102
56.6615
56.5942
58.0761
61.1459
65.793
71.8781
79.1804
87.4623
96.3315
105.432
114.509
122.88
129.752
135.392
140.976
147.08
153.128
158.36
162.563
165.935
168.731
171.094
173.081
174.775
176.206
177.322
178.149
178.652
178.56
177.462
175.008
171.289
167.067
163.115
159.58
156.232
152.932
149.703
146.594
143.699
141.133
139.011
137.42
136.389
135.873
135.739
135.809
135.925
135.894
135.545
134.757
133.413
131.387
128.586
125.07
121.147
117.138
113.095
108.795
103.944
98.3292
91.9228
84.8999
77.5535
70.1752
62.9559
55.9355
49.059
42.2759
35.5478
28.866
22.4749
17.0898
13.7158
13.3299
16.7
23.9966
33.9967
44.2949
52.9727
59.6674
64.9865
69.5322
73.7433
78.1759
83.2859
89.1607
95.5679
101.771
106.835
110.529
113.298
115.468
117.035
117.985
118.409
118.358
117.803
116.75
115.263
113.456
111.543
109.758
108.226
106.977
106.077
105.595
105.489
105.654
106.006
106.499
107.102
107.777
108.475
109.152
109.766
110.287
110.69
110.954
111.069
111.045
110.905
110.666
110.339
109.938
109.473
108.939
108.331
107.655
106.933
106.183
105.407
104.596
103.743
102.85
101.924
100.973
100.003
99.0193
98.0255
97.0222
96.0087
94.9834
93.945
92.8937
91.8306
90.7571
89.6738
88.58
87.4748
86.3577
85.2283
84.0862
82.9304
81.7588
80.5695
79.3593
78.1257
76.8648
75.5727
162.578
161.151
158.831
156.249
153.396
150.059
146.067
141.334
135.842
129.63
122.786
115.44
107.769
100.003
92.4213
85.3208
78.9791
73.6045
69.3492
66.3632
64.7664
64.622
65.9854
68.8806
73.2368
78.8998
85.7005
93.3665
101.479
109.78
118.047
125.565
131.753
137.143
142.766
148.871
154.773
159.814
163.892
167.226
170.015
172.399
174.468
176.202
177.615
178.768
179.598
179.967
179.783
178.805
176.681
173.275
169.081
164.933
161.14
157.532
153.988
150.522
147.191
144.094
141.361
139.122
137.474
136.439
135.952
135.874
136.005
136.135
136.109
135.803
135.079
133.837
131.999
129.471
126.187
122.306
118.187
114.05
109.786
105.101
99.73
93.574
86.7351
79.4824
72.1673
65.0621
58.2098
51.4752
44.7181
37.878
31.0389
24.6036
19.3313
16.126
15.8182
19.128
26.3093
36.2312
46.4335
54.8727
61.1828
66.0852
70.2683
74.1939
78.3996
83.2706
88.8372
94.8946
100.753
105.512
108.973
111.541
113.452
114.688
115.289
115.361
114.915
113.905
112.366
110.422
108.233
106.005
103.936
102.183
100.9
100.214
100.222
100.798
101.698
102.741
103.836
104.95
106.055
107.115
108.093
108.954
109.671
110.228
110.612
110.818
110.865
110.783
110.591
110.301
109.922
109.463
108.931
108.325
107.653
106.932
106.177
105.397
104.585
103.735
102.846
101.924
100.975
100.007
99.0248
98.0311
97.0272
96.0127
94.9867
93.9481
92.8965
91.833
90.7591
89.6751
88.5801
87.4734
86.3546
85.2233
84.0789
82.9201
81.7451
80.552
79.3377
78.0997
76.8342
75.5377
164.539
163.701
161.91
159.609
157.051
154.129
150.645
146.459
141.514
135.829
129.495
122.654
115.488
108.211
101.066
94.3153
88.2197
83.0086
78.8608
75.926
74.3191
74.1067
75.3133
77.9139
81.8233
86.9254
93.0542
99.9045
107.161
114.639
121.927
128.339
133.79
139.052
144.79
150.797
156.36
161.054
164.896
168.083
170.798
173.13
175.102
176.764
178.13
179.142
179.777
180.021
179.753
178.805
177.011
174.215
170.562
166.601
162.728
158.973
155.287
151.689
148.242
145.044
142.225
139.913
138.202
137.109
136.563
136.41
136.462
136.523
136.417
136.018
135.255
134.043
132.309
130.006
127.054
123.431
119.358
115.131
110.824
106.243
101.118
95.2821
88.7405
81.703
74.5345
67.548
60.8105
54.1984
47.5886
40.9604
34.4442
28.4109
23.5155
20.6009
20.4774
23.7799
30.6222
39.862
49.2528
56.9921
62.783
67.3006
71.1901
74.9074
78.9764
83.7028
89.0371
94.7685
100.249
104.663
107.871
110.206
111.811
112.678
112.899
112.568
111.669
110.187
108.204
105.867
103.355
100.834
98.4264
96.241
94.6009
93.8405
94.2226
95.5629
97.3557
99.2256
101.018
102.701
104.268
105.706
106.992
108.103
109.019
109.735
110.245
110.549
110.672
110.648
110.503
110.249
109.894
109.446
108.918
108.318
107.653
106.935
106.178
105.393
104.579
103.73
102.844
101.924
100.978
100.012
99.0305
98.0371
97.0326
96.0173
94.9907
93.9517
92.8999
91.8361
90.7617
89.6769
88.5809
87.4728
86.3524
85.2195
84.0729
82.9115
81.7334
80.5369
79.319
78.0771
76.8077
75.5074
164.962
164.89
163.915
162.137
160.003
157.592
154.708
151.141
146.782
141.642
135.825
129.498
122.851
116.092
109.444
103.138
97.4116
92.4851
88.5385
85.7122
84.1127
83.799
84.7777
87.0189
90.4542
94.9714
100.373
106.374
112.74
119.246
125.412
130.835
135.833
141.125
146.908
152.638
157.729
162.012
165.592
168.621
171.2
173.398
175.268
176.815
178.018
178.888
179.405
179.503
179.131
178.213
176.636
174.305
171.245
167.727
164.064
160.387
156.729
153.138
149.692
146.49
143.653
141.297
139.504
138.291
137.591
137.265
137.132
137.015
136.764
136.252
135.389
134.133
132.435
130.263
127.579
124.31
120.489
116.318
111.968
107.407
102.454
96.9331
90.7828
84.1267
77.2626
70.4849
63.9115
57.5048
51.1965
44.971
38.9137
33.3194
28.8102
26.2414
26.391
29.7139
36.0623
44.2612
52.4316
59.2045
64.4041
68.5787
72.2494
75.8369
79.8446
84.4946
89.6523
95.0813
100.176
104.238
107.183
109.252
110.513
110.996
110.828
110.076
108.729
106.835
104.515
101.904
99.1678
96.3854
93.6079
90.9501
88.7451
87.5005
87.8249
89.8097
92.6062
95.4473
98.043
100.361
102.427
104.258
105.86
107.223
108.341
109.217
109.856
110.264
110.467
110.504
110.405
110.184
109.854
109.423
108.905
108.313
107.656
106.942
106.185
105.395
104.577
103.727
102.843
101.927
100.983
100.018
99.037
98.0437
97.0388
96.0227
94.9954
93.9561
92.904
91.8399
90.765
89.6795
88.5826
87.4733
86.3514
85.2167
84.0682
82.9045
81.7238
80.5242
79.3031
78.0578
76.785
75.4815
165.565
165.557
165.031
163.906
162.368
160.543
158.253
155.248
151.396
146.722
141.367
135.52
129.379
123.136
116.995
111.165
105.854
101.26
97.5514
94.8583
93.2756
92.8576
93.6141
95.5143
98.4842
102.394
107.033
112.185
117.682
123.22
128.359
133.077
137.923
143.317
148.962
154.226
158.796
162.696
166.029
168.872
171.298
173.37
175.105
176.511
177.597
178.343
178.725
178.725
178.294
177.378
175.925
173.889
171.273
168.215
164.915
161.5
158.035
154.59
151.256
148.135
145.338
142.967
141.093
139.731
138.828
138.269
137.902
137.565
137.124
136.472
135.518
134.203
132.496
130.382
127.855
124.871
121.386
117.457
113.205
108.682
103.836
98.564
92.7962
86.5871
80.1412
73.7006
67.4113
61.2924
55.3096
49.4652
43.8526
38.7442
34.7173
32.577
32.9936
36.1869
41.786
48.7311
55.6058
61.4271
66.0666
69.9362
73.4417
76.9615
80.9639
85.5795
90.5907
95.7322
100.451
104.178
106.857
108.633
109.536
109.641
109.08
107.905
106.131
103.86
101.223
98.3391
95.3778
92.3574
89.2071
86.1831
83.5227
81.6698
81.4687
83.7182
87.486
91.4114
94.9126
97.9333
100.537
102.781
104.704
106.321
107.64
108.678
109.449
109.966
110.254
110.354
110.299
110.111
109.807
109.396
108.893
108.311
107.662
106.953
106.196
105.403
104.581
103.729
102.846
101.931
100.988
100.024
99.0444
98.0511
97.0458
96.029
95.0011
93.9613
92.909
91.8445
90.769
89.6828
88.585
87.4746
86.3513
85.215
84.0648
82.8992
81.7162
80.5138
79.2899
78.0416
76.766
75.4599
166.17
165.876
165.616
165.053
164.308
163.207
161.467
158.862
155.324
150.955
145.955
140.529
134.853
129.098
123.443
118.075
113.175
108.919
105.459
102.913
101.365
100.865
101.419
102.99
105.499
108.806
112.741
117.156
121.84
126.439
130.784
135.205
140.144
145.527
150.789
155.499
159.596
163.167
166.261
168.919
171.193
173.126
174.742
176.038
177.004
177.637
177.926
177.851
177.382
176.479
175.109
173.259
170.945
168.25
165.304
162.205
159.016
155.802
152.651
149.665
146.946
144.587
142.651
141.155
140.057
139.269
138.667
138.115
137.487
136.686
135.637
134.277
132.563
130.476
128.028
125.217
122.008
118.387
114.389
110.04
105.341
100.271
94.8076
88.9838
82.941
76.8767
70.9283
65.1246
59.4702
54.0306
48.925
44.3887
40.9336
39.2652
39.8634
42.7022
47.3248
52.945
58.6102
63.6024
67.7609
71.3738
74.7602
78.2573
82.2846
86.8811
91.7583
96.6275
100.999
104.421
106.837
108.309
108.859
108.597
107.641
106.035
103.832
101.157
98.1279
94.8465
91.5058
88.1742
84.7149
81.4764
78.6108
76.3094
75.4448
77.5426
82.0971
87.1495
91.6409
95.4272
98.6073
101.283
103.533
105.405
106.927
108.127
109.032
109.66
110.037
110.201
110.19
110.034
109.756
109.369
108.882
108.312
107.67
106.967
106.21
105.415
104.589
103.735
102.851
101.937
100.996
100.033
99.0529
98.0595
97.0537
96.0363
95.0077
93.9674
92.9148
91.8498
90.7738
89.6868
88.5882
87.4767
86.3521
85.2143
84.0627
82.8955
81.7106
80.506
79.2795
78.0287
76.7507
75.4426
166.891
166.531
166.021
165.737
165.865
165.662
164.484
162.101
158.619
154.337
149.555
144.468
139.205
133.896
128.693
123.757
119.25
115.322
112.108
109.714
108.213
107.647
108.014
109.277
111.354
114.126
117.471
121.225
125.128
128.988
132.969
137.438
142.448
147.559
152.29
156.485
160.203
163.494
166.364
168.834
170.957
172.773
174.281
175.469
176.332
176.873
177.088
176.959
176.466
175.584
174.289
172.576
170.469
168.034
165.366
162.547
159.633
156.676
153.745
150.927
148.314
145.99
144.017
142.416
141.16
140.179
139.374
138.632
137.841
136.909
135.766
134.36
132.648
130.597
128.204
125.492
122.459
119.091
115.382
111.321
106.883
102.066
96.8828
91.3846
85.6931
79.9793
74.3668
68.8982
63.6243
58.6528
54.1098
50.2016
47.3523
46.0728
46.5981
48.7868
52.3173
56.7314
61.394
65.7041
69.4548
72.8556
76.1625
79.67
83.7345
88.3101
93.0588
97.6799
101.749
104.907
107.073
108.244
108.458
107.84
106.48
104.431
101.777
98.647
95.141
91.3521
87.4738
83.6562
79.9015
76.5806
73.7304
71.1408
69.7354
71.4681
76.574
82.7193
88.2538
92.8557
96.646
99.772
102.357
104.486
106.21
107.572
108.612
109.353
109.82
110.049
110.082
109.958
109.706
109.342
108.873
108.314
107.68
106.982
106.227
105.43
104.601
103.744
102.859
101.946
101.005
100.042
99.0626
98.0688
97.0625
96.0445
95.0153
93.9745
92.9213
91.8558
90.7792
89.6915
88.592
87.4795
86.3537
85.2147
84.0618
82.8934
81.7072
80.5007
79.2722
78.0192
76.7393
75.4294
167.73
167.244
166.493
166.48
167.153
167.768
167.186
164.965
161.369
157
152.301
147.447
142.509
137.578
132.778
128.243
124.106
120.495
117.523
115.277
113.824
113.195
113.393
114.383
116.093
118.43
121.269
124.417
127.711
131.218
135.212
139.794
144.636
149.269
153.47
157.255
160.672
163.714
166.371
168.67
170.658
172.362
173.769
174.862
175.636
176.097
176.251
176.086
175.584
174.726
173.498
171.898
169.95
167.706
165.245
162.643
159.955
157.228
154.517
151.884
149.402
147.143
145.164
143.491
142.113
140.98
140.011
139.112
138.185
137.145
135.922
134.471
132.755
130.744
128.417
125.784
122.863
119.664
116.186
112.409
108.294
103.813
98.9759
93.8357
88.5094
83.1542
77.8964
72.8065
67.9619
63.4839
59.4981
56.1639
53.7603
52.5729
52.7071
54.1064
56.6637
60.129
64.0024
67.7356
71.1191
74.3284
77.5751
81.1107
85.215
89.7679
94.4024
98.8151
102.641
105.582
107.517
108.406
108.307
107.337
105.569
103.067
99.9402
96.3108
92.2738
87.9306
83.4716
79.0629
74.9252
71.5342
68.8222
66.0591
64.2298
65.5782
71.0388
78.1909
84.7871
90.239
94.6651
98.2574
101.184
103.572
105.497
107.022
108.196
109.047
109.602
109.898
109.977
109.885
109.659
109.317
108.865
108.316
107.69
106.997
106.245
105.448
104.616
103.756
102.87
101.957
101.016
100.054
99.0734
98.079
97.0721
96.0535
95.0236
93.9822
92.9285
91.8625
90.7852
89.6969
88.5964
87.4829
86.3562
85.2162
84.0624
82.8931
81.7058
80.498
79.2678
78.0131
76.7316
75.4204
168.322
167.698
167.178
167.361
168.277
169.426
169.318
167.216
163.475
159.014
154.384
149.704
144.995
140.339
135.848
131.634
127.808
124.474
121.72
119.615
118.214
117.553
117.642
118.448
119.897
121.879
124.259
126.937
129.948
133.475
137.603
142.092
146.518
150.629
154.402
157.873
161.032
163.845
166.308
168.453
170.32
171.921
173.236
174.243
174.939
175.335
175.441
175.251
174.747
173.916
172.747
171.245
169.427
167.338
165.042
162.607
160.092
157.547
155.018
152.557
150.217
148.049
146.098
144.392
142.93
141.681
140.583
139.557
138.52
137.393
136.109
134.621
132.898
130.918
128.66
126.115
123.293
120.212
116.893
113.333
109.502
105.368
100.923
96.2036
91.3054
86.3655
81.5137
76.8407
72.4366
68.4148
64.8711
61.9011
59.6509
58.2932
57.9602
58.7243
60.5761
63.3113
66.4954
69.6739
72.6923
75.7106
78.9042
82.4784
86.6266
91.1654
95.7149
99.9756
103.628
106.399
108.13
108.765
108.374
107.058
104.88
101.922
98.3073
94.1492
89.5503
84.6334
79.6047
74.62
70.0327
66.4885
63.9167
61.1112
58.917
59.921
65.6004
73.6456
81.2841
87.6008
92.6782
96.7479
100.023
102.67
104.797
106.483
107.786
108.744
109.385
109.746
109.873
109.815
109.615
109.293
108.856
108.318
107.699
107.012
106.264
105.467
104.634
103.772
102.884
101.97
101.029
100.066
99.0853
98.0901
97.0823
96.063
95.0325
93.9905
92.9363
91.8698
90.7919
89.7028
88.6014
87.487
86.3595
85.2189
84.0645
82.8945
81.7065
80.4977
79.2663
78.0104
76.7277
75.4156
168.824
168.06
167.868
168.21
169.105
170.311
170.52
168.549
164.732
160.276
155.798
151.336
146.872
142.481
138.272
134.342
130.788
127.696
125.143
123.185
121.869
121.217
121.216
121.828
122.984
124.603
126.643
129.15
132.224
135.893
139.966
144.093
148.025
151.709
155.166
158.381
161.307
163.911
166.201
168.21
169.967
171.474
172.704
173.634
174.262
174.604
174.671
174.463
173.964
173.159
172.043
170.623
168.917
166.959
164.803
162.508
160.133
157.727
155.338
153.014
150.798
148.727
146.831
145.129
143.622
142.291
141.095
139.97
138.845
137.65
136.321
134.809
133.084
131.128
128.927
126.47
123.755
120.79
117.596
114.191
110.571
106.718
102.624
98.312
93.8529
89.3552
84.9327
80.6792
76.6779
73.0111
69.744
66.9349
64.6865
63.1717
62.5603
62.9349
64.26
66.3444
68.8536
71.4697
74.1122
76.9312
80.0733
83.6932
87.8932
92.4381
96.9455
101.121
104.67
107.32
108.879
109.29
108.628
106.975
104.392
100.98
96.8667
92.1629
86.9822
81.4814
75.8913
70.3713
65.319
61.5469
59.0654
56.3393
53.8527
54.5425
60.3491
69.166
77.7955
84.9701
90.7015
95.2537
98.8811
101.789
104.116
105.958
107.386
108.446
109.169
109.595
109.771
109.749
109.574
109.271
108.848
108.32
107.708
107.027
106.283
105.488
104.654
103.79
102.9
101.985
101.043
100.08
99.0981
98.1019
97.0931
96.073
95.0417
93.9992
92.9445
91.8776
90.7992
89.7094
88.6071
87.4918
86.3637
85.2227
84.0679
82.8975
81.709
80.4997
79.2675
78.0108
76.7275
75.4149
169.386
168.712
168.356
168.449
169.356
170.545
170.8
168.993
165.305
160.975
156.65
152.371
148.13
144.001
140.069
136.412
133.11
130.237
127.855
126.014
124.74
124.046
123.915
124.319
125.255
126.75
128.833
131.505
134.72
138.325
142.065
145.729
149.246
152.617
155.822
158.806
161.518
163.936
166.072
167.958
169.613
171.029
172.178
173.036
173.603
173.896
173.931
173.709
173.216
172.437
171.369
170.02
168.41
166.569
164.538
162.371
160.12
157.835
155.563
153.348
151.231
149.244
147.407
145.732
144.214
142.837
141.57
140.368
139.174
137.924
136.56
135.036
133.318
131.389
129.24
126.864
124.257
121.42
118.361
115.102
111.655
108.026
104.216
100.248
96.1773
92.0908
88.079
84.2176
80.5636
77.1782
74.123
71.4609
69.3049
67.8123
67.0979
67.1782
67.9881
69.3879
71.1767
73.1867
75.4157
78.0111
81.0966
84.7683
89.0338
93.6158
98.1346
102.295
105.806
108.377
109.79
109.998
109.07
107.07
104.066
100.171
95.5167
90.2161
84.3923
78.2486
72.0626
66.0181
60.4775
56.4007
53.9584
51.4064
48.7243
49.1127
54.9813
64.4916
74.1064
82.1751
88.6003
93.6702
97.6781
100.867
103.406
105.412
106.97
108.133
108.941
109.436
109.666
109.683
109.536
109.252
108.841
108.323
107.718
107.044
106.305
105.512
104.678
103.812
102.92
102.003
101.06
100.096
99.1129
98.1155
97.1055
96.0842
95.052
94.0088
92.9538
91.8866
90.8077
89.7171
88.6138
87.4976
86.3692
85.2281
84.073
82.9023
81.7135
80.504
79.2716
78.0146
76.7311
75.4184
169.59
169.01
168.626
168.631
169.269
170.014
169.881
168.199
165.073
161.248
157.202
153.071
148.963
145.001
141.27
137.83
134.742
132.057
129.816
128.063
126.837
126.159
126.039
126.493
127.561
129.268
131.555
134.297
137.359
140.597
143.881
147.137
150.34
153.456
156.424
159.182
161.688
163.93
165.923
167.691
169.246
170.572
171.638
172.425
172.932
173.18
173.184
172.95
172.464
171.712
170.69
169.407
167.885
166.151
164.24
162.196
160.065
157.895
155.733
153.618
151.588
149.671
147.886
146.239
144.727
143.331
142.023
140.766
139.516
138.224
136.838
135.312
133.612
131.719
129.625
127.328
124.828
122.124
119.22
116.127
112.862
109.441
105.876
102.194
98.4481
94.7137
91.0617
87.5427
84.2045
81.1165
78.348
75.9643
74.0438
72.6627
71.8535
71.5915
71.8218
72.4754
73.4817
74.8191
76.5717
78.8996
81.9106
85.634
89.9846
94.6534
99.2599
103.493
107.041
109.581
110.885
110.915
109.728
107.374
103.927
99.5116
94.2574
88.2855
81.7304
74.8449
67.9937
61.4314
55.4314
51.012
48.5592
46.2579
43.537
43.6694
49.5501
59.6603
70.226
79.2093
86.3645
91.9884
96.4098
99.9045
102.671
104.849
106.541
107.811
108.706
109.273
109.56
109.621
109.503
109.237
108.84
108.33
107.734
107.065
106.332
105.541
104.706
103.839
102.945
102.025
101.081
100.115
99.1304
98.1315
97.1199
96.097
95.0635
94.0196
92.9644
91.897
90.8177
89.7263
88.622
87.5051
86.3764
85.2354
84.0804
82.9095
81.7208
80.5117
79.2797
78.0232
76.7402
75.428
169.671
169.174
168.821
168.735
168.934
169.018
168.451
166.869
164.219
160.855
157.175
153.384
149.594
145.911
142.427
139.224
136.365
133.901
131.873
130.322
129.288
128.807
128.902
129.58
130.82
132.554
134.684
137.113
139.767
142.583
145.503
148.465
151.409
154.273
156.996
159.525
161.829
163.899
165.751
167.403
168.857
170.089
171.071
171.785
172.236
172.44
172.416
172.171
171.693
170.968
169.992
168.774
167.334
165.7
163.904
161.98
159.969
157.913
155.857
153.839
151.892
150.041
148.301
146.682
145.177
143.772
142.442
141.154
139.87
138.549
137.15
135.633
133.964
132.121
130.091
127.875
125.478
122.905
120.16
117.248
114.183
110.982
107.661
104.249
100.799
97.3794
94.05
90.8594
87.8654
85.1351
82.7202
80.649
78.9387
77.5989
76.6194
75.9622
75.587
75.4791
75.6768
76.2947
77.5113
79.5223
82.428
86.1905
90.6458
95.4606
100.239
104.633
108.29
110.856
112.102
111.995
110.576
107.88
103.99
99.0387
93.1501
86.4522
79.1038
71.4028
63.8307
56.7425
50.3519
45.6473
43.19
41.1921
38.6064
38.5881
44.4662
55.0553
66.4554
76.2931
84.1559
90.3285
95.167
98.9726
101.967
104.315
106.137
107.51
108.49
109.127
109.471
109.573
109.483
109.234
108.847
108.346
107.756
107.093
106.363
105.574
104.739
103.87
102.973
102.05
101.103
100.135
99.1492
98.1487
97.1354
96.1106
95.0756
94.0307
92.9752
91.9079
90.8282
89.736
88.6309
87.5134
86.3847
85.2442
84.0894
82.9188
81.7306
80.5222
79.2913
78.0359
76.7542
75.4433
169.748
169.29
168.927
168.645
168.372
167.95
167.155
165.71
163.445
160.528
157.287
153.932
150.553
147.24
144.096
141.211
138.655
136.478
134.716
133.402
132.57
132.239
132.411
133.06
134.138
135.595
137.396
139.506
141.874
144.426
147.083
149.776
152.451
155.051
157.525
159.83
161.939
163.846
165.562
167.1
168.45
169.586
170.481
171.124
171.52
171.685
171.636
171.38
170.91
170.212
169.281
168.123
166.761
165.221
163.531
161.723
159.83
157.889
155.938
154.015
152.15
150.365
148.674
147.082
145.587
144.177
142.832
141.523
140.221
138.89
137.492
135.995
134.367
132.585
130.636
128.515
126.227
123.782
121.189
118.456
115.598
112.63
109.568
106.441
103.296
100.194
97.1963
94.3563
91.7258
89.3469
87.2393
85.4002
83.814
82.4542
81.2761
80.2186
79.2456
78.3873
77.7758
77.6457
78.2698
79.9002
82.6452
86.4134
90.9855
96.0037
101.033
105.665
109.498
112.153
113.404
113.213
111.597
108.581
104.252
98.7521
92.1955
84.7149
76.519
67.9496
59.6136
51.9804
45.2323
40.305
37.8917
36.2583
33.9746
33.9495
39.8401
50.794
62.8915
73.4963
82.0237
88.7253
93.9746
98.0896
101.31
103.822
105.77
107.243
108.305
109.008
109.404
109.545
109.481
109.246
108.867
108.372
107.787
107.127
106.399
105.612
104.776
103.904
103.004
102.078
101.128
100.157
99.1693
98.1669
97.1517
96.125
95.0882
94.0422
92.9863
91.9189
90.8389
89.7461
88.6404
87.5226
86.3943
85.2544
84.1004
82.9303
81.7429
80.5358
79.3064
78.0528
76.7731
75.4641
169.819
169.344
168.882
168.38
167.817
167.169
166.29
164.936
162.954
160.436
157.625
154.694
151.729
148.813
146.042
143.495
141.225
139.282
137.709
136.537
135.787
135.466
135.568
136.076
136.975
138.259
139.899
141.834
143.98
146.257
148.617
151.022
153.424
155.77
158.008
160.099
162.022
163.772
165.358
166.782
168.026
169.064
169.873
170.448
170.793
170.921
170.849
170.583
170.12
169.448
168.559
167.461
166.172
164.719
163.129
161.43
159.651
157.823
155.978
154.149
152.365
150.647
149.007
147.449
145.969
144.559
143.204
141.882
140.567
139.231
137.845
136.38
134.808
133.102
131.249
129.24
127.077
124.769
122.33
119.771
117.111
114.37
111.566
108.726
105.892
103.118
100.459
97.9608
95.658
93.5721
91.71
90.0584
88.5745
87.184
85.7929
84.3218
82.7607
81.1956
79.8326
78.9838
78.9935
80.1783
82.6734
86.3707
91.0336
96.2779
101.605
106.531
110.603
113.421
114.753
114.541
112.774
109.468
104.712
98.6515
91.3958
83.0811
73.9963
64.5406
55.4163
47.2349
40.1589
35.0426
32.7157
31.5105
29.6823
29.8152
35.758
46.9792
59.6283
70.8913
80.0196
87.2147
92.857
97.2735
100.714
103.385
105.453
107.022
108.159
108.922
109.365
109.54
109.498
109.275
108.903
108.412
107.83
107.171
106.444
105.655
104.817
103.943
103.038
102.108
101.154
100.181
99.1907
98.1862
97.1689
96.1402
95.1015
94.0542
92.9978
91.93
90.8496
89.7564
88.6505
87.533
86.4052
85.2663
84.1133
82.9442
81.7579
80.5524
79.3251
78.074
76.7969
75.4905
169.832
169.298
168.735
168.12
167.449
166.692
165.729
164.405
162.63
160.45
158.012
155.454
152.864
150.317
147.887
145.637
143.617
141.88
140.468
139.41
138.72
138.409
138.478
138.932
139.765
140.945
142.413
144.098
145.948
147.934
150.026
152.18
154.334
156.437
158.448
160.335
162.083
163.684
165.143
166.451
167.587
168.525
169.251
169.76
170.058
170.153
170.059
169.785
169.328
168.68
167.831
166.789
165.57
164.2
162.704
161.107
159.436
157.716
155.976
154.243
152.541
150.889
149.301
147.781
146.325
144.925
143.568
142.237
140.915
139.577
138.202
136.767
135.253
133.637
131.898
130.024
128.01
125.862
123.59
121.213
118.75
116.226
113.665
111.094
108.551
106.084
103.738
101.546
99.5338
97.7189
96.1004
94.6367
93.2293
91.7451
90.0666
88.1466
86.0374
83.8783
81.9065
80.4529
79.8946
80.5993
82.7411
86.2454
90.908
96.3309
101.947
107.195
111.564
114.624
116.12
115.956
114.092
110.532
105.363
98.7339
90.7524
81.5667
71.564
61.2245
51.3076
42.5753
35.2243
29.9516
27.7252
27.0064
25.7713
26.2315
32.287
43.695
56.7485
68.5446
78.194
85.8359
91.8451
96.5485
100.199
103.021
105.199
106.855
108.06
108.874
109.356
109.56
109.536
109.323
108.956
108.467
107.885
107.225
106.496
105.705
104.865
103.986
103.076
102.141
101.183
100.206
99.2132
98.2064
97.1869
96.1561
95.1156
94.0669
93.0095
91.9411
90.8602
89.7667
88.6611
87.5442
86.4174
85.2797
84.1281
82.9604
81.7757
80.5723
79.3476
78.0995
76.8257
75.5226
169.824
169.246
168.631
167.963
167.219
166.362
165.327
164.039
162.438
160.533
158.41
156.18
153.926
151.708
149.584
147.609
145.835
144.305
143.056
142.116
141.504
141.231
141.304
141.72
142.452
143.457
144.693
146.131
147.75
149.516
151.378
153.282
155.185
157.05
158.846
160.545
162.129
163.589
164.922
166.113
167.138
167.978
168.622
169.069
169.321
169.384
169.27
168.986
168.535
167.909
167.099
166.111
164.959
163.667
162.26
160.761
159.191
157.574
155.934
154.295
152.676
151.094
149.56
148.079
146.651
145.269
143.921
142.593
141.269
139.933
138.57
137.162
135.695
134.154
132.527
130.8
128.959
127.002
124.933
122.765
120.519
118.221
115.901
113.589
111.32
109.137
107.077
105.171
103.441
101.891
100.484
99.1194
97.6457
95.9217
93.8775
91.5366
88.9962
86.4062
83.9989
82.0948
81.0757
81.3268
83.0537
86.2519
90.7879
96.2787
102.121
107.681
112.387
115.76
117.495
117.445
115.544
111.767
106.195
98.9907
90.2638
80.1868
69.2469
58.0305
47.3349
38.047
30.4804
25.1341
22.9993
22.7981
22.2837
23.2314
29.4729
41.0066
54.3196
66.5171
76.5994
84.6321
90.9719
95.9385
99.7834
102.742
105.02
106.751
108.012
108.866
109.377
109.605
109.596
109.392
109.028
108.539
107.955
107.291
106.558
105.763
104.917
104.033
103.118
102.177
101.214
100.233
99.2368
98.2273
97.2056
96.1727
95.1304
94.0803
93.0217
91.9522
90.8706
89.777
88.672
87.5562
86.4306
85.2943
84.1445
82.9788
81.7962
80.5953
79.3737
78.1294
76.8595
75.5604
169.828
169.219
168.566
167.85
167.048
166.14
165.095
163.866
162.409
160.722
158.866
156.923
154.961
153.03
151.18
149.461
147.916
146.581
145.489
144.666
144.132
143.895
143.955
144.296
144.895
145.732
146.79
148.048
149.469
151.005
152.618
154.277
155.951
157.609
159.215
160.74
162.167
163.488
164.694
165.765
166.681
167.426
167.992
168.379
168.586
168.616
168.48
168.188
167.741
167.136
166.365
165.429
164.342
163.125
161.803
160.396
158.923
157.404
155.86
154.31
152.772
151.261
149.784
148.346
146.949
145.589
144.258
142.942
141.63
140.305
138.956
137.573
136.146
134.667
133.126
131.518
129.836
128.073
126.225
124.298
122.304
120.265
118.21
116.17
114.182
112.281
110.5
108.862
107.371
105.991
104.637
103.178
101.482
99.4749
97.1489
94.5365
91.7084
88.8053
86.0699
83.8271
82.4536
82.3216
83.6518
86.5095
90.8316
96.2797
102.26
108.096
113.146
116.869
118.893
119.017
117.133
113.163
107.192
99.409
89.9261
78.9533
67.0639
54.9811
43.5239
33.6972
25.9389
20.6506
18.6494
18.9483
19.2534
20.8401
27.3383
38.9512
52.3928
64.8619
75.2801
83.6377
90.2637
95.4637
99.4832
102.564
104.926
106.716
108.016
108.898
109.431
109.677
109.682
109.484
109.121
108.63
108.04
107.37
106.629
105.828
104.976
104.084
103.162
102.215
101.246
100.261
99.2614
98.249
97.2247
96.1898
95.1459
94.0944
93.0344
91.9637
90.8811
89.7875
88.6833
87.5688
86.4444
85.3097
84.1621
82.999
81.8191
80.6213
79.4035
78.1637
76.8984
75.6042
169.844
169.209
168.525
167.779
166.956
166.043
165.015
163.845
162.509
161.012
159.392
157.702
155.992
154.309
152.696
151.197
149.849
148.684
147.729
147.009
146.536
146.313
146.337
146.599
147.095
147.812
148.728
149.809
151.023
152.343
153.745
155.202
156.681
158.145
159.564
160.916
162.188
163.37
164.448
165.401
166.212
166.866
167.359
167.687
167.849
167.846
167.689
167.388
166.946
166.362
165.628
164.744
163.721
162.578
161.336
160.016
158.636
157.211
155.758
154.294
152.834
151.39
149.971
148.582
147.221
145.889
144.578
143.282
141.988
140.685
139.362
138.01
136.621
135.193
133.723
132.209
130.647
129.035
127.372
125.663
123.913
122.136
120.356
118.597
116.889
115.257
113.72
112.279
110.911
109.556
108.122
106.519
104.69
102.592
100.173
97.3998
94.3244
91.1215
88.0754
85.5293
83.8537
83.398
84.3948
86.9592
91.0702
96.4394
102.506
108.571
113.943
118.018
120.352
120.695
118.86
114.699
108.328
99.9739
89.7403
77.8827
65.0491
52.1152
39.9276
29.6073
21.664
16.5001
14.7551
15.5565
16.714
19.0624
25.8884
37.5306
50.9971
63.6176
74.2705
82.8835
89.7491
95.1512
99.3217
102.503
104.928
106.755
108.078
108.975
109.523
109.783
109.798
109.603
109.237
108.74
108.141
107.461
106.711
105.9
105.04
104.14
103.209
102.255
101.281
100.29
99.2868
98.2712
97.2444
96.2075
95.162
94.1091
93.0478
91.9756
90.8921
89.7984
88.695
87.5817
86.4587
85.3257
84.1806
83.0206
81.8441
80.6502
79.4369
78.2022
76.9425
75.6541
169.919
169.267
168.566
167.806
166.979
166.072
165.07
163.961
162.739
161.408
159.988
158.514
157.027
155.567
154.171
152.872
151.703
150.688
149.85
149.208
148.773
148.552
148.547
148.758
149.174
149.778
150.545
151.454
152.488
153.625
154.84
156.102
157.38
158.647
159.882
161.067
162.188
163.233
164.182
165.018
165.725
166.293
166.715
166.987
167.105
167.073
166.897
166.589
166.153
165.588
164.89
164.057
163.098
162.027
160.863
159.627
158.333
156.997
155.631
154.25
152.865
151.488
150.127
148.786
147.467
146.168
144.885
143.612
142.343
141.068
139.777
138.463
137.122
135.749
134.344
132.907
131.44
129.946
128.425
126.879
125.316
123.749
122.194
120.67
119.192
117.772
116.412
115.097
113.792
112.447
111.026
109.485
107.747
105.69
103.193
100.211
96.839
93.3054
89.9227
87.048
85.0543
84.2849
84.9931
87.3328
91.3162
96.6878
102.881
109.173
114.849
119.265
121.919
122.504
120.712
116.339
109.572
100.668
89.7105
76.9991
63.2633
49.4971
36.6452
25.8834
17.817
12.7586
11.329
12.6992
14.73
17.8997
25.108
36.7361
50.1425
62.8072
73.6054
82.4109
89.4688
95.0324
99.3181
102.57
105.032
106.877
108.205
109.107
109.664
109.934
109.952
109.754
109.38
108.871
108.258
107.565
106.802
105.98
105.108
104.198
103.259
102.297
101.316
100.321
99.3129
98.2938
97.2643
96.2254
95.1785
94.1243
93.0617
91.9883
90.9038
89.81
88.7073
87.5951
86.4733
85.342
84.1996
83.0433
81.8711
80.6819
79.4738
78.2451
76.9919
75.7102
170.04
169.381
168.674
167.912
167.09
166.203
165.244
164.208
163.092
161.9
160.646
159.357
158.065
156.8
155.589
154.461
153.44
152.551
151.812
151.24
150.848
150.642
150.622
150.782
151.112
151.6
152.233
152.997
153.871
154.835
155.863
156.932
158.021
159.109
160.176
161.204
162.179
163.085
163.905
164.624
165.229
165.712
166.065
166.283
166.36
166.3
166.109
165.797
165.369
164.824
164.159
163.375
162.475
161.474
160.387
159.231
158.02
156.768
155.485
154.183
152.871
151.559
150.256
148.965
147.689
146.428
145.178
143.935
142.695
141.451
140.196
138.926
137.635
136.321
134.984
133.625
132.248
130.855
129.449
128.037
126.624
125.22
123.836
122.486
121.18
119.921
118.703
117.512
116.332
115.147
113.918
112.554
110.905
108.803
106.131
102.89
99.2096
95.3221
91.5334
88.2136
85.7654
84.5768
84.9617
87.1188
91.1119
96.6947
103.204
109.836
115.862
120.635
123.622
124.442
122.652
118.031
110.882
101.464
89.8299
76.325
61.766
47.2155
33.7806
22.6375
14.5404
9.62568
8.45577
10.3951
13.3418
17.3685
24.9754
36.5669
49.8384
62.4573
73.3213
82.2526
89.4448
95.1196
99.4805
102.774
105.253
107.097
108.417
109.313
109.87
110.139
110.152
109.941
109.551
109.023
108.392
107.68
106.902
106.065
105.181
104.26
103.311
102.34
101.353
100.352
99.3394
98.3167
97.2845
96.2437
95.1953
94.1399
93.076
92.0015
90.9164
89.8223
88.7202
87.6088
86.4881
85.3585
84.2191
83.067
81.8998
80.716
79.5141
78.2924
77.0467
75.7728
170.198
169.534
168.829
168.075
167.271
166.413
165.499
164.526
163.493
162.407
161.282
160.138
158.996
157.882
156.817
155.825
154.929
154.147
153.494
152.983
152.624
152.422
152.376
152.484
152.74
153.135
153.66
154.299
155.035
155.85
156.724
157.64
158.577
159.515
160.437
161.325
162.165
162.943
163.646
164.26
164.776
165.183
165.475
165.642
165.682
165.597
165.393
165.078
164.658
164.131
163.496
162.752
161.905
160.964
159.945
158.86
157.722
156.543
155.333
154.101
152.855
151.604
150.354
149.111
147.879
146.656
145.443
144.234
143.027
141.816
140.598
139.37
138.127
136.87
135.598
134.312
133.016
131.714
130.412
129.115
127.828
126.562
125.325
124.129
122.981
121.884
120.837
119.835
118.862
117.88
116.81
115.524
113.856
111.655
108.833
105.395
101.45
97.1908
92.8851
88.8994
85.6888
83.7733
83.6506
85.6285
89.8105
95.9113
103.078
110.324
116.86
122.049
125.377
126.396
124.543
119.65
112.154
102.285
90.066
75.8875
60.633
45.4201
31.4998
20.0754
11.996
7.31892
6.38026
8.76773
12.5783
17.4637
25.4482
36.9864
50.0678
62.5631
73.4141
82.4025
89.6694
95.4064
99.8088
103.124
105.603
107.427
108.721
109.598
110.143
110.4
110.395
110.161
109.745
109.192
108.538
107.805
107.008
106.155
105.256
104.322
103.362
102.383
101.389
100.383
99.3657
98.3393
97.3043
96.2616
95.2119
94.1551
93.0901
92.0148
90.9291
89.8351
88.7332
87.6226
86.5028
85.3748
84.2385
83.091
81.9297
80.7523
79.5576
78.3438
77.1069
75.842
170.41
169.746
169.047
168.309
167.53
166.709
165.843
164.932
163.978
162.989
161.974
160.949
159.93
158.938
157.993
157.114
156.318
155.62
155.035
154.571
154.237
154.038
153.973
154.042
154.239
154.556
154.983
155.509
156.12
156.803
157.541
158.316
159.109
159.903
160.683
161.435
162.145
162.803
163.395
163.911
164.343
164.68
164.914
165.035
165.039
164.93
164.713
164.397
163.985
163.476
162.868
162.162
161.361
160.476
159.518
158.499
157.43
156.319
155.176
154.008
152.825
151.631
150.434
149.239
148.05
146.868
145.692
144.52
143.35
142.178
141.001
139.816
138.622
137.419
136.208
134.991
133.773
132.556
131.346
130.152
128.98
127.841
126.746
125.706
124.73
123.82
122.972
122.169
121.376
120.536
119.557
118.311
116.641
114.404
111.504
107.921
103.728
99.0428
94.0385
89.0335
84.5642
81.3973
80.3934
82.1298
86.7365
93.7689
102.078
110.375
117.708
123.441
127.132
128.309
126.329
121.153
113.344
103.085
90.3888
75.6708
59.8513
44.1116
29.8065
18.2091
10.1678
5.76345
5.09376
7.84528
12.4149
18.1305
26.4682
37.916
50.7589
63.0696
73.8424
82.828
90.1229
95.8917
100.316
103.633
106.09
107.871
109.12
109.962
110.481
110.714
110.679
110.412
109.962
109.377
108.695
107.938
107.119
106.247
105.332
104.386
103.415
102.427
101.426
100.413
99.3917
98.3617
97.3241
96.2795
95.2284
94.1703
93.1039
92.0278
90.942
89.8481
88.7467
87.6366
86.5176
85.3913
84.2581
83.1156
81.9607
80.7907
79.6042
78.3994
77.1727
75.9181
170.734
170.079
169.393
168.674
167.921
167.135
166.316
165.466
164.588
163.689
162.777
161.863
160.962
160.088
159.257
158.484
157.783
157.166
156.646
156.228
155.92
155.724
155.64
155.666
155.798
156.03
156.357
156.77
157.256
157.803
158.396
159.019
159.659
160.3
160.93
161.537
162.111
162.64
163.117
163.533
163.877
164.141
164.314
164.387
164.356
164.223
163.996
163.68
163.279
162.79
162.211
161.543
160.789
159.96
159.064
158.112
157.113
156.072
154.999
153.899
152.779
151.646
150.506
149.363
148.221
147.084
145.951
144.823
143.696
142.568
141.438
140.305
139.166
138.023
136.876
135.729
134.585
133.45
132.331
131.235
130.174
129.158
128.203
127.319
126.514
125.785
125.12
124.49
123.856
123.155
122.296
121.148
119.547
117.334
114.397
110.692
106.217
100.92
94.7824
88.0664
81.502
76.2951
73.826
75.1262
80.468
89.1306
99.4308
109.523
118.138
124.653
128.775
130.084
127.903
122.452
114.376
103.815
90.7873
75.7019
59.4795
43.3637
28.7996
17.1296
9.16433
5.01548
4.62754
7.70829
12.9428
19.4469
28.13
39.4322
51.9748
64.0427
74.6793
83.6127
90.896
96.6582
101.066
104.348
106.743
108.443
109.617
110.407
110.89
111.086
111.009
110.697
110.204
109.582
108.867
108.082
107.238
106.344
105.412
104.451
103.469
102.471
101.462
100.444
99.4178
98.3841
97.3438
96.2973
95.2446
94.1848
93.117
92.0402
90.9545
89.8611
88.7603
87.6511
86.5332
85.4086
84.2784
83.1409
81.9928
80.8309
79.6537
78.4593
77.2442
76.0014
171.174
170.527
169.858
169.167
168.454
167.719
166.963
166.188
165.397
164.595
163.789
162.987
162.198
161.433
160.706
160.028
159.409
158.861
158.389
158.002
157.701
157.491
157.372
157.343
157.403
157.547
157.769
158.062
158.417
158.823
159.269
159.741
160.227
160.715
161.195
161.655
162.088
162.486
162.841
163.147
163.393
163.571
163.674
163.693
163.625
163.471
163.235
162.922
162.533
162.067
161.52
160.892
160.188
159.416
158.583
157.699
156.77
155.801
154.799
153.77
152.718
151.651
150.572
149.487
148.399
147.312
146.227
145.145
144.066
142.988
141.912
140.837
139.761
138.685
137.609
136.535
135.467
134.411
133.374
132.37
131.411
130.51
129.68
128.934
128.281
127.718
127.229
126.781
126.33
125.812
125.126
124.132
122.652
120.52
117.614
113.826
108.956
102.6
94.5109
85.0403
75.3732
67.374
62.945
63.5273
69.7353
80.731
94.1086
107.018
117.565
125.163
129.822
131.271
128.863
123.218
114.988
104.304
91.2068
76.0442
59.6928
43.4365
28.7908
17.1504
9.29529
5.3509
5.18625
8.52165
14.2926
21.5043
30.5205
41.6269
53.7889
65.5528
76.0046
84.831
92.0402
97.7363
102.071
105.259
107.535
109.115
110.196
110.926
111.363
111.511
111.38
111.013
110.469
109.804
109.052
108.234
107.362
106.445
105.494
104.517
103.523
102.516
101.499
100.475
99.4435
98.4062
97.3632
96.3149
95.2604
94.1989
93.1294
92.0519
90.9664
89.8738
88.7742
87.6664
86.5503
85.4278
84.3006
83.1678
82.0264
80.8729
79.7059
78.5232
77.3213
76.0922
171.832
171.198
170.547
169.877
169.191
168.492
167.781
167.06
166.334
165.607
164.885
164.174
163.481
162.814
162.18
161.589
161.047
160.561
160.137
159.779
159.49
159.272
159.124
159.047
159.039
159.094
159.211
159.382
159.602
159.862
160.152
160.465
160.792
161.124
161.452
161.769
162.067
162.338
162.575
162.769
162.911
162.997
163.022
162.982
162.874
162.697
162.451
162.138
161.758
161.31
160.793
160.207
159.555
158.842
158.075
157.26
156.402
155.507
154.579
153.623
152.644
151.647
150.636
149.615
148.588
147.558
146.526
145.496
144.468
143.442
142.421
141.403
140.391
139.385
138.385
137.392
136.406
135.431
134.478
133.557
132.685
131.881
131.165
130.549
130.043
129.649
129.352
129.113
128.872
128.555
128.07
127.288
126.012
124.076
121.336
117.512
111.973
103.846
92.7929
79.5727
66.1358
55.0829
48.6485
48.3831
55.2954
68.7597
85.7352
102.119
115.149
124.152
129.487
131.032
128.506
122.891
114.752
104.275
91.5254
76.7485
60.709
44.6755
30.189
18.6775
10.9291
7.08871
7.02016
10.4544
16.5555
24.3232
33.6342
44.5234
56.2212
67.5742
77.7461
86.3912
93.4657
99.0308
103.228
106.271
108.395
109.841
110.83
111.5
111.885
111.973
111.775
111.343
110.744
110.032
109.24
108.388
107.486
106.545
105.575
104.583
103.576
102.559
101.535
100.504
99.4681
98.4272
97.3815
96.3311
95.2749
94.2115
93.1406
92.0625
90.9775
89.886
88.788
87.6823
86.5685
85.4486
84.3245
83.1959
82.0605
80.9152
79.7586
78.5884
77.4006
76.187
172.653
172.031
171.403
170.767
170.122
169.47
168.814
168.155
167.497
166.843
166.196
165.56
164.941
164.344
163.774
163.238
162.741
162.288
161.884
161.531
161.231
160.986
160.794
160.655
160.567
160.529
160.536
160.587
160.676
160.8
160.951
161.124
161.311
161.504
161.698
161.886
162.059
162.212
162.335
162.42
162.463
162.461
162.41
162.311
162.158
161.951
161.687
161.366
160.988
160.552
160.059
159.51
158.908
158.254
157.553
156.807
156.023
155.202
154.35
153.47
152.566
151.642
150.702
149.75
148.788
147.821
146.85
145.878
144.907
143.94
142.978
142.022
141.072
140.129
139.192
138.265
137.35
136.453
135.581
134.745
133.961
133.251
132.643
132.16
131.811
131.589
131.483
131.466
131.468
131.393
131.163
130.665
129.704
128.147
125.762
121.902
115.364
104.98
90.6032
73.5636
56.6162
42.9388
34.7951
33.6584
40.7826
55.9829
75.9318
95.3296
110.483
120.646
126.601
128.16
125.925
120.778
113.183
103.417
91.5936
77.84
62.7152
47.3767
33.3321
22.0232
14.3226
10.4486
10.3005
13.6192
19.7661
27.8263
37.3239
47.9976
59.2023
70.0472
79.8303
88.1976
95.0487
100.421
104.45
107.321
109.276
110.595
111.506
112.12
112.441
112.452
112.174
111.673
111.017
110.257
109.424
108.536
107.605
106.641
105.651
104.644
103.625
102.599
101.567
100.531
99.4904
98.4459
97.3976
96.3452
95.2874
94.2224
93.1503
92.0717
90.9874
89.8972
88.8009
87.6974
86.5864
85.4693
84.3483
83.2235
82.0934
80.9556
79.8089
78.6511
77.4777
76.2804
173.763
173.143
172.521
171.895
171.267
170.639
170.013
169.39
168.773
168.163
167.564
166.978
166.409
165.861
165.336
164.84
164.373
163.94
163.543
163.184
162.864
162.583
162.343
162.143
161.983
161.861
161.777
161.726
161.705
161.712
161.74
161.785
161.843
161.909
161.977
162.04
162.093
162.129
162.141
162.125
162.077
161.995
161.878
161.723
161.528
161.29
161.006
160.674
160.294
159.867
159.394
158.877
158.317
157.716
157.075
156.396
155.681
154.933
154.154
153.348
152.517
151.665
150.794
149.908
149.01
148.105
147.196
146.286
145.38
144.478
143.584
142.698
141.818
140.94
140.063
139.189
138.32
137.467
136.642
135.861
135.143
134.509
133.988
133.625
133.45
133.441
133.554
133.766
134.039
134.289
134.417
134.271
133.732
132.758
130.884
126.963
119.488
107.421
90.8692
71.427
52.2223
36.7701
27.258
25.1076
31.61
46.8204
67.5693
87.9331
103.752
114.352
120.248
121.717
120.14
116.042
109.747
101.477
91.3642
79.442
65.994
51.9383
38.6757
27.6449
19.8707
15.7611
15.3191
18.2954
24.1735
32.1675
41.6237
52.0337
62.7537
73.0495
82.3394
90.3082
96.8524
101.984
105.782
108.424
110.199
111.409
112.253
112.798
113.029
112.939
112.571
111.997
111.282
110.475
109.601
108.679
107.719
106.731
105.723
104.701
103.671
102.636
101.597
100.555
99.5106
98.4626
97.4112
96.3565
95.2972
94.2313
93.1586
92.0802
90.9967
89.9077
88.8128
87.7111
86.6025
85.4883
84.3705
83.2493
82.1243
80.9935
79.8564
78.7108
77.5521
76.3716
175.053
174.436
173.821
173.207
172.594
171.986
171.384
170.787
170.198
169.618
169.049
168.492
167.951
167.426
166.922
166.439
165.979
165.546
165.139
164.762
164.413
164.095
163.806
163.547
163.316
163.112
162.934
162.781
162.65
162.539
162.445
162.366
162.297
162.235
162.175
162.115
162.051
161.978
161.892
161.791
161.67
161.529
161.363
161.172
160.951
160.697
160.405
160.075
159.703
159.29
158.839
158.353
157.832
157.278
156.691
156.07
155.416
154.731
154.018
153.278
152.515
151.729
150.923
150.099
149.262
148.417
147.57
146.725
145.886
145.058
144.242
143.437
142.637
141.833
141.019
140.192
139.354
138.515
137.695
136.914
136.193
135.568
135.076
134.767
134.713
134.959
135.426
135.962
136.489
137.041
137.58
137.876
137.854
137.489
136.096
132.36
124.931
113.024
96.7753
77.5668
58.2526
42.2306
31.9253
28.7357
33.7673
46.9566
65.01
82.7022
96.6163
105.825
110.174
111.238
110.299
107.921
104.074
98.524
91.1546
81.9612
71.0272
58.9203
46.8477
36.2224
28.2393
23.5942
22.5086
24.8423
30.1289
37.6774
46.7776
56.7698
66.9613
76.6775
85.4159
92.9102
99.0482
103.805
107.253
109.619
111.222
112.331
113.091
113.53
113.634
113.424
112.959
112.311
111.539
110.683
109.77
108.814
107.826
106.815
105.789
104.753
103.713
102.669
101.624
100.578
99.5291
98.4773
97.4227
96.3656
95.3047
94.2381
93.1652
92.0874
91.0051
89.9175
88.8237
87.7234
86.6171
85.5056
84.3909
83.2733
82.1533
81.0291
79.9013
78.7672
77.6239
76.4606
176.162
175.521
174.891
174.27
173.656
173.049
172.45
171.861
171.281
170.713
170.157
169.615
169.089
168.579
168.086
167.612
167.156
166.719
166.302
165.906
165.53
165.175
164.841
164.529
164.237
163.966
163.714
163.482
163.269
163.073
162.894
162.73
162.579
162.437
162.3
162.166
162.03
161.891
161.744
161.588
161.42
161.237
161.034
160.809
160.559
160.283
159.978
159.644
159.279
158.883
158.456
158
157.515
157
156.454
155.877
155.269
154.632
153.966
153.274
152.558
151.818
151.056
150.277
149.483
148.682
147.88
147.086
146.306
145.546
144.804
144.077
143.356
142.623
141.865
141.066
140.228
139.365
138.491
137.619
136.784
136.039
135.491
135.241
135.292
135.679
136.466
137.464
138.33
139.039
139.742
140.346
140.707
140.648
139.647
136.734
130.744
120.939
107.31
90.7795
73.6262
58.6711
48.4394
44.5674
47.8215
57.5667
70.5598
82.9284
92.3761
97.9684
99.918
100.281
99.7684
99.1303
98.198
96.0501
91.858
85.521
77.1971
67.241
56.5686
46.5051
38.3155
32.9651
30.9372
32.2992
36.7036
43.5319
52.048
61.5048
71.1596
80.3443
88.5752
95.5792
101.232
105.524
108.598
110.728
112.202
113.223
113.876
114.18
114.148
113.825
113.277
112.567
111.748
110.853
109.907
108.923
107.911
106.882
105.841
104.794
103.745
102.696
101.646
100.596
99.5434
98.4884
97.4308
96.3713
95.3091
94.2424
93.1703
92.0934
91.0121
89.9253
88.8321
87.7326
86.628
85.519
84.4075
83.2934
82.1781
81.0599
79.941
78.8175
77.6905
76.5446
176.997
176.365
175.736
175.109
174.489
173.877
173.273
172.678
172.094
171.52
170.958
170.409
169.875
169.355
168.851
168.364
167.893
167.44
167.004
166.586
166.186
165.805
165.441
165.096
164.768
164.458
164.166
163.89
163.629
163.382
163.149
162.928
162.719
162.521
162.332
162.15
161.971
161.794
161.614
161.43
161.237
161.032
160.811
160.57
160.307
160.023
159.716
159.386
159.03
158.648
158.237
157.8
157.336
156.849
156.335
155.795
155.224
154.623
153.991
153.332
152.644
151.93
151.191
150.431
149.656
148.875
148.098
147.335
146.6
145.901
145.236
144.591
143.943
143.273
142.563
141.781
140.922
140.027
139.091
138.077
137.021
135.998
135.182
134.872
135.189
135.927
136.92
138.111
139.286
140.286
141.13
141.788
142.238
142.351
141.801
139.868
135.506
127.965
117.126
103.546
88.9649
75.808
66.3578
62.2355
63.9122
70.2684
78.5362
86.0643
91.2181
93.5759
94.1257
93.9586
93.7246
94.1422
95.0776
95.4575
93.759
89.4846
83.0387
74.8206
65.4093
55.959
47.7129
41.7828
38.8784
39.262
42.7433
48.7972
56.6839
65.6005
74.7552
83.462
91.2278
97.7656
102.961
106.854
109.653
111.634
113.022
113.953
114.49
114.667
114.524
114.117
113.509
112.755
111.901
110.977
110.006
109.001
107.972
106.929
105.878
104.824
103.769
102.715
101.662
100.608
99.5538
98.4966
97.4368
96.3756
95.3125
94.2459
93.1745
92.0986
91.0182
89.9319
88.8393
87.7406
86.6376
85.5307
84.4218
83.3107
82.2
81.087
79.9767
78.8628
77.7527
76.6239
177.549
176.884
176.237
175.604
174.982
174.371
173.769
173.178
172.599
172.034
171.482
170.944
170.42
169.912
169.417
168.934
168.465
168.007
167.561
167.127
166.707
166.302
165.912
165.537
165.177
164.831
164.498
164.178
163.871
163.579
163.301
163.038
162.789
162.552
162.328
162.114
161.909
161.71
161.512
161.312
161.105
160.887
160.656
160.408
160.143
159.858
159.552
159.224
158.874
158.503
158.109
157.693
157.254
156.792
156.308
155.797
155.257
154.685
154.081
153.445
152.777
152.076
151.341
150.574
149.785
148.99
148.209
147.463
146.771
146.143
145.579
145.052
144.507
143.911
143.241
142.452
141.558
140.619
139.608
138.446
137.103
135.645
134.35
133.704
134.127
135.531
137.258
138.673
139.742
140.846
141.997
142.814
143.254
143.451
143.301
142.262
139.301
133.605
125.073
114.082
101.879
90.6025
82.2768
78.1947
78.5886
82.217
86.8644
90.6896
92.6082
92.8524
92.5235
91.8
91.8278
93.1422
95.0558
96.749
96.7683
93.8798
88.649
81.6807
73.3617
64.5046
56.3055
49.9352
46.2907
45.7915
48.3975
53.6746
60.9052
69.2538
77.8902
86.108
93.4055
99.4997
104.304
107.909
110.535
112.412
113.71
114.537
114.96
115.031
114.804
114.335
113.682
112.895
112.015
111.069
110.079
109.058
108.017
106.964
105.905
104.845
103.786
102.728
101.673
100.617
99.561
98.5023
97.4413
96.379
95.3152
94.2485
93.1777
92.1026
91.0228
89.9371
88.8451
87.7474
86.6457
85.5406
84.4342
83.3258
82.2191
81.1107
80.0083
78.9027
77.8096
76.6968
178.019
177.371
176.731
176.098
175.475
174.861
174.256
173.662
173.077
172.502
171.939
171.389
170.852
170.329
169.821
169.328
168.848
168.381
167.926
167.482
167.049
166.626
166.214
165.815
165.428
165.055
164.694
164.343
164.005
163.679
163.369
163.076
162.8
162.54
162.293
162.058
161.832
161.616
161.406
161.197
160.984
160.762
160.527
160.277
160.013
159.732
159.434
159.116
158.777
158.418
158.037
157.635
157.216
156.778
156.321
155.841
155.331
154.788
154.209
153.593
152.939
152.248
151.514
150.734
149.914
149.073
148.246
147.486
146.825
146.265
145.804
145.416
145.023
144.557
143.929
143.093
142.178
141.245
140.113
138.686
136.932
134.859
132.953
131.951
132.387
134.333
137.038
139.233
140.395
141.243
142.327
143.326
143.979
144.289
144.384
144.108
142.343
138.01
131.03
121.883
111.55
101.76
94.3375
90.3556
89.9068
91.832
94.2559
95.6644
95.4654
94.3693
92.9857
91.581
91.8415
93.9761
96.5633
98.8011
99.9309
98.225
93.7832
87.6003
80.1361
71.8135
63.674
56.9402
52.6622
51.4136
53.2666
57.849
64.4695
72.2763
80.42
88.1831
95.0661
100.801
105.326
108.748
111.256
113.037
114.241
114.97
115.301
115.295
115.007
114.494
113.809
112.998
112.098
111.135
110.131
109.098
108.047
106.988
105.924
104.86
103.798
102.738
101.68
100.623
99.5655
98.5058
97.4441
96.3811
95.3169
94.2502
93.1798
92.1053
91.0262
89.9412
88.85
87.7531
86.6526
85.5489
84.4444
83.3385
82.2353
81.131
80.0356
78.9374
77.8602
76.7619
178.327
177.657
177
176.356
175.724
175.104
174.5
173.909
173.333
172.77
172.221
171.685
171.162
170.649
170.147
169.653
169.168
168.692
168.225
167.768
167.322
166.886
166.458
166.038
165.624
165.218
164.822
164.439
164.069
163.715
163.376
163.055
162.754
162.473
162.212
161.967
161.736
161.514
161.3
161.09
160.881
160.666
160.439
160.196
159.934
159.654
159.357
159.044
158.715
158.369
158.004
157.621
157.219
156.799
156.361
155.903
155.42
154.908
154.361
153.77
153.129
152.434
151.684
150.878
150.016
149.106
148.208
147.413
146.779
146.311
145.975
145.719
145.508
145.253
144.704
143.782
142.852
142.032
140.85
139.032
136.474
133.187
130.246
129.04
130.044
132.93
136.56
139.374
140.834
141.759
142.802
143.732
144.376
144.801
145.181
145.507
144.685
141.382
135.43
127.421
118.306
109.518
102.663
98.751
97.853
98.9206
100.177
100.189
98.6001
96.391
94.0348
92.1694
92.4054
94.8759
97.8584
100.256
102.072
101.736
98.1728
92.5868
85.6916
77.8335
69.7405
62.6779
57.8324
55.9336
57.1486
61.1491
67.2536
74.6027
82.3344
89.7285
96.2917
101.768
106.104
109.396
111.807
113.502
114.625
115.28
115.544
115.482
115.152
114.608
113.899
113.07
112.156
111.181
110.166
109.125
108.068
107.004
105.936
104.87
103.805
102.743
101.684
100.626
99.5676
98.5074
97.4453
96.3821
95.3178
94.2513
93.1814
92.1074
91.0286
89.9441
88.8536
87.7576
86.6583
85.5558
84.4531
83.349
82.2487
81.1477
80.0584
78.9664
77.9031
76.8175
178.551
177.886
177.234
176.595
175.969
175.355
174.754
174.164
173.586
173.019
172.465
171.924
171.396
170.881
170.378
169.886
169.404
168.928
168.456
167.988
167.525
167.068
166.621
166.183
165.752
165.325
164.903
164.491
164.094
163.718
163.362
163.025
162.705
162.401
162.116
161.856
161.62
161.404
161.201
161
160.794
160.581
160.358
160.122
159.871
159.6
159.308
158.998
158.67
158.326
157.97
157.602
157.225
156.836
156.431
156.005
155.553
155.068
154.546
153.978
153.353
152.654
151.871
151.013
150.078
149.063
148.078
147.248
146.635
146.296
146.148
146.033
145.987
145.903
145.405
144.453
143.592
142.993
142.009
140.021
136.501
131.313
126.348
124.477
126.577
131.264
136.336
139.704
141.021
141.843
143.092
144.204
144.833
145.259
145.763
146.475
146.339
143.794
138.57
131.273
122.862
114.635
108.087
104.227
103.137
103.877
104.631
103.911
101.439
98.3805
95.4904
93.5168
93.5054
95.6221
98.3901
100.753
102.859
103.711
101.509
96.6873
90.2157
82.6705
74.5894
67.2052
61.8557
59.4021
60.0917
63.6271
69.3259
76.3191
83.7347
90.8526
97.1831
102.475
106.676
109.869
112.201
113.831
114.895
115.496
115.713
115.613
115.252
114.686
113.961
113.119
112.194
111.211
110.189
109.143
108.082
107.014
105.944
104.875
103.809
102.746
101.686
100.627
99.5682
98.5077
97.4456
96.3823
95.3181
94.2518
93.1823
92.1087
91.0305
89.9464
88.8565
87.7611
86.6624
85.5609
84.4595
83.3571
82.2593
81.1611
80.0764
78.9893
77.9373
76.8624
178.719
178.041
177.377
176.727
176.092
175.474
174.872
174.285
173.712
173.153
172.608
172.074
171.553
171.044
170.545
170.058
169.58
169.11
168.643
168.177
167.71
167.24
166.774
166.313
165.86
165.412
164.965
164.52
164.084
163.668
163.281
162.924
162.595
162.289
162.003
161.737
161.496
161.281
161.089
160.909
160.726
160.529
160.312
160.076
159.824
159.557
159.274
158.975
158.657
158.322
157.972
157.612
157.245
156.87
156.485
156.085
155.665
155.219
154.74
154.215
153.627
152.942
152.12
151.163
150.07
148.876
147.782
146.933
146.347
146.159
146.272
146.447
146.671
146.606
145.86
144.859
144.317
144.031
143.42
141.761
137.686
130.824
123.762
120.482
122.957
129.47
136.222
140.203
141.341
141.878
143.11
144.465
145.31
145.8
146.343
147.207
147.425
145.448
140.79
133.945
125.91
117.954
111.528
107.684
106.533
107.207
107.85
106.771
103.767
100.16
96.9849
95.0519
94.7329
96.1638
98.4227
100.624
102.713
104.233
103.496
99.8592
93.9547
86.5764
78.412
70.6676
64.8501
61.9342
62.2162
65.4026
70.8035
77.5362
84.7232
91.6431
97.8084
102.97
107.073
110.194
112.471
114.054
115.077
115.642
115.827
115.7
115.318
114.736
114
113.15
112.218
111.229
110.203
109.153
108.089
107.019
105.947
104.877
103.81
102.747
101.686
100.627
99.5679
98.5074
97.4453
96.3823
95.3183
94.2522
93.1829
92.1096
91.0316
89.9479
88.8584
87.7636
86.6655
85.5647
84.4642
83.3629
82.2669
81.1708
80.0895
79.006
77.962
76.8961
178.806
178.126
177.462
176.814
176.183
175.569
174.973
174.393
173.828
173.276
172.736
172.21
171.696
171.194
170.702
170.219
169.742
169.269
168.796
168.323
167.847
167.368
166.889
166.408
165.929
165.453
164.983
164.522
164.073
163.639
163.224
162.834
162.471
162.14
161.845
161.588
161.368
161.18
161.009
160.844
160.671
160.484
160.278
160.051
159.804
159.535
159.247
158.943
158.625
158.298
157.962
157.622
157.278
156.926
156.563
156.183
155.783
155.363
154.916
154.436
153.907
153.278
152.493
151.451
150.074
148.592
147.34
146.432
145.909
145.829
146.102
146.762
147.59
147.575
146.295
144.802
144.654
144.891
144.297
142.916
138.899
131.532
123.669
119.402
121.444
128.558
136.204
140.615
141.697
141.962
143.043
144.567
145.731
146.366
146.802
147.496
147.866
146.455
142.35
135.822
127.953
120.11
113.706
109.827
108.676
109.405
110.082
108.837
105.498
101.481
98.1622
96.4358
95.8193
96.377
98.2009
100.314
102.301
104.032
104.235
101.958
96.9571
89.8315
81.4645
73.2762
66.988
63.6817
63.6586
66.5993
71.7947
78.3496
85.3814
92.1677
98.2219
103.296
107.335
110.408
112.648
114.2
115.196
115.736
115.899
115.753
115.358
114.766
114.022
113.167
112.231
111.239
110.21
109.158
108.092
107.021
105.949
104.878
103.811
102.747
101.686
100.627
99.5675
98.507
97.4452
96.3823
95.3184
94.2525
93.1833
92.1102
91.0324
89.9489
88.8597
87.7651
86.6674
85.567
84.4673
83.3668
82.2719
81.1771
80.0978
79.0169
77.9774
76.9191
178.872
178.188
177.523
176.875
176.247
175.637
175.045
174.469
173.906
173.355
172.815
172.286
171.77
171.269
170.783
170.313
169.855
169.399
168.937
168.459
167.97
167.476
166.987
166.501
166.008
165.5
164.982
164.474
163.995
163.55
163.137
162.745
162.366
162.005
161.674
161.394
161.176
161.018
160.897
160.783
160.648
160.479
160.277
160.051
159.806
159.542
159.257
158.951
158.626
158.291
157.952
157.616
157.283
156.948
156.61
156.258
155.893
155.512
155.097
154.669
154.191
153.619
152.964
151.92
150.187
148.322
146.868
145.814
145.412
145.491
145.658
146.711
148.342
148.486
146.883
144.699
144.249
145.15
144.415
142.461
139.021
132.581
124.966
120.306
121.87
128.732
136.317
140.721
141.786
141.953
143.034
144.795
146.195
146.781
147.012
147.561
147.994
146.938
143.296
137.066
129.298
121.481
115.043
111.091
109.958
110.794
111.564
110.269
106.637
102.316
99.0437
97.6276
96.7515
96.4856
97.9936
100.133
102.024
103.74
104.334
102.928
98.9649
92.4644
83.9668
75.2245
68.4589
64.8209
64.5736
67.3486
72.4113
78.8541
85.7884
92.4911
98.4763
103.497
107.495
110.538
112.755
114.288
115.266
115.79
115.94
115.783
115.379
114.78
114.032
113.174
112.236
111.243
110.213
109.16
108.093
107.022
105.949
104.878
103.811
102.747
101.686
100.627
99.5673
98.507
97.4452
96.3824
95.3186
94.2526
93.1836
92.1104
91.0327
89.9493
88.8603
87.7659
86.6685
85.5683
84.469
83.3689
82.2745
81.1804
80.102
79.0226
77.9848
76.9328
178.911
178.204
177.52
176.861
176.229
175.624
175.043
174.482
173.938
173.405
172.881
172.365
171.856
171.359
170.877
170.412
169.964
169.522
169.072
168.598
168.098
167.582
167.07
166.574
166.083
165.574
165.037
164.487
163.954
163.466
163.029
162.629
162.249
161.883
161.542
161.249
161.026
160.874
160.774
160.686
160.578
160.433
160.252
160.04
159.803
159.543
159.259
158.954
158.632
158.301
157.966
157.635
157.309
156.981
156.656
156.312
155.966
155.608
155.211
154.839
154.389
153.867
153.379
152.384
150.429
148.233
146.539
145.316
144.953
145.272
145.467
146.607
148.592
148.789
147.045
144.97
144.189
144.593
143.949
142.155
139.186
133.564
126.495
121.833
123.003
129.263
136.284
140.527
141.801
142.163
143.337
145.172
146.543
146.952
147.03
147.534
147.969
147.011
143.649
137.706
130.069
122.266
115.783
111.766
110.648
111.606
112.494
111.168
107.27
102.781
99.6802
98.56
97.475
96.6491
97.9967
100.098
101.889
103.594
104.309
103.143
99.7231
94.1311
85.8766
76.6091
69.4091
65.5076
65.1021
67.7711
72.7557
79.1335
86.0121
92.6676
98.6138
103.604
107.58
110.606
112.811
114.333
115.301
115.816
115.958
115.794
115.386
114.784
114.035
113.175
112.236
111.243
110.213
109.159
108.093
107.021
105.949
104.878
103.811
102.747
101.686
100.627
99.5673
98.5069
97.4452
96.3825
95.3186
94.2527
93.1836
92.1105
91.0328
89.9494
88.8605
87.7662
86.6688
85.5688
84.4695
83.3696
82.2755
81.1816
80.1034
79.0247
77.987
76.9393
178.927
178.225
177.543
176.888
176.261
175.663
175.087
174.529
173.982
173.442
172.907
172.379
171.863
171.363
170.885
170.43
169.993
169.563
169.122
168.655
168.158
167.642
167.124
166.615
166.108
165.591
165.053
164.506
163.974
163.478
163.029
162.616
162.226
161.853
161.508
161.216
160.996
160.852
160.759
160.677
160.568
160.42
160.234
160.023
159.791
159.538
159.26
158.958
158.637
158.306
157.97
157.641
157.315
156.993
156.674
156.332
156.001
155.64
155.256
154.907
154.432
153.968
153.522
152.475
150.603
148.445
146.587
145.271
144.845
145.11
145.517
146.794
148.46
148.505
146.973
145.164
144.365
144.564
143.912
142.125
139.196
133.949
127.317
122.828
123.787
129.624
136.248
140.364
141.777
142.333
143.583
145.332
146.587
146.972
147.047
147.513
147.891
146.909
143.645
137.864
130.346
122.587
116.096
112.056
110.944
111.981
112.937
111.559
107.487
102.961
100.042
99.0329
97.8754
96.7793
98.0504
100.092
101.838
103.549
104.322
103.041
99.6869
94.6819
86.8005
77.3233
69.8699
65.8225
65.3279
67.9447
72.8953
79.2442
86.0992
92.7348
98.6648
103.643
107.61
110.63
112.83
114.348
115.312
115.824
115.962
115.796
115.386
114.784
114.034
113.174
112.236
111.242
110.212
109.159
108.093
107.021
105.949
104.878
103.811
102.747
101.686
100.627
99.5673
98.5069
97.4452
96.3825
95.3186
94.2527
93.1836
92.1105
91.0328
89.9494
88.8604
87.7662
86.6688
85.5688
84.4696
83.3697
82.2755
81.1817
80.1035
79.025
77.987
76.9412
75.9895
74.7354
73.1962
71.5052
69.7518
67.9522
66.084
64.1227
62.055
59.8733
57.5704
55.1358
52.5592
49.8295
46.936
43.8625
40.5949
37.1061
33.3786
29.3693
25.064
20.3875
15.3458
9.78591
3.76714
75.8779
74.6072
73.0773
71.3995
69.6542
67.8592
65.9944
64.0361
61.9706
59.7903
57.4882
55.0542
52.4782
49.7487
46.8552
43.7815
40.5135
37.0244
33.2968
29.2871
24.9816
20.3046
15.2633
9.70053
3.66936
75.6976
74.4164
72.9131
71.2657
69.5402
67.7563
65.8993
63.9474
61.8869
59.7101
57.4104
54.9781
52.4033
49.6746
46.7816
43.7081
40.4401
36.9511
33.2234
29.2138
24.9083
20.2316
15.1905
9.62808
3.60333
75.5125
74.2294
72.7571
71.1428
69.4378
67.664
65.813
63.8663
61.81
59.6363
57.3383
54.907
52.3328
49.6045
46.7116
43.638
40.3697
36.8806
33.1527
29.1431
24.8372
20.1612
15.1199
9.56067
3.54247
75.35
74.0656
72.6172
71.0295
69.3413
67.5753
65.7287
63.7862
61.734
59.5632
57.2671
54.837
52.2635
49.5357
46.643
43.5695
40.3012
36.812
33.084
29.0745
24.7687
20.0933
15.0525
9.49756
3.48861
75.2092
73.9214
72.4878
70.9201
69.2464
67.488
65.6459
63.7078
61.66
59.4928
57.1989
54.7701
52.1974
49.4701
46.5777
43.5042
40.2358
36.7466
33.0186
29.0092
24.7033
20.0287
14.989
9.4389
3.44163
75.0844
73.7914
72.3667
70.8144
69.1541
67.4038
65.5666
63.6328
61.5893
59.4257
57.1341
54.7065
52.1346
49.4076
46.5153
43.4419
40.1733
36.684
32.9558
28.9465
24.6407
19.9669
14.9287
9.3841
3.40014
74.9722
73.6736
72.2543
70.7142
69.0658
67.3234
65.4909
63.5611
61.5217
59.3616
57.0724
54.6461
52.0748
49.3481
46.4558
43.3822
40.1135
36.6241
32.8958
28.8866
24.5809
19.9081
14.8716
9.33314
3.36375
74.8704
73.5666
72.1507
70.6199
68.9817
67.2466
65.4188
63.4927
61.4571
59.3005
57.0138
54.5888
52.0181
49.2916
46.3992
43.3254
40.0565
36.567
32.8386
28.8294
24.524
19.8522
14.8179
9.28586
3.33179
74.7775
73.4693
72.0553
70.5317
68.902
67.1736
65.3501
63.4274
61.3954
59.2424
56.9582
54.5347
51.9646
49.2382
46.3457
43.2717
40.0024
36.5127
32.7841
28.775
24.4699
19.7993
14.7673
9.24208
3.30365
74.6923
73.3803
71.9675
70.4493
68.8267
67.1044
65.285
63.3655
61.3369
59.1872
56.9057
54.4838
51.9144
49.1882
46.2954
43.2209
39.9513
36.4612
32.7324
28.7234
24.4185
19.7492
14.7198
9.20161
3.27883
74.6141
73.2986
71.8864
70.3723
68.7558
67.039
65.2237
63.3072
61.2815
59.1349
56.8561
54.4359
51.8675
49.1414
46.2484
43.1734
39.9032
36.4126
32.6835
28.6746
24.37
19.702
14.6754
9.16429
3.25691
74.5426
73.2237
71.8114
70.3006
68.6892
66.9778
65.1665
63.2527
61.2295
59.0857
56.8094
54.3911
51.8237
49.098
46.2048
43.1292
39.8582
36.367
32.6375
28.6285
24.3243
19.6577
14.6339
9.12994
3.23753
74.4773
73.155
71.7422
70.2339
68.6271
66.9208
65.1136
63.2025
61.1812
59.0395
56.7656
54.3491
51.7831
49.058
46.1646
43.0884
39.8165
36.3245
32.5944
28.5853
24.2814
19.6161
14.5953
9.09841
3.22036
74.4179
73.0922
71.6787
70.1722
68.5694
66.868
65.0652
63.1568
61.137
58.9967
56.7245
54.31
51.7455
49.0213
46.128
43.0512
39.7782
36.2852
32.5543
28.5449
24.2413
19.5774
14.5595
9.06955
3.20514
74.364
73.0352
71.6207
70.1156
68.5163
66.8196
65.0212
63.1157
61.0971
58.9575
56.6864
54.2737
51.7109
48.988
46.095
43.0176
39.7434
36.2492
32.5173
28.5074
24.204
19.5414
14.5265
9.04323
3.19165
74.3153
72.9836
71.5681
70.0642
68.4679
66.7756
64.9816
63.079
61.0615
58.9219
56.6515
54.2403
51.6794
48.9579
46.0655
42.9876
39.7123
36.2166
32.4834
28.473
24.1696
19.5082
14.4961
9.01932
3.1797
74.2717
72.9375
71.521
70.0181
68.4246
66.736
64.946
63.0462
61.0297
58.8901
56.62
54.21
51.651
48.9313
46.0396
42.9614
39.6848
36.1875
32.4528
28.4415
24.1381
19.4777
14.4684
8.99772
3.16914
74.2331
72.8968
71.4797
69.9776
68.3864
66.701
64.9142
63.017
61.0015
58.8619
56.5918
54.183
51.6259
48.9079
46.0173
42.9388
39.6609
36.1618
32.4255
28.4132
24.1095
19.4501
14.4433
8.97834
3.15984
74.1995
72.8616
71.4442
69.943
68.3535
66.6704
64.886
62.9908
60.9764
58.8369
56.5671
54.1594
51.604
48.8879
45.9984
42.9199
39.6407
36.1397
32.4016
28.388
24.0838
19.4252
14.4207
8.96108
3.15167
74.171
72.8318
71.4144
69.9139
68.3258
66.6441
64.8612
62.9674
60.9541
58.8152
56.5459
54.1392
51.5856
48.8713
45.9829
42.9045
39.6241
36.1211
32.3809
28.3659
24.061
19.403
14.4006
8.94588
3.14456
74.1473
72.8072
71.3899
69.8902
68.3029
66.622
64.8397
62.9469
60.9346
58.7965
56.5281
54.1226
51.5706
48.858
45.9708
42.8925
39.6109
36.1059
32.3635
28.3469
24.0412
19.3836
14.383
8.93267
3.13842
74.1285
72.7877
71.3706
69.8715
68.2848
66.6041
64.8219
62.9295
60.918
58.7809
56.5136
54.1094
51.559
48.848
45.962
42.8837
39.601
36.0939
32.3494
28.331
24.0244
19.3669
14.3679
8.92142
3.13318
74.1143
72.7731
71.3562
69.8576
68.2712
66.5905
64.8081
62.9157
60.9048
58.7686
56.5024
54.0997
51.5509
48.8414
45.9564
42.8782
39.5943
36.0852
32.3384
28.3182
24.0104
19.3529
14.3551
8.91208
3.12882
74.1046
72.7631
71.3464
69.8482
68.2621
66.5814
64.7986
62.9058
60.8951
58.7598
56.4949
54.0936
51.5463
48.8382
45.9541
42.8758
39.5907
36.0795
32.3305
28.3084
23.9994
19.3418
14.3449
8.90465
3.1253
74.0993
72.7577
71.3411
69.8432
68.2575
66.5767
64.7935
62.9002
60.8894
58.7547
56.491
54.0912
51.5453
48.8385
45.9549
42.8763
39.59
36.0769
32.3258
28.3017
23.9913
19.3334
14.337
8.89912
3.12259
74.0984
72.7566
71.3401
69.8425
68.2571
66.5764
64.7927
62.8987
60.8877
58.7535
56.4909
54.0925
51.548
48.8421
45.9588
42.8796
39.5922
36.0772
32.324
28.2981
23.9863
19.3278
14.3317
8.89546
3.12071
74.102
72.7603
71.3439
69.8465
68.2614
66.5806
64.7965
62.9017
60.8903
58.7566
56.4952
54.0982
51.555
48.8497
45.9663
42.8862
39.5974
36.0807
32.3254
28.2975
23.984
19.3248
14.3285
8.89349
3.11956
74.1121
72.7707
71.3544
69.8573
68.2722
66.5912
64.8063
62.9107
60.8989
58.7657
56.5055
54.1098
51.5675
48.8623
45.9782
42.897
39.6069
36.0886
32.3313
28.3012
23.9859
19.3256
14.3288
8.89401
3.11954
74.1284
72.7876
71.3716
69.8746
68.2893
66.6077
64.8219
62.9255
60.9134
58.7805
56.5212
54.1265
51.5846
48.879
45.9938
42.9113
39.6199
36.1003
32.3413
28.3093
23.992
19.3305
14.3327
8.89721
3.12083
74.1509
72.8111
71.3955
69.8986
68.3129
66.6303
64.8434
62.946
60.9335
58.8008
56.5421
54.148
51.606
48.8996
46.0129
42.9291
39.6367
36.1162
32.3556
28.3216
24.0025
19.3394
14.3403
8.90312
3.12343
74.1796
72.8411
71.4263
69.9293
68.3429
66.6591
64.8707
62.9723
60.9591
58.8264
56.5679
54.1739
51.6315
48.9238
46.0357
42.9507
39.6575
36.1362
32.3741
28.3383
24.0173
19.3524
14.3516
8.9118
3.12737
74.2145
72.8778
71.4638
69.9668
68.3795
66.694
64.904
63.0042
60.9902
58.857
56.5982
54.2038
51.6606
48.9517
46.0622
42.9764
39.6828
36.1607
32.3972
28.3594
24.0363
19.3694
14.3664
8.92336
3.13274
74.2557
72.9213
71.5083
70.0112
68.4226
66.7353
64.9433
63.0418
61.0265
58.8924
56.6329
54.2374
51.693
48.9828
46.0924
43.0063
39.7126
36.1899
32.4248
28.3849
24.0595
19.3903
14.3848
8.93785
3.13961
74.3035
72.9716
71.5599
70.0625
68.4725
66.7829
64.9885
63.0849
61.068
58.9327
56.6718
54.2747
51.7285
49.0171
46.1262
43.0405
39.747
36.2237
32.457
28.4149
24.0871
19.4153
14.4069
8.95537
3.1481
74.358
73.029
71.6186
70.1209
68.529
66.8368
65.0395
63.1333
61.1144
58.9777
56.7151
54.3158
51.7674
49.0547
46.1638
43.0788
39.7861
36.2623
32.4939
28.4494
24.1189
19.4444
14.4328
8.97604
3.15836
74.4197
73.0941
71.6851
70.1867
68.5925
66.897
65.0963
63.1869
61.1658
59.0276
56.7631
54.361
51.8099
49.0958
46.2051
43.1214
39.8297
36.3054
32.5355
28.4884
24.1552
19.4776
14.4625
9.00002
3.17057
74.4889
73.1674
71.7597
70.2602
68.663
66.9636
65.1587
63.2457
61.222
59.0822
56.8158
54.4107
51.8565
49.1409
46.2504
43.168
39.8776
36.3531
32.5816
28.5321
24.1961
19.5151
14.4963
9.02749
3.18499
74.5661
73.2493
71.8431
70.3421
68.741
67.0367
65.227
63.3097
61.2831
59.1415
56.8731
54.4649
51.9075
49.19
46.2996
43.2185
39.9297
36.4051
32.6323
28.5804
24.2415
19.557
14.5342
9.05866
3.20193
74.6514
73.3403
71.9358
70.4327
68.8268
67.1165
65.3011
63.3792
61.349
59.2048
56.9343
54.5233
51.9628
49.2434
46.3529
43.2729
39.9856
36.4612
32.6875
28.6333
24.2917
19.6034
14.5765
9.09377
3.22177
74.7451
73.4407
72.0381
70.5324
68.9205
67.2031
65.3812
63.4539
61.4193
59.2717
56.9987
54.5853
52.0222
49.3012
46.4102
43.3311
40.0454
36.5213
32.7469
28.6909
24.3467
19.6546
14.6234
9.13304
3.24503
74.8479
73.5512
72.1508
70.6414
69.0221
67.2964
65.4673
63.534
61.4936
59.3413
57.0652
54.65
52.0852
49.363
46.4717
43.3932
40.109
36.5852
32.8106
28.7531
24.4065
19.7106
14.6751
9.17672
3.27229
74.9556
73.6673
72.269
70.7548
69.1269
67.3922
65.5555
63.6156
61.5683
59.4099
57.1302
54.7138
52.1483
49.4259
46.5346
43.4564
40.1737
36.6502
32.8756
28.8169
24.4684
19.7688
14.7294
9.22294
3.30296
75.0627
73.783
72.3861
70.8657
69.2282
67.4846
65.6407
63.6941
61.6395
59.4744
57.1908
54.7734
52.208
49.486
46.595
43.5172
40.2359
36.7125
32.9381
28.8786
24.5286
19.8257
14.783
9.26885
3.33535
75.1689
73.8977
72.5007
70.9725
69.3246
67.5723
65.7217
63.7688
61.7072
59.5356
57.2478
54.8292
52.2639
49.5428
46.6523
43.5747
40.2948
36.7715
32.9975
28.9373
24.5862
19.8806
14.8351
9.31373
3.36897
75.275
74.0125
72.6129
71.0746
69.4155
67.6548
65.7979
63.8395
61.7717
59.5941
57.302
54.8817
52.3165
49.5962
46.7063
43.629
40.3502
36.8271
33.0534
28.9928
24.6409
19.9329
14.8852
9.35715
3.40343
75.3813
74.1284
72.7233
71.1721
69.5009
67.7317
65.8689
63.9055
61.8325
59.6497
57.3534
54.9313
52.3659
49.6464
46.7572
43.6799
40.4021
36.8791
33.1057
29.0448
24.6923
19.9825
14.9331
9.39883
3.43835
75.4871
74.2444
72.8314
71.2653
69.5811
67.8032
65.9343
63.9662
61.8887
59.7017
57.4018
54.978
52.4125
49.6936
46.8048
43.7274
40.4503
36.9274
33.1543
29.0933
24.7404
20.0291
14.9785
9.43854
3.47335
75.5909
74.3581
72.9355
71.3538
69.6564
67.8695
65.9944
64.0215
61.94
59.7495
57.4469
55.0217
52.4562
49.7377
46.8493
43.7716
40.4949
36.972
33.1993
29.1382
24.7852
20.0729
15.0213
9.47618
3.50803
75.691
74.4665
73.0333
71.4363
69.7264
67.9307
66.0492
64.0716
61.9865
59.7934
57.4888
55.0625
52.497
49.7787
46.8905
43.8127
40.5358
37.0133
33.2408
29.1798
24.8267
20.1137
15.0616
9.51167
3.54204
75.7846
74.5667
73.1228
71.5117
69.7905
67.9866
66.0991
64.1169
62.0288
59.8335
57.5276
55.1004
52.5348
49.8165
46.9287
43.8508
40.5734
37.0512
33.2792
29.2183
24.8652
20.1518
15.0991
9.54502
3.57507
75.868
74.6559
73.2026
71.5791
69.848
68.0368
66.1439
64.1576
62.067
59.8701
57.5632
55.1352
52.5696
49.8513
46.9639
43.886
40.6079
37.0861
33.3145
29.2538
24.9008
20.187
15.1341
9.57626
3.60689
75.9372
74.7316
73.2712
71.6378
69.8985
68.0811
66.1837
64.1939
62.1013
59.9033
57.5959
55.1671
52.6014
49.8832
46.9964
43.9187
40.6393
37.1182
33.347
29.2865
24.9335
20.2197
15.1664
9.60546
3.63732
75.9894
74.7914
73.3272
71.6866
69.9414
68.1194
66.2185
64.2259
62.132
59.9333
57.6255
55.1961
52.6306
49.9124
47.0261
43.9489
40.6678
37.1476
33.3768
29.3165
24.9637
20.2498
15.1962
9.63274
3.66626
76.025
74.8352
73.3699
71.7254
69.9766
68.1516
66.2484
64.2538
62.1591
59.9602
57.6524
55.2226
52.6571
49.9391
47.0534
43.9767
40.6937
37.1746
33.4042
29.3442
24.9914
20.2776
15.2238
9.65836
3.69385
76.0488
74.8658
73.4015
71.7557
70.0053
68.1788
66.2744
64.2785
62.1837
59.9848
57.6772
55.2469
52.6816
49.9639
47.0788
44.0028
40.7177
37.1997
33.4298
29.3701
25.0174
20.3037
15.2497
9.6828
3.7208
76.0662
74.8877
73.4253
71.7798
70.0292
68.2022
66.2974
64.3008
62.206
60.0071
57.6997
55.2691
52.704
49.9864
47.1019
44.0265
40.7395
37.2226
33.4531
29.3936
25.041
20.3275
15.2731
9.70517
3.74623
)
;

boundaryField
{
    inlet
    {
        type            zeroGradient;
    }
    outlet
    {
        type            fixedValue;
        value           uniform 0;
    }
    upperWall
    {
        type            zeroGradient;
    }
    lowerWall
    {
        type            zeroGradient;
    }
    frontAndBack
    {
        type            empty;
    }
}


// ************************************************************************* //
