/*--------------------------------*- C++ -*----------------------------------*\
  =========                 |
  \\      /  F ield         | OpenFOAM: The Open Source CFD Toolbox
   \\    /   O peration     | Website:  https://openfoam.org
    \\  /    A nd           | Version:  6
     \\/     M anipulation  |
\*---------------------------------------------------------------------------*/
FoamFile
{
    version     2.0;
    format      ascii;
    class       volScalarField;
    location    "0.05";
    object      s_0;
}
// * * * * * * * * * * * * * * * * * * * * * * * * * * * * * * * * * * * * * //

dimensions      [0 0 0 0 0 0 0];

internalField   nonuniform List<scalar> 
12225
(
1
1
1
1
1
1
1
1
1
1
1
1
1
1
1
1
1
1
1
1
1
1
1
1
1
1
1
1
1
1
1
1
1
1
1
1
1
1
1
1
1
1
1
1
1
1
1
1
1
1
1
1
1
1
1
1
1
1
1
1
1
1
1
1
1
1
1
1
1
1
1
1
1
1
1
1
1
1
1
1
1
1
1
1
1
1
1
1
1
1
1
1
1
1
1
1
1
1
1
1
1
1
1
1
1
1
1
1
1
1
1
1
1
1
1
1
1
1
1
1
1
1
1
1
1
1
1
1
1
1
1
1
1
1
1
1
1
1
1
1
1
1
1
1
1
1
1
1
1
1
1
1
1
1
1
1
1
1
1
1
1
1
1
1
1
1
1
1
1
1
1
1
1
1
1
1
1
1
1
1
1
1
1
1
1
1
1
1
1
1
1
1
1
1
1
1
1
1
1
1
1
1
1
1
1
1
1
1
1
1
1
1
1
1
1
1
1
1
1
1
1
1
1
1
1
1
1
1
1
1
1
1
1
1
1
1
1
1
1
1
1
1
1
1
1
1
1
1
1
1
1
1
1
1
1
1
1
1
1
1
1
1
1
1
1
1
1
1
1
1
1
1
1
1
1
1
1
1
1
1
1
1
1
1
1
1
1
1
1
1
1
1
1
1
1
1
1
1
1
1
1
1
1
1
1
1
1
1
1
1
1
1
1
1
1
1
1
1
1
1
1
1
1
1
1
1
1
1
1
1
1
1
1
1
1
1
1
1
1
1
1
1
1
1
1
1
1
1
1
1
1
1
1
1
1
1
1
1
1
1
1
1
1
1
1
1
1
1
1
1
1
1
1
1
1
1
1
1
1
1
1
1
1
1
1
1
1
1
1
1
1
1
1
1
1
1
1
1
1
1
1
1
1
1
1
1
1
1
1
1
1
1
1
1
1
1
1
1
1
1
1
1
1
1
1
1
1
1
1
1
1
1
1
1
1
1
1
1
1
1
1
1
1
1
1
1
1
1
1
1
1
1
1
1
1
1
1
1
1
1
1
1
1
1
1
1
1
1
1
1
1
1
1
1
1
1
1
1
1
1
1
1
1
1
1
1
1
1
1
1
1
1
1
1
1
1
1
1
1
1
1
1
1
1
1
1
1
1
1
1
1
1
1
1
1
1
1
1
1
1
1
1
1
1
1
1
1
1
1
1
1
1
1
1
1
1
1
1
1
1
0.679603
0.74814
0.747016
0.731896
0.70941
0.688125
0.677809
0.669799
0.668022
0.66833
0.669762
0.673968
0.678423
0.680936
0.682836
0.684533
0.685522
0.686227
0.687374
0.688437
0.689105
0.689438
0.689422
0.689257
0.688869
0.688498
0.68833
0.688337
0.688464
0.688974
0.689929
0.692048
0.694237
0.69688
0.70288
0.7063
0.71106
0.717937
0.722363
0.732875
0.744051
0.717436
0.577178
0.522096
0.527074
0.551545
0.589626
0.622584
0.64353
0.656667
0.662301
0.647773
0.614684
0.608772
0.624709
0.65081
0.706513
0.812938
0.867392
0.885931
0.894896
0.899392
0.90243
0.905305
0.907825
0.908994
0.910024
0.911545
0.912905
0.913809
0.914314
0.914688
0.914881
0.914927
0.914932
0.914869
0.914666
0.914313
0.913852
0.913299
0.91256
0.911525
0.910277
0.909057
0.907882
0.90644
0.904567
0.902505
0.90045
0.898316
0.896041
0.893574
0.890789
0.887759
0.885381
0.883559
0.882139
0.880836
0.879794
0.879333
0.879222
0.879734
0.88035
0.881203
0.882601
0.884478
0.886779
0.889327
0.892187
0.895883
0.899379
0.903234
0.90731
0.911004
0.914865
0.91824
0.92139
0.92451
0.927551
0.930479
0.933271
0.935915
0.938392
0.940666
0.942769
0.944659
0.945966
0.947027
0.948023
0.948999
0.949961
0.950895
0.95178
0.952612
0.953398
0.954127
0.954774
0.955325
0.955833
0.956325
0.956807
0.957254
0.957607
0.957792
0.957793
0.957444
0.956078
0.952354
0.945409
0.93548
0.923433
0.911823
0.903151
0.897681
0.894595
0.893303
0.893068
0.8933
0.894183
0.894538
0.894465
0.893545
0.888596
0.86708
0.782519
0.558249
0.345443
0.193309
0.098305
0.0458748
0.0198277
0.00798006
0.00298891
0.00103759
0.000350342
0.000179076
0.000106513
5.96751e-05
3.16903e-05
-0.00660186
0.595998
0.611888
0.617056
0.625309
0.630985
0.633822
0.634669
0.637015
0.641865
0.64533
0.650929
0.654744
0.654637
0.653756
0.651673
0.648484
0.643864
0.638279
0.631863
0.625301
0.618019
0.609661
0.600314
0.590145
0.580103
0.570903
0.563712
0.557508
0.55174
0.549283
0.549265
0.550382
0.554433
0.558648
0.566339
0.580525
0.591307
0.618184
0.640073
0.669206
0.716674
0.720411
0.706096
0.67007
0.574277
0.521905
0.529605
0.586997
0.638087
0.665728
0.68995
0.671197
0.632981
0.65353
0.692525
0.801581
0.828739
0.852779
0.864796
0.868279
0.864561
0.858847
0.854353
0.851459
0.849899
0.849133
0.848779
0.848666
0.848927
0.848914
0.848913
0.848804
0.848121
0.846487
0.844099
0.840844
0.83686
0.833296
0.829773
0.825158
0.819802
0.814567
0.809684
0.804852
0.799713
0.794884
0.790795
0.786638
0.782953
0.780373
0.77848
0.777429
0.777004
0.776919
0.777225
0.777693
0.778218
0.77858
0.778703
0.778718
0.778606
0.778486
0.778171
0.777638
0.776899
0.776402
0.775938
0.775509
0.775204
0.775357
0.776091
0.777786
0.780726
0.784948
0.790842
0.798548
0.807892
0.818449
0.829323
0.839526
0.848529
0.856386
0.863625
0.870195
0.875997
0.881075
0.885906
0.890273
0.894074
0.897362
0.90023
0.902787
0.905149
0.90744
0.909774
0.912234
0.914874
0.917714
0.920717
0.923898
0.927302
0.931113
0.935513
0.940542
0.946048
0.951963
0.95839
0.965466
0.97259
0.978107
0.98108
0.981958
0.981366
0.976847
0.960207
0.938541
0.923212
0.914432
0.910511
0.909183
0.908532
0.907228
0.904271
0.901083
0.894701
0.880624
0.845641
0.808303
0.786534
0.773479
0.748304
0.704295
0.646675
0.594056
0.553715
0.53037
0.514882
0.497381
0.462236
0.32504
0.469297
0.530147
0.596163
0.631157
0.647481
0.66183
0.666076
0.670884
0.670301
0.667912
0.662095
0.650919
0.635678
0.615597
0.592618
0.569968
0.54813
0.528035
0.509003
0.491031
0.473301
0.456937
0.441424
0.427583
0.416771
0.4079
0.402507
0.401073
0.401467
0.403579
0.408955
0.421916
0.435496
0.446169
0.466165
0.485236
0.495684
0.517109
0.544068
0.562812
0.604753
0.672701
0.69679
0.696143
0.684414
0.648082
0.569722
0.548918
0.541898
0.600694
0.679163
0.701002
0.678086
0.746694
0.803281
0.815604
0.824144
0.827941
0.803309
0.782292
0.762156
0.748035
0.740298
0.735775
0.733902
0.733378
0.734583
0.73659
0.738212
0.740704
0.742279
0.744036
0.74529
0.74589
0.746475
0.746569
0.74648
0.746381
0.746362
0.746506
0.74685
0.74725
0.747838
0.748673
0.750097
0.751926
0.754236
0.756958
0.76012
0.7639
0.768529
0.773995
0.780256
0.787895
0.795686
0.802946
0.809263
0.814319
0.817838
0.819966
0.820788
0.820065
0.8178
0.814217
0.809167
0.802965
0.795788
0.787941
0.779834
0.772106
0.765407
0.759096
0.753059
0.747796
0.743707
0.741134
0.740205
0.740654
0.743801
0.75097
0.761581
0.775011
0.789784
0.8046
0.818598
0.83043
0.839764
0.847343
0.853559
0.85865
0.86285
0.866401
0.869549
0.872514
0.875483
0.878591
0.881927
0.885528
0.8894
0.893516
0.897809
0.902047
0.905974
0.909462
0.912555
0.91548
0.918846
0.923215
0.929733
0.940042
0.953593
0.967343
0.977878
0.98299
0.984199
0.983397
0.977015
0.957029
0.941034
0.933021
0.929751
0.92849
0.927664
0.926306
0.923148
0.91386
0.902109
0.895194
0.893164
0.89335
0.895751
0.900544
0.901551
0.901045
0.896984
0.88831
0.878136
0.871139
0.862304
0.81583
0.716974
0.737417
0.732418
0.727412
0.718605
0.708756
0.695795
0.674703
0.651622
0.60351
0.549111
0.526312
0.508075
0.493194
0.479294
0.464468
0.448728
0.432339
0.415382
0.39907
0.383864
0.37079
0.359917
0.351839
0.346689
0.344587
0.344096
0.344617
0.347042
0.352551
0.363713
0.375977
0.388467
0.402778
0.419648
0.432244
0.442028
0.460993
0.484975
0.504669
0.52266
0.556291
0.63115
0.674862
0.685675
0.684326
0.67211
0.639407
0.588726
0.591565
0.616514
0.695912
0.70961
0.774912
0.800036
0.80316
0.78097
0.751422
0.727374
0.712939
0.70414
0.698598
0.696052
0.69505
0.694927
0.696959
0.700177
0.703489
0.706898
0.7104
0.713806
0.717386
0.720945
0.724221
0.727514
0.73089
0.734408
0.737966
0.741557
0.745284
0.749257
0.754481
0.760927
0.769144
0.779559
0.792445
0.808067
0.827076
0.849092
0.868612
0.886793
0.903193
0.915792
0.924754
0.930727
0.934518
0.936958
0.938227
0.938817
0.939066
0.939156
0.938988
0.93875
0.938072
0.937021
0.93508
0.931938
0.927085
0.919942
0.909667
0.895262
0.877199
0.855412
0.830458
0.803555
0.77708
0.75555
0.740758
0.730223
0.724037
0.721667
0.721643
0.723677
0.728646
0.736065
0.746099
0.757649
0.769485
0.780936
0.791672
0.80156
0.810608
0.818877
0.82652
0.833777
0.840882
0.848236
0.856045
0.864453
0.873585
0.883268
0.892849
0.901841
0.909912
0.9165
0.921205
0.923654
0.924176
0.9239
0.923927
0.926939
0.937011
0.950657
0.965902
0.977916
0.98329
0.984018
0.982162
0.971002
0.954606
0.946373
0.943382
0.94253
0.942067
0.941159
0.938616
0.92939
0.913867
0.904522
0.901042
0.900693
0.901876
0.908581
0.923544
0.934383
0.942752
0.950194
0.955355
0.955797
0.948
0.775334
0.756685
0.712639
0.677204
0.635613
0.591284
0.562603
0.54672
0.538536
0.527088
0.50819
0.488789
0.470482
0.455717
0.439548
0.42339
0.408625
0.394159
0.381828
0.371858
0.363754
0.357674
0.354438
0.354058
0.354957
0.356523
0.358389
0.361316
0.366594
0.373998
0.381523
0.390201
0.399212
0.406875
0.413314
0.418765
0.42492
0.434535
0.447958
0.463851
0.481521
0.499051
0.524396
0.587139
0.648351
0.67433
0.680949
0.679244
0.672234
0.647318
0.645913
0.669546
0.70851
0.76639
0.787632
0.770804
0.732512
0.713475
0.699751
0.69263
0.689581
0.688459
0.688226
0.688922
0.691097
0.694454
0.698861
0.703381
0.707856
0.712319
0.716685
0.721262
0.726247
0.731497
0.737189
0.743765
0.751635
0.761093
0.772782
0.78791
0.80772
0.831714
0.855976
0.880622
0.90327
0.924781
0.941832
0.953626
0.959844
0.963474
0.965145
0.965697
0.965354
0.962464
0.959642
0.956192
0.952761
0.949542
0.946994
0.944991
0.944025
0.943718
0.9449
0.946709
0.949582
0.952744
0.956083
0.959198
0.961898
0.964052
0.965496
0.966118
0.965774
0.962814
0.954854
0.939083
0.910823
0.869536
0.822122
0.777111
0.74617
0.728284
0.720005
0.717558
0.717329
0.717904
0.719925
0.723174
0.726858
0.731037
0.735519
0.740164
0.744971
0.750168
0.756074
0.763083
0.771324
0.780781
0.791298
0.802761
0.815704
0.831565
0.851041
0.873638
0.897332
0.917883
0.932156
0.941561
0.946762
0.948072
0.946074
0.943103
0.94333
0.948469
0.963232
0.976228
0.983159
0.984594
0.983493
0.975555
0.962679
0.956648
0.954824
0.954427
0.954075
0.95316
0.950046
0.93832
0.919839
0.90838
0.903469
0.902633
0.903577
0.909739
0.927539
0.943909
0.956324
0.964281
0.974802
0.976253
0.771918
0.696128
0.635277
0.611035
0.581281
0.547268
0.534151
0.526945
0.517621
0.505898
0.49173
0.477137
0.466975
0.456764
0.448266
0.443436
0.441792
0.441899
0.443771
0.447365
0.451659
0.455523
0.459825
0.463468
0.467123
0.469543
0.470728
0.471473
0.472504
0.474726
0.475165
0.47673
0.476492
0.473597
0.468917
0.462977
0.459139
0.458272
0.45965
0.461784
0.46222
0.464033
0.470939
0.489997
0.538331
0.603515
0.654978
0.674049
0.681099
0.678131
0.675239
0.679963
0.700698
0.750459
0.777677
0.748189
0.718238
0.705906
0.695621
0.690809
0.689193
0.688927
0.690152
0.693154
0.698605
0.706627
0.716725
0.727307
0.73667
0.745146
0.75384
0.761378
0.771443
0.78414
0.799271
0.816501
0.836906
0.858695
0.881602
0.904043
0.923725
0.938304
0.951031
0.961072
0.967628
0.970763
0.971924
0.97199
0.969394
0.964893
0.95967
0.951261
0.939675
0.925127
0.910171
0.895169
0.881346
0.869228
0.859535
0.850918
0.845672
0.843654
0.846138
0.851833
0.861899
0.87485
0.890236
0.906122
0.920526
0.934078
0.946703
0.957747
0.966563
0.97329
0.978122
0.980878
0.981633
0.980039
0.970964
0.94518
0.892348
0.827244
0.770952
0.739049
0.726344
0.723712
0.724154
0.725449
0.727005
0.728301
0.729288
0.730049
0.731061
0.733069
0.736236
0.740833
0.747206
0.755377
0.765133
0.776341
0.788425
0.800227
0.811842
0.82466
0.841463
0.865452
0.895821
0.924508
0.94521
0.957405
0.963701
0.965716
0.965068
0.962725
0.962702
0.966928
0.9785
0.984988
0.986314
0.985377
0.979149
0.971298
0.968228
0.967535
0.967313
0.966837
0.965482
0.961221
0.946524
0.926061
0.913814
0.908994
0.908401
0.909751
0.917645
0.937423
0.954837
0.965315
0.974759
0.980851
0.765731
0.675905
0.625991
0.601835
0.576201
0.56035
0.553627
0.549959
0.546851
0.545338
0.546422
0.552902
0.567027
0.583474
0.605228
0.626426
0.643268
0.663781
0.677517
0.691057
0.703004
0.710368
0.713364
0.711787
0.70479
0.69221
0.677823
0.665672
0.657263
0.650414
0.642729
0.634484
0.627106
0.617413
0.607864
0.59882
0.595648
0.596712
0.596832
0.595732
0.58124
0.55513
0.532283
0.520862
0.527634
0.560722
0.604365
0.647765
0.673233
0.682536
0.685105
0.689482
0.701434
0.737412
0.771842
0.743347
0.717632
0.706296
0.697012
0.693351
0.692848
0.695467
0.701666
0.713398
0.732834
0.761416
0.789984
0.814912
0.834108
0.849218
0.860134
0.867982
0.878661
0.88995
0.902405
0.915394
0.928631
0.941859
0.952061
0.960959
0.966646
0.969867
0.971317
0.97171
0.970558
0.968425
0.963469
0.954432
0.940074
0.919837
0.893714
0.861738
0.829947
0.799199
0.769987
0.745738
0.725528
0.711017
0.705809
0.704648
0.70536
0.708087
0.712218
0.71672
0.72244
0.729887
0.740646
0.755685
0.776669
0.80241
0.831891
0.864071
0.896038
0.922979
0.946212
0.964659
0.97747
0.985174
0.989114
0.990173
0.988829
0.978934
0.94122
0.857136
0.784174
0.746316
0.73274
0.730137
0.731138
0.737154
0.744424
0.749307
0.751632
0.752334
0.753264
0.755681
0.758364
0.760279
0.762578
0.768143
0.781153
0.794761
0.807495
0.81955
0.831429
0.845103
0.863013
0.887484
0.916698
0.943465
0.961567
0.971088
0.974995
0.975684
0.975265
0.975006
0.976356
0.982963
0.98795
0.988889
0.988212
0.984417
0.981087
0.980221
0.98009
0.979857
0.979136
0.977014
0.970488
0.952968
0.936148
0.925823
0.921574
0.921044
0.922711
0.931796
0.951694
0.965685
0.97553
0.981998
0.755307
0.668323
0.640157
0.627649
0.62266
0.632024
0.649363
0.66722
0.695467
0.725398
0.758975
0.791255
0.819192
0.843583
0.863581
0.880881
0.896104
0.906981
0.917115
0.922517
0.925544
0.926633
0.925192
0.920449
0.911945
0.898687
0.878936
0.851349
0.820161
0.79259
0.763528
0.733566
0.713358
0.700718
0.692597
0.688703
0.688043
0.695354
0.710876
0.74561
0.785001
0.780712
0.752118
0.703836
0.643271
0.619285
0.622471
0.643807
0.671044
0.685374
0.690821
0.694675
0.703178
0.730094
0.766493
0.74462
0.71903
0.708707
0.702892
0.701888
0.704385
0.715056
0.73605
0.770156
0.806835
0.838565
0.869163
0.893345
0.912305
0.925646
0.931172
0.935548
0.941632
0.947111
0.954047
0.96029
0.965476
0.969781
0.97191
0.972731
0.97252
0.971222
0.969572
0.965389
0.95731
0.94359
0.921505
0.889597
0.848611
0.804958
0.759084
0.716747
0.679129
0.650406
0.638555
0.633961
0.632868
0.634884
0.641241
0.648888
0.657891
0.666769
0.675505
0.683023
0.688727
0.692728
0.695494
0.698044
0.701299
0.706373
0.714771
0.728761
0.751946
0.788854
0.835524
0.884502
0.923812
0.953818
0.974239
0.98644
0.992449
0.994573
0.994477
0.989985
0.964352
0.872462
0.791716
0.752891
0.739766
0.738251
0.739627
0.745994
0.758373
0.773094
0.788009
0.799771
0.807631
0.812316
0.814101
0.81348
0.811886
0.81201
0.815054
0.827547
0.840167
0.849452
0.860863
0.878589
0.902129
0.927639
0.950697
0.967318
0.976536
0.980365
0.981368
0.981479
0.98164
0.983088
0.988181
0.991447
0.992185
0.99204
0.990996
0.989808
0.989409
0.989104
0.988454
0.986953
0.983097
0.97129
0.95379
0.940672
0.933442
0.931098
0.931159
0.934041
0.947266
0.964676
0.976517
0.983589
0.742256
0.690319
0.688399
0.72016
0.744121
0.777712
0.801535
0.829451
0.858244
0.883636
0.903971
0.925137
0.936778
0.95126
0.958371
0.966682
0.970735
0.97464
0.976443
0.977312
0.977573
0.977577
0.976938
0.975793
0.973705
0.970164
0.964107
0.953745
0.936148
0.907003
0.874147
0.837752
0.797937
0.763761
0.741147
0.725444
0.718128
0.716722
0.729723
0.764888
0.824826
0.854364
0.857263
0.847993
0.819184
0.742682
0.680418
0.669689
0.676865
0.689398
0.693922
0.697452
0.705047
0.72742
0.762131
0.74825
0.722838
0.715255
0.712754
0.714812
0.73025
0.764435
0.805017
0.839366
0.868619
0.892457
0.915641
0.936453
0.952788
0.959995
0.96275
0.964967
0.967237
0.969558
0.971994
0.973481
0.974167
0.974303
0.973441
0.97215
0.969208
0.963766
0.953984
0.936987
0.909354
0.868644
0.822971
0.772671
0.721378
0.668894
0.623561
0.59878
0.586681
0.580487
0.577874
0.577384
0.582629
0.589137
0.598942
0.61147
0.626693
0.642686
0.657864
0.671001
0.681093
0.688164
0.692291
0.693703
0.693821
0.693979
0.694733
0.696475
0.700087
0.707228
0.721515
0.751473
0.805604
0.868944
0.9188
0.953741
0.976128
0.988878
0.994945
0.99701
0.996993
0.992431
0.968085
0.880885
0.798849
0.760081
0.74798
0.747602
0.749806
0.756708
0.77341
0.791678
0.812004
0.832565
0.848949
0.859482
0.864935
0.866518
0.866165
0.866009
0.867623
0.876667
0.884714
0.89086
0.903861
0.924983
0.946979
0.96472
0.976214
0.98215
0.984451
0.985039
0.985252
0.98582
0.988387
0.992434
0.99458
0.995333
0.995459
0.995437
0.995283
0.995026
0.994504
0.993317
0.990227
0.980411
0.962385
0.94786
0.939051
0.935502
0.935082
0.936438
0.944672
0.962587
0.976048
0.984418
0.751411
0.735374
0.76768
0.813892
0.837542
0.872504
0.892119
0.918123
0.934084
0.951524
0.960367
0.970021
0.97449
0.978909
0.980826
0.982369
0.983057
0.983407
0.983518
0.983528
0.983355
0.983295
0.983394
0.98358
0.983833
0.984106
0.984375
0.984605
0.984163
0.98218
0.977523
0.968089
0.950634
0.921369
0.879322
0.827865
0.779467
0.755902
0.746029
0.767422
0.815193
0.857981
0.873153
0.872185
0.867976
0.863939
0.841993
0.779094
0.716145
0.702052
0.70011
0.701731
0.708188
0.72757
0.759333
0.751054
0.727884
0.720985
0.721129
0.735724
0.788549
0.836929
0.873873
0.898951
0.917557
0.931451
0.944264
0.959334
0.970825
0.974257
0.974936
0.9745
0.974757
0.975146
0.975336
0.975011
0.974311
0.973021
0.969989
0.964309
0.95383
0.936232
0.905127
0.86521
0.817992
0.769219
0.71277
0.655676
0.604302
0.566705
0.546961
0.531986
0.519228
0.506917
0.492494
0.481885
0.477595
0.481951
0.494474
0.514108
0.541528
0.574769
0.610441
0.641214
0.666267
0.683244
0.693306
0.699353
0.701697
0.69999
0.696975
0.696084
0.696285
0.697798
0.700929
0.706572
0.719215
0.751202
0.817072
0.884913
0.932882
0.964367
0.982949
0.992804
0.997226
0.99813
0.99675
0.988001
0.959653
0.877178
0.806235
0.7719
0.761212
0.761472
0.765088
0.77499
0.796958
0.821335
0.844735
0.865213
0.881826
0.893417
0.900509
0.904469
0.906143
0.907122
0.909922
0.918883
0.927798
0.938214
0.951904
0.965955
0.976894
0.983503
0.986578
0.987597
0.987877
0.98826
0.989542
0.992931
0.995509
0.996883
0.997495
0.997722
0.997775
0.997748
0.99754
0.996822
0.994729
0.988082
0.970739
0.954634
0.944324
0.9396
0.938601
0.939255
0.944168
0.959767
0.974497
0.98399
0.769867
0.772836
0.830172
0.873144
0.896674
0.925533
0.939828
0.957322
0.965664
0.973817
0.977346
0.979719
0.980618
0.981033
0.981111
0.980966
0.979775
0.978483
0.977035
0.976028
0.975435
0.975268
0.976082
0.977242
0.97888
0.981113
0.982724
0.985158
0.986986
0.989026
0.990762
0.991522
0.991672
0.988619
0.981129
0.964526
0.930143
0.864416
0.806098
0.780573
0.791439
0.822154
0.857744
0.861741
0.845593
0.846047
0.84977
0.842543
0.811613
0.751378
0.720695
0.717135
0.722629
0.736594
0.75995
0.75132
0.730058
0.726311
0.734833
0.785877
0.860762
0.904679
0.931512
0.946432
0.954531
0.959613
0.964255
0.972152
0.979049
0.980385
0.979046
0.976535
0.975703
0.975331
0.974831
0.97346
0.970757
0.9656
0.956195
0.939518
0.910945
0.869439
0.826793
0.776012
0.722835
0.66856
0.612214
0.564361
0.523911
0.495756
0.467294
0.434289
0.398799
0.377154
0.372256
0.373988
0.382848
0.39379
0.40669
0.42183
0.441201
0.467115
0.50275
0.552634
0.608733
0.655264
0.683528
0.698753
0.706882
0.712258
0.713615
0.710951
0.707395
0.704066
0.703098
0.704273
0.708537
0.717251
0.736745
0.789199
0.85974
0.918052
0.956018
0.978436
0.990616
0.996584
0.998359
0.998071
0.994813
0.982473
0.948499
0.882742
0.827767
0.800236
0.79503
0.797755
0.808155
0.835
0.873813
0.906864
0.926127
0.933219
0.933937
0.931957
0.930261
0.930286
0.931409
0.937356
0.950026
0.958998
0.96649
0.974125
0.98109
0.986092
0.988824
0.989888
0.990185
0.990445
0.991173
0.993534
0.996034
0.997566
0.998362
0.998707
0.998811
0.998814
0.998734
0.998399
0.997382
0.994323
0.984017
0.967256
0.954885
0.948047
0.945675
0.945604
0.947695
0.957652
0.972278
0.982724
0.78575
0.806314
0.873818
0.910123
0.931876
0.952753
0.962603
0.972245
0.976414
0.978838
0.979555
0.97974
0.979333
0.977462
0.974009
0.968531
0.962833
0.958385
0.955303
0.953754
0.953158
0.953333
0.955
0.957426
0.959894
0.964002
0.967315
0.971532
0.975113
0.980011
0.985452
0.991362
0.994134
0.995817
0.996433
0.995014
0.989688
0.974489
0.932188
0.854511
0.804286
0.80264
0.821931
0.844241
0.832523
0.815768
0.82198
0.833096
0.82825
0.806009
0.775311
0.762278
0.756575
0.756732
0.761534
0.748626
0.732637
0.736573
0.774081
0.863078
0.921475
0.951016
0.966319
0.973977
0.978125
0.978859
0.978754
0.980449
0.984003
0.98387
0.980616
0.976644
0.975074
0.973366
0.970547
0.966237
0.957831
0.942265
0.912638
0.872881
0.825421
0.787398
0.745665
0.697454
0.647752
0.590346
0.540354
0.489269
0.44054
0.391728
0.351428
0.334216
0.329804
0.335322
0.347828
0.364014
0.37962
0.3938
0.405395
0.416019
0.428125
0.444525
0.466131
0.492805
0.529196
0.584132
0.645365
0.682812
0.702568
0.713093
0.71944
0.722599
0.724267
0.724252
0.720531
0.718078
0.717207
0.718544
0.726766
0.751299
0.799087
0.856004
0.912496
0.952955
0.976841
0.989752
0.996107
0.998415
0.998548
0.997367
0.992067
0.977726
0.944439
0.909888
0.894832
0.893499
0.896787
0.912141
0.941226
0.961167
0.972537
0.977431
0.97823
0.97636
0.966339
0.958456
0.95674
0.957527
0.963932
0.972865
0.978051
0.982107
0.985973
0.989142
0.991107
0.991965
0.99222
0.992396
0.992844
0.994404
0.996524
0.997958
0.998773
0.999153
0.999275
0.999284
0.999238
0.999051
0.99856
0.997343
0.993857
0.983183
0.970378
0.961789
0.95759
0.956514
0.956836
0.960434
0.971668
0.981845
0.798628
0.83193
0.902011
0.933605
0.951638
0.966005
0.972524
0.976833
0.97837
0.978833
0.978714
0.976606
0.97116
0.962916
0.953872
0.946994
0.943166
0.939973
0.938419
0.937672
0.937461
0.938216
0.939478
0.942124
0.946006
0.950774
0.956212
0.961261
0.965306
0.968589
0.971673
0.976674
0.985978
0.993745
0.99696
0.998066
0.998436
0.997098
0.990915
0.969112
0.892861
0.821179
0.81164
0.828421
0.82847
0.803385
0.800428
0.812794
0.820652
0.810067
0.790081
0.775569
0.764926
0.762302
0.759223
0.743217
0.740421
0.765862
0.833763
0.912184
0.952651
0.970695
0.97902
0.983033
0.987174
0.989271
0.988589
0.987324
0.987266
0.986119
0.98162
0.97652
0.972779
0.966999
0.955202
0.93194
0.910903
0.881294
0.848937
0.811727
0.77806
0.740267
0.693437
0.642919
0.587908
0.52452
0.462688
0.400905
0.348189
0.321644
0.311131
0.310779
0.330062
0.36338
0.408844
0.453286
0.489423
0.510355
0.512905
0.502035
0.484796
0.472859
0.474248
0.489417
0.514197
0.546548
0.592967
0.650546
0.687919
0.708754
0.719426
0.724527
0.727964
0.732451
0.738394
0.742322
0.744193
0.744182
0.744355
0.752588
0.787198
0.830609
0.873774
0.919011
0.955548
0.978072
0.990346
0.996248
0.998525
0.998931
0.998496
0.996298
0.989022
0.97367
0.965426
0.96454
0.965769
0.970658
0.979826
0.98644
0.990311
0.992075
0.992439
0.991971
0.988265
0.981843
0.979026
0.978471
0.978884
0.981528
0.984383
0.986602
0.989021
0.991297
0.992873
0.993639
0.993894
0.994047
0.994391
0.995512
0.997141
0.998323
0.999043
0.999404
0.999529
0.999539
0.999488
0.999298
0.999036
0.998541
0.997376
0.993898
0.984892
0.976597
0.971478
0.969303
0.968956
0.969522
0.973634
0.982314
0.810132
0.853523
0.920116
0.948318
0.962872
0.971865
0.975786
0.977688
0.978224
0.977988
0.975451
0.967686
0.957669
0.948204
0.940616
0.936538
0.933753
0.932419
0.931838
0.931668
0.932075
0.932341
0.932942
0.933696
0.935011
0.937743
0.943359
0.952113
0.960792
0.964978
0.96772
0.969805
0.973353
0.981994
0.992345
0.99702
0.998785
0.999304
0.999142
0.996469
0.982576
0.910819
0.8256
0.819057
0.824892
0.800949
0.789993
0.793311
0.801458
0.800328
0.786301
0.773677
0.764633
0.762045
0.752552
0.744338
0.758787
0.792831
0.855413
0.922183
0.95612
0.9718
0.979108
0.982783
0.987931
0.991691
0.993325
0.992716
0.991346
0.98854
0.983285
0.975952
0.961044
0.951356
0.932612
0.903855
0.862166
0.823869
0.796333
0.773411
0.758665
0.716317
0.655856
0.591606
0.523676
0.456128
0.389444
0.336468
0.30872
0.301156
0.310842
0.347039
0.426283
0.536221
0.648273
0.728252
0.774871
0.794644
0.793281
0.764226
0.70181
0.619809
0.560154
0.532375
0.528729
0.544989
0.578015
0.624184
0.670985
0.701046
0.71736
0.724499
0.728532
0.734257
0.74503
0.760086
0.775409
0.78604
0.790283
0.792501
0.801511
0.831809
0.865592
0.898782
0.933173
0.9625
0.98144
0.991912
0.99689
0.998774
0.999262
0.999115
0.998105
0.994334
0.990751
0.990063
0.990336
0.991483
0.993941
0.995752
0.996789
0.997236
0.9973
0.997034
0.995131
0.991481
0.989778
0.989381
0.989432
0.990005
0.990792
0.991186
0.991758
0.993051
0.994282
0.994978
0.995247
0.995403
0.995719
0.996621
0.997794
0.998688
0.999264
0.999571
0.999688
0.999704
0.999669
0.999493
0.9993
0.999091
0.998664
0.997551
0.993869
0.987913
0.983701
0.981537
0.980868
0.980889
0.981654
0.985156
0.819615
0.866422
0.931484
0.956176
0.968123
0.974212
0.976669
0.977573
0.977691
0.975589
0.967377
0.956626
0.94667
0.938329
0.933683
0.931356
0.930153
0.929706
0.929614
0.93059
0.931155
0.931601
0.93181
0.932017
0.93232
0.933115
0.934567
0.938471
0.94934
0.960581
0.965935
0.968099
0.970075
0.974332
0.98376
0.99252
0.997152
0.99912
0.999692
0.999757
0.998606
0.988187
0.913358
0.830268
0.816883
0.810239
0.786165
0.781814
0.782186
0.779771
0.774257
0.767126
0.762474
0.758693
0.75155
0.753708
0.769276
0.798073
0.853997
0.912902
0.940867
0.953875
0.961562
0.968633
0.980631
0.989405
0.993305
0.994795
0.994585
0.992903
0.987359
0.977954
0.960228
0.915712
0.858604
0.846111
0.832013
0.804634
0.779755
0.753042
0.714237
0.665415
0.595453
0.52059
0.448428
0.389434
0.341828
0.313197
0.30432
0.31017
0.356462
0.493106
0.673265
0.795576
0.848232
0.871041
0.884449
0.895346
0.902826
0.90258
0.890616
0.850469
0.743335
0.647039
0.596644
0.578399
0.58292
0.616153
0.663087
0.696395
0.714276
0.723112
0.728141
0.735139
0.75158
0.77886
0.809612
0.837509
0.857779
0.868548
0.86893
0.870138
0.880105
0.898932
0.922845
0.949019
0.971267
0.985835
0.993875
0.997691
0.999094
0.99952
0.999477
0.999004
0.997917
0.997538
0.997566
0.997768
0.998305
0.998738
0.998971
0.999055
0.999046
0.998853
0.997751
0.995755
0.994799
0.99455
0.994524
0.994523
0.994465
0.994335
0.994341
0.994521
0.995305
0.99602
0.996312
0.996483
0.996823
0.997585
0.998387
0.999024
0.999453
0.999694
0.999795
0.999814
0.999797
0.999686
0.999539
0.999439
0.999275
0.998882
0.99762
0.994458
0.99188
0.990503
0.99005
0.990039
0.990406
0.99185
0.829256
0.876982
0.936839
0.960611
0.970848
0.975172
0.976664
0.977149
0.975946
0.970728
0.962211
0.953777
0.945378
0.937927
0.932815
0.9302
0.92882
0.928359
0.929198
0.931539
0.932598
0.93257
0.932421
0.932013
0.93214
0.932592
0.933332
0.935118
0.940699
0.953629
0.963108
0.967248
0.969133
0.972129
0.980076
0.989605
0.995469
0.99827
0.999449
0.999851
0.999936
0.999611
0.992025
0.917326
0.820426
0.812777
0.799228
0.7806
0.776523
0.771581
0.767708
0.763567
0.760405
0.757535
0.752837
0.758062
0.770197
0.794983
0.830458
0.857038
0.864197
0.865869
0.868374
0.875389
0.903898
0.954512
0.981273
0.991807
0.994648
0.994707
0.993063
0.985526
0.966843
0.921831
0.836698
0.767572
0.753819
0.761011
0.757441
0.74329
0.705012
0.606994
0.521604
0.453339
0.39677
0.355776
0.328434
0.313299
0.313438
0.346902
0.50722
0.727941
0.836472
0.87188
0.881041
0.886251
0.891957
0.901464
0.913692
0.922689
0.924271
0.918645
0.887964
0.777732
0.682099
0.636309
0.620896
0.62383
0.659369
0.695028
0.71232
0.720343
0.72658
0.737723
0.766743
0.816372
0.865676
0.904171
0.933649
0.949025
0.952014
0.949268
0.937388
0.928065
0.92823
0.941773
0.963074
0.979606
0.990113
0.995774
0.99843
0.999392
0.999709
0.999711
0.999595
0.999439
0.999422
0.999448
0.999538
0.999632
0.999677
0.999687
0.99967
0.999549
0.998969
0.997876
0.99732
0.997164
0.997121
0.997034
0.996672
0.996075
0.995882
0.995916
0.996294
0.996895
0.997156
0.997348
0.997749
0.998313
0.998866
0.999308
0.999612
0.999789
0.999868
0.999888
0.999882
0.999828
0.999739
0.99969
0.999626
0.999481
0.999025
0.997659
0.996376
0.995715
0.995517
0.995522
0.995721
0.996409
0.835864
0.875628
0.934876
0.959944
0.970653
0.975056
0.976577
0.976733
0.975719
0.971074
0.962721
0.954924
0.947078
0.939855
0.934322
0.931165
0.92936
0.928514
0.92858
0.92901
0.930077
0.931411
0.932158
0.932563
0.932873
0.93312
0.93361
0.934958
0.939145
0.951365
0.961997
0.966872
0.968909
0.971581
0.978716
0.988585
0.994941
0.998036
0.999311
0.999781
0.999939
0.999982
0.99992
0.996614
0.91609
0.80365
0.828125
0.804818
0.779072
0.77209
0.767692
0.76375
0.760537
0.757884
0.757376
0.76039
0.768158
0.781276
0.793538
0.801812
0.802225
0.80055
0.798446
0.798018
0.802129
0.821682
0.875537
0.948656
0.98175
0.992268
0.993576
0.992063
0.982917
0.949179
0.857452
0.771399
0.712872
0.6856
0.697204
0.70943
0.689707
0.61218
0.511111
0.440526
0.390719
0.354643
0.330607
0.324196
0.338373
0.447792
0.69512
0.829394
0.871691
0.88078
0.880198
0.875837
0.873439
0.879445
0.903905
0.923528
0.932459
0.932916
0.923452
0.863694
0.735303
0.669853
0.651318
0.650187
0.664522
0.696062
0.7121
0.718979
0.725985
0.740945
0.785424
0.862348
0.915837
0.947487
0.964701
0.974086
0.978776
0.979658
0.978999
0.97476
0.961276
0.955645
0.958397
0.973195
0.986402
0.993703
0.997374
0.999043
0.999634
0.999838
0.999874
0.999868
0.999858
0.999861
0.999874
0.999891
0.999898
0.999898
0.999886
0.999822
0.999535
0.99894
0.998637
0.998554
0.998511
0.998398
0.997924
0.997191
0.996906
0.9969
0.997121
0.997581
0.997821
0.99806
0.998413
0.998829
0.999217
0.999523
0.999733
0.999858
0.999917
0.999934
0.999934
0.999913
0.99987
0.999847
0.999823
0.999769
0.999599
0.999054
0.998513
0.99825
0.998183
0.998193
0.998308
0.998628
0.842669
0.870579
0.928741
0.95702
0.969423
0.97452
0.976363
0.976578
0.975886
0.972536
0.964669
0.957792
0.9514
0.94487
0.938527
0.9344
0.931813
0.930154
0.929605
0.929673
0.929956
0.930806
0.931957
0.932874
0.933597
0.934353
0.935499
0.93772
0.942661
0.954372
0.963842
0.967882
0.969664
0.972212
0.97915
0.989086
0.995376
0.998288
0.999408
0.999801
0.999936
0.999982
0.999995
0.99998
0.998754
0.957846
0.798912
0.786687
0.79353
0.786517
0.772278
0.766302
0.762075
0.759561
0.75978
0.761539
0.765991
0.772056
0.777613
0.781126
0.781469
0.780814
0.77974
0.779223
0.77956
0.782053
0.790272
0.814771
0.890196
0.959528
0.985557
0.990883
0.989532
0.978511
0.927505
0.807354
0.723954
0.674819
0.644364
0.644143
0.642222
0.609542
0.520976
0.448033
0.396996
0.360065
0.343017
0.346032
0.388991
0.57931
0.766912
0.85017
0.872819
0.873616
0.866038
0.859165
0.859537
0.869251
0.89801
0.922859
0.936527
0.939523
0.935657
0.896246
0.775383
0.693129
0.666104
0.665628
0.68123
0.703654
0.713629
0.718584
0.726285
0.746019
0.810456
0.8849
0.932439
0.959675
0.974
0.981062
0.984455
0.985793
0.985939
0.985695
0.984031
0.975817
0.971264
0.972897
0.98226
0.991568
0.996325
0.998532
0.999472
0.999807
0.999919
0.999952
0.999959
0.999962
0.999964
0.999967
0.999968
0.999967
0.99996
0.99993
0.999793
0.999477
0.999319
0.999274
0.999235
0.999121
0.998643
0.997938
0.997646
0.997624
0.997758
0.998118
0.998357
0.99859
0.998878
0.999187
0.999463
0.999676
0.999819
0.999905
0.999948
0.999963
0.999964
0.999958
0.999941
0.999932
0.999923
0.999904
0.999842
0.999638
0.999438
0.999347
0.999329
0.999337
0.9994
0.999531
0.850966
0.862905
0.914157
0.950085
0.966279
0.973184
0.975877
0.976457
0.976249
0.974808
0.969274
0.961713
0.955789
0.951262
0.946819
0.942243
0.938867
0.936131
0.934509
0.93411
0.934331
0.934934
0.935685
0.936344
0.937055
0.937972
0.93959
0.94297
0.951384
0.963606
0.968381
0.96984
0.970953
0.973836
0.982786
0.992508
0.997205
0.999066
0.999716
0.999918
0.999976
0.99999
0.999997
0.999999
0.999994
0.999539
0.981422
0.854591
0.801775
0.79393
0.787197
0.779685
0.769183
0.764368
0.763187
0.763687
0.765852
0.769171
0.772208
0.774584
0.775736
0.776129
0.776182
0.776275
0.776585
0.777516
0.77966
0.784531
0.797958
0.839558
0.930919
0.974452
0.986463
0.985409
0.971747
0.914138
0.780163
0.694417
0.647821
0.618763
0.606637
0.590474
0.540087
0.470025
0.411999
0.37899
0.375872
0.389824
0.467613
0.652787
0.782042
0.842975
0.859475
0.859848
0.855336
0.852629
0.855544
0.869007
0.902974
0.932536
0.947036
0.949645
0.944232
0.906007
0.78863
0.711019
0.683086
0.680006
0.688873
0.707095
0.714407
0.718435
0.726198
0.749982
0.8247
0.895107
0.939566
0.964735
0.977692
0.983738
0.986278
0.987162
0.9873
0.987239
0.987055
0.985991
0.98114
0.9793
0.981663
0.989742
0.995364
0.998086
0.99927
0.999744
0.999909
0.999965
0.999982
0.999987
0.999989
0.99999
0.99999
0.999989
0.999986
0.999973
0.999909
0.999748
0.999667
0.999641
0.999607
0.999502
0.999067
0.998471
0.998221
0.998196
0.998287
0.998575
0.998798
0.998998
0.999218
0.999442
0.999636
0.999782
0.99988
0.999938
0.999967
0.999979
0.999981
0.99998
0.999975
0.999971
0.999969
0.999962
0.999941
0.99987
0.999805
0.999779
0.999775
0.99978
0.99981
0.999856
0.869191
0.868722
0.887652
0.935418
0.959681
0.970299
0.974748
0.976171
0.976324
0.975945
0.974118
0.969405
0.961815
0.95632
0.951962
0.948645
0.946111
0.943711
0.942288
0.941068
0.940734
0.940431
0.940525
0.940847
0.941562
0.942991
0.94599
0.952459
0.964433
0.968925
0.970156
0.970574
0.971847
0.976345
0.987369
0.994525
0.998007
0.999363
0.999815
0.99995
0.999987
0.999996
0.999999
1
1
0.999997
0.999673
0.98747
0.891769
0.817968
0.798173
0.792398
0.788054
0.781397
0.774866
0.770275
0.768883
0.769853
0.771792
0.773567
0.774868
0.775652
0.776069
0.776401
0.77679
0.777565
0.779351
0.782418
0.786251
0.795435
0.82107
0.899831
0.961206
0.980337
0.979613
0.966242
0.913245
0.775252
0.680222
0.62691
0.600688
0.584968
0.553121
0.497604
0.44122
0.412912
0.409895
0.420339
0.481837
0.6437
0.762261
0.821141
0.842218
0.844983
0.842913
0.843913
0.853999
0.88588
0.928364
0.948509
0.954477
0.954095
0.946801
0.906622
0.790182
0.715549
0.690869
0.689503
0.698927
0.710934
0.714846
0.717896
0.725025
0.750977
0.830965
0.902224
0.945436
0.968679
0.980079
0.985175
0.987154
0.987693
0.987706
0.98741
0.987268
0.987173
0.986316
0.984409
0.984545
0.988446
0.994418
0.997616
0.999068
0.999662
0.999886
0.999962
0.999986
0.999994
0.999996
0.999997
0.999997
0.999997
0.999995
0.999989
0.99996
0.99988
0.99984
0.999825
0.999796
0.999703
0.999331
0.998871
0.99868
0.998661
0.998725
0.998954
0.999148
0.999309
0.99947
0.999626
0.999758
0.999857
0.999922
0.99996
0.999979
0.999988
0.99999
0.99999
0.999989
0.999989
0.999988
0.999986
0.999979
0.999956
0.999938
0.999932
0.999932
0.999934
0.999948
0.999961
0.848377
0.8672
0.879937
0.908864
0.946419
0.964376
0.972204
0.975301
0.976207
0.976297
0.975918
0.974516
0.970992
0.965894
0.959949
0.955373
0.951774
0.949444
0.947413
0.946382
0.945523
0.945441
0.945704
0.946474
0.948085
0.951156
0.958164
0.967246
0.970873
0.970897
0.970827
0.971217
0.973449
0.981615
0.99238
0.997533
0.999256
0.999788
0.999941
0.999984
0.999995
0.999999
1
1
1
1
0.999993
0.999272
0.986651
0.914871
0.832982
0.806284
0.796459
0.793345
0.791684
0.788311
0.783813
0.779618
0.776998
0.776621
0.776939
0.777402
0.777903
0.778422
0.778958
0.779565
0.780746
0.783116
0.786895
0.790611
0.797811
0.816493
0.875992
0.94756
0.972861
0.973056
0.962739
0.920062
0.794844
0.676168
0.616231
0.589721
0.564339
0.518465
0.464931
0.43604
0.43199
0.438967
0.48026
0.610834
0.722219
0.788711
0.815645
0.81924
0.824144
0.837494
0.870258
0.921479
0.943971
0.952762
0.955138
0.953654
0.9417
0.884419
0.775095
0.714333
0.697084
0.697747
0.708665
0.71362
0.714618
0.716158
0.722497
0.753138
0.843074
0.914827
0.955118
0.974587
0.983107
0.986633
0.987893
0.988136
0.988078
0.987421
0.986722
0.986908
0.987121
0.986997
0.987011
0.988778
0.99391
0.99727
0.998903
0.999595
0.99986
0.999955
0.999985
0.999995
0.999998
0.999999
0.999999
0.999999
0.999998
0.999996
0.999982
0.999944
0.999925
0.999915
0.999892
0.999812
0.999507
0.999174
0.999039
0.999026
0.999073
0.999249
0.99941
0.999535
0.99965
0.999756
0.999843
0.999908
0.99995
0.999974
0.999987
0.999993
0.999995
0.999995
0.999996
0.999995
0.999995
0.999995
0.999993
0.999986
0.999982
0.999981
0.999981
0.999982
0.999988
0.999991
0.82639
0.853698
0.869773
0.898196
0.92616
0.95251
0.966754
0.972997
0.975501
0.976243
0.976404
0.976179
0.975336
0.973231
0.970165
0.966398
0.962582
0.959404
0.956849
0.955131
0.953942
0.954074
0.954757
0.956668
0.959944
0.967001
0.971598
0.972953
0.972534
0.97123
0.970884
0.971898
0.976945
0.989703
0.996392
0.998852
0.99967
0.999911
0.999976
0.999994
0.999998
0.999999
1
1
1
1
1
0.999967
0.998694
0.987163
0.936391
0.849623
0.814174
0.801336
0.796705
0.796117
0.79579
0.795984
0.794849
0.792742
0.79066
0.789698
0.788757
0.787974
0.78749
0.786669
0.786741
0.787379
0.789566
0.792789
0.796596
0.802143
0.816651
0.860782
0.935429
0.964993
0.967023
0.96002
0.927028
0.829127
0.688406
0.62341
0.587577
0.537976
0.494745
0.475415
0.473655
0.478518
0.504268
0.598165
0.698279
0.753373
0.779468
0.797572
0.816565
0.858656
0.915076
0.938465
0.947665
0.951255
0.950269
0.943717
0.918073
0.830612
0.743968
0.709388
0.702704
0.705809
0.714149
0.714865
0.712892
0.712619
0.718925
0.759366
0.859717
0.928318
0.963379
0.978491
0.984873
0.987708
0.988782
0.988973
0.988888
0.988228
0.986265
0.985794
0.986285
0.986897
0.987643
0.989686
0.99412
0.997207
0.998826
0.999552
0.999843
0.999948
0.999984
0.999995
0.999998
0.999999
1
1
0.999999
0.999998
0.999992
0.999975
0.999966
0.999958
0.99994
0.999872
0.999631
0.999399
0.999308
0.9993
0.999334
0.999468
0.999596
0.999692
0.999773
0.999843
0.999899
0.999941
0.999968
0.999983
0.999992
0.999996
0.999997
0.999998
0.999998
0.999998
0.999998
0.999998
0.999997
0.999996
0.999995
0.999995
0.999995
0.999996
0.999997
0.999998
0.843869
0.83903
0.849436
0.875766
0.912209
0.936535
0.955794
0.96772
0.973182
0.975506
0.976248
0.976534
0.976475
0.976116
0.975339
0.973553
0.972224
0.969779
0.968757
0.967326
0.967366
0.967861
0.969108
0.971396
0.973573
0.974832
0.974674
0.973873
0.971386
0.969811
0.970487
0.974408
0.986524
0.995422
0.998575
0.999581
0.999883
0.999968
0.999992
0.999998
0.999999
1
1
1
1
1
1
0.999999
0.999898
0.99844
0.988785
0.954813
0.869654
0.823637
0.806018
0.799414
0.798203
0.798597
0.799989
0.802805
0.804131
0.806308
0.808502
0.809317
0.809115
0.808077
0.805592
0.801463
0.800118
0.800516
0.801486
0.803691
0.807964
0.818841
0.850267
0.924318
0.957134
0.961936
0.957678
0.934315
0.868942
0.736854
0.650638
0.582321
0.535529
0.520958
0.521602
0.529325
0.552738
0.617546
0.682147
0.730215
0.766227
0.794274
0.852071
0.915712
0.935791
0.943072
0.941419
0.93753
0.929879
0.910973
0.856996
0.770873
0.726348
0.709301
0.707975
0.713716
0.718352
0.716001
0.708076
0.707239
0.715539
0.77001
0.873563
0.936838
0.967341
0.980234
0.985634
0.988279
0.989624
0.990011
0.990015
0.989778
0.987604
0.985285
0.985177
0.985999
0.987665
0.990781
0.994476
0.997235
0.998795
0.999527
0.99983
0.999943
0.999982
0.999995
0.999998
0.999999
1
1
1
0.999999
0.999996
0.999989
0.999985
0.999979
0.999965
0.999908
0.99972
0.999562
0.999504
0.9995
0.999526
0.999627
0.999725
0.999797
0.999853
0.999899
0.999936
0.999962
0.999979
0.999989
0.999995
0.999997
0.999998
0.999999
0.999999
0.999999
0.999999
0.999999
0.999999
0.999999
0.999999
0.999999
0.999999
0.999999
0.999999
1
0.871846
0.868643
0.857142
0.863589
0.886118
0.921507
0.943012
0.957677
0.967661
0.972818
0.975171
0.97617
0.976558
0.97672
0.976685
0.976491
0.976052
0.975547
0.975118
0.974924
0.975027
0.975302
0.975836
0.976288
0.976208
0.975821
0.974442
0.970245
0.968417
0.969066
0.972815
0.984696
0.994786
0.99834
0.999502
0.999859
0.999962
0.99999
0.999997
0.999999
1
1
1
1
1
1
1
1
0.999993
0.999841
0.998411
0.991181
0.966691
0.897527
0.83722
0.811344
0.801053
0.797957
0.798516
0.801392
0.804597
0.80794
0.812427
0.815762
0.81843
0.822243
0.823108
0.822635
0.821272
0.81969
0.817855
0.812573
0.811884
0.813758
0.820978
0.844491
0.911785
0.949241
0.957431
0.9555
0.942007
0.904762
0.818148
0.708407
0.63302
0.602729
0.601733
0.607106
0.624093
0.656222
0.706547
0.74452
0.787652
0.872179
0.923742
0.939334
0.940208
0.932918
0.912442
0.897813
0.877189
0.835731
0.7761
0.739141
0.719441
0.71484
0.716935
0.72263
0.722044
0.713646
0.700901
0.700051
0.712749
0.785846
0.889786
0.946623
0.972062
0.982364
0.98681
0.989066
0.990041
0.99033
0.990369
0.990299
0.989503
0.985916
0.984703
0.985057
0.987176
0.990899
0.994557
0.997227
0.998766
0.99951
0.999822
0.99994
0.999981
0.999994
0.999998
0.999999
1
1
1
1
0.999998
0.999995
0.999993
0.999989
0.999978
0.99993
0.999785
0.99968
0.999644
0.999642
0.999664
0.999741
0.999814
0.999866
0.999905
0.999935
0.999958
0.999975
0.999986
0.999993
0.999996
0.999998
0.999999
0.999999
1
1
1
1
1
1
1
1
1
1
1
1
0.898603
0.906844
0.898977
0.864451
0.872526
0.89403
0.924811
0.944752
0.958097
0.966724
0.971829
0.974457
0.975833
0.976469
0.976715
0.976941
0.977026
0.977054
0.977089
0.977186
0.977238
0.977224
0.977131
0.976802
0.9758
0.973354
0.967418
0.966689
0.967612
0.97195
0.984892
0.994771
0.998299
0.999478
0.999849
0.999959
0.999989
0.999997
0.999999
1
1
1
1
1
1
1
1
1
1
0.999986
0.999809
0.99859
0.993259
0.975722
0.928428
0.857197
0.818594
0.804343
0.795145
0.794092
0.796142
0.801548
0.808577
0.813831
0.818242
0.8225
0.826428
0.830986
0.833238
0.833235
0.832745
0.830715
0.823485
0.817846
0.818484
0.82303
0.840659
0.897905
0.940697
0.953338
0.953441
0.948134
0.929027
0.881368
0.820135
0.76764
0.742851
0.743172
0.750929
0.77407
0.802057
0.858271
0.913308
0.939223
0.944307
0.941315
0.926075
0.885324
0.840487
0.818892
0.790698
0.767166
0.745823
0.730305
0.722005
0.721957
0.725368
0.726482
0.72361
0.70751
0.692739
0.692581
0.711714
0.805098
0.905265
0.955366
0.976213
0.984548
0.988226
0.989762
0.990274
0.990382
0.990399
0.990349
0.989853
0.986814
0.984533
0.984556
0.986399
0.99077
0.994546
0.997218
0.998756
0.9995
0.999817
0.999938
0.99998
0.999994
0.999998
0.999999
1
1
1
1
0.999999
0.999998
0.999997
0.999994
0.999985
0.999944
0.999834
0.999764
0.999743
0.999743
0.999762
0.999822
0.999874
0.999911
0.999938
0.999958
0.999973
0.999984
0.999991
0.999995
0.999997
0.999999
0.999999
1
1
1
1
1
1
1
1
1
1
1
1
1
0.908483
0.919169
0.91721
0.895507
0.874527
0.881365
0.896656
0.916767
0.938863
0.953804
0.963517
0.969318
0.972774
0.974703
0.975757
0.976382
0.976746
0.976898
0.977129
0.977133
0.977008
0.976597
0.975608
0.973304
0.968096
0.964066
0.96427
0.966183
0.972188
0.9873
0.995473
0.998477
0.999517
0.999856
0.99996
0.999989
0.999997
0.999999
1
1
1
1
1
1
1
1
1
1
1
0.999999
0.99998
0.999807
0.998845
0.995032
0.982877
0.953904
0.884433
0.833698
0.80664
0.795993
0.785697
0.785316
0.788465
0.797669
0.808668
0.817053
0.824072
0.83
0.834775
0.838665
0.839947
0.839722
0.837991
0.830152
0.821912
0.821464
0.824099
0.837168
0.882067
0.930277
0.948221
0.952521
0.951212
0.944033
0.928517
0.89858
0.876095
0.875063
0.880119
0.896412
0.923611
0.944008
0.950283
0.948988
0.939411
0.911818
0.851791
0.801069
0.777517
0.766229
0.758064
0.748312
0.737999
0.730125
0.729013
0.729029
0.729256
0.728066
0.721761
0.697322
0.683983
0.685503
0.715514
0.829043
0.919436
0.961338
0.978584
0.985797
0.988882
0.990116
0.990386
0.990289
0.990222
0.990169
0.989768
0.98702
0.984283
0.984119
0.985563
0.990379
0.994468
0.997187
0.998737
0.999493
0.999814
0.999936
0.999979
0.999993
0.999998
0.999999
1
1
1
1
1
0.999999
0.999998
0.999996
0.999989
0.999954
0.999871
0.999825
0.999813
0.999814
0.999832
0.999878
0.999915
0.999941
0.999959
0.999972
0.999982
0.999989
0.999994
0.999997
0.999998
0.999999
0.999999
1
1
1
1
1
1
1
1
1
1
1
1
1
0.886012
0.896636
0.926557
0.933131
0.893293
0.884737
0.888635
0.896387
0.907175
0.920365
0.936632
0.94937
0.960121
0.966321
0.96989
0.972145
0.973197
0.974092
0.974104
0.973559
0.9718
0.969277
0.965078
0.96067
0.960723
0.961919
0.965952
0.976553
0.990366
0.996419
0.998754
0.999593
0.999875
0.999964
0.99999
0.999997
0.999999
1
1
1
1
1
1
1
1
1
1
1
1
1
0.999998
0.999977
0.999827
0.999107
0.996422
0.988638
0.968976
0.922393
0.856711
0.816076
0.794572
0.782063
0.772451
0.772278
0.776611
0.789438
0.808187
0.82172
0.831371
0.837435
0.841064
0.842816
0.842795
0.841227
0.833542
0.824508
0.82248
0.824047
0.833322
0.863282
0.915735
0.940448
0.949514
0.952367
0.951816
0.94851
0.943688
0.944152
0.946936
0.9534
0.956875
0.955797
0.949117
0.92926
0.882554
0.818174
0.784878
0.768937
0.760795
0.754869
0.748834
0.742458
0.736151
0.732901
0.731558
0.730963
0.730131
0.727762
0.715368
0.685664
0.675611
0.6804
0.726697
0.853306
0.932311
0.967378
0.98145
0.987179
0.989647
0.990477
0.990487
0.989885
0.989477
0.989447
0.989159
0.986863
0.983897
0.983601
0.984756
0.989677
0.994269
0.99712
0.998709
0.999479
0.999807
0.999933
0.999978
0.999992
0.999997
0.999999
0.999999
1
1
1
1
0.999999
0.999999
0.999997
0.999991
0.999961
0.999899
0.999869
0.999862
0.999864
0.999882
0.999916
0.999942
0.99996
0.999973
0.999982
0.999988
0.999993
0.999996
0.999998
0.999999
0.999999
1
1
1
1
1
1
1
1
1
1
1
1
1
1
0.995173
0.988786
0.986087
0.98701
0.992159
0.991758
0.985693
0.961163
0.92601
0.923216
0.925185
0.930083
0.936138
0.942417
0.947737
0.952098
0.954148
0.955935
0.955764
0.955181
0.954634
0.954851
0.955618
0.957503
0.961576
0.970515
0.985706
0.993825
0.997554
0.999103
0.999692
0.999901
0.99997
0.999991
0.999998
0.999999
1
1
1
1
1
1
1
1
1
1
1
1
1
1
1
0.999998
0.999978
0.999861
0.999354
0.997625
0.992735
0.980255
0.955108
0.897141
0.838599
0.80021
0.7806
0.766243
0.758273
0.758962
0.765212
0.784328
0.811242
0.82785
0.837278
0.841737
0.843399
0.843451
0.842194
0.835877
0.826288
0.822496
0.822981
0.828214
0.843892
0.884318
0.921788
0.939491
0.94804
0.951239
0.952993
0.957433
0.957745
0.956128
0.949761
0.932333
0.894211
0.836041
0.799176
0.77704
0.765391
0.760113
0.757189
0.752761
0.746184
0.739984
0.735798
0.733139
0.731865
0.731116
0.729648
0.724599
0.702291
0.674461
0.668077
0.677832
0.748349
0.875763
0.944157
0.972677
0.983901
0.988694
0.990515
0.990849
0.99061
0.988828
0.987685
0.987766
0.987739
0.986279
0.98336
0.982976
0.98391
0.988676
0.993925
0.99704
0.998692
0.999473
0.999803
0.99993
0.999975
0.99999
0.999996
0.999998
0.999999
0.999999
0.999999
0.999999
0.999999
0.999999
0.999999
0.999998
0.999992
0.999967
0.999923
0.999903
0.999899
0.999902
0.999917
0.999942
0.99996
0.999973
0.999982
0.999988
0.999992
0.999995
0.999997
0.999998
0.999999
0.999999
1
1
1
1
1
1
1
1
1
1
1
1
1
1
0.999944
0.999793
0.999537
0.999496
0.999588
0.999574
0.999312
0.997728
0.991825
0.978241
0.960268
0.94764
0.943949
0.944477
0.945685
0.947379
0.948365
0.948852
0.949711
0.951393
0.953937
0.958931
0.965315
0.973853
0.98553
0.992734
0.996665
0.998598
0.999457
0.999804
0.999934
0.999979
0.999994
0.999998
0.999999
1
1
1
1
1
1
1
1
1
1
1
1
1
1
1
1
1
0.999998
0.999982
0.999904
0.999592
0.998591
0.995784
0.989142
0.973679
0.945906
0.886057
0.827653
0.787783
0.767129
0.75153
0.745514
0.747311
0.756331
0.784
0.814917
0.8316
0.839594
0.842488
0.842647
0.841756
0.837766
0.828085
0.822399
0.821083
0.822586
0.828922
0.843789
0.873211
0.898103
0.91645
0.927315
0.926466
0.920667
0.905897
0.874336
0.834449
0.807531
0.787432
0.771222
0.76326
0.760466
0.758615
0.757049
0.75371
0.746356
0.738972
0.734391
0.731872
0.730695
0.729259
0.72596
0.715346
0.682738
0.663148
0.662646
0.680791
0.779704
0.898996
0.955036
0.976744
0.985761
0.989737
0.990994
0.991035
0.990431
0.986844
0.984654
0.984813
0.985342
0.984986
0.982811
0.982316
0.983101
0.987672
0.99348
0.996888
0.99865
0.99946
0.999797
0.999926
0.999972
0.999988
0.999994
0.999997
0.999998
0.999999
0.999999
0.999999
0.999999
0.999999
0.999999
0.999998
0.999993
0.999973
0.999941
0.999928
0.999926
0.999928
0.999942
0.99996
0.999973
0.999982
0.999988
0.999992
0.999995
0.999997
0.999998
0.999999
0.999999
0.999999
1
1
1
1
1
1
1
1
1
1
1
1
1
1
1
0.999997
0.999991
0.999987
0.999986
0.999984
0.999972
0.999886
0.999473
0.998174
0.995145
0.990293
0.984438
0.98048
0.977132
0.976697
0.977269
0.978867
0.98111
0.98393
0.987071
0.990336
0.993389
0.995925
0.997738
0.998864
0.999482
0.999784
0.999917
0.99997
0.99999
0.999997
0.999999
1
1
1
1
1
1
1
1
1
1
1
1
1
1
1
1
1
1
1
1
0.999998
0.999988
0.999943
0.999777
0.999258
0.99787
0.99449
0.987258
0.971503
0.945089
0.887235
0.821547
0.777859
0.754763
0.738929
0.734995
0.73803
0.750002
0.785363
0.816529
0.832001
0.838935
0.840305
0.839743
0.837675
0.830374
0.824147
0.819358
0.817843
0.818501
0.821451
0.8257
0.835173
0.835324
0.832638
0.824979
0.811757
0.801962
0.794368
0.784626
0.77015
0.760269
0.75954
0.760532
0.76226
0.762378
0.760591
0.751938
0.739342
0.731245
0.727343
0.725247
0.722233
0.715279
0.692532
0.66455
0.656943
0.660036
0.691332
0.816841
0.919579
0.963278
0.980245
0.98764
0.990659
0.991289
0.99112
0.989761
0.983919
0.980855
0.981003
0.982411
0.982947
0.982175
0.981708
0.98237
0.986672
0.992986
0.996681
0.998565
0.999423
0.999777
0.999915
0.999966
0.999984
0.999991
0.999994
0.999996
0.999997
0.999998
0.999998
0.999998
0.999998
0.999998
0.999998
0.999994
0.999977
0.999954
0.999945
0.999944
0.999946
0.999957
0.999971
0.99998
0.999987
0.999992
0.999995
0.999997
0.999998
0.999998
0.999999
0.999999
0.999999
1
1
1
1
1
1
1
1
1
1
1
1
1
1
1
1
1
1
1
1
0.999999
0.999996
0.999974
0.999888
0.999644
0.999044
0.998219
0.997421
0.996839
0.996859
0.997147
0.997617
0.998045
0.998417
0.998752
0.999069
0.999362
0.999605
0.99978
0.999889
0.999949
0.999979
0.999992
0.999997
0.999999
1
1
1
1
1
1
1
1
1
1
1
1
1
1
1
1
1
1
1
1
1
1
1
0.999999
0.999994
0.999971
0.999893
0.999659
0.999039
0.997566
0.994282
0.987614
0.973419
0.948036
0.890353
0.815965
0.768605
0.743609
0.728709
0.726499
0.730549
0.744808
0.784211
0.814094
0.828863
0.83511
0.835586
0.834621
0.832243
0.826218
0.820318
0.817492
0.813592
0.811665
0.808327
0.806219
0.802714
0.79852
0.795827
0.792973
0.787301
0.776011
0.75684
0.755788
0.759611
0.771773
0.781648
0.784906
0.781431
0.767352
0.745218
0.728969
0.719549
0.714486
0.707475
0.691821
0.667218
0.655456
0.654203
0.661175
0.713487
0.855201
0.938536
0.971054
0.983487
0.98918
0.991273
0.991505
0.990931
0.988129
0.979993
0.97676
0.976979
0.979178
0.981106
0.981198
0.981151
0.981753
0.985734
0.99251
0.99653
0.998523
0.999404
0.999764
0.999901
0.999952
0.999973
0.999984
0.99999
0.999994
0.999996
0.999996
0.999997
0.999997
0.999997
0.999997
0.999997
0.999994
0.999982
0.999964
0.999957
0.999957
0.999958
0.999966
0.999977
0.999985
0.99999
0.999994
0.999996
0.999997
0.999998
0.999999
0.999999
0.999999
0.999999
0.999999
0.999999
1
1
1
1
1
1
1
1
1
1
1
1
1
1
1
1
1
1
1
1
0.999999
0.999995
0.999982
0.999946
0.999876
0.999793
0.999751
0.99976
0.999804
0.999849
0.999884
0.999911
0.999933
0.999952
0.999967
0.99998
0.999988
0.999994
0.999997
0.999999
1
1
1
1
1
1
1
1
1
1
1
1
1
1
1
1
1
1
1
1
1
1
1
1
1
1
1
0.999999
0.999997
0.999987
0.999955
0.99986
0.999614
0.999025
0.997703
0.99481
0.988784
0.975843
0.950186
0.888734
0.808078
0.75932
0.734013
0.720568
0.71932
0.723649
0.737659
0.775363
0.805224
0.820842
0.827875
0.828762
0.828077
0.826082
0.82338
0.819042
0.814372
0.812407
0.808885
0.805767
0.802147
0.798814
0.791949
0.776786
0.748064
0.74792
0.754427
0.78054
0.811463
0.828751
0.820021
0.798675
0.773759
0.750077
0.729093
0.712262
0.700745
0.685049
0.668846
0.656891
0.652513
0.653183
0.667336
0.753206
0.888884
0.953605
0.976466
0.985833
0.990472
0.991844
0.991654
0.990172
0.984673
0.975366
0.972368
0.972739
0.975733
0.979397
0.980305
0.98056
0.981257
0.985045
0.992116
0.996389
0.99847
0.999379
0.999748
0.999886
0.999937
0.999961
0.999974
0.999982
0.999987
0.99999
0.999992
0.999993
0.999995
0.999996
0.999996
0.999996
0.999994
0.999985
0.999971
0.999966
0.999965
0.999966
0.999972
0.999981
0.999987
0.999992
0.999995
0.999997
0.999998
0.999998
0.999999
0.999999
0.999999
0.999999
0.999999
0.999999
0.999999
1
1
1
1
1
1
1
1
1
1
1
1
1
1
1
1
1
1
1
1
1
0.999999
0.999998
0.999995
0.99999
0.99999
0.999991
0.999994
0.999995
0.999997
0.999998
0.999998
0.999999
0.999999
0.999999
1
1
1
1
1
1
1
1
1
1
1
1
1
1
1
1
1
1
1
1
1
1
1
1
1
1
1
1
1
1
1
1
1
0.999999
0.999995
0.999983
0.999949
0.999861
0.999647
0.999146
0.998003
0.995417
0.989724
0.976826
0.950109
0.882266
0.799408
0.751364
0.726793
0.714036
0.712595
0.715867
0.726219
0.754138
0.785993
0.804363
0.814854
0.818674
0.818933
0.818475
0.816883
0.815239
0.812499
0.808321
0.802406
0.789509
0.759027
0.733097
0.734392
0.746567
0.787948
0.852517
0.870244
0.85675
0.827159
0.797284
0.77114
0.748472
0.726862
0.706552
0.689595
0.674901
0.66217
0.654358
0.652083
0.654931
0.682246
0.804312
0.919864
0.965359
0.980146
0.987523
0.991349
0.992201
0.99152
0.988175
0.979041
0.970012
0.967604
0.968202
0.972
0.977666
0.979548
0.980041
0.980874
0.984628
0.99173
0.996111
0.998317
0.999291
0.999697
0.999856
0.999909
0.99993
0.999947
0.999966
0.999978
0.999984
0.999986
0.999988
0.99999
0.999993
0.999994
0.999994
0.999993
0.999987
0.999977
0.999972
0.999971
0.999971
0.999975
0.999982
0.999988
0.999993
0.999995
0.999997
0.999998
0.999998
0.999999
0.999999
0.999999
0.999999
0.999999
0.999999
0.999999
0.999999
0.999999
1
1
1
1
1
1
1
1
1
1
1
1
1
1
1
1
1
1
1
1
1
1
1
1
1
1
1
1
1
1
1
1
1
1
1
1
1
1
1
1
1
1
1
1
1
1
1
1
1
1
1
1
1
1
1
1
1
1
1
1
1
1
1
1
1
1
1
1
0.999998
0.999994
0.999983
0.999955
0.999883
0.999705
0.999273
0.998233
0.995761
0.990071
0.976752
0.948786
0.876844
0.795171
0.747563
0.723218
0.709431
0.705886
0.707039
0.711656
0.723259
0.746641
0.766904
0.782164
0.791885
0.792598
0.790983
0.785967
0.774581
0.752474
0.719081
0.713436
0.718364
0.740602
0.809031
0.892168
0.907779
0.892765
0.854519
0.812765
0.780845
0.756711
0.736838
0.718132
0.701132
0.685909
0.672137
0.660704
0.654329
0.654005
0.661527
0.713638
0.860293
0.946135
0.973767
0.983328
0.989613
0.992452
0.992522
0.990824
0.984108
0.972341
0.964133
0.962497
0.96339
0.968067
0.975944
0.978918
0.979649
0.980587
0.984336
0.991452
0.995916
0.998188
0.999211
0.999628
0.99978
0.999845
0.999886
0.999919
0.999946
0.999963
0.999972
0.999976
0.999978
0.999981
0.999986
0.99999
0.999991
0.999991
0.999988
0.99998
0.999975
0.999974
0.999974
0.999976
0.999983
0.999989
0.999993
0.999995
0.999997
0.999998
0.999998
0.999998
0.999998
0.999998
0.999998
0.999998
0.999998
0.999998
0.999999
0.999999
0.999999
1
1
1
1
1
1
1
1
1
1
1
1
1
1
1
1
1
1
1
1
1
1
1
1
1
1
1
1
1
1
1
1
1
1
1
1
1
1
1
1
1
1
1
1
1
1
1
1
1
1
1
1
1
1
1
1
1
1
1
1
1
1
1
1
1
1
1
1
1
0.999998
0.999995
0.999987
0.999964
0.999904
0.999748
0.999346
0.99834
0.995896
0.99022
0.97709
0.950292
0.883752
0.804178
0.75312
0.726158
0.710457
0.700661
0.697913
0.69805
0.698806
0.70087
0.707314
0.708122
0.706775
0.702954
0.69259
0.691284
0.693476
0.705566
0.743679
0.852062
0.925386
0.94111
0.928474
0.884624
0.829211
0.792953
0.768141
0.748963
0.732066
0.716001
0.700392
0.685892
0.672234
0.662634
0.659774
0.661279
0.678618
0.774147
0.905202
0.962601
0.97803
0.985074
0.990856
0.992945
0.992644
0.989153
0.978702
0.966037
0.957982
0.956942
0.958183
0.963979
0.974316
0.978458
0.979431
0.980437
0.984162
0.991412
0.995886
0.998154
0.999178
0.999589
0.999714
0.999752
0.999794
0.999852
0.999907
0.999944
0.999956
0.999955
0.999953
0.999954
0.999967
0.999982
0.999988
0.999989
0.999988
0.999982
0.999977
0.999975
0.999975
0.999977
0.999982
0.999989
0.999993
0.999995
0.999997
0.999997
0.999997
0.999998
0.999997
0.999997
0.999997
0.999997
0.999997
0.999997
0.999998
0.999998
0.999999
0.999999
0.999999
0.999999
0.999999
0.999999
0.999999
0.999999
0.999999
1
1
1
1
1
1
1
1
1
1
1
1
1
1
1
1
1
1
1
1
1
1
1
1
1
1
1
1
1
1
1
1
1
1
1
1
1
1
1
1
1
1
1
1
1
1
1
1
1
1
1
1
1
1
1
1
1
1
1
1
1
1
1
0.999999
0.999996
0.999989
0.99997
0.999916
0.999769
0.999384
0.998427
0.996154
0.991024
0.979327
0.95886
0.911353
0.84164
0.782888
0.743768
0.722025
0.708128
0.696557
0.689569
0.684693
0.679868
0.678354
0.678939
0.681669
0.690333
0.715977
0.790209
0.900473
0.95228
0.966234
0.959622
0.923964
0.863429
0.8209
0.79003
0.76851
0.753516
0.740774
0.727394
0.713196
0.698244
0.685224
0.677495
0.675872
0.68019
0.715727
0.84616
0.941431
0.97347
0.980794
0.987267
0.99241
0.993439
0.992401
0.985978
0.97344
0.960191
0.951981
0.951184
0.952738
0.95975
0.972797
0.978176
0.9794
0.98046
0.984215
0.991278
0.995813
0.998081
0.999111
0.999518
0.999636
0.999666
0.999718
0.999804
0.999879
0.999917
0.999921
0.999918
0.999916
0.999922
0.999949
0.999971
0.999983
0.999986
0.999986
0.999983
0.999977
0.999975
0.999975
0.999976
0.999981
0.999988
0.999992
0.999995
0.999996
0.999996
0.999996
0.999996
0.999996
0.999996
0.999996
0.999996
0.999996
0.999996
0.999996
0.999997
0.999998
0.999998
0.999999
0.999999
0.999999
0.999999
0.999999
0.999999
0.999999
1
1
1
1
1
1
1
1
1
1
1
1
1
1
1
1
1
1
1
1
1
1
1
1
1
1
1
1
1
1
1
1
1
1
1
1
1
1
1
1
1
1
1
1
1
1
1
1
1
1
1
1
1
1
1
1
1
1
1
1
1
1
1
1
1
0.999999
0.999997
0.999991
0.999973
0.999923
0.99979
0.999453
0.998658
0.996881
0.993027
0.983892
0.972758
0.951965
0.907499
0.854365
0.810857
0.779873
0.751537
0.73159
0.727039
0.72851
0.734457
0.752306
0.794846
0.883877
0.94271
0.972633
0.982734
0.981661
0.965206
0.908164
0.858048
0.820626
0.800251
0.791157
0.790936
0.788411
0.779891
0.766186
0.74866
0.728824
0.714858
0.7117
0.720014
0.785293
0.908068
0.963881
0.978508
0.982341
0.98898
0.993314
0.993695
0.99153
0.981506
0.968244
0.955428
0.94675
0.945897
0.947629
0.955421
0.971562
0.978193
0.97951
0.980577
0.984419
0.991181
0.995524
0.997798
0.998901
0.999321
0.999452
0.999525
0.99962
0.999729
0.999814
0.999858
0.99987
0.999871
0.999871
0.999886
0.999928
0.99996
0.999977
0.999983
0.999983
0.999982
0.999977
0.999974
0.999973
0.999974
0.999977
0.999985
0.999991
0.999994
0.999995
0.999995
0.999995
0.999995
0.999995
0.999994
0.999994
0.999994
0.999994
0.999994
0.999994
0.999995
0.999996
0.999997
0.999997
0.999997
0.999997
0.999998
0.999998
0.999998
0.999998
1
1
1
1
1
1
1
1
1
1
1
1
1
1
1
1
1
1
1
1
1
1
1
1
1
1
1
1
1
1
1
1
1
1
1
1
1
1
1
1
1
1
1
1
1
1
1
1
1
1
1
1
1
1
1
1
1
1
1
1
1
1
1
1
1
1
1
0.999999
0.999997
0.999992
0.999977
0.999936
0.999834
0.999601
0.999071
0.998059
0.996077
0.992104
0.987327
0.981264
0.969556
0.941973
0.906508
0.886357
0.884171
0.887061
0.896673
0.920286
0.949688
0.972383
0.986081
0.991968
0.992311
0.987265
0.956952
0.902066
0.86148
0.843376
0.846987
0.860893
0.884506
0.893907
0.891386
0.880925
0.855288
0.813785
0.784478
0.777143
0.78948
0.869967
0.948612
0.975098
0.980526
0.983606
0.990841
0.994105
0.993861
0.990011
0.977052
0.96307
0.951053
0.942029
0.941129
0.943026
0.951373
0.970026
0.978494
0.979917
0.980863
0.984656
0.991242
0.995355
0.997576
0.998593
0.998937
0.999051
0.999167
0.999356
0.999568
0.999729
0.99979
0.999796
0.999785
0.999773
0.999792
0.999871
0.999933
0.999965
0.999978
0.99998
0.99998
0.999975
0.999971
0.99997
0.99997
0.999974
0.999983
0.999989
0.999992
0.999993
0.999993
0.999993
0.999992
0.999991
0.999991
0.99999
0.99999
0.99999
0.999991
0.999992
0.999993
0.999993
0.999993
0.999994
0.999994
0.999995
0.999995
0.999995
0.999995
0.999995
1
1
1
1
1
1
1
1
1
1
1
1
1
1
1
1
1
1
1
1
1
1
1
1
1
1
1
1
1
1
1
1
1
1
1
1
1
1
1
1
1
1
1
1
1
1
1
1
1
1
1
1
1
1
1
1
1
1
1
1
1
1
1
1
1
1
1
1
1
0.999999
0.999998
0.999994
0.999983
0.999956
0.999898
0.999762
0.999563
0.999131
0.998436
0.997731
0.996632
0.994493
0.987517
0.978147
0.975164
0.975338
0.976944
0.981737
0.988615
0.993764
0.996528
0.997058
0.995782
0.987787
0.951271
0.907229
0.896071
0.904819
0.926957
0.947996
0.960744
0.965729
0.965045
0.961321
0.951867
0.924299
0.884337
0.871235
0.879675
0.928545
0.968556
0.979192
0.981072
0.984899
0.992556
0.994621
0.993816
0.988053
0.973572
0.958107
0.946333
0.937767
0.936807
0.938901
0.947873
0.96854
0.97884
0.980699
0.981377
0.984595
0.991244
0.995283
0.99746
0.998394
0.998683
0.998774
0.998939
0.999203
0.999469
0.99962
0.999652
0.99964
0.9996
0.9996
0.999685
0.999824
0.99991
0.999954
0.999972
0.999976
0.999976
0.999972
0.999965
0.999962
0.999963
0.999967
0.999978
0.999985
0.999989
0.99999
0.99999
0.99999
0.999988
0.999987
0.999985
0.999985
0.999985
0.999985
0.999986
0.999988
0.999988
0.999988
0.999987
0.999987
0.999987
0.999988
0.999989
0.99999
0.99999
0.99999
1
1
1
1
1
1
1
1
1
1
1
1
1
1
1
1
1
1
1
1
1
1
1
1
1
1
1
1
1
1
1
1
1
1
1
1
1
1
1
1
1
1
1
1
1
1
1
1
1
1
1
1
1
1
1
1
1
1
1
1
1
1
1
1
1
1
1
1
1
1
1
0.999999
0.999999
0.999996
0.999991
0.99998
0.999952
0.999925
0.999882
0.999788
0.999532
0.999302
0.999033
0.998324
0.99711
0.996761
0.996813
0.997128
0.998046
0.998829
0.999032
0.998749
0.996552
0.985425
0.949152
0.946553
0.950923
0.959966
0.968944
0.975835
0.980662
0.982593
0.982441
0.981234
0.977829
0.968765
0.947367
0.936617
0.937697
0.955754
0.976726
0.980152
0.980979
0.987021
0.993759
0.994878
0.993474
0.985961
0.970258
0.954228
0.942089
0.935272
0.933492
0.935531
0.944987
0.967311
0.978872
0.98153
0.982118
0.984675
0.990948
0.995081
0.997227
0.998116
0.998416
0.998527
0.99866
0.998954
0.99928
0.999409
0.999411
0.999331
0.999278
0.999334
0.999579
0.999775
0.999887
0.999944
0.999967
0.999973
0.999972
0.999965
0.999956
0.999953
0.999954
0.99996
0.999973
0.999981
0.999984
0.999985
0.999985
0.999984
0.99998
0.999977
0.999976
0.999975
0.999975
0.999976
0.999979
0.99998
0.99998
0.99998
0.999977
0.999975
0.999974
0.999974
0.999976
0.999978
0.99998
0.999979
1
1
1
1
1
1
1
1
1
1
1
1
1
1
1
1
1
1
1
1
1
1
1
1
1
1
1
1
1
1
1
1
1
1
1
1
1
1
1
1
1
1
1
1
1
1
1
1
1
1
1
1
1
1
1
1
1
1
1
1
1
1
1
1
1
1
1
1
1
1
1
1
1
1
0.999999
0.999999
0.999997
0.999995
0.999992
0.999987
0.999976
0.999934
0.999895
0.999868
0.99981
0.999772
0.999769
0.999784
0.999807
0.999802
0.999716
0.999155
0.995936
0.979846
0.976667
0.976152
0.976936
0.978793
0.981385
0.984736
0.986915
0.987569
0.987478
0.987026
0.985807
0.98263
0.971798
0.962611
0.96206
0.970039
0.979924
0.979228
0.980614
0.989775
0.994428
0.994984
0.993096
0.984356
0.968416
0.951646
0.939673
0.933917
0.931813
0.933203
0.941942
0.96614
0.978876
0.982235
0.982859
0.984982
0.99021
0.994299
0.996461
0.997381
0.997768
0.997858
0.998157
0.99872
0.998996
0.999005
0.998883
0.998799
0.998828
0.999097
0.999471
0.999719
0.999863
0.999933
0.999959
0.999965
0.999963
0.99995
0.999938
0.999935
0.999937
0.999949
0.999966
0.999975
0.999978
0.999979
0.999978
0.999975
0.999968
0.999963
0.999959
0.999958
0.999958
0.999961
0.999966
0.999968
0.999968
0.999967
0.999959
0.999952
0.99995
0.999949
0.999951
0.999956
0.999961
0.999959
1
1
1
1
1
1
1
1
1
1
1
1
1
1
1
1
1
1
1
1
1
1
1
1
1
1
1
1
1
1
1
1
1
1
1
1
1
1
1
1
1
1
1
1
1
1
1
1
1
1
1
1
1
1
1
1
1
1
1
1
1
1
1
1
1
1
1
1
1
1
1
1
1
1
1
1
1
1
1
0.999999
0.999999
0.999998
0.999997
0.999994
0.999992
0.99999
0.999989
0.999986
0.999977
0.99995
0.999823
0.999032
0.993678
0.990508
0.989309
0.986114
0.984315
0.984324
0.985514
0.987874
0.988831
0.988828
0.988554
0.988207
0.987765
0.986697
0.982272
0.975175
0.974239
0.978941
0.980677
0.976754
0.981748
0.991733
0.994686
0.995005
0.99284
0.983635
0.96755
0.950272
0.938469
0.933267
0.931229
0.931924
0.939985
0.963716
0.97866
0.982584
0.98392
0.985945
0.989706
0.992838
0.994792
0.995916
0.996429
0.996962
0.997751
0.998234
0.998266
0.998181
0.998119
0.998121
0.998293
0.998895
0.999402
0.999702
0.999859
0.999929
0.999953
0.999955
0.99995
0.999929
0.999917
0.999915
0.999919
0.999938
0.999957
0.999966
0.999968
0.999968
0.999966
0.999958
0.999944
0.999934
0.999929
0.999927
0.999928
0.999935
0.999945
0.999949
0.999949
0.999946
0.999931
0.999914
0.999907
0.999906
0.999907
0.999916
0.999926
0.999924
1
1
1
1
1
1
1
1
1
1
1
1
1
1
1
1
1
1
1
1
1
1
1
1
1
1
1
1
1
1
1
1
1
1
1
1
1
1
1
1
1
1
1
1
1
1
1
1
1
1
1
1
1
1
1
1
1
1
1
1
1
1
1
1
1
1
1
1
1
1
1
1
1
1
1
1
1
1
1
1
1
1
1
1
1
0.999999
0.999999
0.999997
0.999991
0.999968
0.999838
0.998616
0.996655
0.995773
0.993805
0.988337
0.985321
0.985363
0.987441
0.989283
0.989362
0.989027
0.988345
0.988069
0.987942
0.987573
0.985901
0.981087
0.980491
0.982998
0.977999
0.973718
0.984612
0.992278
0.994694
0.994943
0.99273
0.983574
0.967534
0.949914
0.938142
0.933164
0.931259
0.93163
0.939386
0.960199
0.978048
0.982871
0.984935
0.987064
0.989676
0.991819
0.993417
0.994511
0.995331
0.996307
0.99714
0.997484
0.997571
0.997568
0.997451
0.997443
0.997959
0.998864
0.999408
0.999712
0.999864
0.999926
0.999942
0.999941
0.999923
0.999895
0.999884
0.999884
0.999895
0.999925
0.999943
0.99995
0.999951
0.99995
0.999942
0.999919
0.999898
0.999883
0.999876
0.999875
0.999878
0.999893
0.99991
0.999916
0.999916
0.999912
0.999888
0.999854
0.999837
0.999833
0.999835
0.999847
0.999867
0.999863
1
1
1
1
1
1
1
1
1
1
1
1
1
1
1
1
1
1
1
1
1
1
1
1
1
1
1
1
1
1
1
1
1
1
1
1
1
1
1
1
1
1
1
1
1
1
1
1
1
1
1
1
1
1
1
1
1
1
1
1
1
1
1
1
1
1
1
1
1
1
1
1
1
1
1
1
1
1
1
1
1
1
1
1
1
1
1
0.999999
0.999995
0.999977
0.999863
0.99932
0.998783
0.997719
0.994642
0.987049
0.983944
0.985192
0.989148
0.990068
0.989564
0.987596
0.986473
0.986554
0.987159
0.98728
0.986575
0.983938
0.984236
0.983963
0.968913
0.971645
0.986324
0.991489
0.993978
0.994691
0.993291
0.985689
0.971562
0.953181
0.940288
0.934981
0.933036
0.932865
0.939602
0.956463
0.975991
0.982928
0.985543
0.987703
0.989754
0.991488
0.99282
0.993823
0.994894
0.996029
0.996776
0.997016
0.996972
0.996607
0.996452
0.99688
0.998026
0.998921
0.999458
0.999747
0.999877
0.99992
0.999925
0.999914
0.99987
0.999837
0.999828
0.999832
0.999863
0.999905
0.999925
0.999931
0.999931
0.999927
0.999905
0.99986
0.999824
0.999802
0.999794
0.999794
0.999802
0.999832
0.999856
0.999863
0.999862
0.999853
0.999811
0.999754
0.999723
0.999714
0.999716
0.99973
0.999766
0.999761
1
1
1
1
1
1
1
1
1
1
1
1
1
1
1
1
1
1
1
1
1
1
1
1
1
1
1
1
1
1
1
1
1
1
1
1
1
1
1
1
1
1
1
1
1
1
1
1
1
1
1
1
1
1
1
1
1
1
1
1
1
1
1
1
1
1
1
1
1
1
1
1
1
1
1
1
1
1
1
1
1
1
1
1
1
1
1
1
0.999998
0.999988
0.999935
0.999791
0.999412
0.998053
0.990739
0.980276
0.980454
0.987091
0.990863
0.990626
0.988184
0.985944
0.985146
0.985204
0.986035
0.98676
0.986274
0.98476
0.986088
0.980258
0.955239
0.973029
0.981981
0.987277
0.992172
0.994251
0.994224
0.989689
0.976288
0.96011
0.945789
0.939559
0.937111
0.93665
0.940693
0.952379
0.968915
0.981836
0.985624
0.987819
0.989737
0.99128
0.992532
0.993602
0.994798
0.995849
0.996299
0.996128
0.995401
0.995232
0.995811
0.997033
0.998278
0.999126
0.999598
0.999812
0.999887
0.999901
0.999891
0.999835
0.999769
0.999746
0.999748
0.999786
0.999854
0.99989
0.999904
0.999906
0.999902
0.999879
0.999806
0.999731
0.999683
0.99966
0.999656
0.999661
0.999691
0.999745
0.999769
0.999773
0.999768
0.999741
0.999657
0.999576
0.999529
0.999513
0.999514
0.99953
0.999589
0.999578
1
1
1
1
1
1
1
1
1
1
1
1
1
1
1
1
1
1
1
1
1
1
1
1
1
1
1
1
1
1
1
1
1
1
1
1
1
1
1
1
1
1
1
1
1
1
1
1
1
1
1
1
1
1
1
1
1
1
1
1
1
1
1
1
1
1
1
1
1
1
1
1
1
1
1
1
1
1
1
1
1
1
1
1
1
1
1
1
0.999999
0.999995
0.99998
0.999913
0.999509
0.995543
0.97725
0.970987
0.978037
0.990105
0.992362
0.990926
0.987346
0.98561
0.984972
0.985255
0.986426
0.986668
0.986105
0.987427
0.985499
0.95771
0.944073
0.96275
0.968853
0.975474
0.986193
0.992656
0.994479
0.993654
0.986094
0.9696
0.953992
0.946055
0.942929
0.942131
0.944263
0.952731
0.962193
0.974559
0.982893
0.986356
0.988549
0.990205
0.991565
0.993304
0.994564
0.995144
0.994606
0.993949
0.994089
0.994929
0.996207
0.997791
0.998895
0.999483
0.999749
0.999845
0.999866
0.999849
0.999761
0.999662
0.999629
0.999634
0.999695
0.99979
0.999843
0.999864
0.999869
0.999866
0.999849
0.999775
0.999648
0.999548
0.999489
0.99947
0.99947
0.999487
0.999553
0.999605
0.999617
0.999614
0.999583
0.999475
0.999347
0.999246
0.999182
0.999157
0.999156
0.999173
0.999259
0.999234
1
1
1
1
1
1
1
1
1
1
1
1
1
1
1
1
1
1
1
1
1
1
1
1
1
1
1
1
1
1
1
1
1
1
1
1
1
1
1
1
1
1
1
1
1
1
1
1
1
1
1
1
1
1
1
1
1
1
1
1
1
1
1
1
1
1
1
1
1
1
1
1
1
1
1
1
1
1
1
1
1
1
1
1
1
1
1
1
0.999999
0.999998
0.999993
0.999931
0.999022
0.989685
0.966354
0.964266
0.978295
0.990904
0.993138
0.991763
0.988444
0.987038
0.986489
0.986431
0.986784
0.98686
0.986951
0.98741
0.975688
0.912974
0.913634
0.931424
0.937973
0.945887
0.965886
0.985878
0.993577
0.994884
0.99338
0.984557
0.968092
0.956033
0.950887
0.949261
0.949307
0.954596
0.962065
0.969212
0.975763
0.980904
0.984753
0.987512
0.989893
0.992359
0.993344
0.992836
0.992705
0.993237
0.994144
0.995607
0.99754
0.998782
0.999416
0.9997
0.9998
0.999822
0.999792
0.999655
0.999526
0.99949
0.999504
0.999602
0.999721
0.999789
0.999818
0.999825
0.999824
0.999812
0.999759
0.999597
0.999401
0.999253
0.999173
0.999153
0.99916
0.999212
0.999303
0.999334
0.999332
0.999294
0.99913
0.998916
0.998753
0.998631
0.998547
0.99851
0.998505
0.998525
0.998647
0.998583
1
1
1
1
1
1
1
1
1
1
1
1
1
1
1
1
1
1
1
1
1
1
1
1
1
1
1
1
1
1
1
1
1
1
1
1
1
1
1
1
1
1
1
1
1
1
1
1
1
1
1
1
1
1
1
1
1
1
1
1
1
1
1
1
1
1
1
1
1
1
1
1
1
1
1
1
1
1
1
1
1
1
0.999999
0.999998
0.999997
0.999997
0.999997
0.999997
0.999996
0.999996
0.999991
0.999909
0.998853
0.988876
0.962049
0.958576
0.974478
0.990564
0.993374
0.993255
0.991202
0.988669
0.987673
0.987354
0.987493
0.988024
0.988967
0.985195
0.951952
0.876102
0.873373
0.891023
0.908336
0.917079
0.924099
0.964366
0.98828
0.994759
0.995339
0.992604
0.982404
0.96929
0.960777
0.957274
0.956288
0.957507
0.963884
0.96919
0.974857
0.979726
0.984069
0.987023
0.989341
0.990757
0.991387
0.991746
0.992513
0.993524
0.995268
0.997468
0.99875
0.999383
0.999659
0.999754
0.999771
0.99972
0.999523
0.999376
0.999345
0.999377
0.999517
0.999657
0.999736
0.999771
0.999779
0.999778
0.999765
0.999711
0.999537
0.999274
0.999018
0.998822
0.998719
0.998695
0.998705
0.998772
0.998838
0.998845
0.998817
0.998657
0.998263
0.997959
0.99775
0.997608
0.997511
0.997466
0.997457
0.997475
0.997623
0.997494
1
1
1
1
1
1
1
1
1
1
1
1
1
1
1
1
1
1
1
1
1
1
1
1
1
1
1
1
1
1
1
1
1
1
1
1
1
1
1
1
1
1
1
1
1
1
1
1
1
1
1
1
1
1
1
1
1
1
1
1
1
1
1
1
1
1
1
1
1
1
1
1
1
1
1
1
1
1
1
1
0.999998
0.999993
0.999981
0.999976
0.999977
0.999979
0.999981
0.999982
0.999983
0.999983
0.999977
0.999897
0.998905
0.990093
0.959862
0.950746
0.966264
0.988543
0.993223
0.993481
0.992985
0.991438
0.990125
0.9896
0.989712
0.990032
0.988843
0.979701
0.906194
0.857837
0.857184
0.869333
0.899453
0.912045
0.909846
0.91504
0.971654
0.991709
0.995603
0.995669
0.992006
0.98211
0.973879
0.967855
0.965445
0.964793
0.966519
0.971284
0.975673
0.980532
0.984464
0.987212
0.989326
0.990316
0.99101
0.99188
0.993168
0.995375
0.99766
0.998826
0.99939
0.999624
0.9997
0.999706
0.999606
0.999349
0.999213
0.9992
0.999269
0.999455
0.999605
0.999687
0.99972
0.999725
0.99972
0.999684
0.999556
0.999346
0.999099
0.998801
0.998487
0.998223
0.998061
0.997997
0.997986
0.997988
0.997981
0.997934
0.99774
0.997179
0.996644
0.996296
0.996076
0.995948
0.995862
0.995826
0.99582
0.995845
0.996052
0.995876
1
1
1
1
1
1
1
1
1
1
1
1
1
1
1
1
1
1
1
1
1
1
1
1
1
1
1
1
1
1
1
1
1
1
1
1
1
1
1
1
1
1
1
1
1
1
1
1
1
1
1
1
1
1
1
1
1
1
1
1
1
1
1
1
1
1
1
1
1
1
1
1
1
1
1
1
1
0.999999
0.999998
0.999992
0.99997
0.999867
0.999765
0.999773
0.999803
0.999854
0.999891
0.999911
0.99993
0.999937
0.999932
0.999864
0.999062
0.99232
0.962829
0.947225
0.957225
0.984445
0.99244
0.993469
0.993414
0.993002
0.992298
0.991739
0.991401
0.990549
0.987695
0.969143
0.886353
0.855236
0.855771
0.871437
0.910476
0.924082
0.915872
0.89554
0.93036
0.98106
0.994196
0.996315
0.995904
0.991959
0.983441
0.979019
0.975396
0.974075
0.973809
0.976121
0.979005
0.982868
0.985453
0.987832
0.989563
0.990519
0.991573
0.993355
0.995993
0.997997
0.998973
0.999415
0.999583
0.999635
0.999613
0.999416
0.999147
0.999056
0.999073
0.999207
0.999419
0.999567
0.999635
0.999654
0.999649
0.999597
0.999385
0.99913
0.998971
0.998823
0.998561
0.99813
0.997604
0.997132
0.996819
0.996667
0.996602
0.996523
0.996332
0.995767
0.994903
0.994215
0.993762
0.993532
0.99343
0.993408
0.993344
0.993319
0.993355
0.993461
0.993992
0.993897
1
1
1
1
1
1
1
1
1
1
1
1
1
1
1
1
1
1
1
1
1
1
1
1
1
1
1
1
1
1
1
1
1
1
1
1
1
1
1
1
1
1
1
1
1
1
1
1
1
1
1
1
1
1
1
1
1
1
1
1
1
1
1
1
1
1
1
1
1
1
1
1
1
1
1
0.999999
0.999998
0.999992
0.999971
0.99989
0.999596
0.998497
0.998078
0.998242
0.998634
0.999117
0.999427
0.999566
0.999683
0.999766
0.999778
0.999736
0.999172
0.994698
0.970125
0.944695
0.947808
0.976896
0.990434
0.992899
0.993362
0.993271
0.992936
0.992424
0.991728
0.990281
0.985187
0.960537
0.885435
0.858583
0.859866
0.874589
0.924148
0.946715
0.945081
0.902631
0.879854
0.954332
0.987243
0.995669
0.996874
0.996337
0.993042
0.987236
0.98426
0.982523
0.981935
0.982004
0.983936
0.985471
0.987435
0.989204
0.990641
0.992149
0.994642
0.997045
0.998427
0.999118
0.999418
0.999523
0.999545
0.999446
0.999154
0.998956
0.99893
0.998997
0.999202
0.999412
0.999527
0.999567
0.999567
0.999517
0.999275
0.998833
0.998523
0.998342
0.9982
0.997944
0.997292
0.996143
0.99502
0.994236
0.993866
0.993669
0.993248
0.992376
0.991285
0.990264
0.98954
0.989264
0.98925
0.989306
0.989516
0.989739
0.990082
0.990473
0.991352
0.991881
0.993011
0.992623
1
1
1
1
1
1
1
1
1
1
1
1
1
1
1
1
1
1
1
1
1
1
1
1
1
1
1
1
1
1
1
1
1
1
1
1
1
1
1
1
1
1
1
1
1
1
1
1
1
1
1
1
1
1
1
1
1
1
1
1
1
1
1
1
1
1
1
1
1
1
1
0.999999
0.999999
0.999998
0.999996
0.999989
0.999971
0.999912
0.999691
0.998907
0.996074
0.990176
0.989137
0.990333
0.993357
0.996214
0.997828
0.998489
0.998841
0.999175
0.999361
0.99937
0.998988
0.996135
0.980851
0.945448
0.939337
0.964301
0.98649
0.991245
0.992495
0.992877
0.992854
0.992386
0.991514
0.989466
0.982239
0.960576
0.890809
0.871781
0.875225
0.894556
0.93894
0.952968
0.952584
0.930901
0.868159
0.901723
0.967665
0.990558
0.996561
0.997409
0.997002
0.99491
0.991991
0.99029
0.989488
0.989238
0.989743
0.990756
0.991799
0.992792
0.994383
0.996554
0.998018
0.998816
0.999208
0.999365
0.999424
0.999375
0.999138
0.998895
0.998827
0.998859
0.999007
0.99924
0.999402
0.999464
0.999469
0.999421
0.999174
0.998658
0.998154
0.997728
0.99731
0.996515
0.994634
0.991823
0.989155
0.987212
0.985895
0.984879
0.983885
0.982867
0.982009
0.981512
0.981371
0.981387
0.981571
0.982263
0.983978
0.985744
0.98703
0.987903
0.989039
0.990055
0.990951
0.992225
0.992453
0.987993
1
1
1
1
1
1
1
1
1
1
1
1
1
1
1
1
1
1
1
1
1
1
1
1
1
1
1
1
1
1
1
1
1
1
1
1
1
1
1
1
1
1
1
1
1
1
1
1
1
1
1
1
1
1
1
1
1
1
1
1
1
1
1
1
1
1
0.999999
0.999998
0.999997
0.999994
0.999991
0.99999
0.999986
0.999977
0.999943
0.999865
0.999696
0.99922
0.997564
0.992205
0.975563
0.967968
0.968856
0.97147
0.9792
0.988017
0.993288
0.99558
0.996618
0.997591
0.99841
0.998725
0.998594
0.99729
0.989263
0.951285
0.931237
0.948611
0.979826
0.988538
0.99048
0.991219
0.991514
0.991426
0.990563
0.987888
0.981812
0.962796
0.90598
0.903747
0.910244
0.937569
0.956402
0.955644
0.953536
0.94172
0.877346
0.849079
0.924205
0.973583
0.992
0.997172
0.997908
0.997804
0.996868
0.99587
0.995316
0.995114
0.995126
0.995816
0.996392
0.997051
0.997905
0.998658
0.999009
0.999173
0.999239
0.999225
0.999043
0.998838
0.998766
0.998787
0.9989
0.999099
0.999269
0.999343
0.999349
0.99926
0.999091
0.998638
0.997262
0.994422
0.990743
0.986115
0.98072
0.975623
0.972044
0.970107
0.969037
0.968531
0.968399
0.968456
0.969042
0.970784
0.972714
0.974367
0.976003
0.977495
0.979154
0.981165
0.983209
0.985381
0.9873
0.988799
0.990158
0.991156
0.991219
0.990704
0.987771
0.950537
1
1
1
1
1
1
1
1
1
1
1
1
1
1
1
1
1
1
1
1
1
1
1
1
1
1
1
1
1
1
1
1
1
1
1
1
1
1
1
1
1
1
1
1
1
1
1
1
1
1
1
1
1
1
1
1
1
1
1
1
1
1
1
1
0.999999
0.999995
0.999984
0.999959
0.999937
0.999896
0.999884
0.999877
0.99985
0.999752
0.999218
0.998507
0.997432
0.994544
0.984806
0.955932
0.952555
0.959803
0.967569
0.970095
0.976553
0.9849
0.991187
0.993742
0.994471
0.994795
0.995556
0.996981
0.997329
0.996509
0.989705
0.952393
0.920524
0.928042
0.96619
0.984151
0.98805
0.988866
0.989037
0.988928
0.988419
0.986857
0.98223
0.969965
0.941467
0.944122
0.949252
0.963615
0.961775
0.946782
0.940719
0.932337
0.889714
0.833738
0.853237
0.930475
0.973665
0.992218
0.997333
0.998297
0.998393
0.99824
0.998034
0.997956
0.99795
0.998197
0.998426
0.998645
0.998859
0.998995
0.999041
0.999051
0.998952
0.998828
0.998776
0.998778
0.998851
0.998974
0.999083
0.999113
0.999046
0.998591
0.997021
0.992327
0.981986
0.97149
0.96359
0.958668
0.956272
0.955563
0.955612
0.956809
0.960812
0.964963
0.968323
0.970863
0.97274
0.97434
0.975627
0.976817
0.978225
0.979736
0.980922
0.982148
0.983462
0.984632
0.985079
0.985098
0.983967
0.982561
0.980975
0.979195
0.974022
0.959424
0.921709
0.703623
1
1
1
1
1
1
1
1
1
1
1
1
1
1
1
1
1
1
1
1
1
1
1
1
1
1
1
1
1
1
1
1
1
1
1
1
1
1
1
1
1
1
1
1
1
1
1
1
1
1
1
1
1
1
1
1
1
1
1
1
1
1
1
0.999995
0.999959
0.99986
0.999603
0.999345
0.998996
0.99882
0.998817
0.998814
0.998706
0.997649
0.990427
0.986115
0.983075
0.966082
0.942989
0.938507
0.947526
0.965339
0.977075
0.98162
0.983704
0.987454
0.989135
0.989182
0.989576
0.992017
0.994813
0.995972
0.995925
0.994547
0.987293
0.953009
0.912051
0.907708
0.938964
0.972578
0.983298
0.98621
0.98694
0.986861
0.98675
0.986066
0.982804
0.978611
0.969827
0.969926
0.971764
0.971099
0.950641
0.912094
0.90704
0.902727
0.88258
0.830598
0.816874
0.852358
0.918289
0.96838
0.989163
0.996302
0.998206
0.998604
0.998646
0.998643
0.998673
0.998726
0.998795
0.998834
0.998863
0.99888
0.998832
0.998745
0.998679
0.99864
0.998619
0.998584
0.998415
0.997901
0.996562
0.99333
0.986556
0.977532
0.968847
0.962582
0.960053
0.959929
0.960907
0.962777
0.964336
0.965607
0.966271
0.966693
0.967169
0.96774
0.9685
0.969301
0.96722
0.964708
0.961672
0.957141
0.949429
0.941917
0.935835
0.932071
0.925859
0.91483
0.896771
0.87476
0.853509
0.836478
0.822265
0.797362
0.740122
0.541176
0.322029
0.0904234
1
1
1
1
1
1
1
1
1
1
1
1
1
1
1
1
1
1
1
1
1
1
1
1
1
1
1
1
1
1
1
1
1
1
1
1
1
1
1
1
1
1
1
1
1
1
1
1
1
1
1
1
1
1
1
1
1
1
1
1
1
1
0.999996
0.999843
0.998795
0.996921
0.994355
0.99218
0.991591
0.991641
0.992332
0.99393
0.992769
0.970169
0.938539
0.9362
0.948625
0.949964
0.941459
0.932213
0.935505
0.954318
0.971404
0.980412
0.983954
0.985575
0.986443
0.988288
0.990482
0.992258
0.993065
0.992431
0.98703
0.97783
0.966217
0.937277
0.90576
0.895795
0.905334
0.941673
0.964631
0.974354
0.979182
0.982373
0.983902
0.984361
0.982839
0.9817
0.979097
0.978327
0.976025
0.961035
0.894926
0.868382
0.872342
0.864745
0.8441
0.812616
0.80516
0.821176
0.844132
0.883626
0.937627
0.970049
0.986719
0.994992
0.99803
0.998166
0.998196
0.998187
0.998119
0.997977
0.997764
0.997416
0.996919
0.996204
0.995116
0.993365
0.990472
0.98559
0.97739
0.96402
0.943734
0.915387
0.885248
0.858273
0.827534
0.797764
0.772916
0.749772
0.724574
0.69435
0.658467
0.616856
0.569276
0.516769
0.46196
0.406812
0.351503
0.295987
0.23876
0.180702
0.126912
0.0824135
0.0494564
0.0273873
0.013898
0.00639576
0.00278255
0.00163538
0.00116165
0.00079935
0.000540011
0.000358616
0.00023512
0.000150768
9.39092e-05
5.35469e-05
2.81256e-05
-0.00539363
1
1
1
1
1
1
1
1
1
1
1
1
1
1
1
1
1
1
1
1
1
1
1
1
1
1
1
1
1
1
1
1
1
1
1
1
1
1
1
1
1
1
1
1
1
1
1
1
1
1
1
1
1
1
1
1
1
1
1
1
1
1
0.999935
0.997605
0.98416
0.977043
0.975862
0.976302
0.977205
0.977879
0.979295
0.979336
0.974761
0.957042
0.93765
0.927865
0.927616
0.928734
0.927828
0.928075
0.931834
0.942321
0.952688
0.959359
0.963958
0.966127
0.967073
0.968185
0.969707
0.970115
0.966431
0.951354
0.931572
0.92278
0.917948
0.905583
0.893033
0.890592
0.895017
0.912167
0.926181
0.930449
0.933167
0.940253
0.956636
0.966003
0.96883
0.965441
0.958807
0.955757
0.947211
0.922474
0.855369
0.835181
0.827418
0.785475
0.758489
0.761886
0.777541
0.814473
0.825283
0.827919
0.83336
0.839178
0.843785
0.8486
0.853283
0.85604
0.856212
0.849466
0.83957
0.824708
0.805111
0.779764
0.747778
0.708004
0.659995
0.602142
0.533777
0.455527
0.371081
0.285796
0.206218
0.138497
0.0844851
0.046916
0.0301948
0.0227903
0.017343
0.0129344
0.00944408
0.00668602
0.00440076
0.00259174
0.00155174
0.0010962
0.000718719
0.000433244
0.000240029
0.000123043
5.91322e-05
2.71503e-05
1.21797e-05
5.44819e-06
2.45709e-06
1.11686e-06
5.11394e-07
2.42548e-07
1.29314e-07
8.12046e-08
5.39223e-08
3.57684e-08
2.34e-08
1.50297e-08
9.4297e-09
5.71208e-09
3.28456e-09
1.73991e-09
-3.30841e-10
-2.91726e-08
0.0214357
0.0229452
0.0205582
0.016251
0.0107996
0.00668338
0.00387026
0.00210129
0.00107368
0.000518397
0.000238267
0.000104876
4.47432e-05
1.85698e-05
7.59843e-06
3.0242e-06
1.19169e-06
4.44845e-07
1.65219e-07
5.55792e-08
1.78103e-08
5.58206e-09
2.33237e-09
7.73454e-10
3.33876e-10
0.308181
0.284776
0.262108
0.223761
0.17225
0.124106
0.0852335
0.0553797
0.0340383
0.0197918
0.0108952
0.00568938
0.00283071
0.00134845
0.000618809
0.000274344
0.000118032
4.91255e-05
1.98701e-05
7.7271e-06
2.92832e-06
1.05527e-06
3.75741e-07
1.26741e-07
3.61282e-08
0.833095
0.834628
0.830647
0.815525
0.770604
0.649295
0.492428
0.344044
0.225948
0.140409
0.0825543
0.0459567
0.0242905
0.0122408
0.00591353
0.00275093
0.00123814
0.000539772
0.000228638
9.37681e-05
3.74243e-05
1.44029e-05
5.40967e-06
1.99311e-06
5.85892e-07
0.95657
0.960796
0.961443
0.960822
0.957738
0.948426
0.918798
0.814828
0.598905
0.401461
0.250033
0.145759
0.0800861
0.0417716
0.0208421
0.0100127
0.00465889
0.0021044
0.000925297
0.000394869
0.000164045
6.58507e-05
2.57202e-05
9.9164e-06
3.00952e-06
0.981349
0.985272
0.987486
0.988141
0.988116
0.987284
0.983608
0.969382
0.91368
0.724272
0.486525
0.302605
0.17555
0.0959616
0.049975
0.0250284
0.0121477
0.00573187
0.00263544
0.00117653
0.000510774
0.000214036
8.69574e-05
3.49385e-05
1.0938e-05
0.985937
0.989719
0.992481
0.994097
0.994688
0.994723
0.9943
0.991774
0.980307
0.931867
0.751412
0.500287
0.30895
0.17899
0.0984736
0.0520064
0.0265957
0.0132143
0.00639033
0.00299492
0.00136099
0.000595357
0.000251342
0.00010501
3.38483e-05
0.987025
0.990762
0.993602
0.995557
0.996629
0.996988
0.996984
0.996524
0.993747
0.980484
0.922965
0.719883
0.472305
0.290432
0.169399
0.0947839
0.0513197
0.0269597
0.0137498
0.00677275
0.00322084
0.00146882
0.000643021
0.000278609
9.22482e-05
0.988599
0.991987
0.994449
0.99625
0.997423
0.997999
0.99814
0.998072
0.997363
0.993375
0.974446
0.893009
0.656197
0.42818
0.265013
0.157284
0.0902591
0.0501556
0.0269657
0.0139411
0.00692377
0.00328355
0.00148664
0.000666084
0.00022601
0.989767
0.993203
0.99545
0.996967
0.997988
0.998582
0.998815
0.998833
0.998662
0.997433
0.990965
0.961131
0.836147
0.587097
0.385864
0.242881
0.147633
0.0866547
0.049004
0.0265177
0.0137123
0.00674248
0.00314816
0.0014546
0.000504752
0.989864
0.993566
0.995926
0.997424
0.998382
0.998962
0.999245
0.999317
0.999284
0.998919
0.996741
0.985885
0.938012
0.762571
0.531275
0.354497
0.227907
0.140931
0.0835374
0.0471352
0.0252822
0.0128457
0.00616709
0.00293082
0.00103814
0.989183
0.993317
0.99594
0.997564
0.998563
0.999164
0.999487
0.99961
0.999619
0.999526
0.998838
0.995113
0.977665
0.904732
0.697724
0.493249
0.334776
0.217378
0.134511
0.0788036
0.0436692
0.0228474
0.011245
0.00548263
0.00197905
0.988576
0.992975
0.995807
0.997562
0.998624
0.99925
0.999598
0.999758
0.999799
0.999782
0.99959
0.998427
0.992653
0.967537
0.868219
0.657226
0.469802
0.31907
0.205228
0.124324
0.0709141
0.0380837
0.0191654
0.0095645
0.00351289
0.988759
0.993048
0.995848
0.997603
0.998668
0.999295
0.999647
0.999824
0.999888
0.999893
0.999848
0.999516
0.997765
0.989865
0.958135
0.839911
0.631038
0.446081
0.296896
0.185263
0.10843
0.0596219
0.0306174
0.0156123
0.00582787
0.990522
0.994122
0.99648
0.997965
0.998871
0.999407
0.999709
0.999865
0.999932
0.999947
0.999938
0.999846
0.999323
0.996881
0.986784
0.948374
0.811501
0.594835
0.40779
0.261195
0.156448
0.0879093
0.0459992
0.0239378
0.00907542
0.994812
0.996784
0.998051
0.998841
0.999333
0.999636
0.999816
0.999915
0.999961
0.999975
0.999973
0.999947
0.999781
0.99897
0.995489
0.981721
0.929922
0.75724
0.532569
0.349288
0.213737
0.122572
0.065289
0.0346467
0.0133352
0.997754
0.998612
0.999144
0.999472
0.999681
0.999817
0.999904
0.999954
0.999979
0.999988
0.999989
0.99998
0.999922
0.999621
0.998261
0.992598
0.970337
0.885549
0.661618
0.444321
0.277678
0.162439
0.0880373
0.0476171
0.0186014
0.999148
0.99947
0.999666
0.999787
0.999866
0.999921
0.999957
0.999979
0.999991
0.999995
0.999995
0.999992
0.999969
0.999843
0.999241
0.996589
0.985634
0.94264
0.784744
0.54083
0.345072
0.205882
0.113497
0.0625362
0.0247849
0.999711
0.999818
0.999883
0.999923
0.99995
0.99997
0.999983
0.999992
0.999996
0.999998
0.999998
0.999997
0.999987
0.999928
0.999631
0.998254
0.992295
0.968041
0.873782
0.634287
0.41372
0.251781
0.141132
0.0791671
0.031815
0.999912
0.999944
0.999963
0.999975
0.999983
0.99999
0.999994
0.999997
0.999999
0.999999
0.999999
0.999999
0.999994
0.999964
0.999804
0.99903
0.995547
0.980904
0.923015
0.727333
0.483596
0.300033
0.170956
0.0975702
0.0397351
0.999976
0.999984
0.999989
0.999992
0.999995
0.999997
0.999998
0.999999
1
1
1
0.999999
0.999997
0.99998
0.999889
0.99943
0.997299
0.988114
0.951091
0.809209
0.555019
0.351321
0.203408
0.118038
0.0486819
0.999994
0.999996
0.999997
0.999998
0.999998
0.999999
1
1
1
1
1
1
0.999998
0.999988
0.999934
0.999652
0.998317
0.992455
0.968384
0.874513
0.629751
0.406424
0.239046
0.140937
0.0588199
0.999999
0.999999
0.999999
0.999999
1
1
1
1
1
1
1
1
0.999999
0.999993
0.999959
0.999784
0.998943
0.99519
0.979504
0.917563
0.710765
0.466335
0.278315
0.166586
0.0703093
1
1
1
1
1
1
1
1
1
1
1
1
0.999999
0.999996
0.999975
0.999865
0.99933
0.996908
0.986581
0.945025
0.786267
0.52916
0.320446
0.194606
0.083028
1
1
1
1
1
1
1
1
1
1
1
1
1
0.999997
0.999984
0.999914
0.999569
0.99797
0.990993
0.962259
0.848337
0.590932
0.363591
0.224016
0.096597
1
1
1
1
1
1
1
1
1
1
1
1
1
0.999998
0.99999
0.999945
0.999715
0.998626
0.993745
0.973133
0.890473
0.652562
0.406011
0.253697
0.110561
1
1
1
1
1
1
1
1
1
1
1
1
1
0.999999
0.999993
0.999963
0.999805
0.999031
0.995461
0.980011
0.917157
0.707912
0.445851
0.28231
0.124318
1
1
1
1
1
1
1
1
1
1
1
1
1
0.999999
0.999996
0.999974
0.99986
0.999281
0.996539
0.984414
0.93439
0.753347
0.481503
0.308772
0.137329
1
1
1
1
1
1
1
1
1
1
1
1
1
1
0.999997
0.999982
0.999897
0.999455
0.997306
0.987618
0.947081
0.793213
0.51584
0.3352
0.15059
1
1
1
1
1
1
1
1
1
1
1
1
1
1
0.999998
0.999987
0.999922
0.999574
0.997849
0.989933
0.956394
0.826927
0.548033
0.361201
0.164015
1
1
1
1
1
1
1
1
1
1
1
1
1
1
0.999998
0.999989
0.999935
0.99964
0.998152
0.99126
0.961875
0.848211
0.572736
0.381662
0.17506
1
1
1
1
1
1
1
1
1
1
1
1
1
1
0.999999
0.999991
0.999944
0.999683
0.998358
0.992187
0.965793
0.86355
0.593839
0.399012
0.184511
1
1
1
1
1
1
1
1
1
1
1
1
1
1
0.999999
0.999992
0.999952
0.999722
0.998544
0.993022
0.969287
0.877033
0.614806
0.416384
0.194108
1
1
1
1
1
1
1
1
1
1
1
1
1
1
0.999999
0.999993
0.999955
0.999742
0.99864
0.993476
0.971286
0.885121
0.629082
0.428686
0.201079
1
1
1
1
1
1
1
1
1
1
1
1
1
1
0.999999
0.999994
0.99996
0.999769
0.998778
0.994107
0.973942
0.895276
0.647657
0.444028
0.209509
1
1
1
1
1
1
1
1
1
1
1
1
1
1
0.999999
0.999994
0.999963
0.999785
0.998864
0.99452
0.975741
0.902388
0.661987
0.455882
0.215968
0.999999
0.999999
0.999999
0.999999
1
1
1
1
1
1
1
1
1
1
0.999999
0.999995
0.999968
0.999814
0.999009
0.995187
0.978518
0.9128
0.683868
0.473539
0.225278
0.999998
0.999998
0.999999
0.999999
0.999999
0.999999
0.999999
1
1
1
1
1
1
1
0.999999
0.999995
0.999971
0.999833
0.999108
0.995649
0.980478
0.920354
0.70161
0.488081
0.232867
0.999996
0.999996
0.999997
0.999998
0.999998
0.999998
0.999999
0.999999
0.999999
1
1
1
1
1
0.999999
0.999996
0.999976
0.99986
0.99925
0.996305
0.983241
0.930806
0.727996
0.510152
0.244168
0.999991
0.999992
0.999994
0.999995
0.999996
0.999997
0.999998
0.999998
0.999999
0.999999
0.999999
1
1
1
0.999999
0.999997
0.99998
0.999883
0.999369
0.996863
0.985626
0.940035
0.754453
0.53379
0.256438
0.999981
0.999984
0.999987
0.99999
0.999992
0.999994
0.999996
0.999997
0.999998
0.999998
0.999999
0.999999
0.999999
0.999999
0.999999
0.999997
0.999984
0.999906
0.999491
0.997448
0.988185
0.950097
0.786815
0.564925
0.272724
0.999964
0.999969
0.999976
0.999982
0.999986
0.99999
0.999993
0.999995
0.999996
0.999996
0.999996
0.999997
0.999998
0.999998
0.999998
0.999997
0.999987
0.999929
0.999612
0.99803
0.990766
0.960392
0.824541
0.605492
0.294634
0.999932
0.999942
0.999954
0.999966
0.999976
0.999983
0.999988
0.99999
0.999991
0.999991
0.999991
0.999991
0.999992
0.999995
0.999996
0.999995
0.999989
0.999947
0.999714
0.998536
0.993055
0.969733
0.863893
0.654243
0.32202
0.999879
0.999894
0.999915
0.999937
0.999956
0.99997
0.999979
0.999982
0.999982
0.999981
0.999978
0.999978
0.99998
0.999986
0.999992
0.999992
0.999989
0.999962
0.999803
0.998982
0.995086
0.9781
0.901746
0.714022
0.3567
0.999792
0.999815
0.999847
0.999885
0.999921
0.999947
0.999962
0.999967
0.999966
0.999961
0.999953
0.999952
0.999955
0.999968
0.999983
0.999987
0.999986
0.999968
0.999858
0.999267
0.996406
0.983662
0.926601
0.76905
0.391977
0.999643
0.999681
0.999727
0.999788
0.999852
0.999902
0.99993
0.999939
0.999939
0.999929
0.999916
0.999913
0.999917
0.999939
0.999968
0.99998
0.99998
0.99997
0.999893
0.999462
0.997322
0.987563
0.943616
0.812073
0.430636
0.999373
0.999445
0.999513
0.999608
0.999716
0.999809
0.999866
0.999886
0.999887
0.999877
0.99986
0.999857
0.999865
0.999902
0.999948
0.99997
0.999974
0.999967
0.999907
0.999553
0.997756
0.989402
0.95158
0.833865
0.455906
0.998864
0.999009
0.999122
0.999272
0.999454
0.999621
0.999732
0.999777
0.999783
0.999774
0.999762
0.999764
0.999784
0.999859
0.999926
0.999959
0.999967
0.999962
0.999908
0.999584
0.997913
0.990043
0.95423
0.84102
0.465053
0.997979
0.998274
0.998484
0.998709
0.998984
0.999259
0.999461
0.999556
0.999578
0.999577
0.999578
0.9996
0.9997
0.999825
0.999903
0.999943
0.999954
0.999949
0.999898
0.999581
0.997927
0.990094
0.954333
0.840987
0.464714
0.996629
0.997119
0.997503
0.997884
0.998299
0.998701
0.998998
0.999145
0.999191
0.999219
0.999285
0.99945
0.999627
0.999766
0.999856
0.999902
0.999915
0.999911
0.999853
0.999496
0.99764
0.988896
0.94897
0.825822
0.447164
0.99489
0.995695
0.996393
0.997016
0.997578
0.998056
0.998391
0.998558
0.998629
0.998727
0.998925
0.999186
0.999425
0.999596
0.999695
0.999742
0.999756
0.999747
0.999644
0.999081
0.996351
0.984031
0.927856
0.771179
0.397799
0.993688
0.994566
0.995308
0.995942
0.996495
0.996963
0.997292
0.997466
0.997583
0.997776
0.998078
0.998418
0.99869
0.998833
0.998859
0.998792
0.998749
0.998637
0.99821
0.996693
0.990477
0.963794
0.836056
0.622105
0.30994
0.989885
0.99123
0.992201
0.992878
0.993444
0.993834
0.99402
0.994058
0.994052
0.994079
0.994157
0.994266
0.994393
0.994468
0.993856
0.991763
0.990491
0.989998
0.988459
0.980189
0.939468
0.781196
0.518963
0.344579
0.16137
0.963868
0.970878
0.97438
0.976328
0.977003
0.976969
0.976032
0.974861
0.973329
0.971888
0.971416
0.971609
0.970502
0.964022
0.95793
0.955868
0.951343
0.931862
0.859602
0.661325
0.451855
0.286241
0.166939
0.096712
0.041778
0.794686
0.840483
0.864528
0.873962
0.874524
0.872732
0.870941
0.865806
0.860695
0.858477
0.851767
0.837421
0.817489
0.785574
0.725603
0.625204
0.491984
0.3497
0.225502
0.134292
0.075022
0.0395662
0.0198358
0.00972661
0.00395674
0.208543
0.351181
0.412504
0.427657
0.45127
0.462833
0.460742
0.453402
0.440477
0.414935
0.37503
0.323805
0.264298
0.200538
0.139815
0.0890643
0.0518
0.0274345
0.0135051
0.00626237
0.00276836
0.00115905
0.000484275
0.000183806
8.84445e-05
0.0328084
0.0638835
0.0853423
0.108856
0.11632
0.114296
0.108847
0.0973857
0.0779234
0.0579698
0.0398696
0.0250018
0.0141521
0.00713974
0.00321133
0.00127315
0.000464023
0.00014292
4.09718e-05
1.84039e-05
7.98912e-06
3.33487e-06
1.58134e-06
6.39641e-07
6.95604e-07
0.00316484
0.00908804
0.0138726
0.0137968
0.0121201
0.00776297
0.00342473
0.00124495
0.000392151
9.13314e-05
3.47543e-05
1.58352e-05
7.84173e-06
3.06447e-06
1.07529e-06
2.28697e-07
6.06765e-08
1.18907e-08
3.0442e-09
9.30898e-10
7.94736e-10
2.72625e-10
9.91903e-10
4.75134e-11
2.14423e-09
)
;

boundaryField
{
    inlet
    {
        type            fixedValue;
        value           uniform 1;
    }
    outlet
    {
        type            inletOutlet;
        inletValue      uniform 0;
        value           nonuniform List<scalar> 
57
(
3.33876e-10
3.61282e-08
5.85892e-07
3.00952e-06
1.0938e-05
3.38483e-05
9.22482e-05
0.00022601
0.000504752
0.00103814
0.00197905
0.00351289
0.00582787
0.00907542
0.0133352
0.0186014
0.0247849
0.031815
0.0397351
0.0486819
0.0588199
0.0703093
0.083028
0.096597
0.110561
0.124318
0.137329
0.15059
0.164015
0.17506
0.184511
0.194108
0.201079
0.209509
0.215968
0.225278
0.232867
0.244168
0.256438
0.272724
0.294634
0.32202
0.3567
0.391977
0.430636
0.455906
0.465053
0.464714
0.447164
0.397799
0.30994
0.16137
0.041778
0.00395674
8.84445e-05
6.95604e-07
2.14423e-09
)
;
    }
    upperWall
    {
        type            zeroGradient;
    }
    lowerWall
    {
        type            zeroGradient;
    }
    frontAndBack
    {
        type            empty;
    }
}


// ************************************************************************* //
