/*--------------------------------*- C++ -*----------------------------------*\
  =========                 |
  \\      /  F ield         | OpenFOAM: The Open Source CFD Toolbox
   \\    /   O peration     | Website:  https://openfoam.org
    \\  /    A nd           | Version:  6
     \\/     M anipulation  |
\*---------------------------------------------------------------------------*/
FoamFile
{
    version     2.0;
    format      ascii;
    class       volScalarField;
    location    "0.1";
    object      s;
}
// * * * * * * * * * * * * * * * * * * * * * * * * * * * * * * * * * * * * * //

dimensions      [0 0 0 0 0 0 0];

internalField   nonuniform List<scalar> 
12225
(
1
1
1
1
1
1
1
1
1
1
1
1
1
1
1
1
1
1
1
1
1
1
1
1
1
1
1
1
1
1
1
1
1
1
1
1
1
1
1
1
1
1
1
1
1
1
1
1
1
1
1
1
1
1
1
1
1
1
1
1
1
1
1
1
1
1
1
1
1
1
1
1
1
1
1
1
1
1
1
1
1
1
1
1
1
1
1
1
1
1
1
1
1
1
1
1
1
1
1
1
1
1
1
1
1
1
1
1
1
1
1
1
1
1
1
1
1
1
1
1
1
1
1
1
1
1
1
1
1
1
1
1
1
1
1
1
1
1
1
1
1
1
1
1
1
1
1
1
1
1
1
1
1
1
1
1
1
1
1
1
1
1
1
1
1
1
1
1
1
1
1
1
1
1
1
1
1
1
1
1
1
1
1
1
1
1
1
1
1
1
1
1
1
1
1
1
1
1
1
1
1
1
1
1
1
1
1
1
1
1
1
1
1
1
1
1
1
1
1
1
1
1
1
1
1
1
1
1
1
1
1
1
1
1
1
1
1
1
1
1
1
1
1
1
1
1
1
1
1
1
1
1
1
1
1
1
1
1
1
1
1
1
1
1
1
1
1
1
1
1
1
1
1
1
1
1
1
1
1
1
1
1
1
1
1
1
1
1
1
1
1
1
1
1
1
1
1
1
1
1
1
1
1
1
1
1
1
1
1
1
1
1
1
1
1
1
1
1
1
1
1
1
1
1
1
1
1
1
1
1
1
1
1
1
1
1
1
1
1
1
1
1
1
1
1
1
1
1
1
1
1
1
1
1
1
1
1
1
1
1
1
1
1
1
1
1
1
1
1
1
1
1
1
1
1
1
1
1
1
1
1
1
1
1
1
1
1
1
1
1
1
1
1
1
1
1
1
1
1
1
1
1
1
1
1
1
1
1
1
1
1
1
1
1
1
1
1
1
1
1
1
1
1
1
1
1
1
1
1
1
1
1
1
1
1
1
1
1
1
1
1
1
1
1
1
1
1
1
1
1
1
1
1
1
1
1
1
1
1
1
1
1
1
1
1
1
1
1
1
1
1
1
1
1
1
1
1
1
1
1
1
1
1
1
1
1
1
1
1
1
1
1
1
1
1
1
1
1
1
1
1
1
1
1
1
1
1
1
1
1
1
1
1
1
1
1
1
1
1
1
1
1
1
1
1
1
1
1
1
1
1
1
1
1
1
1
1
1
1
1
0.777186
0.779896
0.790061
0.80089
0.812229
0.825258
0.834017
0.841588
0.846601
0.848365
0.847441
0.845464
0.842257
0.839298
0.834907
0.83018
0.823836
0.818612
0.812257
0.804894
0.798038
0.792912
0.787777
0.783662
0.779936
0.771275
0.744575
0.729342
0.72839
0.731757
0.741626
0.751926
0.758702
0.763759
0.767843
0.770847
0.7745
0.778659
0.781818
0.78324
0.783855
0.784614
0.786228
0.790211
0.804206
0.829602
0.852104
0.875061
0.895624
0.910973
0.92068
0.926611
0.930301
0.932168
0.932764
0.932745
0.93207
0.929906
0.927001
0.921109
0.908405
0.863444
0.86265
0.942863
0.975543
0.978507
0.979681
0.980047
0.980081
0.980036
0.979859
0.979525
0.979107
0.978764
0.978572
0.978349
0.977902
0.977358
0.976947
0.976699
0.97645
0.976109
0.975801
0.975628
0.975478
0.975423
0.975462
0.975592
0.975783
0.975992
0.976216
0.976473
0.976784
0.977185
0.977715
0.978346
0.978902
0.979103
0.978863
0.97834
0.977864
0.97765
0.977757
0.977781
0.977729
0.977484
0.97532
0.948275
0.924366
0.92122
0.920267
0.919861
0.919722
0.919708
0.919761
0.919992
0.920546
0.921587
0.922546
0.923238
0.924089
0.924931
0.92566
0.926353
0.927062
0.92783
0.928607
0.929342
0.930046
0.930686
0.931141
0.931481
0.931689
0.931743
0.931631
0.931352
0.931094
0.930849
0.930904
0.931231
0.931703
0.932258
0.932835
0.933435
0.934082
0.934742
0.935356
0.935987
0.936669
0.937297
0.937869
0.938477
0.939291
0.940431
0.941425
0.942509
0.944608
0.949829
0.958807
0.966857
0.972733
0.976063
0.977263
0.977302
0.976116
0.968597
0.94511
0.933591
0.934561
0.936053
0.93762
0.939068
0.939494
0.939641
0.940349
0.941748
0.942687
0.943516
0.94399
0.944818
0.777401
0.780083
0.792078
0.806304
0.823176
0.842401
0.865577
0.886307
0.90125
0.910488
0.915014
0.915604
0.915048
0.913732
0.911247
0.908253
0.904172
0.900336
0.892162
0.887115
0.877414
0.866024
0.854606
0.837557
0.826408
0.806911
0.791034
0.784146
0.767694
0.749973
0.746724
0.751992
0.761605
0.767079
0.76977
0.772078
0.777465
0.793104
0.804604
0.808968
0.817575
0.836047
0.858197
0.882092
0.910334
0.93687
0.954266
0.960905
0.9621
0.961963
0.960929
0.957701
0.953124
0.948305
0.943809
0.939597
0.936169
0.932695
0.917426
0.886625
0.901178
0.920019
0.946998
0.974949
0.982221
0.984679
0.986529
0.987232
0.987423
0.987412
0.987162
0.986909
0.98686
0.986841
0.986833
0.986891
0.987107
0.98749
0.987991
0.988592
0.98926
0.989925
0.990564
0.991108
0.991508
0.991667
0.991726
0.991738
0.991679
0.99148
0.991157
0.990721
0.990141
0.989362
0.988264
0.986737
0.98479
0.982002
0.978017
0.974222
0.972136
0.972479
0.975148
0.977527
0.9784
0.976346
0.965448
0.934033
0.915727
0.909084
0.905786
0.904502
0.904191
0.905715
0.908771
0.911031
0.913786
0.918007
0.921052
0.92379
0.927473
0.930117
0.932035
0.933868
0.935496
0.937353
0.939162
0.940771
0.942389
0.944182
0.946112
0.948463
0.95011
0.950691
0.950278
0.94887
0.946486
0.943224
0.939813
0.936879
0.934633
0.933167
0.932146
0.93133
0.930776
0.930545
0.930565
0.930938
0.931998
0.932845
0.933815
0.93441
0.934442
0.934227
0.93344
0.93118
0.928113
0.926051
0.925679
0.926876
0.933156
0.95075
0.965205
0.975184
0.979525
0.978657
0.969461
0.945316
0.937512
0.934637
0.927252
0.907575
0.900246
0.903042
0.915096
0.921967
0.925753
0.930466
0.934492
0.938833
0.778968
0.779229
0.787003
0.793252
0.798194
0.82129
0.85495
0.884203
0.904253
0.917416
0.925838
0.930337
0.931754
0.93174
0.931209
0.929727
0.928436
0.925599
0.923222
0.917735
0.913852
0.905984
0.898681
0.88975
0.877668
0.867381
0.854565
0.837296
0.826887
0.812802
0.791211
0.772715
0.762932
0.761169
0.762064
0.765536
0.77442
0.803023
0.853854
0.88539
0.911086
0.937274
0.959139
0.97112
0.973761
0.973435
0.971575
0.966556
0.960168
0.952209
0.945631
0.938643
0.93718
0.937768
0.938777
0.938011
0.93572
0.92877
0.904038
0.910513
0.949532
0.969632
0.980947
0.98855
0.991153
0.993036
0.993966
0.994544
0.994792
0.994916
0.995041
0.995221
0.9955
0.995772
0.995947
0.996118
0.996339
0.996531
0.996681
0.99676
0.99679
0.996762
0.996597
0.996397
0.996178
0.995924
0.995611
0.995244
0.994829
0.994357
0.993776
0.99304
0.992079
0.990741
0.988738
0.985544
0.980156
0.971166
0.960285
0.956573
0.957175
0.962848
0.971003
0.976636
0.976347
0.967434
0.940103
0.909899
0.900097
0.896482
0.895564
0.89579
0.898722
0.902408
0.904964
0.909335
0.914338
0.918703
0.923066
0.928099
0.932671
0.936147
0.938611
0.939837
0.940748
0.941975
0.943181
0.944384
0.945842
0.947827
0.950486
0.954635
0.960362
0.965573
0.969374
0.971557
0.973031
0.973805
0.974081
0.974189
0.974085
0.973658
0.97292
0.97141
0.969468
0.968022
0.967568
0.967659
0.968713
0.970022
0.969779
0.968762
0.966879
0.965206
0.963644
0.961337
0.956319
0.944466
0.932177
0.925376
0.92389
0.924878
0.932355
0.95654
0.973513
0.981898
0.981709
0.97493
0.953628
0.942018
0.935629
0.923421
0.916917
0.917227
0.918586
0.918171
0.916825
0.917005
0.919195
0.924457
0.782168
0.780471
0.782552
0.784494
0.791515
0.812601
0.845441
0.874475
0.897913
0.914783
0.925947
0.93268
0.936492
0.938339
0.938929
0.938983
0.938858
0.938463
0.937775
0.936097
0.934026
0.930646
0.92508
0.918233
0.908463
0.899871
0.890557
0.873641
0.853006
0.839726
0.828486
0.807802
0.78512
0.770154
0.765633
0.76661
0.778648
0.831898
0.887677
0.92387
0.953843
0.973101
0.979723
0.979689
0.976892
0.968494
0.961018
0.95489
0.948312
0.93806
0.929433
0.920827
0.917552
0.918199
0.92145
0.928612
0.932945
0.916184
0.914712
0.958141
0.9756
0.98374
0.990166
0.99392
0.995519
0.996603
0.997056
0.997366
0.997513
0.997595
0.99769
0.99778
0.997872
0.997917
0.997928
0.99791
0.997851
0.997752
0.997582
0.997346
0.997035
0.996606
0.996058
0.995504
0.994987
0.994519
0.994091
0.993721
0.993415
0.993171
0.992903
0.992516
0.991845
0.99064
0.988519
0.984701
0.977608
0.963776
0.950658
0.948911
0.952466
0.963363
0.969835
0.971732
0.966366
0.942977
0.909404
0.895729
0.890434
0.888563
0.88812
0.888269
0.89003
0.891468
0.892179
0.894283
0.896621
0.899367
0.903041
0.907803
0.9132
0.919566
0.926551
0.932322
0.935444
0.938588
0.940347
0.941852
0.943503
0.94569
0.948435
0.953559
0.96061
0.967528
0.973945
0.978444
0.981113
0.983046
0.984861
0.986589
0.988352
0.989874
0.990892
0.991253
0.991271
0.991232
0.991116
0.990773
0.989776
0.987266
0.982729
0.978098
0.974213
0.971428
0.969795
0.96901
0.968387
0.967139
0.962964
0.947229
0.931809
0.92617
0.92606
0.930616
0.953219
0.975262
0.984117
0.984231
0.980065
0.966503
0.956971
0.943801
0.932281
0.926789
0.923547
0.921362
0.92107
0.921298
0.922001
0.922131
0.781757
0.780597
0.78124
0.785796
0.797656
0.818512
0.840728
0.86548
0.888384
0.907195
0.921253
0.93059
0.936337
0.939566
0.941266
0.942161
0.942676
0.942975
0.943135
0.94319
0.943153
0.942908
0.942186
0.940502
0.93557
0.926853
0.92068
0.91016
0.884999
0.862516
0.848673
0.829795
0.8022
0.778794
0.769966
0.77081
0.787263
0.846403
0.90508
0.947524
0.973312
0.982367
0.982454
0.977328
0.96749
0.963609
0.959039
0.949817
0.929455
0.910695
0.899168
0.893375
0.893201
0.895012
0.902238
0.92233
0.926718
0.916519
0.94014
0.97662
0.985486
0.989609
0.993591
0.996504
0.997645
0.998141
0.998342
0.998432
0.998459
0.998444
0.998319
0.998201
0.998106
0.99798
0.997834
0.997561
0.997094
0.996396
0.995366
0.993974
0.992212
0.990103
0.98792
0.986059
0.984766
0.983847
0.983444
0.983335
0.983597
0.984538
0.985669
0.98708
0.988249
0.98869
0.987967
0.984771
0.977866
0.962564
0.945775
0.941406
0.944401
0.953612
0.957239
0.957008
0.940493
0.911569
0.894038
0.8872
0.884426
0.883442
0.88316
0.883137
0.883474
0.883498
0.883584
0.884246
0.885178
0.885896
0.887084
0.888438
0.890303
0.892887
0.896884
0.903037
0.913483
0.923832
0.932207
0.936343
0.939181
0.942398
0.944766
0.949818
0.957988
0.966537
0.974486
0.981096
0.985748
0.988725
0.990612
0.992342
0.994075
0.995169
0.995694
0.995813
0.995778
0.995619
0.995103
0.993894
0.991373
0.985779
0.976442
0.968443
0.963133
0.960072
0.959203
0.95939
0.960702
0.963348
0.964094
0.963076
0.954861
0.935323
0.927293
0.926658
0.931607
0.956433
0.978443
0.986169
0.986947
0.985055
0.979982
0.975119
0.96685
0.951606
0.938954
0.930985
0.925433
0.922882
0.922899
0.924386
0.778662
0.780359
0.788377
0.803451
0.813258
0.823488
0.839389
0.858662
0.87877
0.896857
0.91182
0.922927
0.930735
0.935805
0.938977
0.94081
0.941832
0.942519
0.943063
0.943587
0.944031
0.944236
0.94425
0.944102
0.943229
0.939074
0.93182
0.923934
0.903338
0.87675
0.862057
0.837889
0.803506
0.778637
0.771716
0.774748
0.800962
0.867373
0.926303
0.965412
0.982589
0.984808
0.980879
0.971492
0.969192
0.964888
0.952757
0.918651
0.898287
0.890133
0.885361
0.884992
0.886417
0.891073
0.902203
0.922362
0.922301
0.922293
0.966254
0.985653
0.990869
0.993352
0.995911
0.997902
0.998539
0.998729
0.998774
0.998776
0.998675
0.998511
0.998305
0.998079
0.997776
0.997272
0.996408
0.994915
0.992501
0.988985
0.985015
0.980744
0.976435
0.972365
0.969001
0.966443
0.964448
0.962768
0.961599
0.960814
0.960497
0.9613
0.963608
0.967628
0.973727
0.980037
0.982974
0.983789
0.98008
0.968345
0.944838
0.935895
0.934973
0.937867
0.939012
0.933798
0.914774
0.894488
0.886294
0.883013
0.881901
0.881653
0.88176
0.8824
0.882807
0.88301
0.883397
0.884251
0.885069
0.88546
0.885982
0.886516
0.887274
0.888125
0.88926
0.890844
0.893886
0.899798
0.911791
0.92648
0.933927
0.93949
0.942243
0.946755
0.954713
0.96423
0.973692
0.981616
0.987323
0.991129
0.993743
0.995594
0.996812
0.997439
0.997621
0.997614
0.997484
0.997029
0.995854
0.99296
0.984791
0.969865
0.960177
0.955148
0.953133
0.952747
0.952968
0.954174
0.957889
0.961288
0.962604
0.962594
0.961084
0.952081
0.933697
0.926998
0.927022
0.934109
0.962515
0.981675
0.987707
0.990017
0.989717
0.988698
0.986227
0.981684
0.972781
0.955044
0.939128
0.929121
0.925051
0.924764
0.78035
0.792993
0.809148
0.819919
0.827382
0.834874
0.842211
0.855122
0.869886
0.883718
0.896534
0.90684
0.914896
0.920924
0.925649
0.929235
0.93191
0.934142
0.936029
0.937787
0.939855
0.941939
0.94335
0.943833
0.94378
0.942819
0.939173
0.929978
0.905202
0.882402
0.862523
0.83159
0.795135
0.775514
0.773915
0.784368
0.83029
0.899577
0.952677
0.980265
0.987197
0.985586
0.977242
0.974776
0.971197
0.957986
0.915045
0.89317
0.887943
0.887614
0.890076
0.88935
0.888228
0.892211
0.905869
0.922245
0.923143
0.936712
0.980352
0.991055
0.994359
0.995954
0.997514
0.998575
0.99884
0.998886
0.998874
0.998789
0.99864
0.998386
0.998006
0.9974
0.996365
0.994444
0.991405
0.988009
0.984372
0.980749
0.977263
0.973769
0.97032
0.967425
0.964936
0.962781
0.96056
0.958537
0.956778
0.954989
0.953066
0.951574
0.950427
0.949939
0.951111
0.955452
0.966338
0.975415
0.978438
0.974854
0.956327
0.933225
0.927725
0.92604
0.922492
0.911631
0.897594
0.886752
0.882912
0.881554
0.881259
0.881402
0.882218
0.884027
0.886386
0.889047
0.892042
0.893886
0.894518
0.893691
0.891791
0.890273
0.889247
0.88878
0.889013
0.889685
0.891036
0.893139
0.897635
0.908471
0.925681
0.935535
0.940207
0.945236
0.953447
0.963655
0.973578
0.982222
0.988464
0.992439
0.995074
0.996868
0.997971
0.998437
0.99853
0.998509
0.998307
0.997486
0.995032
0.986515
0.970835
0.960496
0.955086
0.952786
0.95207
0.952063
0.952571
0.955098
0.961681
0.965933
0.966871
0.966456
0.964774
0.96002
0.945048
0.930367
0.926279
0.927526
0.938395
0.968816
0.984129
0.989272
0.992024
0.993113
0.992944
0.992103
0.989709
0.984204
0.969963
0.945922
0.931998
0.927037
0.792959
0.808317
0.821789
0.830605
0.833566
0.836961
0.840832
0.846563
0.853687
0.860176
0.867814
0.875053
0.881086
0.886424
0.89171
0.896789
0.901701
0.905951
0.911184
0.917244
0.923424
0.92983
0.935871
0.940242
0.941844
0.941637
0.9398
0.93226
0.906697
0.880425
0.854748
0.813299
0.7812
0.774747
0.78007
0.812284
0.87547
0.93846
0.976024
0.988604
0.989114
0.983835
0.979621
0.977458
0.967611
0.92135
0.88947
0.887193
0.891962
0.905276
0.906413
0.899597
0.891673
0.897316
0.914227
0.923036
0.928108
0.962726
0.988481
0.994467
0.996524
0.997508
0.998344
0.998802
0.998888
0.998893
0.998841
0.998688
0.998401
0.997906
0.997085
0.995622
0.993135
0.990367
0.988149
0.985553
0.98295
0.981026
0.979098
0.97768
0.97665
0.975777
0.975019
0.973891
0.972456
0.970803
0.968785
0.966131
0.962765
0.958872
0.954108
0.949533
0.947223
0.946171
0.946671
0.952649
0.967877
0.97357
0.969903
0.944739
0.925211
0.920028
0.915711
0.905082
0.892314
0.884874
0.882169
0.881344
0.881266
0.882112
0.88565
0.892299
0.899638
0.904494
0.908656
0.910524
0.911031
0.910368
0.907553
0.903305
0.898346
0.894155
0.892221
0.891443
0.891279
0.892414
0.894868
0.900894
0.916417
0.931362
0.938401
0.944079
0.953
0.964226
0.975501
0.984657
0.991033
0.994808
0.996904
0.998163
0.998871
0.999174
0.999227
0.999153
0.998721
0.997267
0.992067
0.977526
0.965199
0.958118
0.954389
0.952994
0.952866
0.953201
0.954805
0.960181
0.968784
0.97503
0.977438
0.97731
0.975247
0.969589
0.954023
0.935869
0.927199
0.925762
0.928669
0.9443
0.973027
0.985327
0.990872
0.993382
0.995022
0.995255
0.994961
0.993651
0.989447
0.977113
0.948988
0.933611
0.807504
0.821105
0.830594
0.831666
0.829087
0.82372
0.81824
0.81414
0.811855
0.81153
0.812604
0.815307
0.818576
0.822757
0.827061
0.83127
0.836743
0.843519
0.85332
0.866344
0.885307
0.903978
0.919529
0.931239
0.937454
0.93883
0.937414
0.926935
0.896435
0.870533
0.830862
0.78688
0.775292
0.780624
0.808701
0.862173
0.925143
0.971159
0.988889
0.99196
0.989766
0.98338
0.982407
0.978192
0.948699
0.88974
0.883343
0.894312
0.908929
0.911918
0.908614
0.90251
0.899469
0.908423
0.919275
0.92594
0.94137
0.98045
0.993153
0.996444
0.997642
0.998204
0.998595
0.998807
0.998854
0.998806
0.998626
0.998268
0.997661
0.996691
0.99517
0.992884
0.990894
0.988987
0.986786
0.984753
0.983093
0.982093
0.981203
0.980018
0.978986
0.978312
0.977551
0.976866
0.976244
0.975661
0.975039
0.974363
0.973599
0.97269
0.971153
0.967665
0.960693
0.951599
0.945441
0.943639
0.945642
0.959767
0.971018
0.966745
0.93467
0.920835
0.915898
0.906369
0.893579
0.885656
0.882532
0.881518
0.881397
0.882233
0.885702
0.892969
0.902264
0.909152
0.912792
0.914273
0.914736
0.914778
0.913843
0.912097
0.908209
0.901941
0.897423
0.895369
0.894555
0.893929
0.894798
0.899097
0.912082
0.929052
0.937539
0.943553
0.953578
0.966677
0.978388
0.987268
0.992888
0.996139
0.997971
0.998966
0.999433
0.999571
0.999564
0.999415
0.998777
0.996423
0.987579
0.97344
0.963636
0.95785
0.955742
0.955536
0.955902
0.957601
0.962524
0.969526
0.975358
0.979783
0.982268
0.982684
0.982041
0.978793
0.966875
0.943953
0.929803
0.925353
0.925545
0.930706
0.950113
0.974694
0.986143
0.991694
0.994417
0.996032
0.996597
0.996474
0.995507
0.991552
0.977668
0.948453
0.825582
0.833539
0.828835
0.814948
0.79719
0.784008
0.778282
0.775789
0.774832
0.775081
0.775763
0.777003
0.77833
0.779777
0.781206
0.782852
0.785513
0.790048
0.796355
0.809374
0.824336
0.851189
0.887581
0.915404
0.931717
0.935413
0.932395
0.91096
0.878804
0.843435
0.791289
0.773783
0.783434
0.816401
0.856097
0.913973
0.966238
0.988167
0.9937
0.993194
0.988675
0.986519
0.984982
0.972451
0.911188
0.877466
0.886248
0.907201
0.911973
0.911431
0.90771
0.905993
0.907716
0.916397
0.923535
0.933329
0.966363
0.989331
0.995626
0.997398
0.998043
0.998335
0.998589
0.998706
0.998647
0.998385
0.997833
0.996879
0.995354
0.993199
0.99105
0.989521
0.987924
0.985713
0.983384
0.981531
0.980148
0.978499
0.977343
0.976516
0.97599
0.975313
0.974648
0.973814
0.972838
0.971755
0.971163
0.970952
0.971488
0.972352
0.973199
0.973738
0.973777
0.972119
0.964156
0.950589
0.942575
0.941621
0.952574
0.969378
0.964865
0.931061
0.917861
0.910901
0.900146
0.890603
0.885457
0.883125
0.882347
0.882708
0.88508
0.890616
0.898854
0.905887
0.910552
0.913436
0.914937
0.915154
0.91475
0.913839
0.911472
0.906269
0.90107
0.897684
0.896908
0.897029
0.897249
0.899361
0.910559
0.928266
0.937247
0.943618
0.95482
0.968544
0.980529
0.988822
0.993858
0.996788
0.998419
0.999267
0.999629
0.999714
0.999689
0.999473
0.998592
0.995402
0.984673
0.97185
0.963441
0.959765
0.959045
0.959244
0.960793
0.966903
0.974993
0.979783
0.983046
0.985251
0.986044
0.986038
0.985651
0.983838
0.976951
0.954633
0.934646
0.926295
0.924697
0.926068
0.933727
0.954716
0.97393
0.98577
0.991813
0.995072
0.996738
0.997417
0.997331
0.996317
0.991584
0.973174
0.843112
0.833111
0.80185
0.778463
0.771589
0.769705
0.76887
0.768827
0.769015
0.769596
0.77031
0.771068
0.771795
0.772367
0.772693
0.7732
0.774124
0.775985
0.779595
0.787919
0.803042
0.831534
0.879947
0.917078
0.928351
0.928687
0.915261
0.876358
0.843112
0.788799
0.773124
0.78645
0.836397
0.861762
0.909923
0.96271
0.987431
0.994382
0.995109
0.993378
0.98994
0.989365
0.986273
0.962622
0.89424
0.873041
0.894098
0.909649
0.910937
0.909361
0.907549
0.908
0.912961
0.921614
0.930427
0.949892
0.981797
0.993507
0.996753
0.99771
0.998076
0.998284
0.998393
0.99828
0.997843
0.996924
0.995131
0.992781
0.990601
0.98892
0.987401
0.985437
0.982809
0.980484
0.97899
0.977705
0.977087
0.976484
0.976186
0.975845
0.975567
0.975099
0.974433
0.973482
0.972153
0.970355
0.96813
0.965806
0.96368
0.962323
0.962394
0.964899
0.969938
0.974081
0.975754
0.974008
0.960857
0.942831
0.93781
0.944055
0.964361
0.962863
0.93561
0.918052
0.90855
0.900882
0.896224
0.8926
0.889475
0.887364
0.88823
0.891411
0.897683
0.903608
0.908405
0.911594
0.913589
0.914247
0.91427
0.913892
0.912151
0.907993
0.903737
0.900787
0.899107
0.898739
0.89926
0.901997
0.912655
0.929938
0.938141
0.944984
0.957561
0.97186
0.983492
0.991197
0.995619
0.997931
0.999049
0.999578
0.999778
0.999811
0.999756
0.999453
0.998324
0.994454
0.982663
0.970818
0.96426
0.962038
0.961888
0.962675
0.966725
0.975704
0.981493
0.984398
0.98607
0.987368
0.987925
0.987933
0.987744
0.986798
0.982793
0.966117
0.941342
0.928422
0.924852
0.924813
0.927561
0.938007
0.957199
0.97296
0.984874
0.991902
0.995616
0.997334
0.99794
0.997802
0.996383
0.988895
0.840566
0.802625
0.773792
0.769904
0.769649
0.770581
0.771448
0.771955
0.772275
0.772409
0.772484
0.772561
0.772574
0.772466
0.772073
0.77171
0.772002
0.774148
0.780292
0.792868
0.816482
0.860053
0.906549
0.918737
0.919203
0.903515
0.866613
0.817599
0.784124
0.777902
0.794946
0.852008
0.875955
0.904488
0.96228
0.986675
0.994532
0.996051
0.995466
0.99322
0.99223
0.991826
0.987393
0.958409
0.88867
0.871718
0.894314
0.907162
0.908463
0.90722
0.906765
0.908295
0.913908
0.923466
0.93782
0.967734
0.989003
0.995337
0.997104
0.997706
0.99794
0.997955
0.997631
0.996762
0.995008
0.992776
0.990435
0.988632
0.987243
0.985913
0.984187
0.981469
0.979171
0.978036
0.977358
0.976956
0.976776
0.976617
0.976474
0.976276
0.976024
0.975739
0.975497
0.975108
0.974179
0.972474
0.96979
0.966363
0.963091
0.959982
0.956761
0.953471
0.951723
0.95632
0.966918
0.975401
0.977768
0.971888
0.948893
0.936558
0.940578
0.957753
0.958477
0.944736
0.927557
0.912771
0.905795
0.901421
0.899857
0.898909
0.899261
0.900284
0.902704
0.906133
0.90906
0.911125
0.91266
0.913144
0.913085
0.912547
0.911129
0.908532
0.905077
0.902199
0.901686
0.901772
0.902376
0.905074
0.916095
0.93198
0.939059
0.947213
0.960721
0.975425
0.986607
0.993648
0.997374
0.998929
0.999569
0.999822
0.999891
0.999884
0.999786
0.99935
0.997785
0.992348
0.979128
0.968926
0.964294
0.963276
0.963649
0.965988
0.972926
0.97993
0.984512
0.98668
0.98788
0.988733
0.988964
0.988898
0.988702
0.988169
0.985959
0.975618
0.949273
0.931895
0.925544
0.92477
0.925683
0.930175
0.942306
0.959085
0.973629
0.98501
0.992453
0.99628
0.997872
0.998273
0.997971
0.99516
0.824623
0.780525
0.770232
0.774647
0.778362
0.77755
0.776641
0.776067
0.775764
0.775646
0.775597
0.775159
0.773745
0.772105
0.771729
0.772185
0.774594
0.781599
0.798026
0.833134
0.883163
0.900877
0.904721
0.900008
0.868684
0.816536
0.791125
0.786779
0.792487
0.823927
0.873905
0.892768
0.910091
0.955538
0.984729
0.993943
0.996343
0.996471
0.995456
0.994287
0.994116
0.993774
0.989544
0.961359
0.890866
0.867817
0.882792
0.900361
0.902861
0.902819
0.903717
0.906498
0.912055
0.923188
0.946595
0.979621
0.992296
0.995918
0.997057
0.997454
0.99744
0.996841
0.995101
0.992273
0.990454
0.98893
0.987396
0.986291
0.98534
0.983806
0.981409
0.978972
0.977856
0.977331
0.977073
0.976859
0.976738
0.976568
0.976273
0.975908
0.975727
0.97568
0.975669
0.97569
0.975719
0.975521
0.974375
0.971009
0.966065
0.961229
0.956748
0.952092
0.947296
0.942421
0.940629
0.949673
0.968833
0.978883
0.978893
0.95895
0.939387
0.939677
0.948706
0.953459
0.950465
0.942257
0.929917
0.919158
0.91144
0.90781
0.906407
0.906532
0.907219
0.908768
0.910284
0.91158
0.912439
0.912726
0.912673
0.912102
0.910981
0.90897
0.90627
0.90487
0.904458
0.9046
0.905561
0.909253
0.922299
0.935148
0.94113
0.95046
0.965491
0.980077
0.990342
0.995791
0.998283
0.999343
0.999762
0.999906
0.999931
0.99991
0.999762
0.999127
0.996755
0.987962
0.974853
0.967519
0.964691
0.964656
0.966194
0.972274
0.979313
0.98454
0.98784
0.989208
0.990364
0.99085
0.990799
0.990465
0.989854
0.989177
0.987575
0.981165
0.958043
0.936765
0.927206
0.925127
0.925552
0.927747
0.933523
0.946219
0.961986
0.976017
0.986679
0.993612
0.997061
0.998317
0.998456
0.997573
0.813604
0.775719
0.776581
0.782929
0.780583
0.777595
0.775937
0.775042
0.774783
0.774415
0.77323
0.772986
0.77305
0.773579
0.776499
0.785161
0.805306
0.843576
0.867714
0.878091
0.880795
0.87503
0.836943
0.803246
0.795698
0.796271
0.807983
0.835492
0.871355
0.896761
0.907173
0.916965
0.940965
0.97666
0.990164
0.995433
0.996758
0.996643
0.995608
0.995135
0.995204
0.995153
0.992863
0.975942
0.911198
0.865671
0.866655
0.885201
0.890495
0.892274
0.89383
0.897889
0.904999
0.923951
0.958723
0.985295
0.993341
0.995846
0.996649
0.99669
0.99589
0.993459
0.990125
0.988198
0.9872
0.986374
0.985513
0.984799
0.983702
0.981676
0.979201
0.97791
0.977358
0.977099
0.976821
0.976496
0.975961
0.974927
0.974135
0.97387
0.973946
0.974567
0.975302
0.975809
0.97616
0.976561
0.976852
0.976583
0.973808
0.967442
0.960524
0.953537
0.947046
0.940518
0.934271
0.928265
0.930096
0.952657
0.97562
0.981944
0.975572
0.951746
0.942159
0.944111
0.948969
0.949047
0.947407
0.943967
0.937454
0.93035
0.924071
0.918737
0.91583
0.914725
0.914213
0.914281
0.914398
0.914388
0.914032
0.912898
0.912035
0.910356
0.90856
0.908053
0.908189
0.908846
0.910668
0.915785
0.929256
0.937379
0.943445
0.955397
0.971377
0.984975
0.993273
0.997342
0.999008
0.999639
0.999876
0.999949
0.999955
0.99992
0.999707
0.998797
0.995226
0.983467
0.972735
0.967407
0.96648
0.967267
0.971723
0.980615
0.986402
0.989909
0.991771
0.99238
0.992854
0.993007
0.992873
0.992467
0.991453
0.990533
0.98896
0.984373
0.965829
0.941694
0.929807
0.926241
0.926124
0.927418
0.930743
0.937076
0.950602
0.966515
0.979918
0.98943
0.995194
0.997834
0.998614
0.998433
0.810072
0.775683
0.78249
0.783578
0.778571
0.775382
0.773615
0.772676
0.772643
0.773803
0.775401
0.777657
0.784367
0.800232
0.823941
0.839363
0.849543
0.852663
0.851946
0.829239
0.811682
0.805527
0.804224
0.812757
0.834575
0.860362
0.888639
0.902701
0.907859
0.910684
0.9146
0.921722
0.9416
0.973087
0.987615
0.994313
0.996546
0.99678
0.996159
0.995549
0.995564
0.995709
0.995047
0.988765
0.9538
0.876578
0.859432
0.865796
0.875118
0.878448
0.880351
0.88605
0.898818
0.926022
0.968249
0.986899
0.993194
0.995219
0.995527
0.9944
0.991699
0.988931
0.986659
0.985647
0.985163
0.984808
0.984342
0.983673
0.982431
0.980271
0.978433
0.977589
0.97715
0.976772
0.976175
0.975097
0.973604
0.972869
0.972688
0.972924
0.973316
0.97412
0.975118
0.975891
0.976608
0.977227
0.977901
0.978524
0.978827
0.97747
0.971632
0.962496
0.951095
0.941274
0.934197
0.925966
0.916795
0.915257
0.930047
0.966815
0.980346
0.978984
0.96711
0.950064
0.944543
0.944629
0.946107
0.94649
0.945952
0.944611
0.942411
0.939252
0.93582
0.932329
0.928107
0.925052
0.922584
0.921198
0.91919
0.918047
0.916773
0.914346
0.913351
0.913371
0.91376
0.914982
0.917386
0.923397
0.933543
0.939654
0.948351
0.962704
0.978028
0.989442
0.995587
0.9983
0.999412
0.999813
0.999943
0.999974
0.99997
0.999916
0.999625
0.998368
0.993253
0.980418
0.971873
0.968889
0.968952
0.971332
0.979731
0.986904
0.990523
0.992414
0.99344
0.993729
0.993847
0.994263
0.994305
0.994009
0.992974
0.991897
0.990382
0.986674
0.972191
0.946591
0.9326
0.928116
0.927599
0.928114
0.930085
0.933672
0.941067
0.957025
0.972755
0.984733
0.992489
0.99675
0.998467
0.998721
0.808954
0.779117
0.78373
0.783476
0.777952
0.776341
0.776245
0.777711
0.781712
0.788403
0.797359
0.804986
0.814967
0.823692
0.827686
0.82917
0.827001
0.822637
0.820799
0.82176
0.8332
0.857869
0.885959
0.906228
0.921534
0.925787
0.925719
0.922118
0.918952
0.917385
0.917752
0.919348
0.925642
0.945407
0.969547
0.985422
0.993526
0.996268
0.99653
0.995969
0.995664
0.995799
0.995765
0.994039
0.982578
0.933794
0.864197
0.857078
0.860011
0.864046
0.866583
0.873427
0.890346
0.923314
0.968035
0.986288
0.991944
0.993137
0.99215
0.989612
0.987684
0.985824
0.984514
0.984064
0.983897
0.983799
0.983566
0.982919
0.981466
0.979402
0.977813
0.977098
0.976576
0.975795
0.974617
0.973471
0.97257
0.972443
0.97263
0.973096
0.973635
0.974468
0.975536
0.976783
0.977992
0.979115
0.980274
0.980891
0.981449
0.982152
0.981803
0.978259
0.96815
0.951588
0.937545
0.929691
0.917884
0.905408
0.901881
0.909233
0.946964
0.974309
0.979236
0.975981
0.962478
0.950223
0.945292
0.944144
0.943835
0.943987
0.94383
0.943426
0.942608
0.940509
0.939373
0.936978
0.934935
0.932157
0.929635
0.927973
0.924791
0.92206
0.921212
0.921242
0.921661
0.923062
0.925052
0.929767
0.93697
0.94385
0.955404
0.970895
0.984528
0.993034
0.997443
0.999208
0.999758
0.999927
0.999977
0.999986
0.999977
0.999903
0.999519
0.997823
0.990535
0.978687
0.972343
0.971046
0.971913
0.977502
0.985957
0.990357
0.992677
0.99394
0.994357
0.994167
0.994152
0.994465
0.995319
0.99528
0.994538
0.993135
0.991647
0.988441
0.977263
0.951385
0.935524
0.929834
0.928914
0.929153
0.93026
0.932457
0.936795
0.94779
0.965274
0.979701
0.989498
0.995203
0.998003
0.998832
0.809452
0.780292
0.784891
0.785662
0.78411
0.784113
0.786162
0.790702
0.797777
0.805869
0.812588
0.817902
0.822613
0.827708
0.830153
0.832791
0.838994
0.855114
0.886966
0.91406
0.936331
0.947382
0.951758
0.954728
0.958421
0.962088
0.965681
0.967368
0.961241
0.950904
0.936435
0.925358
0.920419
0.920229
0.930048
0.955982
0.979156
0.991184
0.995605
0.996304
0.995962
0.995764
0.99582
0.995544
0.992317
0.975567
0.912126
0.862149
0.855562
0.855139
0.856458
0.860737
0.875915
0.9144
0.964471
0.983984
0.988145
0.988692
0.987773
0.985817
0.984847
0.983968
0.983322
0.983147
0.983138
0.983113
0.982888
0.982211
0.980765
0.979022
0.977798
0.977049
0.97638
0.975494
0.974564
0.973497
0.972935
0.97316
0.973813
0.974862
0.975779
0.97681
0.977938
0.979222
0.980688
0.982193
0.984309
0.986117
0.987236
0.988637
0.989143
0.989023
0.987431
0.979682
0.95798
0.940733
0.9289
0.911131
0.894595
0.88952
0.893596
0.923555
0.962987
0.977824
0.979063
0.975225
0.960923
0.949784
0.945386
0.942653
0.941538
0.940985
0.94047
0.939898
0.938729
0.937393
0.936553
0.934829
0.933356
0.93206
0.930143
0.928326
0.92751
0.92741
0.92752
0.928077
0.92961
0.934007
0.941191
0.951105
0.965556
0.98036
0.991021
0.996723
0.998908
0.999661
0.999899
0.999972
0.999991
0.999992
0.999979
0.999886
0.999406
0.997209
0.988355
0.977992
0.973816
0.973602
0.975754
0.983882
0.989984
0.993252
0.994949
0.99541
0.994794
0.994022
0.993971
0.994271
0.995646
0.996111
0.995834
0.994517
0.992894
0.989892
0.980799
0.95594
0.93842
0.9315
0.929953
0.92998
0.930582
0.932206
0.935049
0.941516
0.957692
0.974386
0.98628
0.993464
0.997247
0.998722
0.813441
0.781678
0.787009
0.789946
0.788393
0.78899
0.793407
0.798241
0.803545
0.812314
0.819238
0.823966
0.830589
0.839227
0.850741
0.876614
0.908913
0.932255
0.942196
0.945771
0.946627
0.944505
0.942891
0.943276
0.947607
0.956347
0.968359
0.980099
0.986218
0.98957
0.98757
0.97405
0.950341
0.926263
0.916746
0.918208
0.938067
0.970142
0.987979
0.994754
0.996069
0.995866
0.995705
0.995681
0.994985
0.989735
0.967148
0.894153
0.860603
0.854446
0.85295
0.854225
0.863023
0.894152
0.955543
0.979121
0.984181
0.985047
0.984651
0.983357
0.982883
0.982781
0.982685
0.982663
0.982689
0.982684
0.982495
0.981818
0.980458
0.979046
0.977891
0.977141
0.976485
0.975664
0.974886
0.974262
0.974542
0.975447
0.976708
0.977428
0.978169
0.979333
0.980747
0.982613
0.985012
0.987511
0.990162
0.99266
0.995055
0.996797
0.99743
0.997361
0.9969
0.995429
0.990424
0.971756
0.951097
0.931656
0.906124
0.885658
0.879796
0.882727
0.90742
0.954565
0.975206
0.98119
0.980423
0.974952
0.960219
0.949726
0.944517
0.941793
0.939554
0.938285
0.936928
0.936086
0.935427
0.934447
0.933596
0.932732
0.931477
0.930276
0.929698
0.929622
0.929753
0.930415
0.932724
0.939696
0.949904
0.962184
0.976659
0.988458
0.995464
0.99846
0.999522
0.999859
0.99996
0.99999
0.999996
0.999995
0.999978
0.999869
0.999302
0.996635
0.986907
0.978402
0.975962
0.976365
0.980563
0.988322
0.992994
0.995546
0.996199
0.996013
0.994468
0.992511
0.992443
0.993165
0.995527
0.996574
0.996528
0.995711
0.994044
0.991147
0.983218
0.95988
0.941256
0.933154
0.930839
0.930635
0.931032
0.932411
0.934539
0.938761
0.950393
0.968478
0.982495
0.991379
0.996256
0.998432
0.817621
0.784155
0.788068
0.792223
0.790526
0.791487
0.797111
0.803231
0.808904
0.817213
0.826152
0.834106
0.847594
0.873427
0.901773
0.921835
0.93089
0.933756
0.933865
0.92506
0.921033
0.918468
0.918327
0.917673
0.917626
0.92155
0.931275
0.956457
0.979207
0.990438
0.995421
0.99708
0.99529
0.983007
0.947958
0.919123
0.913623
0.924208
0.960799
0.984853
0.993904
0.995784
0.995689
0.995536
0.995371
0.993977
0.986284
0.95743
0.885212
0.859303
0.853336
0.853133
0.856472
0.875153
0.935449
0.970841
0.980625
0.982533
0.982503
0.981901
0.981635
0.981846
0.98227
0.982389
0.982441
0.982484
0.982356
0.981739
0.980434
0.979141
0.978116
0.977388
0.976823
0.976185
0.975994
0.976231
0.977022
0.977561
0.977822
0.978092
0.978708
0.980281
0.982969
0.986352
0.989984
0.993244
0.995744
0.997465
0.998497
0.999095
0.999404
0.999456
0.999401
0.999165
0.998415
0.995798
0.985438
0.965272
0.93808
0.904641
0.880001
0.873052
0.875417
0.894777
0.945533
0.971563
0.981601
0.983229
0.981811
0.976102
0.96226
0.951892
0.945448
0.941675
0.93884
0.937199
0.936102
0.934945
0.934067
0.933239
0.932271
0.931529
0.931416
0.931563
0.932209
0.934164
0.939967
0.951233
0.961056
0.973841
0.986345
0.994578
0.998101
0.999382
0.999813
0.999947
0.999986
0.999996
0.999998
0.999996
0.999977
0.999856
0.999212
0.996073
0.986227
0.979582
0.978347
0.979418
0.985126
0.991511
0.995245
0.996643
0.99679
0.996209
0.992877
0.988691
0.988577
0.990293
0.994767
0.996714
0.996917
0.996501
0.995085
0.992273
0.98521
0.963507
0.943922
0.934562
0.931572
0.931236
0.931619
0.932917
0.934762
0.937767
0.945116
0.962354
0.978057
0.988707
0.994886
0.997896
0.81985
0.786698
0.789549
0.797799
0.797738
0.798217
0.803584
0.80754
0.813811
0.82467
0.838869
0.855056
0.88036
0.907086
0.922034
0.928706
0.930381
0.927854
0.925401
0.925044
0.929674
0.932821
0.931606
0.924673
0.91858
0.91818
0.923073
0.937992
0.967191
0.985136
0.993719
0.997508
0.998951
0.998887
0.995472
0.97142
0.926383
0.91256
0.918966
0.954991
0.983175
0.993335
0.995442
0.995485
0.995332
0.99488
0.992393
0.981575
0.942489
0.879406
0.858595
0.854041
0.855571
0.865102
0.911506
0.959791
0.976471
0.98053
0.981177
0.980981
0.980896
0.981153
0.981901
0.982214
0.982315
0.982351
0.982239
0.981616
0.980408
0.979317
0.978457
0.977916
0.977569
0.977356
0.977461
0.977761
0.97791
0.977859
0.977586
0.977379
0.977684
0.979481
0.98313
0.987176
0.991168
0.994528
0.996917
0.998391
0.999197
0.999603
0.999799
0.999874
0.999881
0.999857
0.99976
0.99943
0.998121
0.99327
0.979731
0.949251
0.908332
0.878611
0.869586
0.871163
0.887404
0.938065
0.968897
0.981288
0.985779
0.985896
0.984467
0.979709
0.967908
0.95753
0.950209
0.945507
0.942029
0.939584
0.938289
0.936762
0.935648
0.935607
0.935852
0.936665
0.938605
0.943122
0.954687
0.962858
0.972873
0.985447
0.99417
0.99787
0.99928
0.999773
0.999934
0.999982
0.999995
0.999999
0.999999
0.999997
0.999977
0.99985
0.999156
0.995655
0.986185
0.981363
0.980889
0.982584
0.98859
0.993933
0.996774
0.997505
0.997271
0.996004
0.990042
0.982046
0.981834
0.98513
0.993018
0.996488
0.99713
0.996927
0.995862
0.993221
0.98659
0.966014
0.945984
0.935873
0.932301
0.931851
0.932425
0.933938
0.935431
0.937926
0.942871
0.956072
0.973067
0.985484
0.993073
0.997052
0.823743
0.790055
0.789626
0.800146
0.801069
0.80326
0.812053
0.819579
0.824248
0.839655
0.860403
0.879238
0.901393
0.91797
0.925874
0.928573
0.928274
0.926517
0.92878
0.938655
0.946191
0.944722
0.942308
0.9381
0.927823
0.923947
0.92431
0.935381
0.965093
0.984454
0.993506
0.997333
0.999093
0.999676
0.999641
0.998076
0.983338
0.932475
0.913287
0.918761
0.955155
0.983637
0.993198
0.995131
0.99525
0.995067
0.994199
0.990202
0.974836
0.928252
0.877561
0.859744
0.857397
0.862965
0.892205
0.944752
0.970081
0.978202
0.98016
0.980394
0.98046
0.980728
0.981567
0.982058
0.982223
0.982235
0.982091
0.981429
0.980388
0.979475
0.978785
0.978347
0.97821
0.978123
0.978058
0.978058
0.977873
0.976714
0.973774
0.971493
0.971095
0.973262
0.979699
0.985792
0.990798
0.994515
0.996997
0.998484
0.999288
0.999685
0.999867
0.999943
0.999969
0.999971
0.999962
0.999923
0.999762
0.999081
0.996689
0.989856
0.96935
0.918836
0.881396
0.869897
0.870921
0.886247
0.935543
0.967727
0.981535
0.987449
0.98908
0.988935
0.987733
0.983574
0.975492
0.967757
0.960094
0.954962
0.951411
0.947901
0.946211
0.9462
0.946733
0.948261
0.951588
0.960565
0.968125
0.974235
0.985728
0.99407
0.997787
0.999239
0.999755
0.999926
0.999979
0.999994
0.999999
1
0.999999
0.999997
0.999977
0.999849
0.999127
0.995303
0.986753
0.983255
0.983197
0.985279
0.990973
0.995707
0.997746
0.997967
0.997411
0.995151
0.986648
0.973375
0.973068
0.978355
0.990492
0.995932
0.997213
0.997188
0.996416
0.993987
0.987542
0.967851
0.947817
0.936922
0.933087
0.932701
0.933269
0.93527
0.937174
0.939012
0.942626
0.951128
0.967905
0.981905
0.990997
0.995993
0.832056
0.796005
0.789817
0.804008
0.807681
0.809201
0.818753
0.827027
0.836756
0.852298
0.873233
0.893322
0.911007
0.922039
0.926594
0.927697
0.926438
0.926566
0.934706
0.944865
0.945836
0.943654
0.941369
0.938888
0.929986
0.925624
0.927945
0.941387
0.971516
0.989083
0.996237
0.998661
0.999449
0.999827
0.99992
0.99984
0.998465
0.984324
0.932322
0.914407
0.921918
0.960731
0.985837
0.993492
0.994957
0.995015
0.994697
0.993146
0.986901
0.964912
0.919833
0.879033
0.864593
0.866055
0.882468
0.933026
0.964241
0.975717
0.979184
0.979988
0.980177
0.980485
0.98132
0.981891
0.982106
0.982119
0.981977
0.981348
0.980386
0.979577
0.978983
0.978611
0.978399
0.97821
0.978188
0.977987
0.97609
0.968662
0.958153
0.951344
0.950531
0.956167
0.969531
0.980431
0.988385
0.993587
0.996688
0.998395
0.999271
0.999688
0.999874
0.999952
0.999982
0.999991
0.999992
0.999988
0.999969
0.999877
0.999499
0.998243
0.994613
0.982486
0.934475
0.887176
0.873061
0.873773
0.888716
0.935371
0.966912
0.981779
0.988476
0.991274
0.991871
0.991768
0.990943
0.987625
0.9812
0.976512
0.973072
0.968534
0.965059
0.964441
0.964799
0.966173
0.970538
0.97567
0.979222
0.987448
0.994581
0.997929
0.999279
0.999765
0.999927
0.999979
0.999994
0.999998
1
1
1
0.999997
0.999978
0.999849
0.9991
0.995039
0.987529
0.984998
0.985189
0.987602
0.993093
0.996921
0.998222
0.998246
0.997436
0.99455
0.984815
0.969621
0.966041
0.971578
0.987362
0.995121
0.997118
0.99725
0.99675
0.994701
0.988688
0.969729
0.949199
0.937853
0.934224
0.93398
0.934435
0.935954
0.938995
0.941257
0.943698
0.948911
0.962598
0.978157
0.988777
0.994841
0.839743
0.809641
0.792111
0.800486
0.814631
0.817789
0.829617
0.84021
0.851189
0.865369
0.88344
0.902127
0.916265
0.923887
0.92724
0.927535
0.926358
0.926387
0.931657
0.936546
0.935249
0.935292
0.935725
0.934587
0.928967
0.925673
0.929238
0.951716
0.981843
0.993891
0.998036
0.999374
0.999794
0.99993
0.999975
0.999975
0.999838
0.997841
0.977409
0.926803
0.915613
0.928281
0.968877
0.988434
0.993868
0.994815
0.994763
0.994129
0.991472
0.981638
0.95333
0.915713
0.88649
0.877174
0.885606
0.919693
0.956644
0.972688
0.978116
0.979632
0.980006
0.98036
0.981124
0.981748
0.982022
0.982042
0.98191
0.981291
0.980371
0.97961
0.979061
0.978684
0.978404
0.978387
0.978343
0.976163
0.964881
0.939978
0.924926
0.92106
0.923703
0.938964
0.959614
0.975115
0.98579
0.992458
0.996254
0.998252
0.999229
0.999678
0.999873
0.999952
0.999983
0.999994
0.999997
0.999997
0.999995
0.999982
0.999922
0.999702
0.999005
0.996591
0.985752
0.936634
0.889301
0.876609
0.87795
0.89507
0.938524
0.96708
0.98201
0.989262
0.992748
0.994089
0.994489
0.994501
0.993995
0.991574
0.988225
0.984853
0.981622
0.980551
0.980716
0.982039
0.983531
0.985548
0.990923
0.995895
0.998362
0.999411
0.999804
0.999938
0.999981
0.999995
0.999999
1
1
1
1
0.999997
0.999978
0.999849
0.999085
0.994912
0.988442
0.986644
0.987014
0.989699
0.994506
0.997612
0.998636
0.998555
0.99752
0.994418
0.984163
0.9689
0.963241
0.966431
0.982745
0.993787
0.996854
0.997201
0.996806
0.995006
0.989273
0.97088
0.950648
0.939494
0.935648
0.935121
0.93539
0.936697
0.940692
0.943796
0.945726
0.949123
0.958143
0.974338
0.986456
0.993624
0.842155
0.831158
0.797157
0.795275
0.815214
0.821384
0.830957
0.845474
0.858267
0.872387
0.888513
0.904355
0.916435
0.923697
0.927507
0.927749
0.926778
0.926589
0.927665
0.928432
0.929181
0.932707
0.934293
0.932684
0.925184
0.925015
0.93397
0.965725
0.98746
0.996008
0.998827
0.999665
0.999901
0.999968
0.99999
0.999994
0.999979
0.999655
0.995567
0.961561
0.921575
0.918481
0.941353
0.977584
0.990912
0.994212
0.994651
0.994449
0.993267
0.988734
0.973854
0.943476
0.915919
0.901372
0.899614
0.91767
0.952866
0.970343
0.977156
0.979314
0.979907
0.980323
0.981
0.981634
0.981943
0.981979
0.981846
0.981178
0.980286
0.97959
0.979051
0.978642
0.978456
0.978458
0.977121
0.963184
0.927985
0.915414
0.912622
0.913078
0.917246
0.934435
0.956776
0.973606
0.985061
0.992139
0.99613
0.998213
0.999219
0.999676
0.999873
0.999953
0.999983
0.999994
0.999998
0.999999
0.999999
0.999997
0.999986
0.999941
0.999782
0.999171
0.996274
0.980616
0.92435
0.887307
0.879536
0.882452
0.904601
0.943049
0.967933
0.982132
0.989747
0.993674
0.995513
0.99636
0.996764
0.996868
0.996775
0.996277
0.99464
0.992747
0.992432
0.992577
0.993259
0.995407
0.997699
0.998999
0.999613
0.999864
0.999956
0.999986
0.999996
0.999999
1
1
1
1
1
0.999997
0.999978
0.99985
0.999081
0.994928
0.989386
0.988049
0.988478
0.991035
0.995415
0.998153
0.998909
0.998795
0.997824
0.994759
0.984321
0.968937
0.962428
0.963083
0.976008
0.9912
0.996194
0.997004
0.996715
0.994982
0.989235
0.971307
0.952049
0.941045
0.936797
0.936053
0.936308
0.937872
0.942817
0.946476
0.948242
0.950337
0.955796
0.970585
0.984202
0.992421
0.838896
0.846167
0.81839
0.797827
0.802146
0.821573
0.828629
0.844069
0.857633
0.871837
0.887668
0.903136
0.915158
0.922754
0.92699
0.92851
0.928357
0.927814
0.928091
0.928719
0.930794
0.933949
0.933703
0.927807
0.921635
0.92509
0.947874
0.98092
0.994433
0.998464
0.999588
0.999888
0.999967
0.999989
0.999996
0.999998
0.999997
0.999939
0.999003
0.989088
0.942193
0.918957
0.922779
0.95655
0.984137
0.992562
0.994361
0.994456
0.993981
0.991807
0.984382
0.963689
0.938698
0.922663
0.918644
0.923288
0.947597
0.96822
0.976375
0.97906
0.979873
0.980326
0.980964
0.981565
0.981863
0.981892
0.981733
0.980925
0.980048
0.979423
0.978883
0.978673
0.978943
0.978406
0.966009
0.926917
0.913719
0.911379
0.911314
0.912246
0.916584
0.932857
0.955707
0.973041
0.98479
0.992019
0.996088
0.998201
0.999226
0.999686
0.999879
0.999955
0.999984
0.999995
0.999998
0.999999
1
0.999999
0.999997
0.999986
0.999938
0.999726
0.998651
0.992919
0.961633
0.907745
0.884802
0.882025
0.887686
0.916064
0.948683
0.96969
0.982532
0.990048
0.994224
0.996382
0.997467
0.998083
0.998458
0.998664
0.998701
0.998561
0.99852
0.998576
0.998774
0.999203
0.999573
0.999806
0.999923
0.999973
0.999991
0.999997
0.999999
1
1
1
1
1
1
0.999997
0.999979
0.999854
0.999085
0.995051
0.990257
0.989185
0.989609
0.992169
0.99624
0.998464
0.999111
0.999088
0.998598
0.996532
0.98755
0.970894
0.962468
0.961778
0.968494
0.986217
0.994619
0.996492
0.996408
0.994806
0.988934
0.971054
0.952825
0.942324
0.938013
0.937257
0.937581
0.939678
0.945694
0.949561
0.951125
0.952412
0.955672
0.967
0.981925
0.991185
0.837409
0.853666
0.863087
0.831412
0.805596
0.8079
0.814249
0.828579
0.85044
0.867409
0.884039
0.89965
0.911892
0.920378
0.925579
0.928084
0.929039
0.929919
0.930385
0.931374
0.933766
0.933731
0.930347
0.918194
0.918664
0.930097
0.968753
0.990629
0.997388
0.999313
0.999823
0.999954
0.999987
0.999996
0.999999
0.999999
0.999999
0.999988
0.999752
0.996789
0.970892
0.927593
0.920416
0.934451
0.972516
0.989024
0.993581
0.994348
0.994218
0.99318
0.989369
0.977141
0.955872
0.939582
0.933467
0.934321
0.947729
0.966839
0.975741
0.978881
0.979907
0.980413
0.980977
0.981515
0.981752
0.981757
0.981516
0.980634
0.979815
0.979148
0.978825
0.978974
0.978846
0.971521
0.932287
0.914758
0.911667
0.911607
0.912057
0.913319
0.917253
0.932346
0.955394
0.972897
0.984739
0.992009
0.996111
0.998242
0.99926
0.999708
0.999891
0.999961
0.999987
0.999996
0.999999
1
1
1
0.999999
0.999995
0.999976
0.999875
0.999335
0.99645
0.981282
0.930268
0.89447
0.884029
0.88461
0.896252
0.929578
0.955886
0.973275
0.984288
0.990996
0.99491
0.997062
0.998181
0.998806
0.999206
0.999434
0.999553
0.999625
0.999678
0.999748
0.999836
0.999912
0.99996
0.999984
0.999994
0.999998
0.999999
1
1
1
1
1
1
1
0.999997
0.99998
0.999859
0.999106
0.995255
0.991108
0.99023
0.990658
0.993128
0.996801
0.998748
0.999263
0.999276
0.999107
0.998483
0.994523
0.977044
0.963803
0.961415
0.964059
0.977701
0.990877
0.995248
0.995706
0.994324
0.988196
0.970339
0.953439
0.943841
0.939416
0.938725
0.939237
0.942513
0.949505
0.952971
0.954062
0.954664
0.95643
0.964485
0.979983
0.990138
0.842822
0.85546
0.875536
0.898597
0.905684
0.885726
0.880222
0.84456
0.832636
0.840978
0.865667
0.889212
0.904531
0.915119
0.922325
0.926278
0.928527
0.929518
0.930682
0.932488
0.932278
0.929301
0.915745
0.913675
0.920145
0.952654
0.984458
0.995556
0.998841
0.999709
0.999928
0.999982
0.999995
0.999999
1
1
1
0.999998
0.999937
0.998975
0.9892
0.943982
0.920008
0.922264
0.952561
0.982153
0.991805
0.994029
0.994218
0.993802
0.991823
0.985333
0.968855
0.952893
0.944963
0.944347
0.949691
0.965918
0.975237
0.978813
0.980098
0.980624
0.981054
0.981476
0.981633
0.981609
0.981274
0.980406
0.979603
0.979036
0.97896
0.97905
0.976954
0.948528
0.919022
0.913283
0.913796
0.91488
0.915769
0.916886
0.919847
0.932551
0.955604
0.973288
0.985167
0.992375
0.996344
0.998359
0.999313
0.999732
0.999903
0.999967
0.999989
0.999997
0.999999
1
1
1
1
0.999998
0.999988
0.999927
0.999588
0.997775
0.988633
0.948867
0.905602
0.887902
0.885553
0.889767
0.912962
0.943654
0.964701
0.978543
0.987329
0.992724
0.99592
0.99773
0.998715
0.999251
0.999556
0.999733
0.999832
0.999889
0.999929
0.999958
0.999979
0.999991
0.999996
0.999999
1
1
1
1
1
1
1
1
1
0.999998
0.999981
0.999865
0.999132
0.995497
0.991877
0.991121
0.991469
0.993674
0.997238
0.998886
0.99932
0.999336
0.999235
0.998981
0.997764
0.986783
0.967666
0.961567
0.962363
0.96989
0.983089
0.992091
0.994254
0.993258
0.986507
0.968629
0.954098
0.945153
0.940938
0.940663
0.941649
0.94632
0.953647
0.956637
0.956871
0.956791
0.957593
0.963243
0.978467
0.989415
0.995778
0.992864
0.992755
0.992558
0.987521
0.98515
0.9901
0.989722
0.916155
0.848919
0.848208
0.8575
0.87476
0.896867
0.912222
0.920345
0.92487
0.927086
0.929074
0.928651
0.924929
0.910996
0.90792
0.912381
0.938164
0.978829
0.993606
0.998228
0.999539
0.999886
0.999972
0.999993
0.999998
1
1
1
1
1
0.999986
0.999714
0.996475
0.969497
0.926641
0.918878
0.931164
0.970154
0.988123
0.993199
0.994119
0.994028
0.993057
0.989568
0.979014
0.964017
0.954732
0.952443
0.95411
0.964588
0.974594
0.978715
0.98026
0.980785
0.981152
0.981425
0.981511
0.981468
0.981072
0.980216
0.979445
0.979072
0.979134
0.978765
0.968027
0.928824
0.916555
0.917852
0.920728
0.921189
0.921289
0.921725
0.923851
0.934568
0.957715
0.975235
0.98658
0.993225
0.996798
0.998576
0.999403
0.999765
0.999914
0.999971
0.999991
0.999997
0.999999
1
1
1
1
0.999999
0.999993
0.999951
0.99971
0.998403
0.991935
0.961331
0.916266
0.893776
0.888241
0.889714
0.902648
0.933406
0.957005
0.973181
0.983785
0.990476
0.994555
0.996969
0.998358
0.999131
0.999545
0.999763
0.999877
0.999936
0.999968
0.999985
0.999993
0.999997
0.999999
1
1
1
1
1
1
1
1
1
1
0.999998
0.999981
0.99987
0.999156
0.995757
0.992547
0.991845
0.992134
0.994159
0.997508
0.999011
0.99936
0.999364
0.999278
0.999155
0.998728
0.995337
0.975953
0.962869
0.961618
0.965294
0.974845
0.984391
0.99008
0.990299
0.983429
0.967188
0.955358
0.947025
0.944
0.944203
0.945678
0.951021
0.958699
0.961137
0.960463
0.95889
0.959172
0.963139
0.976876
0.988426
0.999964
0.999902
0.999844
0.999769
0.999487
0.999199
0.999188
0.999068
0.996368
0.981988
0.947838
0.890817
0.878802
0.880091
0.884987
0.892884
0.901893
0.909311
0.909552
0.906938
0.900706
0.90089
0.906474
0.931448
0.974535
0.991783
0.997596
0.999349
0.999835
0.99996
0.99999
0.999998
0.999999
1
1
1
1
1
0.999997
0.999927
0.99895
0.989776
0.945826
0.920829
0.921667
0.948437
0.980371
0.99113
0.993742
0.99402
0.993661
0.991885
0.986244
0.973736
0.963592
0.959726
0.959883
0.964959
0.974098
0.978536
0.980312
0.980927
0.981231
0.981395
0.981419
0.981338
0.980873
0.980034
0.979398
0.97926
0.979183
0.976949
0.948725
0.923053
0.922067
0.9289
0.930884
0.928362
0.926465
0.926453
0.928291
0.939193
0.961974
0.97837
0.988554
0.994359
0.997405
0.998877
0.999539
0.999819
0.999933
0.999977
0.999992
0.999998
0.999999
1
1
1
1
0.999999
0.999995
0.999966
0.999787
0.998785
0.993797
0.969661
0.92572
0.900794
0.892821
0.892796
0.899344
0.924594
0.950595
0.968856
0.981114
0.988962
0.993771
0.996599
0.998199
0.999069
0.99953
0.999771
0.999893
0.999952
0.99998
0.999992
0.999997
0.999999
1
1
1
1
1
1
1
1
1
1
1
0.999998
0.999982
0.999875
0.999193
0.996067
0.993136
0.992483
0.992731
0.994523
0.997743
0.999093
0.99938
0.999375
0.999287
0.999209
0.999069
0.998204
0.989725
0.96761
0.961499
0.962932
0.968568
0.976415
0.982428
0.983725
0.978534
0.966763
0.957471
0.950446
0.948512
0.948845
0.950207
0.9566
0.964552
0.966211
0.964216
0.960996
0.960864
0.963667
0.975689
0.987499
1
0.999999
0.999998
0.999996
0.999989
0.999971
0.999961
0.999941
0.999799
0.998793
0.994854
0.98301
0.956985
0.920584
0.900874
0.895012
0.894011
0.892618
0.891588
0.892731
0.896778
0.908998
0.943213
0.977568
0.992246
0.997581
0.999308
0.999816
0.999954
0.999989
0.999997
0.999999
1
1
1
1
1
1
0.999999
0.999984
0.99973
0.997015
0.975665
0.931412
0.921188
0.928554
0.964426
0.98618
0.992557
0.993863
0.993854
0.993105
0.99031
0.982327
0.972238
0.966485
0.965531
0.966835
0.972838
0.978043
0.980242
0.981012
0.981291
0.981396
0.981393
0.981267
0.980716
0.979926
0.97949
0.979428
0.979003
0.969835
0.935149
0.925308
0.933734
0.942402
0.941535
0.934317
0.930453
0.930095
0.931962
0.94408
0.966358
0.981565
0.990604
0.995536
0.998026
0.999184
0.999681
0.99988
0.999957
0.999985
0.999995
0.999998
1
1
1
1
1
1
0.999997
0.999977
0.999846
0.99907
0.995063
0.975473
0.933876
0.908365
0.899101
0.898352
0.902076
0.921363
0.948403
0.96762
0.980473
0.988666
0.99366
0.996576
0.99821
0.999095
0.999558
0.999792
0.999907
0.999961
0.999985
0.999995
0.999998
0.999999
1
1
1
1
1
1
1
1
1
1
1
0.999998
0.999983
0.99988
0.999239
0.996382
0.993652
0.992989
0.993168
0.994736
0.997852
0.999127
0.999387
0.999377
0.999287
0.999215
0.99915
0.998929
0.997136
0.979656
0.962693
0.961864
0.964719
0.970095
0.975135
0.976711
0.973728
0.966318
0.959629
0.954288
0.952581
0.952642
0.954274
0.963502
0.970212
0.970772
0.966902
0.962543
0.962128
0.964403
0.97549
0.987277
1
1
1
1
1
0.999999
0.999999
0.999998
0.99999
0.99993
0.999606
0.998369
0.994838
0.98821
0.973757
0.957725
0.94045
0.93294
0.934309
0.93991
0.954164
0.974268
0.988218
0.99539
0.998411
0.999507
0.99986
0.999963
0.999991
0.999998
0.999999
1
1
1
1
1
1
1
1
0.999997
0.999939
0.999214
0.993227
0.958503
0.926927
0.924261
0.93931
0.975174
0.989246
0.993154
0.99379
0.993616
0.992404
0.988452
0.980134
0.973325
0.970541
0.970639
0.973141
0.977679
0.980067
0.981038
0.981343
0.98141
0.981399
0.981258
0.980644
0.979929
0.979714
0.979537
0.978013
0.957332
0.932377
0.933387
0.946429
0.950676
0.948467
0.93914
0.933931
0.933132
0.934852
0.947135
0.969314
0.983933
0.992217
0.996485
0.99852
0.999419
0.999786
0.999925
0.999974
0.999991
0.999997
0.999999
1
1
1
1
1
1
0.999999
0.999988
0.999906
0.999363
0.996348
0.981209
0.942912
0.917732
0.908301
0.907436
0.910252
0.925474
0.950902
0.969399
0.981733
0.989536
0.994252
0.996974
0.998474
0.999262
0.999658
0.999847
0.999935
0.999974
0.99999
0.999997
0.999999
1
1
1
1
1
1
1
1
1
1
1
1
0.999998
0.999984
0.999888
0.999299
0.996747
0.994161
0.99337
0.993454
0.99484
0.997896
0.999138
0.999388
0.999376
0.999276
0.999204
0.99916
0.999081
0.998677
0.994293
0.968824
0.961511
0.963024
0.965753
0.969133
0.970617
0.969512
0.965764
0.960859
0.956829
0.955311
0.955405
0.960365
0.971005
0.974902
0.974195
0.967938
0.963455
0.963004
0.965128
0.975787
0.987429
1
1
1
1
1
1
1
1
1
0.999997
0.999978
0.999886
0.99957
0.998828
0.996982
0.994927
0.989856
0.988698
0.989219
0.990836
0.993977
0.996765
0.99854
0.999431
0.999803
0.999938
0.999982
0.999995
0.999999
1
1
1
1
1
1
1
1
1
1
0.999999
0.999988
0.999822
0.998206
0.987347
0.945703
0.926778
0.928137
0.951469
0.980742
0.9908
0.993366
0.993672
0.993352
0.991701
0.986792
0.980267
0.975885
0.974283
0.974721
0.977393
0.979861
0.981001
0.981409
0.981468
0.981445
0.981285
0.98063
0.980098
0.979942
0.979551
0.974834
0.947536
0.935233
0.941538
0.951769
0.953955
0.95257
0.943811
0.93721
0.935995
0.937642
0.949877
0.971621
0.985645
0.993342
0.997134
0.998848
0.999566
0.999845
0.999947
0.999982
0.999994
0.999998
0.999999
1
1
1
1
1
1
1
0.999996
0.999957
0.999653
0.997738
0.98756
0.956184
0.933665
0.925999
0.925746
0.929003
0.94383
0.96427
0.978428
0.987534
0.993097
0.996349
0.998163
0.999123
0.999603
0.999829
0.99993
0.999973
0.99999
0.999996
0.999999
1
1
1
1
1
1
1
1
1
1
1
1
1
0.999998
0.999985
0.999898
0.999371
0.997134
0.994545
0.993557
0.993575
0.994867
0.997895
0.999132
0.999385
0.999371
0.999244
0.999153
0.999137
0.999098
0.998962
0.998137
0.985246
0.96262
0.961991
0.964009
0.965416
0.966357
0.966143
0.964708
0.961283
0.958216
0.957553
0.959756
0.969491
0.97673
0.978153
0.975743
0.967986
0.964253
0.963991
0.966269
0.97694
0.988057
1
1
1
1
1
1
1
1
1
1
0.999999
0.999994
0.999975
0.999922
0.999793
0.999602
0.999121
0.999113
0.999172
0.999357
0.999597
0.999789
0.999905
0.999962
0.999987
0.999996
0.999999
1
1
1
1
1
1
1
1
1
1
1
1
1
0.999998
0.999965
0.99959
0.996701
0.97929
0.939062
0.928049
0.932178
0.960223
0.983862
0.991513
0.993374
0.99352
0.993108
0.991214
0.986438
0.981908
0.978956
0.977574
0.978153
0.979867
0.98099
0.981444
0.981579
0.981573
0.981385
0.98075
0.980502
0.980232
0.979316
0.969189
0.944031
0.939746
0.946727
0.953846
0.95515
0.954334
0.947277
0.939791
0.938373
0.940335
0.954213
0.975121
0.987843
0.994556
0.997743
0.999126
0.999681
0.999889
0.999962
0.999988
0.999996
0.999999
1
1
1
1
1
1
1
1
0.999999
0.999987
0.999885
0.999115
0.994376
0.975121
0.958819
0.954387
0.954875
0.95926
0.97258
0.983832
0.990879
0.995008
0.997358
0.998659
0.99935
0.999699
0.999867
0.999944
0.999977
0.999991
0.999997
0.999999
1
1
1
1
1
1
1
1
1
1
1
1
1
1
0.999998
0.999986
0.999906
0.999457
0.997555
0.994855
0.99367
0.993625
0.994769
0.997754
0.999071
0.999368
0.999356
0.999184
0.999043
0.999051
0.999073
0.99899
0.998738
0.996709
0.972007
0.960671
0.962958
0.964388
0.964632
0.964587
0.963975
0.961707
0.960226
0.961569
0.968948
0.976767
0.979881
0.979655
0.975295
0.967919
0.9653
0.965324
0.968064
0.978974
0.988971
1
1
1
1
1
1
1
1
1
1
1
1
0.999999
0.999997
0.999991
0.999977
0.999968
0.999969
0.999972
0.99998
0.999988
0.999994
0.999997
0.999999
1
1
1
1
1
1
1
1
1
1
1
1
1
1
1
1
1
0.999994
0.999917
0.99924
0.994859
0.971058
0.936049
0.928077
0.934085
0.964204
0.984836
0.991542
0.993215
0.993303
0.99289
0.991084
0.987212
0.984057
0.981943
0.980444
0.980602
0.981118
0.981555
0.9817
0.981715
0.981531
0.981174
0.980939
0.980485
0.978555
0.963561
0.944696
0.943173
0.949152
0.954411
0.955415
0.954928
0.949396
0.941675
0.940204
0.942633
0.958624
0.9788
0.990183
0.995819
0.998345
0.999384
0.999783
0.999928
0.999977
0.999993
0.999998
0.999999
1
1
1
1
1
1
1
1
1
0.999997
0.999974
0.999796
0.99865
0.992793
0.98663
0.985323
0.985729
0.988099
0.99232
0.995316
0.997243
0.998441
0.99916
0.99957
0.999791
0.999903
0.999957
0.999982
0.999992
0.999997
0.999999
1
1
1
1
1
1
1
1
1
1
1
1
1
1
1
0.999998
0.999986
0.999908
0.999511
0.997959
0.995217
0.993781
0.993637
0.994477
0.997345
0.99892
0.999328
0.999327
0.999105
0.998876
0.998895
0.998983
0.998952
0.998778
0.998487
0.9926
0.964556
0.961653
0.963735
0.964691
0.964576
0.964131
0.96337
0.965304
0.970762
0.976748
0.980214
0.980754
0.979439
0.973026
0.967962
0.966657
0.966958
0.969974
0.980465
0.98947
1
1
1
1
1
1
1
1
1
1
1
1
1
1
1
1
1
1
1
1
1
1
1
1
1
1
1
1
1
1
1
1
1
1
1
1
1
1
1
1
1
0.999999
0.999985
0.999846
0.998804
0.992938
0.964594
0.931802
0.924599
0.93135
0.962297
0.983432
0.99074
0.992795
0.992901
0.992554
0.991221
0.988312
0.985942
0.984228
0.982951
0.982275
0.982144
0.982078
0.981921
0.981688
0.981496
0.981237
0.980618
0.97766
0.960682
0.946907
0.945753
0.949787
0.954246
0.955344
0.955055
0.950736
0.943332
0.942031
0.945071
0.962732
0.981786
0.992012
0.996798
0.998796
0.999571
0.999854
0.999952
0.999985
0.999995
0.999999
1
1
1
1
1
1
1
1
1
1
1
0.999996
0.999971
0.999823
0.999008
0.99779
0.99741
0.997419
0.99762
0.998195
0.998762
0.999204
0.999523
0.999735
0.999863
0.999933
0.999969
0.999986
0.999994
0.999998
0.999999
1
1
1
1
1
1
1
1
1
1
1
1
1
1
1
1
0.999998
0.999986
0.999908
0.999555
0.998291
0.995486
0.993854
0.993595
0.994152
0.996759
0.998678
0.999256
0.99928
0.999024
0.998678
0.998703
0.998853
0.998838
0.998665
0.998623
0.998193
0.983297
0.963451
0.96344
0.964809
0.966074
0.966881
0.96926
0.972887
0.976868
0.979747
0.980719
0.980314
0.976386
0.970918
0.968573
0.968228
0.968694
0.971699
0.981584
0.98968
1
1
1
1
1
1
1
1
1
1
1
1
1
1
1
1
1
1
1
1
1
1
1
1
1
1
1
1
1
1
1
1
1
1
1
1
1
1
1
1
1
1
0.999998
0.999972
0.999756
0.998321
0.990964
0.958397
0.925067
0.916377
0.922551
0.952239
0.978267
0.988312
0.991655
0.992203
0.991913
0.990967
0.988932
0.987091
0.985629
0.984482
0.983591
0.982851
0.982268
0.981909
0.981706
0.981407
0.980649
0.977116
0.960499
0.949269
0.947678
0.94947
0.953364
0.955049
0.955007
0.951185
0.944665
0.943852
0.948123
0.967628
0.984562
0.993337
0.997365
0.99903
0.999663
0.999889
0.999965
0.999989
0.999997
0.999999
1
1
1
1
1
1
1
1
1
1
1
1
0.999997
0.999981
0.999901
0.999683
0.999569
0.999551
0.99956
0.999597
0.999687
0.999784
0.999865
0.999924
0.99996
0.99998
0.999991
0.999996
0.999998
0.999999
1
1
1
1
1
1
1
1
1
1
1
1
1
1
1
1
0.999999
0.999997
0.999985
0.999904
0.999566
0.998529
0.995807
0.993919
0.993586
0.993974
0.996136
0.998333
0.999137
0.999217
0.998944
0.998454
0.998505
0.998744
0.998733
0.998526
0.998513
0.998604
0.997828
0.978636
0.965212
0.96537
0.966814
0.969381
0.972363
0.975449
0.978105
0.979631
0.979472
0.976448
0.972561
0.970423
0.969624
0.969593
0.970101
0.97331
0.983031
0.990071
1
1
1
1
1
1
1
1
1
1
1
1
1
1
1
1
1
1
1
1
1
1
1
1
1
1
1
1
1
1
1
1
1
1
1
1
1
1
1
1
1
1
1
0.999996
0.999956
0.999657
0.997813
0.989024
0.952104
0.918277
0.904951
0.908777
0.928815
0.964606
0.981364
0.987971
0.990401
0.990385
0.989729
0.988221
0.986848
0.985604
0.984403
0.983293
0.982449
0.981979
0.981748
0.981447
0.980702
0.977323
0.962119
0.951593
0.949282
0.949612
0.952224
0.954888
0.955062
0.951205
0.945615
0.945521
0.952478
0.974088
0.988314
0.995223
0.998205
0.999368
0.99979
0.999933
0.99998
0.999994
0.999998
1
1
1
1
1
1
1
1
1
1
1
1
1
1
0.999998
0.999988
0.999953
0.999923
0.999914
0.999913
0.999916
0.999924
0.999945
0.999965
0.99998
0.99999
0.999995
0.999998
0.999999
1
1
1
1
1
1
1
1
1
1
1
1
1
1
1
1
1
1
0.999999
0.999997
0.999983
0.999897
0.999562
0.99863
0.996023
0.993968
0.993589
0.993911
0.995445
0.997839
0.998943
0.99913
0.998839
0.998173
0.99828
0.998668
0.998682
0.998482
0.998432
0.998466
0.998623
0.99553
0.977254
0.967849
0.967833
0.969486
0.972173
0.974831
0.976197
0.976011
0.974159
0.972301
0.971426
0.970888
0.97061
0.970572
0.971217
0.975855
0.985383
0.990911
1
1
1
1
1
1
1
1
1
1
1
1
1
1
1
1
1
1
1
1
1
1
1
1
1
1
1
1
1
1
1
1
1
1
1
1
1
1
1
1
1
1
1
0.999999
0.999993
0.999939
0.999559
0.997355
0.987678
0.947362
0.912884
0.895205
0.895169
0.904011
0.92849
0.960197
0.976162
0.983361
0.986502
0.986722
0.98635
0.985524
0.984398
0.983251
0.982318
0.98177
0.981521
0.981256
0.980619
0.977886
0.965758
0.955654
0.951988
0.95155
0.952736
0.95572
0.955645
0.950243
0.9459
0.94691
0.959017
0.980306
0.991922
0.997043
0.998981
0.999663
0.999892
0.999966
0.99999
0.999997
0.999999
1
1
1
1
1
1
1
1
1
1
1
1
1
1
1
0.999998
0.999992
0.999986
0.999983
0.999982
0.999982
0.999984
0.999987
0.999992
0.999995
0.999998
0.999999
0.999999
1
1
1
1
1
1
1
1
1
1
1
1
1
1
1
1
1
0.999999
0.999999
0.999998
0.999995
0.99998
0.999883
0.999533
0.998684
0.996263
0.994068
0.993628
0.993913
0.994965
0.997216
0.998648
0.999002
0.998666
0.997796
0.997999
0.998577
0.998606
0.998443
0.998412
0.99843
0.998464
0.998222
0.993412
0.979458
0.971098
0.970401
0.97164
0.972513
0.97266
0.972434
0.971844
0.971624
0.971671
0.971781
0.971399
0.971429
0.972955
0.980284
0.98823
0.992196
1
1
1
1
1
1
1
1
1
1
1
1
1
1
1
1
1
1
1
1
1
1
1
1
1
1
1
1
1
1
1
1
1
1
1
1
1
1
1
1
1
1
1
1
0.999999
0.99999
0.999918
0.999449
0.996992
0.986645
0.946434
0.907193
0.890574
0.886607
0.888735
0.896994
0.917654
0.938766
0.962171
0.973811
0.979504
0.982047
0.982272
0.98196
0.981215
0.980767
0.980549
0.98037
0.980014
0.978398
0.969846
0.959248
0.954699
0.954164
0.955861
0.957939
0.956326
0.94805
0.945799
0.948941
0.967526
0.985807
0.994476
0.998025
0.999338
0.999788
0.999935
0.99998
0.999994
0.999998
1
1
1
1
1
1
1
1
1
1
1
1
1
1
1
1
1
0.999999
0.999997
0.999996
0.999996
0.999996
0.999996
0.999997
0.999998
0.999999
0.999999
1
1
1
1
1
1
1
1
1
1
1
1
1
1
1
1
1
1
0.999999
0.999998
0.999997
0.999996
0.999993
0.999975
0.999862
0.999447
0.998708
0.996659
0.994271
0.993726
0.993996
0.994887
0.996534
0.998245
0.998811
0.998392
0.997316
0.997697
0.998484
0.998505
0.998393
0.998395
0.998424
0.998443
0.998462
0.997615
0.99321
0.983659
0.975641
0.97337
0.972935
0.972682
0.972481
0.972327
0.97258
0.973206
0.972895
0.972485
0.972991
0.976927
0.985413
0.990853
0.993432
1
1
1
1
1
1
1
1
1
1
1
1
1
1
1
1
1
1
1
1
1
1
1
1
1
1
1
1
1
1
1
1
1
1
1
1
1
1
1
1
1
1
1
1
1
0.999999
0.999987
0.999902
0.999401
0.997005
0.987651
0.95757
0.914512
0.895317
0.889017
0.888896
0.891177
0.897757
0.9065
0.920944
0.935249
0.952138
0.965631
0.97209
0.975131
0.976823
0.978013
0.978676
0.978696
0.978018
0.974411
0.964746
0.960131
0.959923
0.961107
0.960576
0.953648
0.946368
0.946288
0.954781
0.977733
0.990908
0.996688
0.998876
0.999636
0.999886
0.999966
0.99999
0.999997
0.999999
1
1
1
1
1
1
1
1
1
1
1
1
1
1
1
1
1
1
0.999999
0.999999
0.999999
0.999999
0.999999
0.999999
1
1
1
1
1
1
1
1
1
1
1
1
1
1
1
1
1
1
1
1
0.999999
0.999998
0.999994
0.999993
0.999992
0.999988
0.999967
0.99984
0.999388
0.998701
0.996844
0.994452
0.993863
0.994178
0.995029
0.995954
0.997734
0.998543
0.99798
0.996731
0.997427
0.99843
0.998456
0.998362
0.998371
0.998424
0.998441
0.998448
0.998356
0.997373
0.994245
0.988839
0.982891
0.978956
0.97702
0.976811
0.977298
0.977863
0.976457
0.974833
0.974908
0.976792
0.98322
0.989519
0.992911
0.994356
1
1
1
1
1
1
1
1
1
1
1
1
1
1
1
1
1
1
1
1
1
1
1
1
1
1
1
1
1
1
1
1
1
1
1
1
1
1
1
1
1
1
1
1
1
1
0.999998
0.999987
0.999911
0.999512
0.997794
0.991794
0.974057
0.951531
0.931694
0.921354
0.913518
0.909138
0.909231
0.910442
0.91275
0.917126
0.922551
0.929157
0.940998
0.955662
0.966183
0.972348
0.975345
0.975839
0.974896
0.97063
0.967889
0.967164
0.965887
0.958872
0.947518
0.94553
0.949037
0.968919
0.987435
0.995438
0.998439
0.99949
0.999839
0.999951
0.999985
0.999996
0.999999
1
1
1
1
1
1
1
1
1
1
1
1
1
1
1
1
1
1
1
1
1
1
1
1
1
1
1
1
1
1
1
1
1
1
1
1
1
1
1
1
1
1
1
1
0.999999
0.999997
0.999992
0.999986
0.999985
0.999984
0.99998
0.999956
0.999807
0.999316
0.998755
0.997306
0.994878
0.994186
0.994501
0.995359
0.995833
0.997112
0.998177
0.997355
0.995992
0.997162
0.99835
0.998395
0.998329
0.998352
0.998427
0.99844
0.99844
0.998438
0.99828
0.997514
0.995616
0.992903
0.990186
0.988217
0.987536
0.987054
0.985117
0.980928
0.979719
0.980432
0.98306
0.988717
0.99262
0.994358
0.994974
1
1
1
1
1
1
1
1
1
1
1
1
1
1
1
1
1
1
1
1
1
1
1
1
1
1
1
1
1
1
1
1
1
1
1
1
1
1
1
1
1
1
1
1
1
1
1
0.999999
0.99999
0.999942
0.999719
0.99885
0.995952
0.989444
0.983166
0.977488
0.974412
0.968254
0.960802
0.952662
0.939396
0.928961
0.924579
0.923984
0.924591
0.9266
0.931007
0.941364
0.954878
0.964627
0.967556
0.967307
0.966365
0.964409
0.955848
0.945584
0.944347
0.947393
0.966432
0.98617
0.994745
0.998133
0.999373
0.999799
0.999938
0.999981
0.999995
0.999998
1
1
1
1
1
1
1
1
1
1
1
1
1
1
1
1
1
1
1
1
1
1
1
1
1
1
1
1
1
1
1
1
1
1
1
1
1
1
1
1
1
1
1
1
0.999999
0.999997
0.999989
0.999973
0.999967
0.999968
0.999969
0.999966
0.999939
0.999766
0.999234
0.998754
0.997668
0.995353
0.99464
0.994995
0.995854
0.995932
0.996508
0.99768
0.996428
0.995063
0.996853
0.998234
0.998312
0.99828
0.998337
0.998429
0.998439
0.998426
0.998412
0.998396
0.998255
0.997771
0.996852
0.995642
0.994529
0.993814
0.992875
0.990038
0.986143
0.985682
0.986368
0.988891
0.992716
0.99462
0.99518
0.995334
1
1
1
1
1
1
1
1
1
1
1
1
1
1
1
1
1
1
1
1
1
1
1
1
1
1
1
1
1
1
1
1
1
1
1
1
1
1
1
1
1
1
1
1
1
1
1
1
0.999999
0.999995
0.999975
0.99989
0.999594
0.998634
0.997454
0.99628
0.995389
0.994522
0.99294
0.990596
0.987636
0.980556
0.970226
0.957518
0.944221
0.936134
0.934478
0.93477
0.93602
0.939898
0.943107
0.943843
0.942952
0.939022
0.938527
0.940306
0.949695
0.97436
0.98891
0.995609
0.998382
0.999439
0.999815
0.999942
0.999982
0.999995
0.999999
1
1
1
1
1
1
1
1
1
1
1
1
1
1
1
1
1
1
1
1
1
1
1
1
1
1
1
1
1
1
1
1
1
1
1
1
1
1
1
1
1
1
1
1
0.999999
0.999997
0.999987
0.999954
0.999927
0.999926
0.999934
0.999944
0.999942
0.999908
0.999687
0.999185
0.998817
0.998073
0.996071
0.99534
0.995696
0.996445
0.996162
0.9962
0.997002
0.995129
0.994017
0.996544
0.998149
0.998256
0.998233
0.998304
0.998427
0.998442
0.998413
0.998384
0.998384
0.99837
0.998275
0.998026
0.997598
0.997084
0.996567
0.99571
0.993262
0.99046
0.990343
0.990955
0.993165
0.995072
0.995571
0.995536
0.995521
1
1
1
1
1
1
1
1
1
1
1
1
1
1
1
1
1
1
1
1
1
1
1
1
1
1
1
1
1
1
1
1
1
1
1
1
1
1
1
1
1
1
1
1
1
1
1
1
1
1
0.999999
0.999993
0.999973
0.999897
0.999766
0.99963
0.9995
0.999401
0.999219
0.998897
0.998461
0.997593
0.995388
0.993132
0.988949
0.981758
0.973363
0.964455
0.956478
0.951995
0.950533
0.950452
0.951003
0.95347
0.962453
0.978014
0.988778
0.994849
0.997835
0.999157
0.999693
0.999894
0.999965
0.999989
0.999997
0.999999
1
1
1
1
1
1
1
1
1
1
1
1
1
1
1
1
1
1
1
1
1
1
1
1
1
1
1
1
1
1
1
1
1
1
1
1
1
1
1
1
1
1
1
1
0.999999
0.999997
0.999987
0.999952
0.999863
0.999837
0.999844
0.999875
0.999906
0.999906
0.999854
0.999566
0.999255
0.999047
0.998621
0.997117
0.99626
0.996504
0.997164
0.996615
0.995917
0.996114
0.993495
0.992907
0.99613
0.997996
0.998159
0.998158
0.998238
0.998416
0.998452
0.99843
0.998385
0.998378
0.998379
0.99837
0.998316
0.998181
0.997956
0.997618
0.996979
0.995158
0.993417
0.993474
0.99421
0.995647
0.996091
0.995872
0.995617
0.995608
1
1
1
1
1
1
1
1
1
1
1
1
1
1
1
1
1
1
1
1
1
1
1
1
1
1
1
1
1
1
1
1
1
1
1
1
1
1
1
1
1
1
1
1
1
1
1
1
1
1
1
1
0.999999
0.999996
0.999988
0.999978
0.999968
0.999961
0.999948
0.999923
0.999887
0.999813
0.999653
0.999359
0.99865
0.997899
0.996915
0.994547
0.991253
0.988823
0.988276
0.988538
0.989676
0.992733
0.995656
0.997675
0.998871
0.999496
0.999792
0.999919
0.999971
0.99999
0.999997
0.999999
1
1
1
1
1
1
1
1
1
1
1
1
1
1
1
1
1
1
1
1
1
1
1
1
1
1
1
1
1
1
1
1
1
1
1
1
1
1
1
1
1
1
1
1
1
1
0.999997
0.999987
0.999953
0.999838
0.999718
0.9997
0.999717
0.999795
0.999857
0.999858
0.999769
0.999501
0.99937
0.999297
0.999123
0.998273
0.997311
0.997382
0.9979
0.997385
0.995654
0.994916
0.991706
0.991783
0.995511
0.997805
0.998058
0.998063
0.99812
0.99837
0.998458
0.998466
0.998414
0.998388
0.998387
0.998391
0.998382
0.99834
0.998235
0.998013
0.997558
0.996261
0.995431
0.995642
0.996316
0.996675
0.996359
0.995833
0.995641
0.995667
1
1
1
1
1
1
1
1
1
1
1
1
1
1
1
1
1
1
1
1
1
1
1
1
1
1
1
1
1
1
1
1
1
1
1
1
1
1
1
1
1
1
1
1
1
1
1
1
1
1
1
1
1
1
1
0.999999
0.999999
0.999999
0.999998
0.999997
0.999995
0.999991
0.999983
0.999965
0.999912
0.99986
0.999787
0.999561
0.999167
0.999013
0.999022
0.999094
0.999326
0.999608
0.999792
0.999898
0.999954
0.999981
0.999992
0.999997
0.999999
1
1
1
1
1
1
1
1
1
1
1
1
1
1
1
1
1
1
1
1
1
1
1
1
1
1
1
1
1
1
1
1
1
1
1
1
1
1
1
1
1
1
1
1
1
1
1
1
0.999999
0.999989
0.99995
0.999851
0.999726
0.999645
0.999636
0.99966
0.999759
0.999805
0.999784
0.999664
0.999566
0.999563
0.999563
0.999509
0.999066
0.998228
0.998218
0.998603
0.998285
0.995777
0.993346
0.990883
0.990804
0.994463
0.997444
0.997896
0.997931
0.997962
0.998209
0.998439
0.998481
0.99848
0.998438
0.998424
0.998425
0.998431
0.998415
0.998356
0.998197
0.997848
0.997117
0.996848
0.997051
0.997203
0.996893
0.996187
0.99574
0.995665
0.99577
1
1
1
1
1
1
1
1
1
1
1
1
1
1
1
1
1
1
1
1
1
1
1
1
1
1
1
1
1
1
1
1
1
1
1
1
1
1
1
1
1
1
1
1
1
1
1
1
1
1
1
1
1
1
1
1
1
1
1
1
1
1
0.999999
0.999999
0.999996
0.999994
0.99999
0.999975
0.999956
0.999953
0.999955
0.999964
0.999979
0.999989
0.999995
0.999998
0.999999
1
1
1
1
1
1
1
1
1
1
1
1
1
1
1
1
1
1
1
1
1
1
1
1
1
1
1
1
1
1
1
1
1
1
1
1
1
1
1
1
1
1
1
1
1
1
1
1
1
1
1
1
0.999995
0.999958
0.999857
0.999799
0.999703
0.999629
0.999623
0.999666
0.999718
0.999727
0.999711
0.999676
0.999696
0.99974
0.999745
0.999706
0.999364
0.998793
0.998789
0.999053
0.998899
0.996255
0.992697
0.990671
0.990221
0.992833
0.996772
0.997645
0.997752
0.99778
0.99792
0.998322
0.998474
0.998501
0.998502
0.998488
0.998483
0.99848
0.998464
0.998419
0.998307
0.998078
0.997734
0.997644
0.997609
0.997337
0.996633
0.995893
0.995708
0.995718
0.996033
1
1
1
1
1
1
1
1
1
1
1
1
1
1
1
1
1
1
1
1
1
1
1
1
1
1
1
1
1
1
1
1
1
1
1
1
1
1
1
1
1
1
1
1
1
1
1
1
1
1
1
1
1
1
1
1
1
1
1
1
1
1
1
1
1
1
1
0.999999
0.999998
0.999998
0.999999
0.999999
1
1
1
1
1
1
1
1
1
1
1
1
1
1
1
1
1
1
1
1
1
1
1
1
1
1
1
1
1
1
1
1
1
1
1
1
1
1
1
1
1
1
1
1
1
1
1
1
1
1
1
1
1
1
1
1
0.999999
0.999983
0.99989
0.999826
0.999816
0.999767
0.999648
0.999624
0.999657
0.999696
0.99971
0.999718
0.999761
0.999822
0.999849
0.999849
0.999811
0.999533
0.999161
0.99916
0.999296
0.999174
0.996832
0.992675
0.990651
0.989749
0.990939
0.995483
0.997154
0.997499
0.997611
0.997685
0.997935
0.998357
0.998486
0.998507
0.998508
0.998504
0.998496
0.998476
0.998431
0.998343
0.998197
0.998002
0.997873
0.99765
0.997072
0.996079
0.995775
0.995741
0.995871
0.996769
1
1
1
1
1
1
1
1
1
1
1
1
1
1
1
1
1
1
1
1
1
1
1
1
1
1
1
1
1
1
1
1
1
1
1
1
1
1
1
1
1
1
1
1
1
1
1
1
1
1
1
1
1
1
1
1
1
1
1
1
1
1
1
1
1
1
1
1
1
1
1
1
1
1
1
1
1
1
1
1
1
1
1
1
1
1
1
1
1
1
1
1
1
1
1
1
1
1
1
1
1
1
1
1
1
1
1
1
1
1
1
1
1
1
1
1
1
1
1
1
1
1
1
1
1
1
1
1
0.999996
0.999952
0.999831
0.999833
0.999876
0.999857
0.999726
0.999667
0.999683
0.99971
0.999732
0.999785
0.999857
0.9999
0.999914
0.99991
0.999872
0.99964
0.999378
0.999384
0.999474
0.999369
0.997447
0.992911
0.990853
0.989339
0.989246
0.992862
0.995991
0.996836
0.997246
0.99749
0.997579
0.997901
0.99836
0.998476
0.998497
0.998499
0.998493
0.99847
0.998423
0.998338
0.998203
0.998023
0.997831
0.99736
0.996298
0.995863
0.995786
0.995884
0.996483
0.998106
1
1
1
1
1
1
1
1
1
1
1
1
1
1
1
1
1
1
1
1
1
1
1
1
1
1
1
1
1
1
1
1
1
1
1
1
1
1
1
1
1
1
1
1
1
1
1
1
1
1
1
1
1
1
1
1
1
1
1
1
1
1
1
1
1
1
1
1
1
1
1
1
1
1
1
1
1
1
1
1
1
1
1
1
1
1
1
1
1
1
1
1
1
1
1
1
1
1
1
1
1
1
1
1
1
1
1
1
1
1
1
1
1
1
1
1
1
1
1
1
1
1
1
1
1
1
1
0.999999
0.999989
0.999898
0.999803
0.999831
0.999897
0.999883
0.999805
0.999761
0.999762
0.999778
0.999813
0.999868
0.999919
0.999945
0.999949
0.999944
0.99991
0.999719
0.999543
0.999559
0.99956
0.999469
0.998073
0.993524
0.991581
0.98923
0.987512
0.98917
0.993269
0.994889
0.996081
0.997163
0.997409
0.997466
0.99779
0.998287
0.99841
0.998439
0.998445
0.998426
0.998367
0.998274
0.998115
0.997859
0.997366
0.996456
0.995981
0.995861
0.995936
0.996486
0.998062
0.998863
1
1
1
1
1
1
1
1
1
1
1
1
1
1
1
1
1
1
1
1
1
1
1
1
1
1
1
1
1
1
1
1
1
1
1
1
1
1
1
1
1
1
1
1
1
1
1
1
1
1
1
1
1
1
1
1
1
1
1
1
1
1
1
1
1
1
1
1
1
1
1
1
1
1
1
1
1
1
1
1
1
1
1
1
1
1
1
1
1
1
1
1
1
1
1
1
1
1
1
1
1
1
1
1
1
1
1
1
1
1
1
1
1
1
1
1
1
1
1
1
1
1
1
1
0.999999
0.999999
0.999999
0.999997
0.999974
0.999835
0.999767
0.999827
0.999913
0.999911
0.999878
0.999857
0.999855
0.999865
0.999889
0.999925
0.999954
0.999966
0.999967
0.999962
0.99993
0.999777
0.999706
0.999648
0.999583
0.999481
0.99853
0.994493
0.99242
0.990164
0.986552
0.985512
0.98744
0.989686
0.992158
0.99611
0.997204
0.997336
0.997233
0.997468
0.997967
0.998126
0.998178
0.998184
0.998079
0.997921
0.997594
0.997062
0.99644
0.996112
0.995971
0.996059
0.996667
0.998097
0.998998
0.998895
1
1
1
1
1
1
1
1
1
1
1
1
1
1
1
1
1
1
1
1
1
1
1
1
1
1
1
1
1
1
1
1
1
1
1
1
1
1
1
1
1
1
1
1
1
1
1
1
1
1
1
1
1
1
1
1
1
1
1
1
1
1
1
1
1
1
1
1
1
1
1
1
1
1
1
1
1
1
1
1
1
1
1
1
1
1
1
1
1
1
1
1
1
1
1
1
1
1
1
1
1
1
1
1
1
1
1
1
1
1
1
1
1
1
1
1
0.999999
0.999999
0.999999
0.999999
0.999999
0.999999
0.999998
0.999998
0.999998
0.999998
0.999997
0.999992
0.999933
0.999753
0.999718
0.999806
0.99992
0.999942
0.99993
0.999918
0.999918
0.999926
0.999941
0.99996
0.999971
0.999975
0.999974
0.999968
0.999935
0.999834
0.999801
0.999652
0.999346
0.999307
0.998779
0.995728
0.993789
0.991896
0.986608
0.982125
0.980666
0.979418
0.98235
0.992322
0.996498
0.997362
0.997127
0.997035
0.997064
0.997228
0.997296
0.997312
0.99715
0.996966
0.996671
0.996424
0.996249
0.996154
0.996269
0.997145
0.998366
0.999019
0.999149
0.997894
1
1
1
1
1
1
1
1
1
1
1
1
1
1
1
1
1
1
1
1
1
1
1
1
1
1
1
1
1
1
1
1
1
1
1
1
1
1
1
1
1
1
1
1
1
1
1
1
1
1
1
1
1
1
1
1
1
1
1
1
1
1
1
1
1
1
1
1
1
1
1
1
1
1
1
1
1
1
1
1
1
1
1
1
1
1
1
1
1
1
1
1
1
1
1
1
1
1
1
1
1
1
1
1
1
1
1
1
1
1
1
1
1
0.999998
0.999997
0.999995
0.999993
0.999993
0.999993
0.999993
0.999993
0.999993
0.999992
0.999992
0.999993
0.999993
0.999992
0.999969
0.999823
0.999658
0.999636
0.999743
0.999908
0.999952
0.999958
0.999957
0.999958
0.999961
0.999967
0.999972
0.999975
0.999975
0.999974
0.999969
0.999938
0.999898
0.999863
0.999466
0.998793
0.998903
0.998746
0.997187
0.995618
0.993732
0.989427
0.981295
0.97439
0.971639
0.97236
0.981067
0.993304
0.997238
0.997602
0.997076
0.99691
0.996875
0.996855
0.99679
0.996711
0.996624
0.996522
0.996452
0.996476
0.996826
0.997794
0.998693
0.999023
0.999056
0.998579
0.993713
1
1
1
1
1
1
1
1
1
1
1
1
1
1
1
1
1
1
1
1
1
1
1
1
1
1
1
1
1
1
1
1
1
1
1
1
1
1
1
1
1
1
1
1
1
1
1
1
1
1
1
1
1
1
1
1
1
1
1
1
1
1
1
1
1
1
1
1
1
1
1
1
1
1
1
1
1
1
1
1
1
1
1
1
1
1
1
1
1
1
1
1
1
1
1
1
1
1
1
1
1
1
1
1
1
1
1
1
1
1
1
0.999998
0.999993
0.999979
0.99997
0.999957
0.999952
0.999954
0.999958
0.999963
0.99997
0.999974
0.999976
0.999978
0.999982
0.999981
0.999956
0.999823
0.999642
0.999557
0.999548
0.99965
0.999862
0.999943
0.999963
0.999967
0.999968
0.999968
0.999969
0.99997
0.99997
0.999969
0.999969
0.999966
0.999952
0.999936
0.999873
0.998907
0.997799
0.998204
0.998424
0.998177
0.997418
0.995103
0.991949
0.984914
0.976064
0.969532
0.969928
0.972827
0.982537
0.995156
0.997758
0.997916
0.997416
0.997179
0.99707
0.996997
0.996966
0.996971
0.997089
0.997391
0.997864
0.998429
0.998733
0.998851
0.998641
0.997402
0.991814
0.985998
1
1
1
1
1
1
1
1
1
1
1
1
1
1
1
1
1
1
1
1
1
1
1
1
1
1
1
1
1
1
1
1
1
1
1
1
1
1
1
1
1
1
1
1
1
1
1
1
1
1
1
1
1
1
1
1
1
1
1
1
1
1
1
1
1
1
1
1
1
1
1
1
1
1
1
1
1
1
1
1
1
1
1
1
1
1
1
1
1
1
1
1
1
1
1
1
1
1
1
1
1
1
1
1
1
1
1
0.999999
0.999998
0.999996
0.999989
0.999964
0.999889
0.999825
0.999811
0.999767
0.99977
0.999815
0.999885
0.999926
0.999945
0.999947
0.999943
0.999938
0.999927
0.999868
0.999734
0.99964
0.999571
0.999511
0.999483
0.999516
0.999697
0.999852
0.999921
0.999944
0.999947
0.999945
0.999944
0.999942
0.999941
0.999947
0.999957
0.999958
0.999955
0.999944
0.999745
0.997548
0.9962
0.997178
0.998229
0.998325
0.997835
0.995435
0.99322
0.990016
0.981954
0.976117
0.974
0.971841
0.971497
0.985853
0.995803
0.997879
0.998176
0.998154
0.998005
0.997964
0.997958
0.998003
0.998093
0.998169
0.998223
0.998192
0.997659
0.996304
0.993115
0.988946
0.986651
0.987186
1
1
1
1
1
1
1
1
1
1
1
1
1
1
1
1
1
1
1
1
1
1
1
1
1
1
1
1
1
1
1
1
1
1
1
1
1
1
1
1
1
1
1
1
1
1
1
1
1
1
1
1
1
1
1
1
1
1
1
1
1
1
1
1
1
1
1
1
1
1
1
1
1
1
1
1
1
1
1
1
1
1
1
1
1
1
1
1
1
1
1
1
1
1
1
1
1
1
1
0.999998
0.999995
0.999993
0.999991
0.999991
0.99999
0.999989
0.999979
0.999942
0.999923
0.999888
0.999756
0.999367
0.999285
0.999504
0.999582
0.999332
0.999285
0.999417
0.99965
0.999755
0.999785
0.999767
0.999742
0.999734
0.999707
0.999651
0.99961
0.999586
0.999557
0.999479
0.999354
0.999234
0.99921
0.999359
0.999539
0.999648
0.999693
0.999706
0.999718
0.999721
0.999735
0.999814
0.999899
0.999932
0.999931
0.999836
0.998887
0.994206
0.993871
0.996797
0.998286
0.998281
0.996468
0.993193
0.992249
0.991355
0.989665
0.986267
0.986612
0.984596
0.969321
0.967053
0.984389
0.992533
0.995917
0.99697
0.997148
0.997215
0.997211
0.997066
0.996905
0.996489
0.99583
0.994598
0.992591
0.990644
0.988951
0.988092
0.988046
0.976715
1
1
1
1
1
1
1
1
1
1
1
1
1
1
1
1
1
1
1
1
1
1
1
1
1
1
1
1
1
1
1
1
1
1
1
1
1
1
1
1
1
1
1
1
1
1
1
1
1
1
1
1
1
1
1
1
1
1
1
1
1
1
1
1
1
1
1
1
1
1
1
1
1
1
1
1
1
1
1
1
1
1
1
1
1
1
1
1
1
1
1
1
0.999998
0.99999
0.999966
0.999951
0.999947
0.999945
0.999943
0.999931
0.999894
0.999866
0.999856
0.999838
0.999708
0.998931
0.99806
0.997985
0.998428
0.998899
0.999028
0.999072
0.999098
0.999139
0.999234
0.999379
0.999478
0.999543
0.999573
0.999586
0.999589
0.99958
0.999569
0.999554
0.999544
0.999531
0.999506
0.999469
0.999415
0.999337
0.999226
0.998932
0.998493
0.998273
0.998221
0.998237
0.998274
0.998331
0.998411
0.998445
0.998524
0.998824
0.999128
0.999192
0.999108
0.998385
0.993056
0.989115
0.991058
0.994952
0.995285
0.993263
0.989671
0.989453
0.990442
0.990797
0.990669
0.990375
0.989636
0.98785
0.981023
0.961548
0.965338
0.968083
0.970056
0.971945
0.973194
0.973511
0.973294
0.971609
0.969924
0.966975
0.962381
0.95633
0.947244
0.936771
0.920557
0.902797
0.876855
0.868799
0.943403
0.938832
0.934884
0.932027
0.929407
0.926591
0.923441
0.920143
0.917127
0.914832
0.913454
0.91282
0.913608
0.917459
0.928238
0.940039
0.946745
0.950059
0.955584
0.960373
0.964546
0.969002
0.971332
0.97188
0.968214
0.937549
0.930771
0.920975
0.915267
0.911884
0.909208
0.906447
0.904879
0.905692
0.907731
0.907289
0.902476
0.892993
0.883729
0.877687
0.876145
0.877383
0.878836
0.882523
0.895087
0.903835
0.92442
0.942905
0.959566
0.964953
0.924448
0.920861
0.911997
0.908499
0.908338
0.910028
0.916638
0.925367
0.931404
0.935396
0.940237
0.945305
0.94481
0.929719
0.897328
0.875301
0.866945
0.865411
0.866126
0.87338
0.881292
0.897612
0.918814
0.933784
0.947909
0.921812
0.918431
0.908619
0.905254
0.906216
0.914095
0.925393
0.930492
0.930673
0.928715
0.933256
0.947905
0.960237
0.965171
0.959326
0.920468
0.882626
0.873496
0.874801
0.883461
0.892383
0.897487
0.905362
0.908581
0.915621
0.925337
0.92395
0.914009
0.904865
0.904699
0.912323
0.920237
0.916562
0.895365
0.883472
0.886785
0.911652
0.946382
0.967249
0.97355
0.967667
0.930693
0.915219
0.923072
0.93381
0.942122
0.931374
0.910147
0.901214
0.900561
0.926648
0.927255
0.923485
0.90933
0.904857
0.906933
0.906173
0.887943
0.868367
0.86468
0.867759
0.883639
0.916006
0.951239
0.973703
0.979572
0.97465
0.970638
0.976621
0.983214
0.985257
0.975673
0.935483
0.908074
0.89982
0.926991
0.928567
0.928181
0.920312
0.909305
0.902575
0.888634
0.870558
0.862088
0.861611
0.864791
0.878464
0.906363
0.935494
0.964224
0.981526
0.986724
0.990064
0.994215
0.995082
0.994312
0.988278
0.956386
0.92027
0.906737
0.929366
0.92933
0.929983
0.928783
0.921213
0.905039
0.88425
0.867621
0.861645
0.861802
0.865334
0.878298
0.904791
0.931169
0.956982
0.977849
0.989443
0.994723
0.996492
0.996443
0.994847
0.989821
0.969853
0.932249
0.914667
0.935497
0.93147
0.931287
0.931178
0.928884
0.915803
0.888498
0.869944
0.865453
0.866793
0.872974
0.88814
0.907897
0.930746
0.954405
0.975478
0.989061
0.9951
0.996019
0.994819
0.989466
0.985041
0.97491
0.943795
0.921081
0.948941
0.93667
0.933209
0.932749
0.931974
0.926932
0.902846
0.878255
0.874628
0.877418
0.889511
0.906855
0.919418
0.934182
0.953993
0.973988
0.988316
0.994368
0.993553
0.985708
0.97275
0.969804
0.969947
0.95625
0.925762
0.970409
0.947528
0.937277
0.934551
0.933852
0.931997
0.921879
0.896868
0.893241
0.896681
0.90931
0.923235
0.932264
0.940776
0.955123
0.973414
0.987407
0.992353
0.988263
0.966881
0.946949
0.946521
0.95773
0.957118
0.933797
0.987803
0.965075
0.945457
0.937582
0.935636
0.934596
0.931085
0.918271
0.916595
0.919726
0.927469
0.934327
0.94129
0.947207
0.957241
0.972778
0.985391
0.98897
0.979393
0.938359
0.915778
0.917111
0.942671
0.95165
0.9393
0.994733
0.984038
0.958817
0.943599
0.937945
0.936527
0.934963
0.930315
0.930282
0.932094
0.935451
0.93933
0.946261
0.952252
0.959594
0.971728
0.982047
0.98382
0.965961
0.918733
0.904234
0.904965
0.926204
0.946566
0.943896
0.997482
0.993315
0.9769
0.954041
0.94221
0.938709
0.936669
0.935661
0.935958
0.937294
0.939382
0.942025
0.948407
0.954989
0.960913
0.970179
0.977275
0.976899
0.951423
0.912896
0.902564
0.902981
0.913692
0.941446
0.949095
0.998509
0.997002
0.990386
0.968862
0.950192
0.941859
0.938611
0.937979
0.938191
0.939365
0.941157
0.943507
0.949448
0.956307
0.961481
0.967936
0.972075
0.969787
0.941013
0.912221
0.905587
0.905858
0.910336
0.933271
0.959052
0.998885
0.99844
0.995848
0.984956
0.962059
0.947837
0.941505
0.939812
0.939803
0.940469
0.941976
0.944563
0.95085
0.95744
0.961642
0.965551
0.967459
0.963344
0.933128
0.918882
0.917966
0.918565
0.917168
0.92602
0.961757
0.99908
0.998993
0.99807
0.993719
0.977661
0.957673
0.946591
0.942339
0.941656
0.941948
0.943118
0.946189
0.952503
0.958214
0.961484
0.963662
0.964104
0.956239
0.929751
0.928576
0.932837
0.934572
0.930148
0.930614
0.957658
0.999149
0.99923
0.998956
0.997261
0.990404
0.970924
0.954952
0.946937
0.944745
0.944845
0.945837
0.948832
0.954557
0.959062
0.961253
0.962162
0.961534
0.948719
0.931564
0.932241
0.937975
0.940702
0.93888
0.937897
0.955965
0.999045
0.999353
0.999305
0.998702
0.995916
0.98555
0.966571
0.954324
0.949674
0.949359
0.950029
0.952312
0.957038
0.960324
0.961409
0.961316
0.959358
0.944533
0.933114
0.933772
0.939225
0.942995
0.942736
0.942336
0.955829
0.998772
0.999368
0.999449
0.999272
0.998205
0.994127
0.98089
0.964885
0.956694
0.955157
0.955492
0.956753
0.959932
0.961984
0.962198
0.961471
0.957809
0.942263
0.93415
0.93465
0.939468
0.943978
0.944594
0.94473
0.955706
0.998314
0.99927
0.999527
0.999502
0.99913
0.997508
0.992022
0.977859
0.966417
0.962353
0.962191
0.96261
0.963716
0.964573
0.964501
0.962756
0.956783
0.94102
0.935208
0.935625
0.939583
0.944492
0.945566
0.946017
0.955662
0.997778
0.999091
0.999552
0.999616
0.99951
0.998898
0.996723
0.989461
0.977858
0.971877
0.970611
0.96947
0.968727
0.968798
0.968325
0.965123
0.955168
0.941016
0.93669
0.936873
0.939725
0.945338
0.946576
0.946926
0.955479
0.997202
0.998861
0.999518
0.999689
0.999675
0.999466
0.998629
0.995918
0.987624
0.981712
0.980069
0.977347
0.974858
0.974484
0.973622
0.96913
0.955336
0.942223
0.937676
0.937394
0.939836
0.946771
0.948304
0.948175
0.955127
0.996611
0.9986
0.999445
0.999723
0.99976
0.999703
0.999403
0.998394
0.99439
0.99017
0.988543
0.984772
0.981536
0.980951
0.979811
0.973945
0.957211
0.944166
0.938212
0.937466
0.940393
0.948763
0.950473
0.949851
0.955281
0.996
0.998318
0.999339
0.999718
0.999812
0.999806
0.999711
0.999332
0.99749
0.995599
0.994602
0.991397
0.987703
0.986824
0.985243
0.978354
0.960621
0.945725
0.937994
0.937293
0.941537
0.951325
0.953099
0.95189
0.955965
0.995509
0.998105
0.999254
0.999699
0.999836
0.999855
0.999831
0.999691
0.998918
0.998167
0.997646
0.995807
0.992938
0.99194
0.990004
0.982289
0.962697
0.945843
0.937638
0.937643
0.944458
0.954613
0.956154
0.954236
0.957139
0.995197
0.997971
0.999196
0.999676
0.999836
0.999874
0.999872
0.999824
0.999535
0.999266
0.999024
0.998139
0.996355
0.99562
0.994128
0.987565
0.964954
0.944527
0.937373
0.938897
0.949318
0.95857
0.959561
0.956818
0.958732
0.99465
0.997713
0.999074
0.999622
0.999817
0.99987
0.999875
0.999861
0.999772
0.999689
0.999573
0.999127
0.998149
0.997672
0.996668
0.991859
0.96948
0.945557
0.940352
0.94405
0.956669
0.963372
0.96361
0.959689
0.960823
0.993943
0.997192
0.99877
0.999464
0.999738
0.999833
0.999855
0.99985
0.999825
0.999794
0.999733
0.999491
0.998968
0.998676
0.998038
0.994749
0.975472
0.950727
0.947848
0.954449
0.965553
0.96901
0.967499
0.961703
0.962758
0.993614
0.996806
0.998353
0.99912
0.999516
0.999706
0.999784
0.999804
0.9998
0.999786
0.99975
0.999615
0.999299
0.999115
0.998737
0.996629
0.982176
0.962705
0.961994
0.969375
0.974001
0.97338
0.968735
0.962926
0.964248
0.993647
0.996675
0.998111
0.998826
0.999233
0.999484
0.999634
0.999706
0.999724
0.999721
0.999707
0.999642
0.999431
0.999306
0.999101
0.99795
0.988732
0.977219
0.977264
0.978787
0.978089
0.974983
0.968299
0.963917
0.965559
0.993871
0.996689
0.997975
0.99859
0.998964
0.999233
0.999427
0.999555
0.999624
0.999647
0.999646
0.999615
0.999514
0.999433
0.999249
0.998822
0.997218
0.992223
0.98608
0.98212
0.979339
0.974034
0.968149
0.96465
0.966608
0.994171
0.996661
0.997758
0.998275
0.998627
0.998925
0.999178
0.999381
0.999525
0.999604
0.99963
0.999632
0.99962
0.999557
0.999213
0.998395
0.997583
0.995274
0.987158
0.980955
0.978551
0.974005
0.968609
0.965577
0.967699
0.994204
0.996413
0.997341
0.997833
0.99823
0.998608
0.998954
0.999243
0.99945
0.999577
0.999642
0.999661
0.999657
0.999601
0.999266
0.997712
0.992526
0.985076
0.98024
0.978674
0.977512
0.974293
0.968664
0.966279
0.968713
0.993889
0.995803
0.99671
0.997302
0.997847
0.998365
0.998812
0.999161
0.999409
0.999574
0.999667
0.999701
0.999703
0.99967
0.999406
0.997601
0.989372
0.982186
0.981131
0.980938
0.979331
0.973542
0.967389
0.966012
0.9691
0.993513
0.995142
0.996071
0.996859
0.997606
0.99825
0.998755
0.999128
0.999397
0.999586
0.999699
0.999748
0.999755
0.999733
0.99956
0.998622
0.993913
0.990899
0.989498
0.985126
0.977486
0.967615
0.963315
0.963692
0.968937
0.993534
0.99477
0.995728
0.996689
0.997557
0.99824
0.998746
0.999122
0.999408
0.999612
0.999726
0.999765
0.999763
0.999689
0.999129
0.998731
0.998452
0.997498
0.993734
0.978814
0.966665
0.958981
0.95683
0.958081
0.968118
0.993808
0.994762
0.995702
0.996701
0.997582
0.998255
0.998748
0.999134
0.999439
0.999643
0.999739
0.999752
0.999696
0.999171
0.996144
0.99497
0.994721
0.992132
0.977557
0.956016
0.952321
0.950886
0.951399
0.954615
0.970094
0.994278
0.994868
0.99576
0.996784
0.997646
0.998275
0.998761
0.99917
0.999486
0.999676
0.999734
0.999705
0.999331
0.997005
0.984708
0.976941
0.973009
0.958791
0.934884
0.926602
0.928194
0.932881
0.948123
0.95631
0.976001
0.994782
0.995117
0.995898
0.996918
0.997705
0.998296
0.998801
0.999237
0.999552
0.999694
0.999694
0.999397
0.997281
0.987832
0.952103
0.922968
0.910645
0.901934
0.898767
0.899538
0.905201
0.925019
0.953411
0.964243
0.982242
0.995142
0.99539
0.996127
0.997059
0.997755
0.998346
0.998899
0.999357
0.999613
0.999659
0.999482
0.997712
0.987901
0.948297
0.906803
0.889147
0.884173
0.883584
0.884669
0.889685
0.903505
0.935076
0.962293
0.973453
0.987418
0.995395
0.995629
0.9964
0.997171
0.997834
0.998495
0.999099
0.999489
0.999606
0.999526
0.998438
0.991164
0.957295
0.912593
0.889714
0.880103
0.877488
0.877861
0.88227
0.899457
0.920498
0.949859
0.972403
0.982019
0.991844
0.995567
0.995869
0.996591
0.997297
0.998053
0.998802
0.99933
0.999539
0.99952
0.998931
0.994387
0.969439
0.92408
0.898565
0.885559
0.879658
0.878638
0.881399
0.896854
0.923058
0.942328
0.96501
0.981535
0.988801
0.995131
0.995678
0.996031
0.996762
0.997602
0.998488
0.999149
0.99946
0.999493
0.999201
0.99664
0.981449
0.939601
0.910041
0.897503
0.895826
0.894611
0.894917
0.904015
0.929648
0.950387
0.963683
0.978416
0.988884
0.993585
0.997298
0.995786
0.996241
0.997171
0.998191
0.998966
0.999369
0.999455
0.999313
0.99785
0.988424
0.953082
0.924407
0.915963
0.916814
0.926097
0.931783
0.935975
0.94844
0.962388
0.973152
0.980203
0.988251
0.993981
0.996628
0.998601
0.996002
0.996766
0.997941
0.998809
0.999276
0.999405
0.999338
0.998473
0.992497
0.964944
0.93889
0.932672
0.934457
0.948393
0.965599
0.9696
0.970488
0.973769
0.980835
0.98662
0.990297
0.99426
0.997034
0.998357
0.999306
0.996603
0.99781
0.998713
0.999198
0.999346
0.999312
0.99874
0.994797
0.974503
0.951189
0.94507
0.946771
0.959248
0.97593
0.984319
0.986319
0.9868
0.988276
0.991392
0.994058
0.995759
0.997467
0.998636
0.999225
0.999631
0.99787
0.998703
0.999144
0.999279
0.999252
0.998779
0.995745
0.980196
0.960497
0.954574
0.955506
0.9654
0.980512
0.989105
0.993193
0.994258
0.994594
0.995387
0.996602
0.997641
0.998335
0.998935
0.999325
0.999553
0.99971
0.998772
0.999101
0.999199
0.999159
0.998661
0.995824
0.982613
0.966663
0.961573
0.962173
0.96978
0.983347
0.991038
0.995049
0.996939
0.997523
0.997859
0.998292
0.99871
0.999041
0.999273
0.999409
0.999493
0.99956
0.999626
0.999038
0.999085
0.99899
0.998319
0.995112
0.982888
0.970773
0.966772
0.967336
0.973847
0.985317
0.992167
0.995704
0.997435
0.998268
0.998673
0.9989
0.999082
0.999239
0.999337
0.999384
0.999389
0.999371
0.999374
0.999396
0.998855
0.99858
0.997463
0.993038
0.981939
0.973844
0.971178
0.971823
0.977895
0.98753
0.993172
0.996058
0.99745
0.998157
0.998584
0.998868
0.999029
0.999116
0.999149
0.999153
0.999143
0.999075
0.999041
0.999049
0.999148
0.997401
0.995363
0.9889
0.981116
0.976516
0.975268
0.97635
0.982719
0.990206
0.994305
0.996301
0.997313
0.997851
0.998159
0.99838
0.998556
0.998656
0.998695
0.998691
0.998655
0.998657
0.99866
0.998674
0.998736
0.998949
0.990264
0.985231
0.981345
0.979442
0.979359
0.981885
0.988333
0.992777
0.995191
0.996396
0.996864
0.996975
0.997007
0.997037
0.997091
0.997225
0.997448
0.997599
0.997657
0.997714
0.997805
0.997884
0.998004
0.998215
0.998391
0.984457
0.983286
0.983118
0.98461
0.988757
0.992049
0.994074
0.994807
0.994872
0.994635
0.993599
0.992645
0.992397
0.992502
0.992701
0.99306
0.993677
0.99424
0.994557
0.99491
0.995227
0.995437
0.995854
0.996327
0.996532
0.987117
0.987423
0.988367
0.98941
0.989901
0.989667
0.988225
0.985227
0.981212
0.976332
0.972221
0.970673
0.970798
0.971782
0.974032
0.977999
0.98104
0.983474
0.984956
0.986259
0.988237
0.990074
0.991372
0.991726
0.990418
0.975051
0.968464
0.957607
0.950417
0.944988
0.941644
0.939752
0.937218
0.933341
0.930171
0.928935
0.929297
0.9338
0.939835
0.946686
0.954747
0.962485
0.968595
0.972353
0.97401
0.974294
0.972491
0.965079
0.961644
0.964566
0.906947
0.92037
0.925961
0.926947
0.926673
0.92637
0.927141
0.932883
0.94362
0.949425
0.951042
0.950478
0.943546
0.915684
0.895756
0.892999
0.900268
0.925146
0.940204
0.944943
0.945017
0.944167
0.944118
0.943992
0.944808
)
;

boundaryField
{
    inlet
    {
        type            fixedValue;
        value           uniform 1;
    }
    outlet
    {
        type            inletOutlet;
        inletValue      uniform 0;
        value           nonuniform List<scalar> 
57
(
0.968214
0.964953
0.947909
0.915621
0.900561
0.89982
0.906737
0.914667
0.921081
0.925762
0.933797
0.9393
0.943896
0.949095
0.959052
0.961757
0.957658
0.955965
0.955829
0.955706
0.955662
0.955479
0.955127
0.955281
0.955965
0.957139
0.958732
0.960823
0.962758
0.964248
0.965559
0.966608
0.967699
0.968713
0.9691
0.968937
0.968118
0.970094
0.976001
0.982242
0.987418
0.991844
0.995131
0.997298
0.998601
0.999306
0.999631
0.99971
0.999626
0.999396
0.999148
0.998949
0.998391
0.996532
0.990418
0.964566
0.944808
)
;
    }
    upperWall
    {
        type            zeroGradient;
    }
    lowerWall
    {
        type            zeroGradient;
    }
    frontAndBack
    {
        type            empty;
    }
}


// ************************************************************************* //
