/*--------------------------------*- C++ -*----------------------------------*\
  =========                 |
  \\      /  F ield         | OpenFOAM: The Open Source CFD Toolbox
   \\    /   O peration     | Website:  https://openfoam.org
    \\  /    A nd           | Version:  6
     \\/     M anipulation  |
\*---------------------------------------------------------------------------*/
FoamFile
{
    version     2.0;
    format      ascii;
    class       volScalarField;
    location    "0.1";
    object      s_0;
}
// * * * * * * * * * * * * * * * * * * * * * * * * * * * * * * * * * * * * * //

dimensions      [0 0 0 0 0 0 0];

internalField   nonuniform List<scalar> 
12225
(
1
1
1
1
1
1
1
1
1
1
1
1
1
1
1
1
1
1
1
1
1
1
1
1
1
1
1
1
1
1
1
1
1
1
1
1
1
1
1
1
1
1
1
1
1
1
1
1
1
1
1
1
1
1
1
1
1
1
1
1
1
1
1
1
1
1
1
1
1
1
1
1
1
1
1
1
1
1
1
1
1
1
1
1
1
1
1
1
1
1
1
1
1
1
1
1
1
1
1
1
1
1
1
1
1
1
1
1
1
1
1
1
1
1
1
1
1
1
1
1
1
1
1
1
1
1
1
1
1
1
1
1
1
1
1
1
1
1
1
1
1
1
1
1
1
1
1
1
1
1
1
1
1
1
1
1
1
1
1
1
1
1
1
1
1
1
1
1
1
1
1
1
1
1
1
1
1
1
1
1
1
1
1
1
1
1
1
1
1
1
1
1
1
1
1
1
1
1
1
1
1
1
1
1
1
1
1
1
1
1
1
1
1
1
1
1
1
1
1
1
1
1
1
1
1
1
1
1
1
1
1
1
1
1
1
1
1
1
1
1
1
1
1
1
1
1
1
1
1
1
1
1
1
1
1
1
1
1
1
1
1
1
1
1
1
1
1
1
1
1
1
1
1
1
1
1
1
1
1
1
1
1
1
1
1
1
1
1
1
1
1
1
1
1
1
1
1
1
1
1
1
1
1
1
1
1
1
1
1
1
1
1
1
1
1
1
1
1
1
1
1
1
1
1
1
1
1
1
1
1
1
1
1
1
1
1
1
1
1
1
1
1
1
1
1
1
1
1
1
1
1
1
1
1
1
1
1
1
1
1
1
1
1
1
1
1
1
1
1
1
1
1
1
1
1
1
1
1
1
1
1
1
1
1
1
1
1
1
1
1
1
1
1
1
1
1
1
1
1
1
1
1
1
1
1
1
1
1
1
1
1
1
1
1
1
1
1
1
1
1
1
1
1
1
1
1
1
1
1
1
1
1
1
1
1
1
1
1
1
1
1
1
1
1
1
1
1
1
1
1
1
1
1
1
1
1
1
1
1
1
1
1
1
1
1
1
1
1
1
1
1
1
1
1
1
1
1
1
1
1
1
1
1
1
1
1
1
1
1
1
1
1
1
1
1
1
1
1
1
1
1
1
1
1
1
1
1
1
1
1
1
1
1
1
1
1
1
1
1
1
1
1
1
1
1
1
1
1
1
1
1
1
1
1
1
1
1
1
1
1
0.777182
0.779857
0.789972
0.800769
0.812083
0.82511
0.833863
0.841405
0.846424
0.848194
0.847274
0.845308
0.842108
0.839155
0.834766
0.830039
0.823704
0.818491
0.812139
0.804787
0.79795
0.79284
0.787717
0.783616
0.779884
0.771181
0.744439
0.72931
0.728388
0.731774
0.741677
0.75198
0.758746
0.763797
0.767878
0.770885
0.774549
0.778699
0.78183
0.783234
0.783849
0.784623
0.786269
0.790359
0.804798
0.830216
0.852677
0.875595
0.896045
0.911264
0.920868
0.926733
0.93037
0.932197
0.93277
0.932744
0.932049
0.929864
0.926943
0.921021
0.908082
0.86293
0.862647
0.943463
0.975527
0.978485
0.979669
0.980046
0.980082
0.98004
0.979869
0.97954
0.979123
0.978776
0.978582
0.978366
0.977928
0.977384
0.976966
0.976714
0.976467
0.976128
0.975815
0.975633
0.975474
0.975404
0.975434
0.975556
0.97574
0.975946
0.976168
0.976422
0.976731
0.977128
0.977655
0.978289
0.978858
0.97908
0.978866
0.978355
0.977883
0.977661
0.97776
0.977782
0.977728
0.977481
0.97544
0.949016
0.924591
0.921318
0.920323
0.919887
0.919727
0.919705
0.919747
0.919952
0.92047
0.92149
0.922466
0.923164
0.924006
0.924851
0.925588
0.926282
0.926988
0.927755
0.928528
0.929261
0.929962
0.930602
0.931056
0.931395
0.931617
0.931674
0.931567
0.931297
0.931051
0.930819
0.930888
0.931227
0.931706
0.932267
0.932849
0.933455
0.934107
0.93477
0.935386
0.936021
0.936703
0.937331
0.937904
0.938519
0.939348
0.940498
0.941496
0.942616
0.944804
0.950267
0.959268
0.967223
0.972966
0.976171
0.97729
0.977302
0.97603
0.968187
0.944639
0.933509
0.934565
0.93605
0.937614
0.939065
0.939493
0.939638
0.940352
0.94176
0.942696
0.943524
0.943994
0.94482
0.7774
0.78005
0.792005
0.806203
0.823061
0.842321
0.865524
0.886294
0.901242
0.910455
0.914942
0.91551
0.914948
0.913631
0.911138
0.90814
0.904056
0.900198
0.892011
0.886966
0.877235
0.865858
0.854417
0.837392
0.826244
0.806711
0.790952
0.784036
0.76744
0.749843
0.746707
0.752084
0.761665
0.767128
0.769818
0.77215
0.777606
0.793311
0.804618
0.808969
0.817715
0.836323
0.858496
0.882446
0.910765
0.937279
0.954508
0.960981
0.962116
0.961963
0.960884
0.95759
0.953023
0.948216
0.943734
0.939535
0.936116
0.932622
0.917097
0.886465
0.901221
0.920284
0.947138
0.975031
0.982238
0.984694
0.986564
0.987287
0.987487
0.98748
0.987238
0.986971
0.986918
0.986898
0.986884
0.986932
0.987133
0.9875
0.987987
0.988574
0.989231
0.989887
0.990519
0.991061
0.991474
0.991639
0.991701
0.991714
0.991661
0.991468
0.991151
0.990721
0.990149
0.989381
0.988303
0.986794
0.984874
0.982139
0.978214
0.974435
0.972325
0.972593
0.975202
0.977545
0.978411
0.976392
0.965739
0.934712
0.915914
0.909136
0.905707
0.904371
0.904025
0.905444
0.908497
0.91079
0.913456
0.917663
0.92078
0.923486
0.927166
0.92988
0.93183
0.93368
0.935317
0.937176
0.939006
0.940631
0.942251
0.944037
0.945947
0.948262
0.949866
0.950428
0.950008
0.948604
0.946214
0.942955
0.939563
0.936654
0.934436
0.932996
0.931995
0.931203
0.930667
0.930452
0.930482
0.930881
0.931949
0.93278
0.933723
0.934282
0.934303
0.934075
0.93325
0.930922
0.927924
0.925969
0.925669
0.92698
0.933745
0.951606
0.96575
0.975529
0.979647
0.978663
0.969116
0.945007
0.937443
0.934585
0.927188
0.907505
0.900209
0.903025
0.915084
0.921975
0.925788
0.930512
0.934537
0.938859
0.778986
0.779219
0.786953
0.793196
0.798198
0.821377
0.855083
0.884354
0.904383
0.917514
0.925899
0.930343
0.931716
0.931691
0.93115
0.92966
0.928368
0.925518
0.923132
0.917628
0.913738
0.905848
0.898547
0.889585
0.877498
0.867221
0.85433
0.83708
0.826716
0.812549
0.790898
0.772481
0.762832
0.76115
0.762085
0.765624
0.774627
0.8036
0.85428
0.885621
0.911298
0.937483
0.959308
0.971199
0.97377
0.973429
0.971528
0.96643
0.960009
0.952043
0.945462
0.938515
0.937104
0.937709
0.938728
0.937961
0.935664
0.928631
0.903923
0.910684
0.949697
0.969696
0.980959
0.988568
0.991169
0.993061
0.993995
0.994581
0.994833
0.994957
0.995079
0.995253
0.995526
0.995798
0.995972
0.996138
0.996352
0.996541
0.996688
0.996767
0.996796
0.996771
0.996611
0.996413
0.996197
0.995947
0.995637
0.995273
0.99486
0.99439
0.993814
0.993082
0.99213
0.990808
0.988832
0.985697
0.980423
0.971632
0.960695
0.956815
0.957295
0.96282
0.97096
0.976612
0.976363
0.967607
0.940706
0.910113
0.900089
0.896355
0.895386
0.895558
0.898387
0.902117
0.90466
0.908941
0.913968
0.918388
0.922755
0.927806
0.932458
0.936016
0.938553
0.939812
0.940717
0.94193
0.943138
0.94434
0.945788
0.947759
0.9504
0.954524
0.96025
0.965445
0.969205
0.971388
0.972878
0.973656
0.973933
0.974035
0.973907
0.973442
0.972663
0.971113
0.969172
0.967759
0.967337
0.967442
0.968556
0.969829
0.969574
0.968539
0.966677
0.965028
0.96345
0.961034
0.955696
0.943594
0.93158
0.925122
0.923834
0.924943
0.933027
0.957565
0.97402
0.982111
0.981804
0.974802
0.95336
0.941944
0.935577
0.923393
0.916938
0.917257
0.918595
0.918163
0.916815
0.917001
0.919215
0.924481
0.782178
0.780478
0.78254
0.784491
0.791554
0.812771
0.845757
0.874814
0.898208
0.914998
0.926085
0.932763
0.936535
0.938345
0.938915
0.938962
0.938833
0.938434
0.937741
0.936048
0.933969
0.930563
0.924973
0.918095
0.908317
0.899732
0.890344
0.873322
0.852709
0.839522
0.828223
0.807416
0.784772
0.76997
0.765583
0.76663
0.778964
0.832754
0.888195
0.924218
0.954096
0.973236
0.979754
0.979693
0.976824
0.968336
0.960878
0.954766
0.94816
0.937863
0.929208
0.920612
0.917402
0.918068
0.921352
0.928589
0.932903
0.916026
0.914716
0.958265
0.975663
0.983741
0.990128
0.993914
0.995523
0.996618
0.997074
0.997384
0.997532
0.997614
0.997706
0.997792
0.997881
0.997926
0.997937
0.99792
0.997862
0.997766
0.997599
0.997367
0.997063
0.996643
0.996107
0.995562
0.995053
0.994592
0.994169
0.993799
0.99349
0.993241
0.992969
0.992579
0.991911
0.990721
0.988633
0.984886
0.977939
0.964375
0.950985
0.949058
0.95241
0.963123
0.969697
0.971627
0.966423
0.943372
0.909643
0.895766
0.890364
0.888443
0.887983
0.888109
0.889835
0.891323
0.892045
0.894125
0.896498
0.89926
0.902935
0.907724
0.913155
0.919547
0.926578
0.93239
0.935497
0.938615
0.940362
0.941855
0.943494
0.945667
0.948398
0.953498
0.960547
0.967491
0.973907
0.978349
0.980997
0.982946
0.984787
0.986533
0.988307
0.989829
0.990839
0.991191
0.991206
0.991167
0.991049
0.990696
0.989668
0.987084
0.982523
0.977922
0.974088
0.97136
0.969773
0.969007
0.968358
0.967011
0.96245
0.946048
0.931235
0.926018
0.926036
0.930979
0.954341
0.975795
0.984337
0.984353
0.980069
0.966435
0.956928
0.943704
0.932238
0.926769
0.923517
0.921346
0.921064
0.921299
0.922004
0.922129
0.781753
0.780597
0.78124
0.785819
0.797739
0.818707
0.841073
0.865919
0.88882
0.907562
0.921525
0.930768
0.936442
0.939625
0.941297
0.942177
0.942685
0.94298
0.943137
0.94319
0.94315
0.9429
0.942166
0.940459
0.935451
0.926738
0.920551
0.909908
0.884578
0.86222
0.848407
0.829396
0.801748
0.778511
0.769886
0.770823
0.7877
0.847328
0.905699
0.947928
0.973512
0.982419
0.982459
0.977185
0.967356
0.963507
0.958898
0.949593
0.929058
0.910356
0.898913
0.893233
0.893094
0.894958
0.90233
0.922472
0.926628
0.916436
0.940218
0.976689
0.985526
0.989618
0.993551
0.996491
0.997648
0.998149
0.998352
0.998442
0.99847
0.998456
0.998331
0.998211
0.998114
0.997989
0.997846
0.997579
0.997121
0.996438
0.99543
0.994066
0.992341
0.990275
0.988129
0.986286
0.985009
0.9841
0.983703
0.983595
0.983837
0.984732
0.985825
0.987205
0.988355
0.98879
0.988086
0.984958
0.978205
0.963206
0.946146
0.94151
0.944254
0.953315
0.956977
0.956825
0.940633
0.911952
0.894126
0.88719
0.884374
0.883375
0.883092
0.883071
0.883432
0.883467
0.883549
0.884194
0.885126
0.885843
0.887029
0.888392
0.890268
0.892872
0.896905
0.903103
0.913599
0.923972
0.932283
0.936389
0.9392
0.942404
0.944778
0.949828
0.958023
0.966588
0.974529
0.981119
0.985739
0.988692
0.99057
0.992313
0.994056
0.995147
0.995666
0.995781
0.995745
0.995582
0.995049
0.993811
0.991224
0.985499
0.976179
0.968296
0.963091
0.960112
0.959303
0.959515
0.960908
0.963482
0.964123
0.96296
0.953854
0.934603
0.92706
0.926617
0.931946
0.957492
0.978889
0.986373
0.987051
0.985138
0.980041
0.975181
0.966758
0.951421
0.938819
0.930881
0.925361
0.92286
0.922901
0.924411
0.77865
0.780359
0.788436
0.803459
0.813236
0.823552
0.839677
0.859128
0.879296
0.897362
0.912245
0.923252
0.930964
0.935955
0.939069
0.940863
0.941862
0.942537
0.943075
0.943597
0.944038
0.944238
0.944251
0.944098
0.943205
0.938974
0.931713
0.923766
0.902969
0.876457
0.861776
0.83745
0.803056
0.778398
0.771661
0.774819
0.801596
0.868212
0.92688
0.965736
0.982694
0.984816
0.980771
0.971369
0.969099
0.964772
0.952492
0.9181
0.89802
0.889945
0.88528
0.884969
0.886448
0.891171
0.902366
0.922435
0.922248
0.922302
0.966326
0.9857
0.990904
0.993372
0.995889
0.997893
0.998541
0.998734
0.998779
0.998782
0.998684
0.998522
0.998317
0.99809
0.997789
0.997293
0.996444
0.994984
0.992623
0.98917
0.985247
0.98102
0.976738
0.972667
0.969262
0.966664
0.964654
0.962966
0.9618
0.961029
0.960718
0.961553
0.963878
0.967884
0.97393
0.9802
0.983114
0.98394
0.980364
0.9689
0.94543
0.936084
0.935001
0.937724
0.938829
0.933722
0.915136
0.894644
0.886331
0.883
0.881871
0.88162
0.881724
0.882365
0.882787
0.882993
0.883363
0.884198
0.885012
0.885399
0.88592
0.886457
0.887221
0.888078
0.889221
0.890821
0.893889
0.899863
0.911981
0.926607
0.933977
0.939519
0.94227
0.946789
0.954767
0.964296
0.973763
0.981677
0.987359
0.991146
0.993754
0.9956
0.996809
0.997427
0.997603
0.997592
0.997456
0.996983
0.995773
0.992789
0.984326
0.969457
0.959938
0.955034
0.953101
0.952757
0.953009
0.954318
0.958134
0.961418
0.962632
0.962585
0.960914
0.951112
0.933093
0.926806
0.92699
0.934539
0.963413
0.982007
0.98789
0.990117
0.989803
0.98877
0.986258
0.981662
0.972572
0.954732
0.938905
0.928997
0.925015
0.924763
0.780363
0.793087
0.809161
0.819834
0.827331
0.834963
0.842475
0.855587
0.870463
0.884328
0.897102
0.907315
0.915271
0.921205
0.925851
0.929369
0.931994
0.934194
0.936063
0.937815
0.939884
0.941963
0.943363
0.943836
0.943778
0.942796
0.939097
0.929808
0.904898
0.882164
0.862235
0.831178
0.794776
0.775388
0.773898
0.784589
0.831036
0.900205
0.953079
0.980429
0.987226
0.985545
0.97711
0.97469
0.971105
0.95776
0.914554
0.892939
0.887842
0.887587
0.890176
0.889424
0.888282
0.892332
0.906135
0.92224
0.923123
0.936866
0.980408
0.99109
0.994388
0.995974
0.997505
0.998572
0.998842
0.998888
0.998877
0.998795
0.998649
0.998397
0.99802
0.997421
0.996403
0.994524
0.991536
0.98818
0.984585
0.980984
0.977509
0.974028
0.970566
0.967614
0.965057
0.962851
0.960594
0.958541
0.956773
0.954982
0.953055
0.951564
0.950433
0.949937
0.951167
0.955552
0.966469
0.975557
0.978607
0.975247
0.957088
0.933581
0.927873
0.926127
0.922647
0.911801
0.897842
0.886841
0.882932
0.881547
0.881245
0.881378
0.882184
0.883998
0.886372
0.88902
0.891976
0.893801
0.894427
0.89358
0.891686
0.890177
0.889165
0.888707
0.88896
0.889638
0.891
0.893129
0.897685
0.908668
0.925804
0.935607
0.940254
0.945288
0.953517
0.963719
0.973646
0.982277
0.988496
0.992457
0.99509
0.996881
0.997974
0.998429
0.998516
0.998491
0.998277
0.997424
0.994871
0.985975
0.970348
0.960179
0.954913
0.952704
0.952042
0.952053
0.952617
0.955376
0.962005
0.96604
0.966844
0.966382
0.964609
0.959615
0.944094
0.929927
0.926155
0.927564
0.938971
0.969439
0.984375
0.989396
0.99212
0.993172
0.992993
0.99213
0.989685
0.984091
0.969549
0.945589
0.931836
0.927
0.793061
0.808353
0.821724
0.830657
0.83369
0.837206
0.841221
0.847133
0.854354
0.860874
0.868503
0.875649
0.881567
0.8868
0.891992
0.89698
0.901808
0.906003
0.911218
0.917268
0.923447
0.929859
0.935903
0.940262
0.941845
0.941629
0.93977
0.932151
0.906458
0.880231
0.85449
0.812982
0.781042
0.774718
0.780139
0.812747
0.875953
0.938831
0.976197
0.988647
0.989108
0.983742
0.979552
0.977384
0.96743
0.920855
0.88927
0.887117
0.89207
0.905445
0.906497
0.89959
0.891769
0.897578
0.914398
0.923029
0.928155
0.962916
0.988521
0.994491
0.996542
0.99752
0.998339
0.9988
0.998889
0.998894
0.998844
0.998692
0.998407
0.997916
0.997106
0.995675
0.993231
0.990475
0.988274
0.98572
0.983117
0.981186
0.979259
0.977803
0.976729
0.975816
0.975041
0.9739
0.972429
0.970723
0.968654
0.965966
0.962555
0.958625
0.953883
0.949381
0.947137
0.946104
0.946627
0.952632
0.967974
0.973736
0.970359
0.945606
0.925529
0.920214
0.915986
0.90552
0.8927
0.88502
0.882211
0.881346
0.881254
0.882069
0.885571
0.892223
0.899605
0.904451
0.908593
0.91048
0.910991
0.910319
0.907464
0.903158
0.898199
0.894048
0.892127
0.891363
0.89122
0.892381
0.894861
0.900985
0.916615
0.931489
0.938475
0.944171
0.953084
0.964299
0.975556
0.9847
0.991061
0.994818
0.996907
0.998164
0.998868
0.999166
0.999215
0.999137
0.998685
0.997166
0.991704
0.976923
0.964789
0.957861
0.954243
0.952921
0.952819
0.953185
0.9549
0.960595
0.969196
0.975263
0.977469
0.977258
0.975027
0.969086
0.95301
0.935208
0.926952
0.925693
0.928776
0.944957
0.97338
0.985506
0.990976
0.99346
0.99507
0.995284
0.994979
0.993634
0.989343
0.976702
0.94858
0.933448
0.807556
0.821021
0.830688
0.831901
0.8294
0.824287
0.818948
0.814885
0.812598
0.812208
0.813255
0.815868
0.819019
0.82308
0.827251
0.831373
0.83678
0.843513
0.853291
0.866332
0.885301
0.903967
0.919537
0.931254
0.937461
0.938825
0.937394
0.926857
0.896327
0.870437
0.830712
0.786777
0.775268
0.780646
0.808904
0.862411
0.925362
0.971276
0.988931
0.991959
0.989727
0.983313
0.982359
0.978121
0.948307
0.889543
0.883259
0.894445
0.909022
0.911939
0.908598
0.90258
0.899671
0.90865
0.919337
0.92596
0.941587
0.980552
0.993177
0.996456
0.997648
0.998206
0.998588
0.998804
0.998853
0.998804
0.998624
0.998264
0.997657
0.99669
0.995181
0.992916
0.990942
0.989072
0.986889
0.984867
0.983202
0.982182
0.981296
0.980112
0.97906
0.97839
0.97764
0.976961
0.976343
0.975755
0.975126
0.974444
0.973661
0.972734
0.97111
0.96748
0.960404
0.951322
0.945325
0.943551
0.945559
0.959665
0.971147
0.967272
0.935518
0.921098
0.91615
0.906837
0.894031
0.885866
0.882604
0.881537
0.881399
0.882206
0.885623
0.892856
0.902167
0.909093
0.912764
0.914264
0.914732
0.914774
0.913827
0.912054
0.908109
0.901802
0.897308
0.895275
0.894466
0.893855
0.894769
0.899144
0.9123
0.929214
0.937637
0.943659
0.953714
0.966792
0.978477
0.98734
0.992941
0.996172
0.997992
0.998976
0.999435
0.999567
0.999559
0.9994
0.998731
0.996263
0.987048
0.97294
0.963273
0.957631
0.955624
0.95545
0.955845
0.957628
0.962753
0.969762
0.975574
0.979953
0.98234
0.982686
0.981969
0.978489
0.965779
0.94305
0.929387
0.925222
0.925509
0.930886
0.950628
0.974964
0.986272
0.991777
0.994472
0.996074
0.996616
0.996485
0.995489
0.991439
0.977194
0.948088
0.825462
0.833616
0.82905
0.8155
0.797779
0.784412
0.778554
0.775989
0.774992
0.775226
0.77589
0.777108
0.778409
0.779826
0.78123
0.782832
0.785458
0.789955
0.796237
0.809229
0.824167
0.851051
0.887526
0.915377
0.931688
0.935397
0.932406
0.911
0.878882
0.843565
0.791352
0.773766
0.783382
0.816368
0.856074
0.913975
0.966231
0.98818
0.993702
0.993183
0.988627
0.986473
0.984936
0.972322
0.910988
0.87742
0.886269
0.907257
0.911982
0.911432
0.907718
0.906047
0.907841
0.916494
0.92359
0.933386
0.966522
0.989375
0.995636
0.997399
0.998041
0.99833
0.998582
0.998699
0.998638
0.998371
0.997809
0.996841
0.995286
0.99314
0.990999
0.989477
0.987904
0.985723
0.983413
0.981546
0.980176
0.978542
0.977382
0.976557
0.976039
0.975365
0.974706
0.973885
0.972933
0.971891
0.971339
0.971176
0.971743
0.972583
0.973349
0.973868
0.97384
0.97208
0.963846
0.950306
0.942465
0.941525
0.952369
0.969423
0.965424
0.931834
0.918147
0.911288
0.900674
0.891063
0.885699
0.883239
0.882403
0.882733
0.88507
0.890585
0.898819
0.905868
0.910555
0.913448
0.914945
0.91516
0.91475
0.913829
0.911416
0.906153
0.900941
0.897572
0.896828
0.896952
0.897183
0.899373
0.910781
0.928442
0.937359
0.943754
0.954982
0.968701
0.980648
0.988904
0.993909
0.99682
0.998439
0.999278
0.999632
0.999712
0.999685
0.999457
0.998533
0.995186
0.984119
0.971393
0.963133
0.9596
0.958942
0.959169
0.960821
0.967187
0.975176
0.979913
0.983152
0.985307
0.986045
0.986029
0.985606
0.983664
0.976291
0.953356
0.934001
0.926088
0.924642
0.926097
0.933965
0.955084
0.974117
0.985876
0.991891
0.995125
0.996777
0.997432
0.997338
0.99629
0.991442
0.972676
0.843137
0.833289
0.802361
0.778616
0.771587
0.769658
0.768832
0.768801
0.769003
0.769598
0.770317
0.771079
0.771805
0.772371
0.772685
0.773179
0.774086
0.775924
0.779507
0.787759
0.802777
0.831086
0.87939
0.916846
0.928311
0.92872
0.915475
0.876683
0.843646
0.789079
0.773055
0.786189
0.836119
0.861536
0.909648
0.962521
0.987386
0.994375
0.995105
0.993359
0.989911
0.989332
0.986221
0.962489
0.89416
0.873035
0.894096
0.909642
0.910938
0.909364
0.907539
0.907972
0.912906
0.921538
0.930388
0.949988
0.98185
0.993519
0.996751
0.997705
0.99807
0.998274
0.998378
0.998256
0.997805
0.996863
0.995026
0.99267
0.990515
0.988844
0.987352
0.985411
0.982799
0.980478
0.978996
0.977712
0.977097
0.976503
0.976205
0.975866
0.975587
0.975124
0.974459
0.973512
0.972191
0.970395
0.968174
0.965857
0.963785
0.962501
0.962744
0.96531
0.970341
0.974292
0.975856
0.973974
0.960563
0.942669
0.937756
0.943853
0.964349
0.963318
0.936431
0.918406
0.908991
0.90127
0.896643
0.89297
0.889778
0.887584
0.888398
0.891534
0.89778
0.903692
0.908472
0.911641
0.913623
0.914267
0.914287
0.913897
0.912115
0.907885
0.903604
0.900671
0.899005
0.898655
0.899198
0.90201
0.912904
0.930141
0.938274
0.945142
0.95776
0.97203
0.983609
0.991258
0.995644
0.99794
0.999054
0.999581
0.999777
0.999808
0.99975
0.999433
0.998254
0.994204
0.982125
0.970427
0.964042
0.961928
0.961814
0.962666
0.967011
0.975981
0.981645
0.98447
0.986126
0.987405
0.987929
0.987929
0.987722
0.986704
0.982401
0.964829
0.940481
0.928081
0.924771
0.92479
0.927658
0.938299
0.957426
0.973139
0.985009
0.991993
0.995672
0.997368
0.997952
0.997804
0.996341
0.988691
0.840845
0.803169
0.773787
0.769792
0.769469
0.770427
0.77133
0.771872
0.772219
0.772376
0.77247
0.77256
0.772577
0.772468
0.772075
0.771703
0.771973
0.774061
0.780107
0.792562
0.815954
0.859133
0.906173
0.918715
0.919307
0.903962
0.867414
0.818607
0.784332
0.777719
0.794265
0.85145
0.875601
0.90398
0.961893
0.986564
0.994509
0.996046
0.995462
0.993207
0.992207
0.9918
0.987342
0.958276
0.888637
0.871694
0.894177
0.907132
0.908444
0.907182
0.90671
0.908206
0.913728
0.923208
0.937647
0.967719
0.989011
0.995332
0.997093
0.997695
0.997928
0.997932
0.997587
0.996679
0.99487
0.99264
0.99033
0.988543
0.987178
0.985867
0.984166
0.98147
0.97917
0.978033
0.977363
0.976962
0.976784
0.976629
0.976487
0.97629
0.976041
0.975754
0.975503
0.975101
0.974145
0.972407
0.969717
0.966298
0.963057
0.959973
0.956776
0.953572
0.95199
0.956896
0.967499
0.975665
0.977835
0.971696
0.94865
0.936539
0.940433
0.957634
0.95877
0.945225
0.928034
0.913162
0.906139
0.901759
0.900134
0.899171
0.899516
0.900514
0.902883
0.906256
0.909139
0.91118
0.912696
0.913163
0.913096
0.912536
0.911071
0.908426
0.904942
0.902082
0.901588
0.901678
0.902306
0.90509
0.916361
0.932189
0.93921
0.947405
0.960947
0.97561
0.986718
0.99371
0.997401
0.998941
0.999574
0.999824
0.999891
0.999883
0.999779
0.999324
0.997697
0.992024
0.978672
0.968643
0.964151
0.963209
0.963618
0.966079
0.973202
0.980149
0.984627
0.986722
0.987897
0.988734
0.988951
0.988884
0.988685
0.988124
0.985741
0.974563
0.948185
0.931415
0.925415
0.924752
0.925726
0.93032
0.942551
0.959313
0.973838
0.98518
0.992561
0.996337
0.997901
0.998281
0.997965
0.99508
0.825168
0.780604
0.770079
0.77437
0.778243
0.777538
0.776644
0.776072
0.775768
0.775648
0.7756
0.775173
0.773783
0.77212
0.771721
0.772151
0.774499
0.781364
0.797473
0.831818
0.882424
0.900768
0.90479
0.900479
0.869956
0.81806
0.791367
0.786608
0.791831
0.822543
0.873091
0.892297
0.909463
0.954874
0.984556
0.993905
0.996334
0.996468
0.995452
0.994276
0.994099
0.993754
0.989499
0.961322
0.890908
0.867791
0.882572
0.900237
0.902752
0.902666
0.903522
0.906272
0.911722
0.922815
0.946378
0.979586
0.992285
0.995899
0.997039
0.997433
0.997408
0.996779
0.994953
0.992092
0.990307
0.988817
0.987315
0.98623
0.985299
0.983784
0.981405
0.978973
0.977858
0.977333
0.977077
0.976865
0.976745
0.976578
0.976288
0.975931
0.975752
0.975699
0.975675
0.975683
0.975693
0.975455
0.974206
0.970722
0.965798
0.961034
0.956626
0.952007
0.947254
0.942487
0.940924
0.95052
0.969444
0.979076
0.978895
0.958587
0.939259
0.939522
0.948626
0.953625
0.950673
0.94259
0.930244
0.919419
0.911666
0.908014
0.906585
0.906683
0.907346
0.908864
0.910349
0.911622
0.912456
0.912721
0.912656
0.912048
0.910904
0.90885
0.906137
0.904742
0.904344
0.904495
0.905492
0.909294
0.922573
0.935344
0.941292
0.950682
0.965729
0.980257
0.990443
0.995839
0.998308
0.999355
0.999766
0.999907
0.999931
0.999908
0.999753
0.999091
0.996623
0.987542
0.974499
0.967289
0.964589
0.964587
0.966214
0.972449
0.979426
0.984613
0.987841
0.989183
0.990337
0.990808
0.990753
0.990408
0.989815
0.989124
0.987435
0.980536
0.956727
0.936131
0.927022
0.925112
0.925587
0.927851
0.933684
0.946449
0.962242
0.976255
0.986864
0.993723
0.997113
0.998338
0.998462
0.997549
0.81384
0.775664
0.776297
0.782887
0.780621
0.777649
0.775987
0.775073
0.774798
0.77444
0.77324
0.772974
0.773033
0.773547
0.776379
0.784862
0.804596
0.842643
0.867476
0.878089
0.880921
0.875805
0.838955
0.803709
0.795563
0.795854
0.806854
0.833792
0.869825
0.896171
0.906862
0.916617
0.940559
0.976505
0.990141
0.995436
0.99676
0.99664
0.995601
0.995129
0.995198
0.995142
0.992825
0.975845
0.911264
0.865637
0.866493
0.884938
0.890228
0.891943
0.893392
0.89738
0.904498
0.923575
0.95858
0.985251
0.993307
0.995818
0.996615
0.996639
0.995793
0.993293
0.98997
0.988062
0.987083
0.986286
0.985452
0.984755
0.983676
0.981664
0.979201
0.97791
0.977359
0.977099
0.976821
0.976497
0.975965
0.974942
0.974155
0.97389
0.973965
0.974583
0.975309
0.975802
0.976138
0.976517
0.976769
0.976413
0.973385
0.966923
0.960069
0.953198
0.946829
0.940353
0.934133
0.928291
0.930605
0.953746
0.976063
0.98203
0.975496
0.951464
0.941987
0.944017
0.948979
0.949147
0.947526
0.944112
0.93759
0.930462
0.924122
0.918745
0.915848
0.914732
0.914206
0.914265
0.914361
0.914334
0.913941
0.912779
0.911905
0.910203
0.908406
0.907914
0.908056
0.908733
0.910603
0.915881
0.929506
0.937551
0.943629
0.955637
0.971623
0.985148
0.993373
0.997388
0.999025
0.999646
0.999878
0.999949
0.999954
0.999917
0.999694
0.998745
0.995021
0.983021
0.972439
0.967242
0.966386
0.967223
0.971882
0.980723
0.986441
0.989914
0.991738
0.992314
0.992808
0.992943
0.992811
0.992396
0.991382
0.990467
0.988837
0.98395
0.964536
0.940922
0.929556
0.926245
0.926175
0.927512
0.930869
0.937233
0.950874
0.966815
0.980171
0.989605
0.995291
0.997873
0.998626
0.998432
0.810212
0.77558
0.782414
0.783607
0.778652
0.775417
0.773643
0.772671
0.772624
0.773752
0.77536
0.777566
0.784142
0.799754
0.823558
0.839191
0.849529
0.852779
0.852264
0.830236
0.811639
0.805293
0.803818
0.811658
0.832713
0.858302
0.886889
0.902017
0.907505
0.910469
0.914431
0.921574
0.941508
0.973206
0.987751
0.994388
0.99657
0.996784
0.996147
0.995543
0.995563
0.995708
0.99503
0.988681
0.953715
0.876673
0.859401
0.865568
0.874798
0.878078
0.879919
0.885568
0.898369
0.92568
0.968107
0.98683
0.993146
0.995161
0.99545
0.994242
0.991514
0.98878
0.98654
0.985551
0.985081
0.984744
0.984299
0.983642
0.982413
0.980266
0.978433
0.977588
0.977148
0.976767
0.976165
0.975086
0.9736
0.972868
0.972688
0.972922
0.973313
0.97412
0.975118
0.975879
0.976573
0.97717
0.977818
0.978412
0.978628
0.977023
0.970901
0.961717
0.950431
0.940862
0.933914
0.925652
0.91662
0.915431
0.931259
0.967661
0.980564
0.979046
0.966875
0.94985
0.94438
0.944533
0.946134
0.94653
0.945992
0.944651
0.942425
0.939222
0.93575
0.932174
0.927898
0.924828
0.922359
0.920967
0.918963
0.91783
0.916536
0.914117
0.913161
0.913191
0.913603
0.914868
0.917332
0.923536
0.933739
0.939834
0.948574
0.962957
0.978257
0.989599
0.995661
0.998331
0.999423
0.999817
0.999944
0.999973
0.999969
0.999913
0.999607
0.998297
0.992953
0.980016
0.971618
0.968762
0.968864
0.971363
0.979916
0.986981
0.990536
0.992404
0.993414
0.993695
0.993834
0.994268
0.994273
0.993945
0.992889
0.991829
0.990267
0.986356
0.970995
0.945727
0.93229
0.928102
0.927664
0.928202
0.930185
0.933787
0.941283
0.957372
0.973073
0.984969
0.992633
0.996822
0.998492
0.998727
0.80906
0.779014
0.783696
0.783522
0.777969
0.776303
0.776194
0.777618
0.781579
0.788259
0.797297
0.804973
0.81481
0.82356
0.827545
0.829026
0.826803
0.822315
0.82043
0.821117
0.832019
0.856102
0.883954
0.903972
0.920028
0.9247
0.9247
0.921342
0.918392
0.916876
0.917475
0.919241
0.925813
0.94614
0.970174
0.985808
0.993697
0.996318
0.996537
0.995956
0.995661
0.995801
0.995763
0.994003
0.98245
0.933703
0.864261
0.857027
0.859823
0.863753
0.86623
0.873007
0.889908
0.922978
0.967887
0.986198
0.991838
0.992986
0.991965
0.989427
0.987531
0.985713
0.984434
0.984
0.983843
0.983752
0.983529
0.982892
0.981446
0.9794
0.977815
0.977095
0.976565
0.975778
0.974602
0.973462
0.972565
0.972441
0.972625
0.973082
0.97361
0.97444
0.975506
0.976741
0.977923
0.979015
0.98012
0.980696
0.981247
0.981891
0.981383
0.977486
0.96701
0.950486
0.936863
0.929176
0.917326
0.905072
0.901893
0.909899
0.948499
0.974883
0.97941
0.976011
0.962172
0.95001
0.945133
0.94406
0.943786
0.943976
0.943823
0.94341
0.942555
0.940413
0.939267
0.936828
0.934759
0.931933
0.929404
0.927697
0.924465
0.921785
0.920999
0.921046
0.921504
0.922978
0.92502
0.929889
0.937153
0.944045
0.955644
0.97114
0.984707
0.993137
0.997491
0.999224
0.999762
0.999929
0.999978
0.999986
0.999976
0.999899
0.999496
0.997723
0.990156
0.978361
0.972148
0.970936
0.971865
0.977657
0.986044
0.990381
0.99266
0.993897
0.994318
0.994158
0.994157
0.994535
0.995336
0.995264
0.994442
0.993063
0.991538
0.988186
0.976211
0.950434
0.93515
0.929783
0.928957
0.929212
0.930338
0.932543
0.936936
0.948133
0.965651
0.979998
0.989691
0.995309
0.998047
0.998845
0.809512
0.780215
0.78483
0.785629
0.784039
0.784036
0.786046
0.790536
0.797558
0.805694
0.81249
0.817841
0.822515
0.827646
0.830078
0.832646
0.838716
0.854649
0.886353
0.913585
0.935555
0.946944
0.951396
0.954488
0.958223
0.96184
0.965271
0.966519
0.959887
0.949245
0.934859
0.924503
0.919961
0.920158
0.93092
0.957341
0.9799
0.991512
0.995701
0.996317
0.995953
0.995762
0.995822
0.995536
0.99225
0.975391
0.912148
0.862131
0.855506
0.85502
0.856274
0.860477
0.875591
0.914078
0.964319
0.983853
0.987955
0.988505
0.987595
0.985663
0.984722
0.983887
0.983272
0.983107
0.983102
0.983079
0.982857
0.982182
0.980743
0.97902
0.977803
0.97705
0.976377
0.975486
0.974556
0.973488
0.972933
0.973155
0.973795
0.974818
0.975715
0.976749
0.977862
0.979127
0.980554
0.982028
0.984105
0.985841
0.98692
0.988242
0.988721
0.98856
0.986731
0.978311
0.956252
0.939692
0.927994
0.910224
0.894076
0.889422
0.893915
0.925293
0.963994
0.978227
0.979227
0.975196
0.960493
0.949533
0.945227
0.942528
0.941458
0.940925
0.940416
0.939838
0.938646
0.937327
0.936478
0.934729
0.933264
0.931944
0.929993
0.928186
0.927406
0.927322
0.927445
0.928034
0.929625
0.934158
0.941372
0.951328
0.965792
0.980557
0.991141
0.996772
0.998928
0.999667
0.999901
0.999972
0.999991
0.999992
0.999978
0.99988
0.999376
0.997074
0.987952
0.977691
0.973661
0.973498
0.975771
0.984038
0.990034
0.993238
0.994901
0.995355
0.99474
0.994052
0.994021
0.994358
0.995752
0.996126
0.995803
0.994421
0.992784
0.989669
0.979961
0.954851
0.937985
0.931412
0.929976
0.930018
0.930638
0.932282
0.935159
0.941754
0.958129
0.974742
0.98652
0.993602
0.997313
0.998746
0.81345
0.781593
0.786907
0.789916
0.788354
0.788912
0.79329
0.798135
0.80336
0.812091
0.81915
0.823942
0.830563
0.839329
0.850964
0.876934
0.909032
0.932385
0.942367
0.945952
0.946814
0.944766
0.943199
0.943774
0.948252
0.957056
0.969095
0.98037
0.986211
0.989456
0.986777
0.972084
0.948037
0.924726
0.916207
0.918314
0.939752
0.971428
0.988515
0.994911
0.996093
0.99586
0.995704
0.99568
0.994964
0.989633
0.966949
0.894164
0.860576
0.854391
0.852886
0.85413
0.862879
0.893922
0.955403
0.978949
0.984031
0.984897
0.984508
0.983243
0.982789
0.982717
0.982653
0.982639
0.982666
0.982663
0.982475
0.981798
0.980441
0.979043
0.977897
0.977145
0.976486
0.975662
0.974886
0.97427
0.974551
0.975448
0.976688
0.977411
0.978162
0.979288
0.980658
0.982473
0.984795
0.987218
0.989855
0.992368
0.994791
0.996632
0.997268
0.997185
0.996684
0.995087
0.989572
0.969878
0.949635
0.930239
0.904834
0.884976
0.879637
0.882918
0.909361
0.955873
0.975832
0.981405
0.980501
0.974724
0.959725
0.949427
0.944334
0.941649
0.93944
0.938198
0.936858
0.936036
0.935372
0.934386
0.933538
0.932658
0.931384
0.930192
0.929636
0.929571
0.92971
0.930395
0.932771
0.939906
0.950109
0.962392
0.976852
0.988588
0.995532
0.998489
0.999532
0.999862
0.999961
0.99999
0.999996
0.999995
0.999977
0.999862
0.999265
0.996465
0.98652
0.978155
0.975827
0.976285
0.980675
0.988403
0.993017
0.995525
0.996155
0.99596
0.994403
0.992651
0.992622
0.993387
0.995698
0.996611
0.996529
0.995631
0.993942
0.990938
0.982518
0.958772
0.940774
0.933018
0.930836
0.930664
0.931082
0.932491
0.934634
0.938926
0.950804
0.968883
0.982786
0.991553
0.996344
0.998469
0.817683
0.78406
0.787949
0.792198
0.790495
0.791417
0.797005
0.803127
0.808776
0.817062
0.826169
0.834236
0.847783
0.873943
0.90236
0.92205
0.930967
0.933782
0.93379
0.924995
0.921006
0.918436
0.918221
0.91755
0.917518
0.921668
0.931804
0.957702
0.979877
0.990719
0.99552
0.997026
0.994832
0.980977
0.945027
0.917852
0.913396
0.925509
0.962654
0.985592
0.994117
0.995816
0.995685
0.995532
0.995366
0.993939
0.986149
0.957239
0.885153
0.859284
0.853305
0.853111
0.856459
0.875178
0.935402
0.97074
0.980516
0.982425
0.982404
0.98182
0.981571
0.981799
0.982247
0.982375
0.982428
0.982472
0.982343
0.981717
0.980414
0.979136
0.978122
0.977399
0.976835
0.976204
0.976021
0.97626
0.97704
0.977566
0.977841
0.978134
0.978802
0.980455
0.983127
0.986448
0.990018
0.993229
0.995706
0.997425
0.998461
0.999066
0.999376
0.999421
0.999359
0.999098
0.998275
0.995384
0.98402
0.963512
0.936158
0.902961
0.879151
0.872847
0.87555
0.896537
0.947324
0.972372
0.981962
0.983347
0.981818
0.975746
0.961703
0.951498
0.945175
0.941474
0.938691
0.937093
0.936007
0.934856
0.933984
0.933153
0.932184
0.931451
0.931346
0.931497
0.932158
0.934159
0.940134
0.951396
0.961213
0.97401
0.986476
0.994643
0.998128
0.999392
0.999816
0.999948
0.999986
0.999996
0.999998
0.999996
0.999976
0.999847
0.999169
0.995866
0.985845
0.979371
0.978226
0.979373
0.985245
0.99157
0.995246
0.996614
0.996745
0.996155
0.9928
0.988998
0.988961
0.990772
0.995047
0.996788
0.996931
0.996465
0.994977
0.992078
0.984616
0.962385
0.943369
0.934375
0.931551
0.931264
0.931679
0.933004
0.934851
0.937901
0.94543
0.962804
0.978393
0.988921
0.995001
0.997948
0.819958
0.786597
0.789405
0.797755
0.79772
0.798195
0.803589
0.807552
0.813771
0.824684
0.839206
0.855608
0.880944
0.907461
0.922213
0.928735
0.930388
0.927685
0.925266
0.924933
0.929573
0.932648
0.931232
0.924142
0.91815
0.917928
0.923034
0.93862
0.96782
0.985473
0.993893
0.997589
0.998957
0.998805
0.99483
0.968099
0.924097
0.91209
0.919803
0.957153
0.98403
0.993572
0.995477
0.995485
0.995323
0.994865
0.99233
0.981402
0.942292
0.879458
0.858648
0.854059
0.855634
0.865268
0.911902
0.959846
0.976402
0.980452
0.981111
0.980928
0.980856
0.981125
0.981888
0.982206
0.982308
0.982341
0.982223
0.98158
0.980382
0.979307
0.978462
0.977934
0.977595
0.977386
0.977486
0.977774
0.977914
0.977873
0.97766
0.977552
0.977972
0.979938
0.983516
0.987501
0.991425
0.994706
0.99702
0.998442
0.999219
0.99961
0.9998
0.99987
0.999874
0.999846
0.999738
0.999373
0.99792
0.992601
0.9781
0.946888
0.906223
0.877534
0.869313
0.871257
0.889016
0.940386
0.969904
0.981779
0.985955
0.985974
0.984415
0.979311
0.967232
0.956986
0.949787
0.945174
0.94175
0.939363
0.938088
0.936566
0.935487
0.935458
0.93571
0.936541
0.938518
0.943139
0.954857
0.962944
0.972996
0.985569
0.994231
0.997896
0.99929
0.999777
0.999935
0.999982
0.999995
0.999999
0.999999
0.999997
0.999976
0.999841
0.999108
0.995417
0.985863
0.981188
0.98078
0.982586
0.988703
0.993973
0.996768
0.997474
0.997226
0.995941
0.989899
0.982511
0.982437
0.985918
0.993455
0.996617
0.997153
0.996914
0.995779
0.993027
0.986026
0.964879
0.945386
0.935648
0.93227
0.931887
0.932508
0.934034
0.935524
0.938051
0.943088
0.956511
0.973447
0.985741
0.99322
0.997124
0.823822
0.789942
0.789465
0.800082
0.801044
0.803194
0.812013
0.819806
0.824522
0.839936
0.860918
0.88001
0.901991
0.918184
0.925899
0.928551
0.928138
0.92646
0.928968
0.938946
0.946249
0.944733
0.942309
0.937914
0.92739
0.923619
0.924092
0.935816
0.96574
0.984772
0.993646
0.997401
0.999128
0.999676
0.999611
0.997776
0.980784
0.929506
0.912702
0.919507
0.957362
0.984471
0.993419
0.995166
0.995252
0.995055
0.994169
0.990108
0.974629
0.928207
0.877813
0.859904
0.85754
0.863265
0.892918
0.945124
0.970181
0.978187
0.980123
0.980364
0.980437
0.980716
0.981565
0.982053
0.982216
0.982225
0.982071
0.981389
0.980358
0.979461
0.978785
0.978358
0.978224
0.978133
0.978061
0.978058
0.977876
0.976769
0.97411
0.972212
0.972013
0.974448
0.980661
0.986411
0.991183
0.994744
0.997129
0.998556
0.999324
0.999701
0.999873
0.999945
0.999968
0.999969
0.999959
0.999915
0.999735
0.998981
0.996377
0.989068
0.966977
0.915964
0.880031
0.869551
0.870993
0.887941
0.93807
0.968891
0.982083
0.98771
0.989159
0.988956
0.987633
0.9831
0.974901
0.967117
0.959506
0.954476
0.950944
0.947477
0.945886
0.945899
0.946464
0.948036
0.951446
0.960629
0.968096
0.974267
0.985817
0.994123
0.997811
0.999248
0.999758
0.999927
0.999979
0.999995
0.999999
1
0.999999
0.999997
0.999976
0.999839
0.999076
0.995039
0.986492
0.983114
0.983105
0.985318
0.991062
0.995741
0.997741
0.997944
0.997363
0.995069
0.98636
0.97377
0.973761
0.979384
0.991081
0.996121
0.997249
0.99719
0.996353
0.993809
0.98702
0.966785
0.947192
0.936664
0.933073
0.932762
0.933363
0.935389
0.93729
0.939141
0.942798
0.951494
0.968309
0.982207
0.99118
0.996087
0.832091
0.795913
0.789617
0.803912
0.807664
0.80919
0.818789
0.82723
0.837191
0.8528
0.873789
0.89405
0.911545
0.922283
0.926658
0.927634
0.926359
0.926579
0.935126
0.945079
0.945876
0.943686
0.941486
0.938849
0.92958
0.925489
0.927992
0.941934
0.972005
0.989288
0.996293
0.998664
0.999453
0.999831
0.999917
0.999818
0.99821
0.981875
0.929484
0.9139
0.922919
0.962796
0.986538
0.993667
0.994982
0.995015
0.994678
0.993095
0.986767
0.964549
0.920098
0.879654
0.865006
0.866513
0.883325
0.933938
0.964517
0.975773
0.97918
0.979976
0.980168
0.980486
0.981327
0.98189
0.9821
0.98211
0.981958
0.981308
0.980354
0.979557
0.978975
0.978609
0.978394
0.978208
0.978187
0.977978
0.976081
0.968879
0.959174
0.953211
0.95272
0.958604
0.97132
0.981569
0.989054
0.993951
0.996874
0.998486
0.999313
0.999706
0.999882
0.999955
0.999983
0.999991
0.999991
0.999987
0.999965
0.999863
0.999446
0.998087
0.994195
0.981037
0.930791
0.885437
0.872656
0.873833
0.890489
0.9379
0.968175
0.982394
0.988792
0.991398
0.991902
0.991759
0.990811
0.987139
0.98064
0.976011
0.972537
0.967949
0.96458
0.964046
0.964432
0.965868
0.970417
0.97552
0.979121
0.987464
0.994612
0.997947
0.999286
0.999768
0.999928
0.999979
0.999994
0.999999
1
1
1
0.999997
0.999976
0.999839
0.999047
0.994783
0.987306
0.984881
0.985122
0.987658
0.993159
0.99695
0.998215
0.998223
0.997372
0.994393
0.98441
0.969419
0.966428
0.972553
0.988133
0.995364
0.997165
0.997255
0.996705
0.994545
0.988213
0.968685
0.948563
0.937633
0.934248
0.934056
0.934524
0.936075
0.939136
0.941386
0.943853
0.949152
0.963036
0.978507
0.988998
0.99496
0.839779
0.809682
0.791978
0.800235
0.814559
0.817748
0.829593
0.840424
0.851644
0.865992
0.884115
0.902781
0.916702
0.924106
0.927336
0.927534
0.926303
0.926385
0.931908
0.936487
0.93525
0.935478
0.935869
0.934634
0.928694
0.925607
0.92948
0.952926
0.98253
0.994125
0.998107
0.999394
0.9998
0.999931
0.999975
0.999973
0.999809
0.997485
0.97413
0.924746
0.91531
0.929851
0.970537
0.988954
0.993989
0.994829
0.994758
0.994098
0.991393
0.981435
0.953112
0.916063
0.887461
0.878201
0.886703
0.920917
0.957266
0.972896
0.978168
0.97964
0.980008
0.980374
0.981135
0.981752
0.982019
0.982035
0.981892
0.981246
0.980334
0.979584
0.979043
0.978671
0.978397
0.978391
0.978338
0.976036
0.964674
0.940578
0.926037
0.922249
0.925251
0.941233
0.961299
0.976251
0.986494
0.992856
0.996463
0.998353
0.999276
0.999699
0.999881
0.999956
0.999984
0.999994
0.999997
0.999997
0.999994
0.99998
0.999913
0.999673
0.998921
0.996297
0.984367
0.932773
0.887579
0.87626
0.878112
0.897217
0.940751
0.968361
0.982683
0.989615
0.992917
0.99415
0.994496
0.99448
0.993869
0.991188
0.987768
0.984318
0.981135
0.980191
0.980385
0.981789
0.98328
0.985358
0.990883
0.995897
0.998369
0.999415
0.999806
0.999939
0.999982
0.999995
0.999999
1
1
1
1
0.999997
0.999976
0.999839
0.99903
0.994663
0.988252
0.986549
0.986969
0.989766
0.994567
0.997638
0.998628
0.998527
0.997439
0.994236
0.983684
0.968566
0.963313
0.967066
0.983726
0.994108
0.996919
0.997204
0.996764
0.994849
0.988778
0.969835
0.950062
0.939317
0.935664
0.935181
0.935461
0.936826
0.940897
0.943938
0.945854
0.949292
0.958528
0.974723
0.986717
0.993769
0.842203
0.831386
0.797054
0.79501
0.815045
0.821288
0.83084
0.845506
0.858504
0.872817
0.889068
0.904888
0.916833
0.92394
0.927632
0.927797
0.92676
0.926605
0.927724
0.928454
0.929295
0.93303
0.934442
0.932597
0.92494
0.925006
0.934638
0.967056
0.988042
0.996203
0.998882
0.999678
0.999904
0.999968
0.99999
0.999994
0.999976
0.999592
0.994867
0.958042
0.920264
0.918416
0.943515
0.978701
0.991251
0.994281
0.994656
0.994435
0.993218
0.988611
0.973525
0.943555
0.916594
0.902594
0.90102
0.919135
0.953644
0.970678
0.977271
0.979347
0.979923
0.980344
0.98102
0.981644
0.981942
0.981971
0.981824
0.981113
0.980231
0.979556
0.979025
0.978625
0.978456
0.978459
0.976955
0.962256
0.927673
0.91549
0.912757
0.91331
0.918002
0.936415
0.95836
0.974713
0.985763
0.992544
0.996345
0.998318
0.999267
0.999697
0.999881
0.999956
0.999985
0.999995
0.999998
0.999999
0.999999
0.999996
0.999984
0.999935
0.999761
0.999093
0.995901
0.978508
0.920735
0.886004
0.879316
0.882831
0.907003
0.945014
0.969174
0.98285
0.990146
0.993882
0.995611
0.996403
0.996767
0.996842
0.99671
0.996121
0.994315
0.992404
0.992127
0.99229
0.993028
0.995322
0.997678
0.998996
0.999613
0.999865
0.999956
0.999986
0.999996
0.999999
1
1
1
1
1
0.999997
0.999977
0.999841
0.999026
0.994697
0.989225
0.987973
0.98845
0.991105
0.995472
0.998177
0.998903
0.998765
0.997722
0.994511
0.98375
0.968548
0.962346
0.963337
0.977043
0.991639
0.99629
0.997006
0.996672
0.994822
0.988726
0.970304
0.951481
0.940854
0.936795
0.936115
0.93639
0.93805
0.943078
0.946635
0.948355
0.950473
0.956065
0.971032
0.984503
0.992591
0.838874
0.846258
0.818682
0.797684
0.801804
0.821414
0.828465
0.844017
0.857788
0.872194
0.888175
0.903646
0.915548
0.923037
0.927139
0.928626
0.928431
0.927892
0.928186
0.928848
0.931113
0.93416
0.933766
0.927403
0.921743
0.925649
0.949654
0.981812
0.99473
0.99855
0.99961
0.999893
0.999969
0.99999
0.999996
0.999998
0.999996
0.999927
0.998836
0.987471
0.939101
0.918279
0.923299
0.958686
0.98492
0.992765
0.994395
0.994458
0.993953
0.991729
0.984198
0.963502
0.939042
0.92353
0.919804
0.924593
0.948764
0.968729
0.976559
0.97912
0.9799
0.980353
0.980991
0.981579
0.981859
0.981879
0.981695
0.980841
0.979983
0.979365
0.978849
0.978675
0.97898
0.978334
0.964526
0.925861
0.913521
0.91131
0.911282
0.912331
0.917151
0.93469
0.957254
0.97414
0.985492
0.992427
0.996305
0.998308
0.999274
0.999706
0.999887
0.999958
0.999985
0.999995
0.999999
0.999999
1
0.999999
0.999997
0.999984
0.999932
0.999698
0.998509
0.992154
0.958105
0.905321
0.884049
0.881933
0.888465
0.918566
0.950442
0.97084
0.983251
0.990477
0.994463
0.996503
0.99753
0.998114
0.998466
0.998652
0.998671
0.998501
0.99846
0.998521
0.998736
0.999186
0.999568
0.999805
0.999923
0.999973
0.999991
0.999997
0.999999
1
1
1
1
1
1
0.999997
0.999977
0.999844
0.999029
0.994838
0.990118
0.989123
0.989589
0.992236
0.996289
0.998484
0.999105
0.999063
0.998498
0.996199
0.986671
0.970211
0.962308
0.961841
0.969292
0.986821
0.99477
0.996493
0.996362
0.994635
0.988388
0.97006
0.952278
0.942154
0.938025
0.93734
0.937692
0.93994
0.946008
0.949732
0.951228
0.95251
0.955842
0.967442
0.982264
0.991381
0.837371
0.853528
0.863261
0.832099
0.805594
0.807669
0.813988
0.828399
0.850475
0.867654
0.884457
0.900118
0.912269
0.920671
0.925787
0.928215
0.92918
0.930063
0.930543
0.931634
0.933974
0.93384
0.929947
0.91782
0.918805
0.931382
0.970976
0.991326
0.997578
0.99936
0.999835
0.999957
0.999988
0.999996
0.999999
0.999999
0.999999
0.999986
0.999707
0.996299
0.967757
0.926022
0.920198
0.936119
0.973886
0.989465
0.993684
0.99436
0.994208
0.993132
0.989252
0.97689
0.955987
0.940152
0.934355
0.935319
0.948827
0.967421
0.975981
0.978971
0.979957
0.980462
0.981009
0.981529
0.981743
0.981738
0.981458
0.98055
0.97975
0.979103
0.978814
0.979005
0.978809
0.970135
0.930236
0.914349
0.911532
0.911466
0.911896
0.913221
0.917609
0.934053
0.956917
0.973987
0.985436
0.992414
0.996327
0.998348
0.999308
0.999728
0.999899
0.999964
0.999988
0.999996
0.999999
1
1
1
0.999999
0.999995
0.999973
0.999862
0.999262
0.996067
0.979192
0.92686
0.893018
0.883729
0.884722
0.897912
0.931791
0.957397
0.97429
0.984941
0.991398
0.995143
0.997188
0.998247
0.998844
0.999226
0.99944
0.999551
0.999618
0.99967
0.999742
0.999834
0.999911
0.99996
0.999984
0.999995
0.999998
0.999999
1
1
1
1
1
1
1
0.999997
0.999978
0.99985
0.99905
0.995059
0.990988
0.990178
0.990644
0.993197
0.996846
0.998766
0.999263
0.999268
0.999077
0.998358
0.993702
0.975865
0.963418
0.96139
0.964363
0.978388
0.991118
0.995254
0.995638
0.994135
0.98758
0.969367
0.952967
0.9437
0.939445
0.938839
0.939402
0.942909
0.94983
0.953138
0.954147
0.95473
0.956549
0.964899
0.98035
0.990359
0.842841
0.855452
0.875509
0.898561
0.906138
0.886565
0.880283
0.843241
0.832212
0.840778
0.86616
0.889667
0.90492
0.915428
0.922586
0.926453
0.928695
0.929649
0.930924
0.932648
0.932354
0.929016
0.91509
0.913706
0.920956
0.955263
0.98554
0.995912
0.998934
0.999731
0.999933
0.999983
0.999996
0.999999
1
1
1
0.999997
0.999925
0.998807
0.987661
0.94096
0.919245
0.922546
0.954674
0.983026
0.992047
0.994075
0.994223
0.993779
0.991747
0.985163
0.968774
0.953224
0.945621
0.945121
0.950614
0.966599
0.975514
0.978934
0.980171
0.980671
0.98109
0.981486
0.981621
0.981587
0.981204
0.98033
0.979542
0.979013
0.978981
0.979057
0.976414
0.945505
0.918157
0.913089
0.913572
0.914519
0.915351
0.916521
0.919863
0.934097
0.957057
0.97431
0.98581
0.992741
0.996537
0.998454
0.999356
0.999751
0.99991
0.999969
0.99999
0.999997
0.999999
1
1
1
1
0.999998
0.999986
0.999919
0.999543
0.997532
0.987394
0.945371
0.903629
0.887288
0.885498
0.890415
0.915314
0.945464
0.965952
0.979375
0.987863
0.993054
0.996115
0.997839
0.998773
0.999282
0.999573
0.999742
0.999835
0.99989
0.999929
0.999958
0.999979
0.999991
0.999996
0.999999
1
1
1
1
1
1
1
1
1
0.999997
0.999979
0.999856
0.999078
0.99532
0.991776
0.991079
0.991459
0.993744
0.997283
0.998902
0.999321
0.999332
0.999223
0.998942
0.997548
0.985368
0.966921
0.961469
0.962487
0.970373
0.983375
0.992083
0.994141
0.993024
0.985723
0.967759
0.95375
0.945051
0.941049
0.940854
0.941917
0.946797
0.953991
0.956794
0.956937
0.956824
0.957668
0.963578
0.978893
0.989653
0.995702
0.993093
0.992981
0.992575
0.987239
0.985378
0.990478
0.98959
0.912491
0.848026
0.847749
0.857495
0.87504
0.89746
0.912564
0.920606
0.925021
0.927281
0.929194
0.92865
0.924591
0.910192
0.907842
0.912903
0.941172
0.980205
0.994082
0.998368
0.999576
0.999895
0.999974
0.999994
0.999998
1
1
1
1
0.999999
0.999983
0.999665
0.995953
0.966372
0.925074
0.918606
0.932604
0.971712
0.988607
0.993317
0.994136
0.994021
0.993009
0.989455
0.978859
0.964168
0.955188
0.953052
0.954806
0.965276
0.974924
0.978856
0.980329
0.980827
0.98118
0.98143
0.9815
0.981444
0.980998
0.980143
0.979399
0.979073
0.979148
0.978649
0.96547
0.926803
0.916271
0.917742
0.920249
0.920583
0.920709
0.921211
0.923658
0.935807
0.958975
0.97611
0.98712
0.99353
0.996956
0.998652
0.999439
0.999781
0.99992
0.999973
0.999991
0.999997
0.999999
1
1
1
1
0.999999
0.999992
0.999946
0.999677
0.998228
0.991069
0.958143
0.914042
0.892898
0.888101
0.889964
0.904507
0.935368
0.95844
0.974169
0.984434
0.990885
0.994804
0.997115
0.99844
0.999175
0.999567
0.999774
0.999883
0.999939
0.999969
0.999985
0.999993
0.999997
0.999999
1
1
1
1
1
1
1
1
1
1
0.999997
0.99998
0.999861
0.999104
0.995597
0.992462
0.991813
0.992127
0.994225
0.997552
0.999025
0.999362
0.999363
0.999274
0.999143
0.998657
0.994717
0.974723
0.962569
0.961632
0.965537
0.97508
0.984365
0.989808
0.989881
0.982555
0.966594
0.955162
0.947052
0.944243
0.944492
0.946017
0.951541
0.95906
0.961292
0.960478
0.958897
0.959217
0.96339
0.977324
0.988678
0.999964
0.999906
0.999851
0.999775
0.999474
0.999218
0.999214
0.999083
0.99621
0.981366
0.945895
0.889687
0.878511
0.879844
0.884898
0.892876
0.902166
0.909286
0.909358
0.906292
0.900422
0.900742
0.906955
0.934518
0.97613
0.992384
0.997788
0.999404
0.999849
0.999963
0.999991
0.999998
0.999999
1
1
1
1
1
0.999996
0.999914
0.998789
0.988402
0.942849
0.920035
0.921767
0.950545
0.981305
0.991406
0.993799
0.994028
0.993641
0.991814
0.986082
0.973757
0.963886
0.960204
0.960408
0.965563
0.974414
0.97869
0.980385
0.980967
0.981253
0.981399
0.981413
0.981313
0.980799
0.979969
0.979371
0.979274
0.979174
0.976253
0.945404
0.922274
0.92215
0.928848
0.930202
0.927517
0.925879
0.925947
0.928106
0.940312
0.963089
0.979119
0.989003
0.994607
0.99753
0.998935
0.999564
0.99983
0.999937
0.999978
0.999993
0.999998
0.999999
1
1
1
1
0.999999
0.999995
0.999962
0.999762
0.99865
0.993134
0.966831
0.923435
0.899752
0.892603
0.892863
0.900357
0.926788
0.952173
0.969951
0.981837
0.989416
0.994043
0.996755
0.998285
0.999115
0.999554
0.999783
0.999899
0.999955
0.999981
0.999992
0.999997
0.999999
1
1
1
1
1
1
1
1
1
1
1
0.999997
0.999981
0.999867
0.999143
0.995922
0.993063
0.992457
0.992727
0.994585
0.997786
0.999106
0.999382
0.999374
0.999286
0.999206
0.999051
0.998057
0.98842
0.966868
0.961441
0.963028
0.968724
0.976395
0.982141
0.983228
0.977779
0.966394
0.957395
0.950599
0.948796
0.949134
0.950526
0.957219
0.964911
0.966351
0.964143
0.960968
0.960885
0.963866
0.976136
0.987763
1
0.999999
0.999998
0.999996
0.999989
0.999972
0.999962
0.999943
0.999791
0.998735
0.994629
0.982418
0.955791
0.919401
0.900198
0.894606
0.893673
0.892245
0.891394
0.892628
0.896955
0.909957
0.946363
0.979106
0.99283
0.997776
0.999367
0.999832
0.999958
0.99999
0.999998
0.999999
1
1
1
1
1
1
0.999999
0.999981
0.999686
0.996608
0.972849
0.929786
0.920831
0.929368
0.966309
0.986788
0.992713
0.993888
0.993856
0.993066
0.990219
0.982241
0.972384
0.966822
0.965947
0.967295
0.973218
0.978225
0.980321
0.981051
0.981309
0.981399
0.98139
0.981243
0.980646
0.979877
0.979495
0.979435
0.978886
0.967302
0.933021
0.925314
0.93449
0.942188
0.9407
0.933294
0.929869
0.929663
0.931907
0.945425
0.967526
0.982289
0.991006
0.995744
0.998125
0.999228
0.999699
0.999887
0.999959
0.999986
0.999995
0.999999
1
1
1
1
1
1
0.999997
0.999974
0.999827
0.998962
0.994531
0.972964
0.93165
0.907264
0.898826
0.898361
0.902667
0.923401
0.950021
0.968741
0.981207
0.989124
0.993933
0.996732
0.998295
0.999139
0.99958
0.999803
0.999912
0.999963
0.999986
0.999995
0.999998
0.999999
1
1
1
1
1
1
1
1
1
1
1
0.999997
0.999982
0.999872
0.999193
0.996251
0.993586
0.992968
0.993165
0.994795
0.997894
0.99914
0.999389
0.999377
0.999286
0.999215
0.999147
0.998897
0.996843
0.978257
0.962429
0.961893
0.964799
0.970077
0.974895
0.97627
0.973186
0.966058
0.959589
0.954428
0.952793
0.952847
0.95469
0.964224
0.970508
0.970875
0.966717
0.962483
0.962138
0.964565
0.975932
0.987543
1
1
1
1
1
0.999999
0.999999
0.999998
0.99999
0.999926
0.999586
0.998303
0.994672
0.987926
0.97319
0.956858
0.939502
0.932796
0.93439
0.940324
0.955436
0.975407
0.988894
0.995699
0.99853
0.999548
0.999872
0.999966
0.999992
0.999998
1
1
1
1
1
1
1
1
1
0.999996
0.999929
0.9991
0.992403
0.95564
0.925922
0.924111
0.941085
0.976284
0.989622
0.993245
0.993805
0.993608
0.992355
0.988336
0.980173
0.973538
0.970859
0.970964
0.973495
0.977878
0.980159
0.981082
0.981362
0.981415
0.981399
0.981235
0.980577
0.979899
0.97972
0.97952
0.977512
0.954066
0.931494
0.934127
0.947153
0.950578
0.947616
0.938025
0.933303
0.932728
0.934853
0.948719
0.97063
0.98471
0.99262
0.996678
0.998606
0.999455
0.9998
0.99993
0.999976
0.999992
0.999997
0.999999
1
1
1
1
1
1
0.999999
0.999986
0.999893
0.999286
0.995941
0.97915
0.940704
0.916649
0.90803
0.907442
0.91067
0.927205
0.952387
0.970429
0.982398
0.989945
0.994491
0.997107
0.998544
0.999297
0.999674
0.999855
0.999938
0.999975
0.999991
0.999997
0.999999
1
1
1
1
1
1
1
1
1
1
1
1
0.999998
0.999983
0.999881
0.999256
0.996628
0.9941
0.993352
0.993453
0.994897
0.997939
0.999151
0.99939
0.999376
0.999276
0.999206
0.99916
0.999077
0.998621
0.993639
0.968038
0.961471
0.963061
0.965742
0.968971
0.970298
0.969157
0.965566
0.96079
0.956888
0.955456
0.955642
0.961173
0.971556
0.975099
0.974187
0.967676
0.963388
0.963013
0.965284
0.976223
0.987694
1
1
1
1
1
1
1
1
1
0.999997
0.999976
0.999881
0.999554
0.998787
0.996948
0.994759
0.989581
0.988695
0.989257
0.990984
0.994181
0.996923
0.99863
0.999471
0.999819
0.999944
0.999984
0.999996
0.999999
1
1
1
1
1
1
1
1
1
1
0.999999
0.999986
0.999795
0.997978
0.985889
0.943306
0.926185
0.928236
0.953344
0.981592
0.991064
0.993427
0.993684
0.99334
0.991646
0.986735
0.980366
0.976103
0.97455
0.974999
0.977618
0.979978
0.981052
0.981431
0.98148
0.98145
0.981264
0.98057
0.980104
0.979945
0.979483
0.97333
0.944888
0.935228
0.942661
0.952188
0.95393
0.952013
0.942565
0.936535
0.935612
0.937664
0.951471
0.972939
0.98642
0.993738
0.997317
0.998926
0.999597
0.999857
0.999951
0.999984
0.999995
0.999998
0.999999
1
1
1
1
1
1
1
0.999995
0.999951
0.999606
0.997469
0.986144
0.954126
0.932732
0.925806
0.925751
0.929425
0.945225
0.965345
0.979129
0.987961
0.993345
0.996487
0.998236
0.999159
0.99962
0.999837
0.999933
0.999974
0.99999
0.999997
0.999999
1
1
1
1
1
1
1
1
1
1
1
1
1
0.999998
0.999984
0.999891
0.999332
0.997026
0.994486
0.993541
0.993574
0.994923
0.997941
0.999147
0.999388
0.999371
0.999245
0.999159
0.999141
0.999099
0.998955
0.998034
0.984084
0.962368
0.962019
0.964011
0.965343
0.966189
0.965951
0.964569
0.961211
0.958284
0.957759
0.960375
0.970316
0.977071
0.978253
0.975561
0.967744
0.964205
0.964008
0.966442
0.977375
0.988312
1
1
1
1
1
1
1
1
1
1
0.999999
0.999994
0.999974
0.999919
0.99979
0.999577
0.99911
0.99911
0.999176
0.999373
0.999614
0.9998
0.999911
0.999965
0.999988
0.999996
0.999999
1
1
1
1
1
1
1
1
1
1
1
1
1
0.999998
0.999959
0.999534
0.996326
0.976917
0.937543
0.927612
0.93249
0.961953
0.984527
0.991707
0.993417
0.99353
0.993095
0.991161
0.98644
0.982035
0.979154
0.977795
0.978359
0.979993
0.981049
0.981472
0.981595
0.981586
0.981358
0.980735
0.980513
0.980216
0.979077
0.966596
0.942655
0.939904
0.947764
0.954168
0.955171
0.95404
0.946073
0.939117
0.938044
0.940487
0.955885
0.976339
0.988524
0.994894
0.997895
0.999189
0.999705
0.999898
0.999966
0.999989
0.999996
0.999999
1
1
1
1
1
1
1
1
0.999999
0.999985
0.999868
0.998997
0.993684
0.973604
0.958162
0.954259
0.954896
0.959729
0.973365
0.984303
0.991149
0.995161
0.997442
0.998703
0.999373
0.99971
0.999872
0.999946
0.999978
0.999991
0.999997
0.999999
1
1
1
1
1
1
1
1
1
1
1
1
1
1
0.999998
0.999985
0.9999
0.999425
0.997456
0.994793
0.993653
0.993624
0.994824
0.997809
0.99909
0.999372
0.999357
0.999186
0.999053
0.999062
0.999077
0.99899
0.998728
0.996477
0.971151
0.960612
0.962965
0.964368
0.964587
0.964531
0.963919
0.961692
0.960424
0.962118
0.969797
0.97723
0.980017
0.979652
0.974982
0.967745
0.965283
0.965357
0.968267
0.979376
0.989194
1
1
1
1
1
1
1
1
1
1
1
1
0.999999
0.999997
0.999991
0.999976
0.999968
0.999969
0.999973
0.99998
0.999988
0.999994
0.999997
0.999999
1
1
1
1
1
1
1
1
1
1
1
1
1
1
1
1
1
0.999993
0.999905
0.999145
0.994328
0.968628
0.934677
0.927675
0.93448
0.965716
0.985383
0.991701
0.993251
0.993313
0.992876
0.991025
0.987245
0.984171
0.982098
0.980633
0.980732
0.981192
0.981595
0.981723
0.98173
0.981509
0.981178
0.980931
0.980427
0.978029
0.960901
0.943942
0.943359
0.950033
0.954693
0.955459
0.95476
0.948259
0.941001
0.939909
0.942965
0.960541
0.980014
0.990802
0.996102
0.998465
0.999431
0.999801
0.999934
0.999979
0.999993
0.999998
0.999999
1
1
1
1
1
1
1
1
1
0.999997
0.99997
0.999768
0.998476
0.99223
0.98636
0.985246
0.985717
0.988284
0.992491
0.99543
0.997315
0.998485
0.999185
0.999584
0.999798
0.999907
0.999959
0.999982
0.999993
0.999997
0.999999
1
1
1
1
1
1
1
1
1
1
1
1
1
1
1
0.999998
0.999985
0.999902
0.999484
0.997872
0.995153
0.993759
0.993636
0.994522
0.997413
0.998945
0.999334
0.999329
0.999106
0.998889
0.99891
0.998993
0.998957
0.998779
0.998467
0.992114
0.964244
0.96164
0.963741
0.964703
0.964578
0.964148
0.963594
0.965919
0.971458
0.977211
0.980376
0.98078
0.979308
0.972683
0.967858
0.966669
0.967014
0.970182
0.98082
0.989666
1
1
1
1
1
1
1
1
1
1
1
1
1
1
1
0.999999
1
1
1
1
1
1
1
1
1
1
1
1
1
1
1
1
1
1
1
1
1
1
1
1
1
0.999999
0.999983
0.999825
0.998665
0.992255
0.962041
0.930211
0.924103
0.931632
0.963655
0.983941
0.990893
0.99283
0.992906
0.992539
0.991167
0.988308
0.985998
0.984325
0.983068
0.98239
0.982219
0.982113
0.981922
0.98168
0.98149
0.98121
0.980507
0.976832
0.958303
0.94635
0.945873
0.950503
0.954543
0.95541
0.954954
0.949718
0.942669
0.941748
0.945583
0.9648
0.983007
0.992613
0.997059
0.998899
0.999609
0.999867
0.999957
0.999986
0.999996
0.999999
1
1
1
1
1
1
1
1
1
1
0.999999
0.999996
0.999967
0.9998
0.99891
0.997724
0.997382
0.997401
0.997622
0.998217
0.998781
0.999219
0.999534
0.999742
0.999867
0.999935
0.99997
0.999987
0.999994
0.999998
0.999999
1
1
1
1
1
1
1
1
1
1
1
1
1
1
1
1
0.999998
0.999985
0.999902
0.999532
0.998215
0.99542
0.99383
0.993593
0.994183
0.996835
0.998712
0.999266
0.999283
0.999023
0.998692
0.998719
0.998864
0.998847
0.998674
0.998625
0.998157
0.982792
0.963397
0.963437
0.964841
0.966197
0.967158
0.969709
0.973321
0.977193
0.979889
0.980746
0.980235
0.976006
0.970746
0.968555
0.968258
0.968758
0.971896
0.981905
0.989853
1
1
1
1
1
1
1
1
1
1
1
1
1
1
1
1
1
1
1
1
1
1
1
1
1
1
1
1
1
1
1
1
1
1
1
1
1
1
1
1
1
1
0.999997
0.999969
0.999726
0.998132
0.990083
0.95566
0.923114
0.915678
0.922506
0.953494
0.9788
0.988478
0.991696
0.992186
0.991879
0.990893
0.988866
0.98706
0.985628
0.984491
0.983585
0.982822
0.982235
0.981887
0.981684
0.981359
0.980493
0.976096
0.958359
0.948726
0.947709
0.949961
0.953724
0.955163
0.954949
0.950259
0.944074
0.943614
0.948943
0.969623
0.98564
0.993861
0.997592
0.99912
0.999696
0.9999
0.999968
0.99999
0.999997
0.999999
1
1
1
1
1
1
1
1
1
1
1
0.999999
0.999996
0.999979
0.999888
0.999667
0.999561
0.999546
0.999556
0.999596
0.999689
0.999787
0.999868
0.999925
0.999961
0.999981
0.999991
0.999996
0.999998
0.999999
1
1
1
1
1
1
1
1
1
1
1
1
1
1
1
1
0.999999
0.999997
0.999984
0.999898
0.999545
0.998472
0.995733
0.993891
0.993582
0.993994
0.996211
0.998375
0.999151
0.999221
0.998943
0.99847
0.998522
0.998753
0.998738
0.99853
0.998519
0.998608
0.997791
0.978529
0.96523
0.965412
0.966901
0.969516
0.972534
0.975606
0.978202
0.97963
0.979322
0.97607
0.972377
0.970368
0.96964
0.969622
0.970159
0.973522
0.98333
0.990222
1
1
1
1
1
1
1
1
1
1
1
1
1
1
1
1
1
1
1
1
1
1
1
1
1
1
1
1
1
1
1
1
1
1
1
1
1
1
1
1
1
1
1
0.999995
0.999951
0.999616
0.997568
0.987936
0.949152
0.916042
0.903944
0.90829
0.929565
0.965031
0.981502
0.987985
0.990355
0.990314
0.989613
0.9881
0.986746
0.985506
0.9843
0.983197
0.982378
0.981939
0.981715
0.981389
0.980543
0.976318
0.960247
0.950999
0.949257
0.949753
0.952734
0.955053
0.955018
0.950287
0.945166
0.945408
0.95396
0.975808
0.989174
0.995604
0.998356
0.999424
0.999809
0.99994
0.999982
0.999995
0.999999
1
1
1
1
1
1
1
1
1
1
1
1
1
1
0.999997
0.999987
0.99995
0.999921
0.999912
0.999912
0.999915
0.999924
0.999946
0.999966
0.999981
0.99999
0.999995
0.999998
0.999999
1
1
1
1
1
1
1
1
1
1
1
1
1
1
1
1
1
1
0.999999
0.999997
0.999982
0.999891
0.999541
0.998582
0.995948
0.993937
0.993585
0.993924
0.995514
0.99789
0.998964
0.999137
0.99884
0.998192
0.998301
0.998676
0.998687
0.998484
0.998433
0.998469
0.998626
0.995514
0.977421
0.967945
0.967899
0.969551
0.972209
0.974795
0.97601
0.975733
0.973857
0.972168
0.971386
0.970905
0.970631
0.970595
0.971286
0.976156
0.985623
0.991034
1
1
1
1
1
1
1
1
1
1
1
1
1
1
1
1
1
1
1
1
1
1
1
1
1
1
1
1
1
1
1
1
1
1
1
1
1
1
1
1
1
1
1
0.999999
0.999992
0.999931
0.999506
0.99706
0.986518
0.944182
0.910795
0.894022
0.894344
0.903696
0.928627
0.960138
0.97603
0.983231
0.986352
0.986576
0.98621
0.985391
0.984257
0.983116
0.982209
0.981696
0.981462
0.981183
0.980464
0.97706
0.96406
0.954927
0.951834
0.951605
0.953167
0.955881
0.955471
0.94928
0.945596
0.94712
0.96113
0.981795
0.992631
0.997323
0.999081
0.999697
0.999903
0.99997
0.999991
0.999997
0.999999
1
1
1
1
1
1
1
1
1
1
1
1
1
1
1
0.999998
0.999992
0.999985
0.999982
0.999982
0.999982
0.999983
0.999987
0.999992
0.999996
0.999998
0.999999
0.999999
1
1
1
1
1
1
1
1
1
1
1
1
1
1
1
1
1
0.999999
0.999999
0.999998
0.999995
0.999979
0.999876
0.999513
0.998642
0.99619
0.994035
0.993622
0.993924
0.995005
0.997273
0.998678
0.999013
0.998671
0.997819
0.998023
0.998586
0.998613
0.998445
0.998413
0.99843
0.998465
0.998222
0.993499
0.979792
0.971264
0.970481
0.971662
0.972447
0.97257
0.972334
0.971784
0.971609
0.971696
0.971816
0.971418
0.971464
0.973095
0.980619
0.988423
0.992283
1
1
1
1
1
1
1
1
1
1
1
1
1
1
1
1
1
1
1
1
1
1
1
1
1
1
1
1
1
1
1
1
1
1
1
1
1
1
1
1
1
1
1
1
0.999999
0.999988
0.999908
0.999386
0.996673
0.985479
0.943024
0.905242
0.889392
0.886
0.888257
0.896607
0.917304
0.938391
0.961918
0.973612
0.97933
0.981854
0.982057
0.981738
0.981025
0.980636
0.980439
0.980263
0.979869
0.977894
0.968256
0.95835
0.954488
0.954206
0.956288
0.957929
0.955658
0.947156
0.945626
0.949693
0.969923
0.987047
0.995011
0.998231
0.99941
0.999812
0.999942
0.999983
0.999995
0.999999
1
1
1
1
1
1
1
1
1
1
1
1
1
1
1
1
1
0.999999
0.999997
0.999996
0.999996
0.999996
0.999996
0.999997
0.999998
0.999999
0.999999
1
1
1
1
1
1
1
1
1
1
1
1
1
1
1
1
1
1
0.999999
0.999998
0.999997
0.999996
0.999992
0.999973
0.999854
0.999426
0.998675
0.996591
0.994234
0.993718
0.994004
0.99491
0.996592
0.998282
0.998827
0.998403
0.997343
0.99772
0.998491
0.998511
0.998395
0.998396
0.998424
0.998443
0.998462
0.99764
0.993371
0.984086
0.976007
0.97352
0.972977
0.972687
0.97249
0.972374
0.972678
0.973319
0.972934
0.972531
0.97308
0.97723
0.985664
0.990985
0.993487
1
1
1
1
1
1
1
1
1
1
1
1
1
1
1
1
1
1
1
1
1
1
1
1
1
1
1
1
1
1
1
1
1
1
1
1
1
1
1
1
1
1
1
1
1
0.999998
0.999985
0.999891
0.999335
0.996716
0.986721
0.954926
0.912981
0.894626
0.888706
0.888718
0.89114
0.897863
0.906556
0.920816
0.935202
0.952298
0.965605
0.97195
0.975013
0.976764
0.977995
0.978617
0.9786
0.97777
0.97329
0.963837
0.959984
0.960021
0.96118
0.960332
0.952223
0.945874
0.946269
0.956895
0.979514
0.99177
0.997028
0.998995
0.999675
0.999899
0.999969
0.999991
0.999997
0.999999
1
1
1
1
1
1
1
1
1
1
1
1
1
1
1
1
1
1
0.999999
0.999999
0.999999
0.999999
0.999999
0.999999
1
1
1
1
1
1
1
1
1
1
1
1
1
1
1
1
1
1
1
1
0.999999
0.999998
0.999994
0.999993
0.999992
0.999988
0.999966
0.999832
0.999367
0.998671
0.996782
0.994415
0.993855
0.994187
0.99504
0.995986
0.997777
0.998564
0.997996
0.996765
0.997449
0.998435
0.998461
0.998364
0.998372
0.998424
0.998441
0.998448
0.99836
0.99742
0.994424
0.989202
0.983382
0.979425
0.977436
0.977229
0.977714
0.978181
0.976548
0.974916
0.975031
0.977016
0.983516
0.989692
0.992992
0.994386
1
1
1
1
1
1
1
1
1
1
1
1
1
1
1
1
1
1
1
1
1
1
1
1
1
1
1
1
1
1
1
1
1
1
1
1
1
1
1
1
1
1
1
1
1
1
0.999998
0.999985
0.999902
0.999464
0.997612
0.991211
0.972856
0.951215
0.932121
0.922194
0.91431
0.909629
0.909413
0.910558
0.912792
0.91715
0.922504
0.929314
0.941804
0.956592
0.96681
0.972701
0.975417
0.975713
0.974512
0.970016
0.96771
0.967024
0.965563
0.957056
0.946643
0.945333
0.949851
0.971621
0.988698
0.995921
0.99861
0.999547
0.999857
0.999956
0.999987
0.999996
0.999999
1
1
1
1
1
1
1
1
1
1
1
1
1
1
1
1
1
1
1
1
1
1
1
1
1
1
1
1
1
1
1
1
1
1
1
1
1
1
1
1
1
1
1
1
0.999999
0.999997
0.999992
0.999986
0.999985
0.999984
0.99998
0.999954
0.999797
0.999297
0.998731
0.997253
0.994841
0.994176
0.994508
0.995363
0.995843
0.997154
0.998202
0.99738
0.996033
0.997181
0.998356
0.998401
0.998331
0.998353
0.998427
0.99844
0.99844
0.998438
0.99829
0.997564
0.995753
0.993155
0.990515
0.988611
0.987912
0.987363
0.985283
0.981052
0.979908
0.980639
0.983309
0.988916
0.992722
0.994399
0.994987
1
1
1
1
1
1
1
1
1
1
1
1
1
1
1
1
1
1
1
1
1
1
1
1
1
1
1
1
1
1
1
1
1
1
1
1
1
1
1
1
1
1
1
1
1
1
1
0.999998
0.999989
0.999937
0.999695
0.998766
0.995659
0.989314
0.983344
0.977968
0.975011
0.968839
0.96134
0.952649
0.93893
0.928503
0.924332
0.923874
0.924562
0.926745
0.931566
0.942637
0.956033
0.965098
0.967413
0.967069
0.966041
0.963809
0.953974
0.944837
0.944165
0.948114
0.969341
0.987531
0.995294
0.998337
0.999444
0.999822
0.999945
0.999984
0.999995
0.999999
1
1
1
1
1
1
1
1
1
1
1
1
1
1
1
1
1
1
1
1
1
1
1
1
1
1
1
1
1
1
1
1
1
1
1
1
1
1
1
1
1
1
1
1
0.999999
0.999997
0.999989
0.999973
0.999967
0.999968
0.999969
0.999966
0.999937
0.999755
0.999216
0.998735
0.997626
0.995317
0.994629
0.995003
0.995851
0.995929
0.996538
0.99771
0.996463
0.995108
0.996865
0.998239
0.998317
0.998283
0.998337
0.998428
0.998439
0.998426
0.998412
0.998397
0.998266
0.99781
0.99694
0.995781
0.994704
0.993992
0.993028
0.990131
0.98628
0.985855
0.986546
0.989086
0.992835
0.994667
0.995195
0.995339
1
1
1
1
1
1
1
1
1
1
1
1
1
1
1
1
1
1
1
1
1
1
1
1
1
1
1
1
1
1
1
1
1
1
1
1
1
1
1
1
1
1
1
1
1
1
1
1
0.999999
0.999995
0.999973
0.999882
0.99957
0.998589
0.997483
0.996382
0.995536
0.994679
0.993062
0.990691
0.987586
0.980126
0.96958
0.956508
0.943323
0.935743
0.93446
0.934805
0.93623
0.940268
0.943099
0.943588
0.942316
0.938561
0.938375
0.94061
0.952293
0.976587
0.989999
0.996074
0.998562
0.999504
0.999837
0.999949
0.999985
0.999995
0.999999
1
1
1
1
1
1
1
1
1
1
1
1
1
1
1
1
1
1
1
1
1
1
1
1
1
1
1
1
1
1
1
1
1
1
1
1
1
1
1
1
1
1
1
1
0.999999
0.999997
0.999987
0.999954
0.999927
0.999927
0.999935
0.999944
0.999942
0.999906
0.999674
0.999172
0.998804
0.998048
0.996036
0.995329
0.995704
0.99644
0.996149
0.996211
0.997037
0.995174
0.99406
0.996548
0.998153
0.998261
0.998236
0.998304
0.998427
0.998442
0.998414
0.998384
0.998384
0.998371
0.998285
0.998051
0.997645
0.997151
0.99664
0.995779
0.993324
0.990576
0.990474
0.991091
0.993291
0.995126
0.995585
0.995538
0.995522
1
1
1
1
1
1
1
1
1
1
1
1
1
1
1
1
1
1
1
1
1
1
1
1
1
1
1
1
1
1
1
1
1
1
1
1
1
1
1
1
1
1
1
1
1
1
1
1
1
1
0.999998
0.999993
0.999972
0.999892
0.999768
0.999641
0.99952
0.999424
0.999238
0.998914
0.998458
0.997538
0.995252
0.992949
0.988479
0.981119
0.972589
0.963642
0.955903
0.951774
0.950546
0.950535
0.951252
0.954109
0.964523
0.979683
0.989774
0.995354
0.998064
0.999252
0.999729
0.999907
0.99997
0.999991
0.999997
0.999999
1
1
1
1
1
1
1
1
1
1
1
1
1
1
1
1
1
1
1
1
1
1
1
1
1
1
1
1
1
1
1
1
1
1
1
1
1
1
1
1
1
1
1
1
0.999999
0.999997
0.999987
0.999951
0.999862
0.999838
0.999845
0.999877
0.999907
0.999906
0.99985
0.999554
0.999249
0.999041
0.998608
0.997087
0.996249
0.996508
0.99716
0.996589
0.995925
0.996148
0.993546
0.992944
0.996128
0.998001
0.998165
0.998161
0.998238
0.998416
0.998451
0.99843
0.998385
0.998378
0.998379
0.998372
0.998322
0.998195
0.997979
0.997647
0.997012
0.995202
0.993505
0.993567
0.99431
0.995704
0.996107
0.995868
0.995616
0.995608
1
1
1
1
1
1
1
1
1
1
1
1
1
1
1
1
1
1
1
1
1
1
1
1
1
1
1
1
1
1
1
1
1
1
1
1
1
1
1
1
1
1
1
1
1
1
1
1
1
1
1
1
0.999999
0.999996
0.999988
0.999979
0.99997
0.999963
0.99995
0.999925
0.999887
0.999809
0.999643
0.999321
0.998592
0.997852
0.996793
0.994226
0.990978
0.988787
0.988408
0.988731
0.990041
0.993205
0.995991
0.997881
0.998982
0.99955
0.999815
0.999929
0.999974
0.999991
0.999997
0.999999
1
1
1
1
1
1
1
1
1
1
1
1
1
1
1
1
1
1
1
1
1
1
1
1
1
1
1
1
1
1
1
1
1
1
1
1
1
1
1
1
1
1
1
1
1
1
0.999997
0.999987
0.999952
0.999835
0.999717
0.999701
0.99972
0.999799
0.999858
0.999857
0.999763
0.999494
0.999368
0.999296
0.999119
0.998252
0.9973
0.997381
0.9979
0.997354
0.995637
0.99495
0.991743
0.991807
0.995504
0.997809
0.998064
0.998067
0.998121
0.998369
0.998458
0.998466
0.998415
0.998388
0.998387
0.998392
0.998384
0.998345
0.998244
0.998026
0.997575
0.996298
0.995495
0.995708
0.996368
0.996692
0.996353
0.995827
0.99564
0.995668
1
1
1
1
1
1
1
1
1
1
1
1
1
1
1
1
1
1
1
1
1
1
1
1
1
1
1
1
1
1
1
1
1
1
1
1
1
1
1
1
1
1
1
1
1
1
1
1
1
1
1
1
1
1
1
0.999999
0.999999
0.999999
0.999998
0.999997
0.999995
0.999991
0.999983
0.999963
0.999908
0.999857
0.999779
0.999523
0.999147
0.999022
0.999038
0.999121
0.999373
0.99964
0.999811
0.999909
0.999959
0.999983
0.999993
0.999998
0.999999
1
1
1
1
1
1
1
1
1
1
1
1
1
1
1
1
1
1
1
1
1
1
1
1
1
1
1
1
1
1
1
1
1
1
1
1
1
1
1
1
1
1
1
1
1
1
1
1
0.999999
0.999988
0.999949
0.999848
0.999723
0.999644
0.999636
0.999662
0.999762
0.999805
0.999782
0.99966
0.999566
0.999565
0.999564
0.999508
0.999051
0.99822
0.998216
0.998605
0.998263
0.995736
0.993364
0.990892
0.990812
0.994455
0.997447
0.997904
0.997937
0.997964
0.998206
0.998438
0.998481
0.99848
0.998439
0.998425
0.998425
0.998432
0.998417
0.998361
0.998206
0.997862
0.997148
0.996891
0.997086
0.997219
0.996889
0.996173
0.995736
0.995665
0.995775
1
1
1
1
1
1
1
1
1
1
1
1
1
1
1
1
1
1
1
1
1
1
1
1
1
1
1
1
1
1
1
1
1
1
1
1
1
1
1
1
1
1
1
1
1
1
1
1
1
1
1
1
1
1
1
1
1
1
1
1
1
1
0.999999
0.999999
0.999996
0.999994
0.99999
0.999973
0.999956
0.999954
0.999957
0.999967
0.999981
0.99999
0.999996
0.999998
0.999999
1
1
1
1
1
1
1
1
1
1
1
1
1
1
1
1
1
1
1
1
1
1
1
1
1
1
1
1
1
1
1
1
1
1
1
1
1
1
1
1
1
1
1
1
1
1
1
1
1
1
1
1
0.999994
0.999956
0.999855
0.999797
0.9997
0.999628
0.999623
0.999668
0.999718
0.999726
0.99971
0.999676
0.999698
0.999741
0.999746
0.999705
0.999354
0.998789
0.998788
0.999056
0.998889
0.9962
0.992683
0.990672
0.990224
0.992825
0.996773
0.997655
0.99776
0.997784
0.997917
0.998319
0.998474
0.998501
0.998502
0.998489
0.998483
0.998481
0.998466
0.998422
0.998313
0.998089
0.997753
0.997663
0.997619
0.997337
0.996613
0.995884
0.995707
0.995719
0.996044
1
1
1
1
1
1
1
1
1
1
1
1
1
1
1
1
1
1
1
1
1
1
1
1
1
1
1
1
1
1
1
1
1
1
1
1
1
1
1
1
1
1
1
1
1
1
1
1
1
1
1
1
1
1
1
1
1
1
1
1
1
1
1
1
1
1
1
0.999999
0.999998
0.999999
0.999999
0.999999
1
1
1
1
1
1
1
1
1
1
1
1
1
1
1
1
1
1
1
1
1
1
1
1
1
1
1
1
1
1
1
1
1
1
1
1
1
1
1
1
1
1
1
1
1
1
1
1
1
1
1
1
1
1
1
1
0.999999
0.999982
0.999887
0.999825
0.999814
0.999763
0.999646
0.999624
0.999657
0.999696
0.99971
0.999719
0.999764
0.999824
0.99985
0.99985
0.999809
0.999525
0.999158
0.999159
0.999297
0.999168
0.996775
0.992653
0.99065
0.989756
0.990935
0.995481
0.997166
0.997512
0.997619
0.997688
0.997929
0.998355
0.998485
0.998507
0.998508
0.998504
0.998497
0.998477
0.998433
0.998347
0.998203
0.99801
0.997879
0.997651
0.997053
0.996066
0.995773
0.995741
0.995879
0.9968
1
1
1
1
1
1
1
1
1
1
1
1
1
1
1
1
1
1
1
1
1
1
1
1
1
1
1
1
1
1
1
1
1
1
1
1
1
1
1
1
1
1
1
1
1
1
1
1
1
1
1
1
1
1
1
1
1
1
1
1
1
1
1
1
1
1
1
1
1
1
1
1
1
1
1
1
1
1
1
1
1
1
1
1
1
1
1
1
1
1
1
1
1
1
1
1
1
1
1
1
1
1
1
1
1
1
1
1
1
1
1
1
1
1
1
1
1
1
1
1
1
1
1
1
1
1
1
1
0.999996
0.99995
0.99983
0.999833
0.999876
0.999855
0.999723
0.999666
0.999683
0.99971
0.999733
0.999787
0.999859
0.999901
0.999914
0.99991
0.999871
0.999635
0.999376
0.999384
0.999475
0.999364
0.997394
0.992879
0.990846
0.989345
0.989257
0.992854
0.99601
0.996862
0.997265
0.997497
0.99758
0.997892
0.998357
0.998475
0.998497
0.998499
0.998493
0.998471
0.998425
0.99834
0.998206
0.998026
0.99783
0.997343
0.996278
0.99586
0.995786
0.995891
0.996512
0.998135
1
1
1
1
1
1
1
1
1
1
1
1
1
1
1
1
1
1
1
1
1
1
1
1
1
1
1
1
1
1
1
1
1
1
1
1
1
1
1
1
1
1
1
1
1
1
1
1
1
1
1
1
1
1
1
1
1
1
1
1
1
1
1
1
1
1
1
1
1
1
1
1
1
1
1
1
1
1
1
1
1
1
1
1
1
1
1
1
1
1
1
1
1
1
1
1
1
1
1
1
1
1
1
1
1
1
1
1
1
1
1
1
1
1
1
1
1
1
1
1
1
1
1
1
1
1
1
0.999999
0.999989
0.999894
0.999802
0.999832
0.999897
0.999882
0.999803
0.99976
0.999762
0.999779
0.999814
0.99987
0.99992
0.999945
0.99995
0.999944
0.999909
0.999715
0.999543
0.999559
0.99956
0.999466
0.998032
0.993478
0.991565
0.989234
0.987533
0.989168
0.993293
0.994949
0.996131
0.997179
0.997414
0.997465
0.997777
0.998281
0.998407
0.998437
0.998444
0.998426
0.998366
0.998273
0.998114
0.997854
0.997342
0.996436
0.995977
0.995861
0.995943
0.996513
0.998097
0.998873
1
1
1
1
1
1
1
1
1
1
1
1
1
1
1
1
1
1
1
1
1
1
1
1
1
1
1
1
1
1
1
1
1
1
1
1
1
1
1
1
1
1
1
1
1
1
1
1
1
1
1
1
1
1
1
1
1
1
1
1
1
1
1
1
1
1
1
1
1
1
1
1
1
1
1
1
1
1
1
1
1
1
1
1
1
1
1
1
1
1
1
1
1
1
1
1
1
1
1
1
1
1
1
1
1
1
1
1
1
1
1
1
1
1
1
1
1
1
1
1
1
1
1
1
0.999999
0.999999
0.999999
0.999997
0.999972
0.99983
0.999767
0.999829
0.999914
0.99991
0.999877
0.999856
0.999854
0.999865
0.99989
0.999926
0.999955
0.999967
0.999967
0.999962
0.999929
0.999775
0.999706
0.999646
0.999583
0.999478
0.998501
0.994441
0.992398
0.990149
0.986564
0.985534
0.987468
0.989791
0.992267
0.996147
0.997216
0.997341
0.997232
0.997452
0.997952
0.998115
0.998169
0.998175
0.998069
0.997908
0.997574
0.99704
0.996428
0.996109
0.995971
0.996067
0.996698
0.998129
0.999009
0.998893
1
1
1
1
1
1
1
1
1
1
1
1
1
1
1
1
1
1
1
1
1
1
1
1
1
1
1
1
1
1
1
1
1
1
1
1
1
1
1
1
1
1
1
1
1
1
1
1
1
1
1
1
1
1
1
1
1
1
1
1
1
1
1
1
1
1
1
1
1
1
1
1
1
1
1
1
1
1
1
1
1
1
1
1
1
1
1
1
1
1
1
1
1
1
1
1
1
1
1
1
1
1
1
1
1
1
1
1
1
1
1
1
1
1
1
1
0.999999
0.999999
0.999999
0.999999
0.999999
0.999999
0.999998
0.999998
0.999998
0.999998
0.999997
0.999992
0.999929
0.99975
0.999718
0.999809
0.999921
0.999942
0.999929
0.999918
0.999918
0.999926
0.999942
0.99996
0.999972
0.999975
0.999974
0.999968
0.999934
0.999833
0.9998
0.999648
0.999346
0.999306
0.998762
0.995681
0.993762
0.991867
0.986604
0.982145
0.980725
0.979544
0.982506
0.992404
0.996526
0.997373
0.997129
0.997034
0.997058
0.997215
0.99728
0.997295
0.997134
0.99695
0.996662
0.996419
0.996249
0.996156
0.996282
0.99718
0.998392
0.999028
0.99915
0.997867
1
1
1
1
1
1
1
1
1
1
1
1
1
1
1
1
1
1
1
1
1
1
1
1
1
1
1
1
1
1
1
1
1
1
1
1
1
1
1
1
1
1
1
1
1
1
1
1
1
1
1
1
1
1
1
1
1
1
1
1
1
1
1
1
1
1
1
1
1
1
1
1
1
1
1
1
1
1
1
1
1
1
1
1
1
1
1
1
1
1
1
1
1
1
1
1
1
1
1
1
1
1
1
1
1
1
1
1
1
1
1
1
1
0.999998
0.999997
0.999995
0.999993
0.999993
0.999993
0.999993
0.999993
0.999993
0.999992
0.999992
0.999993
0.999993
0.999992
0.999967
0.999818
0.999655
0.999636
0.999747
0.99991
0.999952
0.999958
0.999957
0.999958
0.999961
0.999967
0.999972
0.999975
0.999975
0.999974
0.999969
0.999937
0.999898
0.999862
0.999455
0.998793
0.998904
0.998741
0.997158
0.995589
0.993696
0.989391
0.981292
0.974415
0.971668
0.972379
0.981213
0.993361
0.997254
0.997613
0.997082
0.996913
0.996875
0.996854
0.996788
0.996709
0.996623
0.996523
0.996453
0.996485
0.99685
0.997826
0.998708
0.999028
0.999057
0.998559
0.993604
1
1
1
1
1
1
1
1
1
1
1
1
1
1
1
1
1
1
1
1
1
1
1
1
1
1
1
1
1
1
1
1
1
1
1
1
1
1
1
1
1
1
1
1
1
1
1
1
1
1
1
1
1
1
1
1
1
1
1
1
1
1
1
1
1
1
1
1
1
1
1
1
1
1
1
1
1
1
1
1
1
1
1
1
1
1
1
1
1
1
1
1
1
1
1
1
1
1
1
1
1
1
1
1
1
1
1
1
1
1
1
0.999998
0.999993
0.999979
0.99997
0.999957
0.999952
0.999954
0.999958
0.999963
0.99997
0.999974
0.999976
0.999978
0.999982
0.999981
0.999955
0.999818
0.999639
0.999556
0.999548
0.999654
0.999865
0.999944
0.999963
0.999967
0.999968
0.999968
0.999969
0.99997
0.99997
0.999969
0.999969
0.999966
0.999952
0.999936
0.999871
0.998886
0.997798
0.998211
0.998422
0.998172
0.997397
0.995058
0.991903
0.9849
0.976041
0.969512
0.96988
0.972755
0.98263
0.995181
0.997771
0.997931
0.997435
0.997191
0.99708
0.997006
0.996975
0.996983
0.997106
0.997412
0.997886
0.998444
0.998741
0.998852
0.998631
0.997354
0.991677
0.985936
1
1
1
1
1
1
1
1
1
1
1
1
1
1
1
1
1
1
1
1
1
1
1
1
1
1
1
1
1
1
1
1
1
1
1
1
1
1
1
1
1
1
1
1
1
1
1
1
1
1
1
1
1
1
1
1
1
1
1
1
1
1
1
1
1
1
1
1
1
1
1
1
1
1
1
1
1
1
1
1
1
1
1
1
1
1
1
1
1
1
1
1
1
1
1
1
1
1
1
1
1
1
1
1
1
1
1
0.999999
0.999998
0.999996
0.999989
0.999963
0.999888
0.999825
0.999811
0.999768
0.999772
0.999816
0.999886
0.999926
0.999945
0.999947
0.999942
0.999938
0.999926
0.999866
0.999731
0.999638
0.99957
0.99951
0.999483
0.999518
0.999702
0.999855
0.999922
0.999944
0.999947
0.999944
0.999944
0.999942
0.999941
0.999947
0.999957
0.999958
0.999955
0.999943
0.999738
0.997513
0.996199
0.997195
0.998236
0.998326
0.99782
0.995389
0.993183
0.989974
0.981917
0.976049
0.973817
0.971682
0.971414
0.985888
0.995803
0.997882
0.998181
0.998163
0.998016
0.997975
0.997969
0.998013
0.998099
0.998174
0.998227
0.998187
0.997637
0.996251
0.993031
0.988868
0.986628
0.987196
1
1
1
1
1
1
1
1
1
1
1
1
1
1
1
1
1
1
1
1
1
1
1
1
1
1
1
1
1
1
1
1
1
1
1
1
1
1
1
1
1
1
1
1
1
1
1
1
1
1
1
1
1
1
1
1
1
1
1
1
1
1
1
1
1
1
1
1
1
1
1
1
1
1
1
1
1
1
1
1
1
1
1
1
1
1
1
1
1
1
1
1
1
1
1
1
1
1
1
0.999998
0.999995
0.999993
0.999991
0.999991
0.99999
0.999989
0.999979
0.999942
0.999922
0.999888
0.999754
0.999365
0.999285
0.999506
0.999583
0.999333
0.999284
0.999416
0.999649
0.999755
0.999784
0.999766
0.999742
0.999733
0.999706
0.99965
0.999609
0.999586
0.999556
0.999477
0.999352
0.999234
0.999213
0.999364
0.999543
0.99965
0.999693
0.999706
0.999717
0.99972
0.999734
0.999814
0.999899
0.999932
0.999931
0.999834
0.998862
0.994162
0.993876
0.996829
0.998294
0.99828
0.996428
0.993161
0.992225
0.991337
0.989645
0.986223
0.986552
0.98444
0.969176
0.966994
0.984362
0.992506
0.995896
0.996956
0.997138
0.997206
0.997202
0.997055
0.996891
0.996469
0.995801
0.994556
0.99254
0.990599
0.988924
0.988085
0.988043
0.976613
1
1
1
1
1
1
1
1
1
1
1
1
1
1
1
1
1
1
1
1
1
1
1
1
1
1
1
1
1
1
1
1
1
1
1
1
1
1
1
1
1
1
1
1
1
1
1
1
1
1
1
1
1
1
1
1
1
1
1
1
1
1
1
1
1
1
1
1
1
1
1
1
1
1
1
1
1
1
1
1
1
1
1
1
1
1
1
1
1
1
1
1
0.999998
0.99999
0.999966
0.999951
0.999947
0.999945
0.999943
0.999931
0.999894
0.999867
0.999856
0.999838
0.999709
0.998934
0.99806
0.997984
0.998427
0.998898
0.999028
0.999072
0.999098
0.999138
0.999233
0.999378
0.999477
0.999543
0.999573
0.999585
0.999589
0.99958
0.999569
0.999554
0.999544
0.99953
0.999506
0.999468
0.999414
0.999336
0.999224
0.998928
0.99849
0.998273
0.998221
0.998237
0.998274
0.99833
0.998409
0.998444
0.998523
0.998825
0.999128
0.999191
0.999106
0.998374
0.993006
0.989101
0.991079
0.99496
0.995277
0.993223
0.989653
0.989451
0.99045
0.990795
0.990666
0.990362
0.989612
0.987816
0.980936
0.961457
0.965276
0.967997
0.969969
0.97186
0.973108
0.973426
0.973208
0.971517
0.969817
0.966866
0.962261
0.956197
0.94709
0.936579
0.92032
0.90252
0.876694
0.868907
0.943405
0.938828
0.934879
0.932022
0.929402
0.926586
0.923438
0.92014
0.917126
0.914835
0.91346
0.912835
0.913646
0.917545
0.928377
0.940143
0.946797
0.950101
0.95563
0.960423
0.964603
0.969042
0.971353
0.971883
0.968184
0.937562
0.930738
0.920944
0.915247
0.911868
0.909193
0.906433
0.904871
0.905697
0.907698
0.907205
0.902304
0.892819
0.883605
0.877633
0.87614
0.87741
0.878868
0.882593
0.895235
0.904034
0.924691
0.943131
0.959681
0.964983
0.924459
0.920818
0.911954
0.908487
0.908337
0.910049
0.916698
0.925417
0.931423
0.93542
0.940274
0.945297
0.944675
0.929238
0.89688
0.875096
0.866886
0.865401
0.866142
0.873487
0.881414
0.897836
0.919062
0.933957
0.947987
0.921801
0.918367
0.908547
0.905239
0.906231
0.914187
0.925451
0.93051
0.930672
0.928778
0.933454
0.948123
0.960348
0.96517
0.959077
0.919736
0.882327
0.873438
0.874817
0.883567
0.892368
0.897519
0.90543
0.908647
0.91566
0.925337
0.92391
0.913864
0.904816
0.904698
0.912414
0.920239
0.916442
0.895213
0.883536
0.887026
0.912222
0.946822
0.967438
0.973579
0.967445
0.930174
0.915125
0.923189
0.933875
0.941954
0.930937
0.909929
0.901151
0.900556
0.926682
0.927258
0.923383
0.909187
0.904832
0.906938
0.906091
0.887657
0.868272
0.864688
0.867848
0.883974
0.916481
0.951697
0.973895
0.97959
0.97454
0.970624
0.976718
0.983249
0.985195
0.975313
0.93487
0.907831
0.899765
0.926992
0.928595
0.928171
0.920148
0.909213
0.902448
0.888416
0.87039
0.862044
0.861608
0.864852
0.878715
0.906698
0.935896
0.964571
0.981676
0.986771
0.99012
0.994245
0.995085
0.994288
0.988116
0.95576
0.919924
0.906648
0.929328
0.929333
0.929998
0.928757
0.921043
0.904809
0.884003
0.867481
0.86161
0.861794
0.865381
0.878513
0.905089
0.931493
0.957314
0.978075
0.989554
0.994772
0.996503
0.996442
0.994824
0.989734
0.969366
0.931859
0.914547
0.935332
0.931436
0.93129
0.931182
0.928832
0.915504
0.888212
0.869804
0.865426
0.866793
0.87302
0.88824
0.908097
0.931027
0.954705
0.975721
0.989192
0.995146
0.996024
0.994796
0.989459
0.985044
0.974702
0.943334
0.920923
0.948573
0.936525
0.933181
0.932745
0.931966
0.926817
0.902461
0.878097
0.874604
0.87743
0.889619
0.906892
0.919481
0.934363
0.954256
0.974228
0.988456
0.994404
0.993525
0.985571
0.972791
0.969977
0.969999
0.955845
0.925543
0.969876
0.947204
0.937165
0.934529
0.933842
0.931965
0.92163
0.896687
0.893215
0.896695
0.9094
0.923269
0.932279
0.940867
0.955335
0.973644
0.987542
0.992375
0.988143
0.966603
0.947051
0.946836
0.957968
0.957101
0.933477
0.987539
0.964552
0.9452
0.937503
0.935619
0.93458
0.93101
0.918163
0.916584
0.919751
0.927509
0.934364
0.941313
0.94726
0.957401
0.972987
0.98551
0.988974
0.979116
0.937913
0.915801
0.917426
0.943169
0.951725
0.939122
0.994628
0.98363
0.958407
0.943417
0.937891
0.93651
0.934933
0.930295
0.930285
0.932123
0.935469
0.939382
0.946327
0.952307
0.959716
0.971904
0.98214
0.983796
0.96545
0.918333
0.904171
0.905041
0.92678
0.946726
0.943856
0.997446
0.993165
0.976426
0.953722
0.942082
0.938669
0.93665
0.935668
0.935971
0.937322
0.939405
0.942074
0.9485
0.955062
0.961016
0.970317
0.977332
0.976839
0.950807
0.912591
0.90248
0.902975
0.914083
0.94176
0.94915
0.998503
0.996945
0.990156
0.968397
0.949953
0.941763
0.938586
0.937983
0.938201
0.939395
0.941187
0.943558
0.949548
0.956386
0.961567
0.968036
0.972107
0.969669
0.940437
0.911969
0.905463
0.90576
0.91044
0.933783
0.959247
0.998888
0.998423
0.995754
0.984565
0.961726
0.947659
0.941443
0.939805
0.939806
0.940493
0.942009
0.944622
0.950951
0.957514
0.961707
0.965614
0.967472
0.963165
0.932656
0.918723
0.917789
0.91834
0.917046
0.926305
0.962161
0.999087
0.998991
0.998036
0.993572
0.977251
0.957395
0.946463
0.942303
0.941655
0.941958
0.943149
0.946265
0.952591
0.958278
0.961532
0.963697
0.964103
0.955933
0.929484
0.92853
0.932807
0.934434
0.929959
0.930614
0.958077
0.999161
0.999233
0.998946
0.997202
0.990177
0.970545
0.954743
0.946854
0.944734
0.944848
0.945862
0.948906
0.954632
0.959107
0.961277
0.962182
0.961509
0.948353
0.931449
0.932247
0.938039
0.940666
0.938778
0.937872
0.956255
0.999064
0.999358
0.999305
0.998681
0.995824
0.985228
0.966293
0.954179
0.949641
0.949358
0.950043
0.95237
0.957096
0.960348
0.961412
0.961312
0.959292
0.944216
0.933033
0.933784
0.939319
0.942999
0.942695
0.942324
0.956047
0.998803
0.999378
0.999451
0.999267
0.998169
0.994001
0.980572
0.964668
0.956617
0.955148
0.955492
0.956778
0.959969
0.961984
0.96218
0.961441
0.957695
0.941994
0.934091
0.93466
0.939568
0.944006
0.944582
0.944727
0.955884
0.998358
0.999286
0.999531
0.999502
0.999117
0.997457
0.991848
0.977596
0.966282
0.962319
0.962178
0.962608
0.963717
0.964551
0.964459
0.962683
0.956604
0.94081
0.935166
0.93563
0.939679
0.94453
0.945565
0.946024
0.955813
0.997836
0.999115
0.999559
0.999618
0.999507
0.998878
0.996655
0.989256
0.977699
0.971813
0.970575
0.969431
0.968697
0.96876
0.968252
0.964993
0.95493
0.94086
0.936658
0.936871
0.939816
0.945376
0.94657
0.946931
0.955613
0.997274
0.998892
0.999529
0.999692
0.999676
0.99946
0.998603
0.995833
0.987463
0.981647
0.980014
0.977274
0.974806
0.974429
0.97353
0.968948
0.955061
0.942088
0.937636
0.93739
0.939921
0.946829
0.94829
0.948169
0.955241
0.996697
0.998639
0.99946
0.999727
0.999761
0.999702
0.999394
0.998363
0.994293
0.990121
0.988485
0.984677
0.981477
0.980893
0.979715
0.97371
0.95691
0.944011
0.938152
0.937461
0.94049
0.948832
0.950455
0.949837
0.955371
0.9961
0.998364
0.999358
0.999724
0.999814
0.999806
0.999708
0.99932
0.997444
0.995578
0.994567
0.991298
0.987639
0.986766
0.985144
0.978086
0.960296
0.945524
0.937915
0.937285
0.941673
0.951388
0.953076
0.951865
0.956034
0.995622
0.998157
0.999276
0.999706
0.999839
0.999855
0.999831
0.999686
0.998899
0.998158
0.997629
0.995741
0.992885
0.991885
0.989902
0.981988
0.962325
0.945608
0.937559
0.937637
0.94463
0.954667
0.956126
0.954199
0.95719
0.995319
0.998026
0.999218
0.999685
0.999838
0.999874
0.999872
0.999822
0.999528
0.999262
0.999016
0.998103
0.996322
0.995581
0.994053
0.9873
0.96446
0.944254
0.937304
0.93893
0.949502
0.958608
0.959526
0.956768
0.958769
0.99478
0.997773
0.999099
0.999631
0.99982
0.99987
0.999875
0.99986
0.99977
0.999687
0.999569
0.999108
0.998131
0.99765
0.996621
0.991663
0.968914
0.945286
0.940307
0.944137
0.956821
0.963381
0.963565
0.959622
0.960847
0.99408
0.997257
0.998797
0.999474
0.999742
0.999834
0.999855
0.99985
0.999824
0.999793
0.999731
0.999481
0.998958
0.998663
0.99801
0.994616
0.974922
0.950497
0.94782
0.954591
0.965618
0.96899
0.967423
0.961634
0.96278
0.993752
0.996871
0.998382
0.999133
0.999521
0.999708
0.999785
0.999804
0.9998
0.999785
0.999749
0.999609
0.999293
0.999108
0.998721
0.996543
0.981745
0.962556
0.961979
0.969468
0.973991
0.97333
0.968619
0.962877
0.964275
0.993782
0.996737
0.998139
0.998838
0.99924
0.999488
0.999636
0.999706
0.999724
0.999721
0.999706
0.999639
0.999427
0.999302
0.999093
0.997902
0.988464
0.977143
0.97725
0.978767
0.978042
0.974886
0.968205
0.963881
0.96559
0.993998
0.996747
0.997999
0.998601
0.99897
0.999237
0.99943
0.999556
0.999625
0.999647
0.999646
0.999614
0.999511
0.99943
0.999244
0.998809
0.997164
0.992111
0.985971
0.982055
0.979263
0.973933
0.968066
0.964622
0.966643
0.994281
0.99671
0.997776
0.998284
0.998632
0.99893
0.999182
0.999384
0.999527
0.999605
0.999631
0.999632
0.99962
0.999554
0.9992
0.998382
0.99756
0.995193
0.98699
0.980886
0.978493
0.973915
0.968537
0.965553
0.967737
0.994301
0.996451
0.997356
0.997841
0.998237
0.998615
0.998961
0.999248
0.999454
0.99958
0.999643
0.999661
0.999656
0.999598
0.999253
0.997657
0.99239
0.984949
0.980176
0.978641
0.977473
0.974209
0.968599
0.96626
0.968754
0.993968
0.995835
0.996725
0.997313
0.997859
0.998376
0.998821
0.999168
0.999414
0.999577
0.999669
0.999701
0.999703
0.999669
0.999394
0.997529
0.989176
0.982106
0.981109
0.980904
0.979276
0.973426
0.967336
0.965999
0.969149
0.993581
0.995172
0.99609
0.996877
0.997622
0.998264
0.998766
0.999135
0.999403
0.999589
0.999701
0.999748
0.999755
0.999732
0.999554
0.998586
0.993801
0.990847
0.989433
0.985013
0.977341
0.967507
0.963296
0.963693
0.969012
0.993587
0.994798
0.995752
0.996712
0.997576
0.998255
0.998756
0.99913
0.999414
0.999616
0.999728
0.999766
0.999763
0.999687
0.999123
0.998731
0.998445
0.997469
0.993625
0.978556
0.966508
0.958908
0.956829
0.958108
0.96825
0.993849
0.994788
0.995728
0.996725
0.997601
0.998269
0.998758
0.999142
0.999445
0.999646
0.99974
0.999752
0.999694
0.999155
0.996118
0.994996
0.994736
0.99207
0.977205
0.955876
0.952292
0.95088
0.951429
0.954702
0.970295
0.994303
0.994889
0.995785
0.996808
0.997665
0.998288
0.998771
0.999178
0.999491
0.999679
0.999735
0.999703
0.999319
0.996936
0.984537
0.976961
0.972984
0.95847
0.934684
0.926621
0.928251
0.933008
0.94834
0.956507
0.976197
0.994797
0.995133
0.995923
0.996941
0.997722
0.998309
0.998812
0.999246
0.999558
0.999695
0.999694
0.999386
0.997213
0.987574
0.951499
0.922751
0.910539
0.901876
0.898788
0.89961
0.905369
0.92545
0.9537
0.96448
0.982397
0.995151
0.995402
0.996152
0.997079
0.99777
0.99836
0.998912
0.999365
0.999617
0.999659
0.999474
0.997646
0.987579
0.947432
0.90635
0.888993
0.884147
0.883594
0.884715
0.889826
0.903863
0.935552
0.962571
0.973655
0.987537
0.995399
0.995642
0.996423
0.997189
0.99785
0.99851
0.999111
0.999495
0.999608
0.999522
0.998393
0.990899
0.956387
0.912011
0.889437
0.879995
0.877465
0.877874
0.882405
0.899798
0.920907
0.950262
0.972634
0.982174
0.991928
0.995571
0.995884
0.996609
0.997314
0.998072
0.998817
0.999339
0.999541
0.999519
0.998904
0.994205
0.968587
0.923437
0.898194
0.885366
0.879576
0.878618
0.881483
0.897236
0.923386
0.942663
0.965315
0.981706
0.988908
0.995184
0.995682
0.996047
0.996782
0.997624
0.998508
0.999161
0.999464
0.999493
0.999186
0.99653
0.980844
0.938823
0.909607
0.897339
0.895733
0.894534
0.894895
0.904283
0.93003
0.950627
0.96391
0.978614
0.988993
0.993651
0.997329
0.995793
0.996261
0.997198
0.998214
0.998981
0.999375
0.999456
0.999305
0.997783
0.988028
0.952265
0.924011
0.915848
0.916782
0.926188
0.931776
0.936033
0.948653
0.962562
0.973275
0.980326
0.98836
0.994042
0.996664
0.998617
0.996014
0.996798
0.997969
0.998827
0.999284
0.999407
0.999334
0.998432
0.992233
0.964204
0.938542
0.932586
0.934482
0.948703
0.965704
0.969581
0.970478
0.973848
0.980928
0.986686
0.990359
0.994313
0.997064
0.998375
0.999314
0.996636
0.997842
0.998732
0.999206
0.999347
0.999309
0.998711
0.994615
0.973879
0.950869
0.944996
0.946815
0.959567
0.976116
0.984374
0.986314
0.986797
0.988309
0.991433
0.994088
0.995786
0.99749
0.998649
0.999233
0.999635
0.997902
0.998722
0.999151
0.999281
0.99925
0.998754
0.995601
0.979676
0.960213
0.954508
0.955536
0.9657
0.98071
0.989202
0.993223
0.994259
0.994596
0.995401
0.996617
0.997653
0.998345
0.998943
0.99933
0.999556
0.999711
0.998787
0.999107
0.9992
0.999156
0.998635
0.995687
0.982174
0.966423
0.961519
0.962197
0.970047
0.98354
0.991137
0.995096
0.996956
0.997528
0.997864
0.998297
0.998716
0.999045
0.999276
0.999411
0.999495
0.999561
0.999626
0.999042
0.999085
0.998983
0.998283
0.994957
0.982521
0.970586
0.96673
0.967364
0.974084
0.985494
0.992261
0.99575
0.997456
0.998278
0.998678
0.998903
0.999085
0.999241
0.999338
0.999385
0.999389
0.99937
0.999374
0.999396
0.998849
0.998562
0.997405
0.992823
0.981674
0.973718
0.971151
0.971861
0.97811
0.987683
0.993253
0.996097
0.997469
0.998168
0.998591
0.998872
0.999031
0.999117
0.99915
0.999153
0.999142
0.999074
0.999041
0.999049
0.999149
0.997358
0.995253
0.988679
0.980957
0.976447
0.975261
0.97641
0.982914
0.990326
0.994365
0.996331
0.997329
0.997859
0.998165
0.998385
0.998559
0.998658
0.998696
0.998691
0.998655
0.998657
0.99866
0.998674
0.998738
0.998951
0.990114
0.9851
0.981272
0.979419
0.97937
0.982011
0.988464
0.992849
0.99523
0.996414
0.996872
0.99698
0.99701
0.997041
0.997095
0.997231
0.997452
0.997601
0.997659
0.997715
0.997807
0.997886
0.998007
0.998217
0.998392
0.984413
0.98327
0.983127
0.984691
0.988854
0.992109
0.994104
0.994819
0.994878
0.994634
0.993591
0.992648
0.992407
0.992514
0.992713
0.993074
0.993689
0.994248
0.994564
0.994917
0.995232
0.995441
0.995861
0.996331
0.996531
0.987132
0.987447
0.988399
0.989428
0.989906
0.989661
0.988196
0.985192
0.981172
0.976297
0.972216
0.970699
0.970831
0.971825
0.97409
0.978055
0.98108
0.983501
0.984976
0.986281
0.988261
0.990092
0.991381
0.991727
0.990398
0.974927
0.968249
0.957412
0.950287
0.944916
0.94161
0.939728
0.937173
0.933285
0.930133
0.92892
0.929306
0.933875
0.939917
0.946777
0.954838
0.962558
0.968645
0.972381
0.974022
0.974296
0.972459
0.965021
0.961628
0.964579
0.907034
0.920434
0.925987
0.926952
0.926669
0.926369
0.927155
0.932961
0.943678
0.949449
0.951047
0.950471
0.943479
0.91554
0.895705
0.892993
0.900328
0.925238
0.94024
0.944952
0.945017
0.944165
0.944118
0.943992
0.944808
)
;

boundaryField
{
    inlet
    {
        type            fixedValue;
        value           uniform 1;
    }
    outlet
    {
        type            inletOutlet;
        inletValue      uniform 0;
        value           nonuniform List<scalar> 
57
(
0.968184
0.964983
0.947987
0.91566
0.900556
0.899765
0.906648
0.914547
0.920923
0.925543
0.933477
0.939122
0.943856
0.94915
0.959247
0.962161
0.958077
0.956255
0.956047
0.955884
0.955813
0.955613
0.955241
0.955371
0.956034
0.95719
0.958769
0.960847
0.96278
0.964275
0.96559
0.966643
0.967737
0.968754
0.969149
0.969012
0.96825
0.970295
0.976197
0.982397
0.987537
0.991928
0.995184
0.997329
0.998617
0.999314
0.999635
0.999711
0.999626
0.999396
0.999149
0.998951
0.998392
0.996531
0.990398
0.964579
0.944808
)
;
    }
    upperWall
    {
        type            zeroGradient;
    }
    lowerWall
    {
        type            zeroGradient;
    }
    frontAndBack
    {
        type            empty;
    }
}


// ************************************************************************* //
