/*--------------------------------*- C++ -*----------------------------------*\
  =========                 |
  \\      /  F ield         | OpenFOAM: The Open Source CFD Toolbox
   \\    /   O peration     | Website:  https://openfoam.org
    \\  /    A nd           | Version:  6
     \\/     M anipulation  |
\*---------------------------------------------------------------------------*/
FoamFile
{
    version     2.0;
    format      ascii;
    class       volScalarField;
    location    "0.2";
    object      nut;
}
// * * * * * * * * * * * * * * * * * * * * * * * * * * * * * * * * * * * * * //

dimensions      [0 2 -1 0 0 0 0];

internalField   nonuniform List<scalar> 
12225
(
4.78156e-11
0
0
0
0
0
0
0
0
0
0
0
0
0
0
0
0
0
2.38119e-11
0
0
0
0
0
0
0
0
0
0
0
0
0
0
0
0
0
0
0
0
0
0
0
0
0
0
0
0
0
0
0
0
0
0
0
1.04607e-08
0
0
0
0
0
0
0
0
0
0
0
0
0
0
0
0
0
1.28753e-07
7.23293e-07
2.20891e-07
0
0
2.01983e-07
1.8322e-07
8.64246e-09
1.77029e-07
2.72334e-07
7.33013e-08
0
0
0
0
0
0
0
1.41141e-06
1.42014e-06
5.76075e-07
1.24072e-06
3.17866e-07
0
0
0
2.36724e-07
9.77109e-07
5.60754e-07
0
0
0
0
0
0
0
2.32746e-07
0
4.7037e-07
8.24228e-07
1.9991e-07
0
0
0
0
3.65172e-07
6.93378e-07
2.49222e-07
0
0
0
0
0
0
0
0
1.31073e-07
3.94075e-07
4.27194e-08
0
0
0
0
0
0
0
0
0
0
0
0
0
0
0
1.6372e-07
2.69338e-07
0
0
0
0
0
0
0
0
0
0
0
0
0
0
5.9814e-07
4.79119e-07
2.01244e-07
0
0
0
0
0
0
0
0
0
2.24521e-07
0
0
0
0
0
2.91606e-07
0
0
1.19479e-07
0
0
1.29167e-07
0
0
0
0
0
7.25884e-07
1.46626e-06
1.56934e-06
1.26008e-06
4.35193e-07
0
0
0
3.51928e-07
6.61847e-07
2.80139e-09
0
0
0
0
0
0
0
7.26048e-07
1.07931e-06
1.27499e-06
1.34659e-06
1.25797e-06
7.85108e-07
0
1.08134e-08
8.40009e-07
4.65866e-07
1.92763e-07
1.00604e-07
0
0
0
0
8.21319e-07
6.32692e-07
9.58968e-07
1.80478e-06
2.40265e-06
2.49103e-06
1.92547e-06
6.77635e-07
7.62064e-08
4.75655e-07
7.90867e-07
3.41564e-07
1.3334e-07
1.56944e-07
9.91264e-09
0
0
0
2.69087e-06
1.69012e-06
2.28842e-06
3.93665e-06
5.08777e-06
4.06642e-06
0
0
5.97467e-07
1.08634e-06
1.09524e-06
0
0
0
9.16128e-08
0
0
0
0
2.59076e-07
1.09945e-06
2.4075e-06
2.59544e-06
9.86055e-07
0
5.58512e-08
6.30507e-07
1.34742e-06
1.40345e-06
0
0
0
0
2.4432e-07
0
0
0
1.85484e-06
1.84933e-06
1.27611e-06
2.80276e-07
0
4.74185e-08
7.54411e-07
0
0
0
0
0
0
4.7047e-07
9.05893e-07
1.04925e-06
1.08184e-06
3.58883e-07
3.78572e-07
7.06717e-07
6.50989e-07
3.70297e-07
0
0
0
0
3.44543e-07
5.72575e-07
1.4957e-07
0
1.4885e-06
1.69198e-06
1.49428e-06
1.14684e-06
4.13068e-08
0
0
2.41624e-07
2.74312e-07
1.48967e-07
0
0
0
0
8.00365e-08
3.03706e-07
0
0
0
1.39768e-06
2.53779e-06
1.48225e-06
2.32234e-07
0
0
4.70187e-07
4.06014e-07
1.11199e-07
0
0
0
0
0
0
0
0
0
0
0
5.59441e-08
0
0
0
0
3.04086e-07
2.44424e-07
3.87626e-08
0
0
0
0
9.13387e-09
0
0
0
0
0
0
0
0
0
5.85949e-08
0
0
0
0
0
7.77579e-07
1.09632e-06
2.74646e-07
0
0
0
2.82249e-07
5.52791e-08
0
0
0
1.1778e-06
6.9876e-07
4.52367e-07
5.82322e-07
6.37712e-07
4.62471e-07
1.16996e-07
2.39122e-07
1.37324e-06
1.21049e-06
1.36005e-07
1.96258e-08
1.23403e-07
2.65802e-07
1.45941e-07
0
0
0
0
1.49281e-07
1.55952e-08
0
0
0
7.24781e-07
0
1.0904e-06
1.29356e-06
3.75386e-07
5.5858e-07
2.56787e-06
3.26735e-07
0
0
0
0
0
1.78807e-07
2.98419e-07
3.11884e-07
1.43801e-07
0
0
0
3.53486e-07
4.91443e-07
0
0
1.87654e-06
1.76991e-06
3.55377e-07
0
0
0
3.04705e-07
4.07268e-07
2.98454e-07
2.31681e-07
3.79034e-08
0
0
0
0
0
0
0
0
1.22838e-06
9.2243e-07
1.64775e-07
1.38481e-07
8.28464e-08
3.87545e-07
9.06888e-07
1.02655e-06
7.55564e-07
3.69872e-07
0
0
0
0
0
0
0
0
0
0
1.41097e-08
2.69307e-08
3.07011e-08
2.81209e-08
2.39678e-08
2.01382e-08
1.63534e-08
1.24815e-08
8.62938e-09
4.84267e-09
0
0
0
0
0
0
0
0
6.90932e-10
1.38117e-09
1.79307e-09
1.88985e-09
1.74326e-09
1.48308e-09
1.18807e-09
8.81255e-10
5.404e-10
1.68933e-10
9.7657e-12
0
0
0
0
0
0
0
0
1.73279e-11
0
0
0
0
0
0
0
0
0
0
0
0
0
0
0
0
0
0
0
0
0
0
0
0
0
0
3.53713e-07
1.84192e-06
6.07386e-06
4.50505e-06
2.03183e-06
1.49816e-06
1.89041e-06
2.95555e-06
3.40936e-06
3.13394e-06
2.32848e-06
1.26076e-06
2.20142e-07
0
0
0
0
0
1.59859e-07
1.94402e-06
2.43111e-06
1.44298e-06
1.78981e-08
0
0
0
0
0
0
0
0
0
0
0
0
0
0
0
0
0
0
0
0
0
0
0
6.17343e-07
1.86211e-06
2.14472e-07
2.42137e-06
3.17713e-05
3.54688e-05
4.448e-05
6.84015e-05
4.64512e-05
1.27843e-05
3.06877e-06
5.5868e-07
2.0872e-07
3.61608e-07
5.49596e-07
6.8797e-07
7.66079e-07
7.96085e-07
7.83415e-07
7.34433e-07
6.61082e-07
5.63557e-07
4.5537e-07
3.47584e-07
2.36875e-07
1.32108e-07
2.83543e-08
0
0
0
0
0
0
0
0
0
0
0
0
0
0
0
0
0
0
0
0
0
0
0
0
0
0
0
0
0
0
0
0
0
0
0
4.34359e-08
1.28775e-07
1.28147e-07
0
0
0
0
0
0
0
0
2.77994e-07
2.25813e-07
0
0
0
0
4.05413e-06
2.43892e-06
9.87486e-07
1.80114e-06
3.83444e-06
6.91076e-06
1.28392e-05
2.57013e-05
4.90278e-05
6.76952e-05
4.26597e-05
1.0214e-05
1.7844e-06
3.44206e-07
1.74722e-07
2.13024e-07
2.60021e-07
2.78541e-07
2.69246e-07
2.38284e-07
1.94719e-07
1.46406e-07
9.7319e-08
4.78247e-08
0
0
0
0
0
0
0
0
0
0
0
0
0
0
0
0
0
0
0
0
0
0
0
0
0
0
0
0
0
0
0
0
0
1.24792e-06
4.78264e-07
0
0
0
2.42831e-06
4.35954e-06
5.0443e-06
3.61081e-06
6.43964e-07
0
0
0
0
0
0
0
1.04002e-07
6.04314e-07
6.74211e-07
2.8708e-07
0
0
0
0
0
0
0
0
0
0
0
0
0
0
0
0
0
0
0
0
0
0
3.54633e-07
1.98612e-06
1.63207e-06
0
0
3.78861e-06
7.71646e-06
9.07024e-06
1.13618e-05
1.1144e-05
7.06298e-06
3.25219e-06
1.32579e-06
7.93337e-07
7.34887e-07
7.57345e-07
7.76031e-07
7.63151e-07
7.26767e-07
6.71503e-07
6.04889e-07
5.35493e-07
4.49512e-07
3.67257e-07
2.82477e-07
1.96704e-07
1.104e-07
2.2472e-08
0
0
0
0
0
0
0
0
0
0
0
0
0
0
0
0
0
0
0
0
0
0
0
0
0
0
0
0
0
0
0
0
0
0
0
0
0
0
0
0
0
0
0
0
0
0
5.39569e-09
1.74754e-08
0
0
0
0
1.54983e-06
3.02693e-06
2.91569e-06
5.38669e-06
1.05031e-05
1.96852e-05
3.70541e-05
5.9535e-05
6.41734e-05
4.28635e-05
2.03241e-05
8.42754e-06
3.12903e-06
1.19968e-06
6.43353e-07
4.94191e-07
4.43936e-07
4.07651e-07
3.67082e-07
3.17937e-07
2.64168e-07
2.05258e-07
1.43466e-07
7.64833e-08
2.19677e-09
0
0
0
0
0
0
0
0
0
0
0
0
0
0
0
0
0
0
0
0
0
0
0
0
0
0
0
0
0
0
0
7.2507e-07
3.65357e-06
4.05792e-06
3.58939e-06
3.34033e-06
3.99023e-06
5.10483e-06
6.56252e-06
4.14509e-06
0
0
0
0
0
0
0
0
0
0
0
0
0
0
0
0
0
0
0
0
0
0
0
0
0
0
0
0
0
0
0
0
0
0
0
1.45955e-06
0
0
0
0
9.15222e-07
2.33216e-06
1.96433e-06
1.53094e-06
2.58887e-06
2.09461e-06
9.76223e-07
6.53056e-07
7.88253e-07
9.43452e-07
1.01133e-06
9.97519e-07
9.40525e-07
8.64701e-07
7.86844e-07
7.18016e-07
6.58316e-07
5.87978e-07
4.92777e-07
3.75027e-07
2.50156e-07
1.29459e-07
9.62368e-09
0
0
0
0
0
0
0
0
0
0
0
0
0
0
0
0
0
0
0
0
0
0
0
0
0
0
0
0
0
0
0
0
0
0
0
0
0
0
0
0
0
0
0
0
0
0
0
0
0
0
0
0
6.4436e-06
1.12409e-05
1.10774e-05
1.55437e-05
2.00554e-05
2.25049e-05
2.3489e-05
2.23632e-05
1.80774e-05
1.20009e-05
8.28986e-06
6.27078e-06
5.0485e-06
4.07658e-06
3.1983e-06
2.5075e-06
1.99515e-06
1.60354e-06
1.29601e-06
1.03447e-06
8.05988e-07
6.00907e-07
4.14125e-07
2.39404e-07
5.23302e-08
0
0
0
0
0
0
0
0
0
0
0
0
0
0
0
0
0
0
0
0
0
0
0
0
0
0
0
0
0
0
1.5612e-06
3.57817e-06
4.26517e-06
4.00689e-06
2.87306e-06
5.86822e-07
0
0
0
0
0
0
0
0
0
0
0
0
9.88689e-08
5.97511e-07
5.87909e-07
2.5914e-07
0
0
0
0
0
0
0
0
0
0
0
4.48306e-07
1.45292e-06
5.02137e-07
0
0
0
0
9.6044e-07
4.04988e-06
4.82319e-06
6.42129e-06
9.03148e-06
7.33427e-06
0
0
0
0
0
0
0
0
0
0
0
0
0
0
0
0
0
0
0
0
0
0
0
0
0
0
0
0
0
0
0
0
0
0
0
0
0
0
0
0
0
0
0
0
0
0
0
0
0
0
0
0
0
0
0
0
0
0
0
0
0
0
0
0
0
0
0
0
0
0
0
0
0
0
0
0
0
7.2289e-06
1.42956e-05
1.52865e-05
1.05852e-05
6.77456e-06
5.66074e-06
5.38755e-06
4.54283e-06
4.03277e-06
4.24123e-06
4.4516e-06
4.75293e-06
5.43228e-06
5.78187e-06
5.48258e-06
4.95296e-06
4.63519e-06
4.58045e-06
4.72048e-06
5.01278e-06
5.30765e-06
5.4424e-06
5.19552e-06
3.99389e-06
7.34296e-07
0
2.34356e-06
6.21662e-06
4.04192e-06
5.98373e-07
0
0
0
0
0
0
0
0
0
0
0
0
0
0
0
0
0
0
0
0
0
0
0
1.86053e-06
2.81588e-06
1.19257e-06
0
1.74408e-06
3.65288e-06
3.12145e-06
2.45714e-06
1.25181e-06
0
0
0
0
0
0
0
0
0
0
0
0
0
0
3.79659e-07
9.73597e-07
1.19686e-06
1.1721e-06
9.68118e-07
6.34082e-07
2.5592e-07
0
0
1.13336e-07
3.38111e-07
4.3105e-07
3.20429e-07
7.24984e-08
0
8.24897e-07
2.21312e-06
9.552e-07
0
0
0
7.67488e-07
5.33672e-06
8.35461e-06
9.27852e-06
4.96522e-06
7.98881e-07
0
0
0
0
0
0
0
0
0
0
0
0
0
0
0
0
0
0
0
0
0
3.39357e-07
1.50339e-06
0
0
0
0
0
0
0
0
0
0
0
0
0
0
0
0
0
0
0
0
0
0
0
0
0
0
0
0
0
0
0
0
0
0
0
0
0
0
0
0
0
0
0
0
0
0
0
6.26376e-07
2.79891e-06
4.71571e-06
7.4467e-06
1.38802e-05
0
0
1.1349e-05
1.28852e-05
1.17749e-05
8.82454e-06
5.9896e-06
4.92585e-06
4.81179e-06
4.65668e-06
4.66191e-06
4.81548e-06
5.16661e-06
5.10667e-06
3.77971e-06
2.67248e-06
2.4698e-06
2.84496e-06
3.53402e-06
4.27489e-06
4.90388e-06
5.26492e-06
5.27603e-06
4.71901e-06
2.96608e-06
0
0
0
3.54255e-06
5.25374e-06
4.58105e-06
2.82547e-06
7.2668e-07
0
0
0
0
0
0
0
0
0
0
0
0
0
0
0
0
0
0
0
0
9.61777e-07
2.39595e-06
4.41319e-06
5.23002e-06
3.15908e-06
8.96311e-07
7.61392e-07
3.04754e-06
2.76612e-06
2.2546e-06
1.64315e-06
4.53984e-07
0
0
0
0
0
0
0
0
0
0
0
0
0
0
0
6.44849e-07
1.03833e-06
1.16109e-06
9.94565e-07
5.89481e-07
8.00415e-08
0
2.85175e-08
7.85497e-07
1.50789e-06
1.79602e-06
1.5725e-06
1.05444e-06
1.87067e-06
4.62972e-06
3.24279e-06
0
0
0
0
7.63291e-06
5.86255e-06
3.42068e-06
1.48225e-06
5.01062e-09
0
0
0
0
0
0
0
0
0
0
0
0
0
0
0
0
0
0
0
1.49722e-07
1.76779e-06
4.46682e-06
0
0
0
0
0
0
0
0
0
0
0
0
0
0
0
0
0
0
0
0
0
0
0
0
0
0
0
0
0
0
0
0
0
0
0
0
0
0
0
0
0
0
0
0
0
0
0
0
0
2.25918e-06
6.22966e-06
1.11623e-05
3.92465e-06
0
0
7.06372e-06
9.74414e-06
8.3922e-06
6.60357e-06
4.58569e-06
4.33852e-06
5.41513e-06
6.65523e-06
6.69063e-06
5.58432e-06
3.9247e-06
2.27577e-06
1.62368e-06
1.952e-06
2.82257e-06
3.882e-06
4.78374e-06
5.44646e-06
5.726e-06
5.65553e-06
5.0441e-06
3.22641e-06
0
0
0
1.42625e-06
3.75983e-06
4.3218e-06
4.00135e-06
3.13524e-06
1.85457e-06
3.36102e-07
0
0
0
0
0
0
0
0
0
0
0
0
0
0
0
0
0
0
0
1.58962e-06
3.00793e-06
4.51996e-06
5.24519e-06
3.00504e-06
7.99761e-07
2.39096e-07
1.50068e-06
2.66921e-06
1.45861e-06
1.4058e-06
1.64599e-06
1.71606e-06
1.41115e-06
7.97355e-07
9.00489e-08
0
0
0
0
0
0
0
0
0
0
0
0
0
0
0
0
0
0
0
0
3.66813e-06
9.23286e-06
1.10769e-05
1.02153e-05
8.25178e-06
6.54306e-06
3.46441e-06
1.0405e-06
2.4001e-06
0
0
2.96218e-06
3.04495e-06
2.37391e-06
1.34271e-06
3.55412e-07
0
0
0
0
0
0
0
1.61893e-07
0
0
0
0
0
0
0
0
0
0
3.46138e-07
2.40777e-06
5.96101e-06
0
0
0
0
0
0
0
0
2.10064e-08
7.71444e-08
9.86507e-09
0
0
0
0
0
0
0
0
0
0
8.05654e-08
3.52772e-08
0
0
0
0
0
0
0
0
0
0
0
0
0
0
0
0
0
0
0
0
0
3.02415e-06
1.27173e-06
0
0
0
0
3.32007e-07
4.40953e-06
8.59468e-06
0
0
0
5.40798e-06
7.18919e-06
5.97199e-06
4.68449e-06
3.35707e-06
3.54072e-06
4.62127e-06
4.98986e-06
4.31583e-06
3.01034e-06
1.60833e-06
9.00686e-07
1.36682e-06
2.59761e-06
3.89281e-06
4.9479e-06
5.54147e-06
5.74975e-06
5.60221e-06
4.99043e-06
3.22404e-06
0
0
0
1.68017e-07
2.77242e-06
3.71726e-06
3.87938e-06
3.75967e-06
3.45004e-06
2.75616e-06
1.57148e-06
1.22687e-07
0
0
0
0
0
0
0
0
0
0
0
0
0
0
0
0
4.88042e-07
1.05619e-06
2.08391e-06
3.05563e-06
3.88913e-06
4.59749e-06
2.92161e-06
7.87603e-07
3.19513e-08
4.21823e-07
1.92854e-06
9.43897e-07
8.8745e-07
1.41644e-06
2.14283e-06
2.8318e-06
3.25562e-06
3.32239e-06
3.13839e-06
2.94833e-06
2.89666e-06
2.95771e-06
2.9826e-06
2.82838e-06
2.2792e-06
1.22293e-06
0
0
0
0
0
0
0
0
0
0
0
0
1.41508e-06
3.40194e-06
4.49173e-06
4.58594e-06
4.36497e-06
4.20374e-06
3.47674e-06
4.39294e-06
4.45759e-06
1.16282e-06
2.70635e-06
4.17671e-06
4.45997e-06
3.87223e-06
3.05647e-06
2.16183e-06
1.13695e-06
0
0
0
0
0
0
1.86446e-06
0
0
0
0
0
0
0
0
0
3.25046e-07
2.45025e-06
6.58587e-06
7.20411e-06
0
0
0
0
0
0
0
3.74669e-07
6.47885e-07
6.61215e-07
5.16809e-07
3.36886e-07
1.82164e-07
0
0
0
0
0
0
0
0
0
1.33506e-07
1.05953e-07
0
0
0
0
0
0
0
0
0
0
0
0
0
0
0
0
0
0
0
0
2.8279e-06
1.92472e-06
0
1.02617e-06
1.76506e-06
2.06467e-06
4.66122e-07
0
0
0
0
0
2.24343e-06
4.29472e-06
4.13363e-06
3.03607e-06
2.15013e-06
1.96188e-06
2.36336e-06
3.0401e-06
2.83646e-06
1.8369e-06
7.49061e-07
6.11126e-07
1.82344e-06
3.39666e-06
4.60152e-06
5.30722e-06
5.53821e-06
5.4136e-06
4.79345e-06
3.24587e-06
5.2353e-07
0
0
0
1.94725e-06
3.34304e-06
3.77469e-06
3.87125e-06
3.96161e-06
4.06696e-06
3.83667e-06
2.93375e-06
1.3792e-06
0
0
0
0
0
0
0
0
0
0
0
0
0
0
0
0
1.488e-06
2.06656e-06
2.4191e-06
3.01674e-06
3.59606e-06
4.31534e-06
3.27315e-06
1.26431e-06
6.76987e-08
2.40453e-07
1.09386e-06
2.10961e-06
1.09986e-06
1.02529e-06
1.73723e-06
2.74661e-06
3.21195e-06
3.122e-06
2.85517e-06
2.63367e-06
2.38118e-06
1.96202e-06
1.10569e-06
0
0
0
0
0
0
0
0
0
0
0
0
0
0
0
0
1.34341e-07
1.37232e-06
2.52118e-06
3.59609e-06
4.22878e-06
4.98676e-06
6.45081e-06
4.56045e-06
3.00685e-06
4.50201e-06
5.38358e-06
5.29426e-06
4.92901e-06
4.45735e-06
3.84188e-06
3.03058e-06
2.03057e-06
4.46116e-08
0
0
0
0
1.40922e-06
0
0
0
0
0
0
0
0
1.50698e-07
1.81739e-06
5.51176e-06
1.06178e-05
0
0
0
0
0
0
0
0
5.69061e-07
1.01359e-06
1.03654e-06
7.44291e-07
3.80185e-07
1.77916e-07
2.4927e-08
0
0
0
0
0
0
0
0
0
0
0
0
0
0
0
0
0
0
0
0
0
0
0
0
0
0
0
0
0
0
0
1.3259e-06
2.37499e-06
4.53862e-06
5.87088e-06
6.80044e-06
5.02265e-06
0
0
0
0
0
0
0
1.49267e-06
1.02143e-06
0
0
1.07075e-06
2.22176e-06
2.22714e-06
1.35427e-06
4.57767e-07
7.61636e-07
2.33179e-06
3.80262e-06
4.7522e-06
5.19292e-06
5.10694e-06
4.57813e-06
3.33787e-06
1.17269e-06
0
0
0
1.07564e-06
3.13616e-06
3.98449e-06
4.28e-06
4.38889e-06
4.54851e-06
4.79627e-06
4.77956e-06
4.1369e-06
2.60927e-06
5.3925e-07
0
0
0
0
0
0
0
0
0
0
0
0
0
0
0
1.74966e-06
3.36703e-06
3.36465e-06
3.46444e-06
3.89569e-06
4.4107e-06
3.88062e-06
2.30255e-06
0
0
1.3064e-06
7.06689e-06
4.81889e-06
1.55083e-06
6.00868e-08
5.10978e-07
1.38067e-07
0
0
0
0
0
0
0
0
0
0
0
0
0
0
0
0
0
0
0
0
0
0
0
0
0
8.33417e-08
2.23742e-06
4.75397e-06
5.80859e-06
3.76867e-06
4.37365e-06
5.21378e-06
5.19269e-06
5.01356e-06
4.85548e-06
4.73722e-06
4.85237e-06
6.3151e-06
8.73491e-06
5.41378e-08
0
0
0
1.16241e-06
6.87775e-07
0
0
0
0
0
0
0
0
8.99384e-07
3.2469e-06
7.37944e-06
2.98178e-06
0
0
0
0
0
0
0
0
8.56806e-07
1.43096e-06
1.1622e-06
2.06326e-07
0
0
0
0
0
0
0
0
0
0
0
0
0
0
0
0
0
0
0
0
0
0
0
0
0
0
0
0
0
0
0
0
0
0
0
3.27484e-06
5.47681e-06
7.78918e-06
9.45139e-06
9.51439e-06
0
0
0
0
0
0
0
0
0
0
0
9.72962e-07
1.89595e-06
1.93046e-06
1.13104e-06
3.92427e-07
1.00166e-06
2.62638e-06
3.8612e-06
4.54347e-06
4.73147e-06
4.3657e-06
3.40179e-06
1.77597e-06
0
0
0
4.19713e-08
2.79108e-06
4.22491e-06
4.86501e-06
5.16821e-06
5.25537e-06
5.22777e-06
5.1312e-06
5.01448e-06
4.60894e-06
3.38504e-06
1.2657e-06
0
0
0
0
0
0
0
0
0
0
0
0
0
0
0
5.67044e-07
4.90117e-06
4.99585e-06
4.35371e-06
4.28093e-06
4.53719e-06
4.35185e-06
3.44002e-06
0
0
4.00714e-07
9.79712e-06
7.21409e-06
2.34112e-06
0
0
0
0
0
0
0
0
0
0
0
0
0
0
0
0
0
0
0
0
0
0
0
0
0
0
0
0
0
0
1.41797e-07
2.30483e-06
5.52974e-06
5.5236e-06
4.67615e-06
4.15959e-06
3.99877e-06
3.93093e-06
4.27458e-06
6.24726e-06
7.47399e-06
1.84068e-06
0
0
0
5.47123e-07
1.06702e-06
8.19779e-08
0
0
0
0
0
0
0
2.47187e-07
1.47961e-06
3.87574e-06
4.55127e-06
0
0
0
0
0
0
0
0
0
7.23593e-07
1.32006e-06
6.82408e-07
0
0
0
0
0
1.27888e-07
2.04313e-06
9.76851e-07
2.62965e-07
8.0221e-08
8.12423e-08
1.00877e-07
9.21437e-08
4.97874e-08
0
0
0
0
0
0
0
0
0
0
0
0
0
0
0
0
0
0
0
0
0
0
2.67684e-06
4.67641e-06
7.40973e-06
9.45619e-06
1.04977e-05
8.06605e-06
0
0
0
0
0
0
0
1.57161e-06
3.69791e-06
1.2174e-06
1.12912e-06
1.70694e-06
1.73222e-06
9.98756e-07
3.67442e-07
1.12887e-06
2.6468e-06
3.63741e-06
4.16739e-06
4.14209e-06
3.47288e-06
2.24458e-06
5.75914e-07
0
0
0
2.01525e-06
4.16762e-06
5.23402e-06
5.88947e-06
6.32574e-06
6.28757e-06
5.81501e-06
5.3018e-06
5.02736e-06
4.78995e-06
3.87125e-06
1.85082e-06
0
0
0
0
0
0
0
0
0
0
0
0
0
0
0
0
5.80482e-06
6.91709e-06
5.5704e-06
4.69916e-06
4.73923e-06
4.65316e-06
4.20152e-06
0
0
0
7.40631e-06
5.10057e-06
2.18697e-06
6.7903e-07
0
0
0
0
0
0
0
0
0
0
0
0
0
0
0
0
0
0
0
0
0
0
0
0
0
0
0
0
0
0
0
6.44169e-06
4.33282e-06
3.01583e-06
2.76999e-06
2.88774e-06
3.16675e-06
3.89797e-06
4.31535e-06
2.41014e-06
6.76769e-08
0
0
2.8768e-07
1.3883e-06
5.54816e-07
0
0
0
0
0
0
0
0
6.60802e-07
1.6932e-06
1.52011e-06
0
0
0
0
0
0
0
0
0
0
6.67037e-07
1.35549e-06
9.27491e-07
0
0
0
0
2.10469e-07
7.58656e-07
2.08057e-06
1.82628e-06
0
0
1.30943e-08
1.83723e-07
1.74021e-07
9.35706e-08
1.86505e-08
0
0
0
0
0
0
0
0
0
0
0
0
0
0
0
0
0
0
0
0
0
1.57761e-06
2.82936e-06
5.25137e-06
7.45211e-06
8.6967e-06
8.78247e-06
6.15171e-06
8.84433e-07
1.07714e-06
6.41058e-06
7.81393e-06
2.75327e-06
5.24097e-07
1.29591e-06
2.04785e-06
1.2757e-06
1.09938e-06
1.52055e-06
1.55519e-06
8.82574e-07
3.16144e-07
1.10363e-06
2.44335e-06
3.21746e-06
3.57251e-06
3.38181e-06
2.53113e-06
1.2944e-06
0
0
0
1.01252e-06
3.63604e-06
5.22054e-06
6.08579e-06
6.92044e-06
7.47926e-06
7.27542e-06
6.50206e-06
5.7297e-06
5.38722e-06
5.27937e-06
4.46972e-06
2.39458e-06
0
0
0
0
0
0
0
0
0
0
0
0
0
0
0
0
5.02033e-06
8.79952e-06
7.22289e-06
5.46458e-06
5.05701e-06
4.92632e-06
4.54957e-06
2.70852e-06
0
0
2.70671e-06
3.1603e-06
2.08072e-06
8.43397e-07
0
0
0
0
0
0
0
0
0
0
0
0
0
0
0
0
0
0
0
1.36666e-07
6.9175e-07
1.15635e-06
1.59266e-06
2.03109e-06
2.39936e-06
2.57895e-06
2.35595e-06
1.41726e-06
0
0
0
1.21872e-06
1.05347e-06
1.49035e-06
2.26214e-06
2.7267e-06
2.81344e-06
2.5022e-06
1.74961e-06
6.15173e-07
0
0
0
1.07893e-06
1.41802e-06
2.05764e-07
0
0
0
0
0
5.60626e-08
1.82132e-07
4.37063e-07
7.7581e-07
1.93838e-07
0
0
0
0
0
0
0
0
0
0
0
5.22474e-07
1.50088e-06
1.735e-06
8.31476e-07
0
0
3.91558e-08
7.90811e-07
1.0025e-06
6.14358e-07
0
0
0
0
0
1.09532e-07
1.02488e-07
2.32986e-08
0
0
0
0
0
0
0
0
0
0
0
0
0
0
0
0
0
0
0
0
1.179e-07
8.42807e-07
1.49412e-06
2.8389e-06
4.68662e-06
5.81775e-06
6.04513e-06
5.81452e-06
4.91356e-06
4.47593e-06
4.47235e-06
2.80473e-06
6.71475e-07
0
3.94128e-07
9.11383e-07
8.45575e-07
9.15277e-07
1.30422e-06
1.37499e-06
7.71393e-07
2.32556e-07
9.67656e-07
2.09306e-06
2.68247e-06
2.89786e-06
2.57342e-06
1.7173e-06
6.97545e-07
0
0
5.38795e-07
2.89987e-06
5.01421e-06
6.11439e-06
6.91979e-06
7.92272e-06
8.57633e-06
8.3376e-06
7.45413e-06
6.62665e-06
6.46688e-06
6.54154e-06
5.52956e-06
3.00882e-06
2.99311e-07
0
0
0
0
0
0
0
0
0
0
1.42442e-08
0
0
0
0
2.12012e-06
1.02771e-05
9.24221e-06
6.6499e-06
5.46406e-06
5.18547e-06
4.66384e-06
2.42269e-06
1.51898e-06
0
6.05878e-07
1.21554e-06
6.19234e-07
0
0
0
0
0
0
0
0
0
0
0
0
0
0
0
0
0
0
7.88993e-07
1.80912e-06
2.85569e-06
3.84265e-06
4.7411e-06
5.47606e-06
6.08016e-06
6.49746e-06
6.50925e-06
5.84964e-06
4.27618e-06
2.10063e-06
9.02836e-07
1.01885e-06
7.6759e-07
5.90888e-07
1.45755e-06
2.55465e-06
2.99097e-06
2.4826e-06
1.58258e-06
6.5796e-07
0
0
0
0
1.99065e-07
9.23864e-07
3.97588e-07
0
0
0
0
3.84128e-08
3.07367e-07
5.38967e-07
6.71946e-07
3.62209e-07
0
0
0
0
0
0
0
0
0
0
0
7.86408e-08
2.09127e-07
1.57415e-06
2.76201e-06
2.16771e-06
1.76704e-07
0
0
3.31028e-07
0
0
0
0
0
0
0
0
0
0
0
0
0
0
0
0
0
0
0
0
0
0
0
0
0
0
0
4.05835e-08
8.56737e-08
1.20372e-07
1.93166e-07
4.53854e-07
7.83675e-07
1.27171e-06
2.29202e-06
3.2512e-06
3.43466e-06
3.15184e-06
2.92793e-06
2.55271e-06
1.91287e-06
8.15298e-07
0
0
0
3.47728e-07
4.84065e-07
6.79966e-07
1.05545e-06
1.17269e-06
6.50061e-07
1.15092e-07
7.3776e-07
1.6821e-06
2.08075e-06
2.18742e-06
1.85723e-06
1.14314e-06
4.92257e-07
2.03536e-07
7.22137e-07
2.47128e-06
4.83025e-06
6.53206e-06
7.38551e-06
8.19784e-06
9.22277e-06
9.88486e-06
9.63175e-06
8.6859e-06
7.94738e-06
8.11767e-06
8.29065e-06
6.78993e-06
3.51698e-06
6.51744e-07
0
0
0
0
0
0
0
0
0
5.29898e-07
5.82245e-07
0
0
0
0
0
1.08715e-05
1.13818e-05
8.13296e-06
5.99393e-06
5.39304e-06
4.7383e-06
3.57767e-07
0
0
0
0
0
0
0
0
0
0
0
0
0
0
0
0
0
7.65456e-07
2.24888e-06
3.36692e-06
3.57097e-06
2.31789e-06
0
0
0
0
0
2.6444e-07
2.69803e-06
4.83756e-06
6.46175e-06
7.25335e-06
6.79431e-06
5.43786e-06
4.11014e-06
3.73543e-06
3.58112e-06
2.48861e-06
1.66613e-06
2.2428e-06
3.2233e-06
3.46112e-06
2.61422e-06
1.38599e-06
3.70507e-07
0
0
0
0
0
2.13042e-07
7.28418e-07
3.00666e-07
6.04799e-08
1.80374e-07
3.11921e-07
4.41779e-07
6.70454e-07
8.90806e-07
9.0061e-07
2.16618e-07
0
0
0
0
0
0
0
0
0
1.41107e-05
5.05677e-06
1.16671e-06
1.0126e-07
1.04203e-06
2.67399e-06
2.56186e-06
7.59119e-07
0
0
0
0
0
0
0
0
0
0
0
0
0
0
0
0
0
1.48059e-08
1.35474e-08
0
0
0
0
0
0
0
0
0
4.05552e-08
6.94037e-09
5.81639e-08
1.13291e-07
1.48733e-07
1.79348e-07
2.58713e-07
4.09135e-07
5.68116e-07
8.44615e-07
1.44841e-06
1.74973e-06
1.52288e-06
1.23313e-06
9.90674e-07
6.14472e-07
1.0163e-07
0
0
0
5.14758e-08
2.33128e-07
4.43925e-07
7.83881e-07
9.36448e-07
5.00703e-07
0
4.37128e-07
1.23768e-06
1.49236e-06
1.51893e-06
1.26171e-06
8.09412e-07
6.11286e-07
9.90949e-07
2.2941e-06
4.56409e-06
6.95525e-06
8.56654e-06
9.45811e-06
1.02456e-05
1.11263e-05
1.16409e-05
1.12268e-05
1.01131e-05
9.3977e-06
9.72019e-06
9.67771e-06
7.56614e-06
3.69074e-06
8.30152e-07
0
0
0
0
0
0
0
0
0
1.18205e-06
1.26732e-06
5.44529e-07
0
0
0
0
9.88143e-06
1.3275e-05
9.68007e-06
6.66638e-06
5.58279e-06
4.84579e-06
0
0
0
0
0
0
0
0
0
0
0
0
0
0
0
8.4066e-07
3.96429e-06
7.58132e-06
1.18243e-05
1.63246e-05
1.99931e-05
1.56924e-05
0
0
0
0
0
0
0
0
0
5.60182e-07
3.54895e-06
4.89111e-06
4.75043e-06
4.25478e-06
4.52929e-06
5.04353e-06
3.85248e-06
2.413e-06
2.68735e-06
3.79453e-06
4.14949e-06
3.2088e-06
1.75134e-06
5.95929e-07
2.89545e-08
0
0
0
0
0
2.15244e-07
4.93304e-07
2.57939e-07
3.21337e-07
5.25557e-07
7.05144e-07
9.35661e-07
1.14811e-06
1.10625e-06
3.38182e-07
0
0
0
0
0
0
1.56642e-06
2.9548e-06
1.36888e-05
1.12722e-05
3.09556e-06
7.15904e-07
0
8.16338e-08
1.13193e-06
1.63143e-06
1.04387e-06
2.76333e-07
0
0
0
0
0
0
0
0
0
0
0
0
0
0
0
1.39741e-09
1.25777e-08
9.59286e-09
0
0
0
0
0
0
0
0
0
0
1.20718e-07
8.3556e-08
1.27628e-07
1.53265e-07
1.6309e-07
1.81521e-07
2.30496e-07
2.99662e-07
2.93064e-07
3.384e-07
7.14355e-07
7.60359e-07
5.51689e-07
3.65403e-07
1.58256e-07
0
0
0
0
0
5.60935e-08
2.18325e-07
4.9673e-07
6.59939e-07
2.99171e-07
0
6.7238e-08
7.81865e-07
9.48918e-07
9.32286e-07
8.0405e-07
6.43728e-07
8.83627e-07
1.89639e-06
3.92145e-06
6.73441e-06
9.4231e-06
1.12684e-05
1.23085e-05
1.30678e-05
1.38315e-05
1.41443e-05
1.34099e-05
1.19109e-05
1.10543e-05
1.11915e-05
1.06687e-05
7.74345e-06
3.66426e-06
8.03838e-07
0
0
0
0
0
0
0
0
4.19412e-07
1.7785e-06
2.11622e-06
9.84491e-07
0
0
0
0
7.69061e-06
1.47545e-05
1.13614e-05
7.60493e-06
5.80494e-06
4.97784e-06
0
0
0
0
0
0
0
0
0
0
0
0
0
0
2.12527e-07
2.00203e-06
4.0716e-06
5.80028e-06
6.2498e-06
3.6824e-06
0
0
0
0
0
0
0
0
0
0
0
0
6.45231e-07
2.27468e-06
2.19584e-06
2.02714e-06
2.62208e-06
4.12039e-06
4.44149e-06
2.85275e-06
2.23187e-06
3.16782e-06
3.94085e-06
3.49446e-06
2.04899e-06
7.45667e-07
1.71485e-07
1.72479e-07
0
0
0
0
0
1.46678e-07
3.23456e-07
2.22393e-07
2.77902e-07
4.04766e-07
5.79416e-07
7.6824e-07
7.3165e-07
1.67044e-07
0
0
0
0
0
4.20456e-06
1.98546e-06
3.27391e-06
1.15581e-05
4.30556e-06
1.15491e-06
3.0206e-07
0
0
0
5.25308e-07
9.71295e-07
1.24999e-06
9.92636e-07
0
0
0
0
0
0
0
0
6.48496e-07
6.86704e-07
3.59103e-07
1.15137e-07
6.25787e-08
5.71139e-08
4.94993e-08
3.43694e-08
1.03985e-08
0
0
0
0
0
0
0
0
0
0
0
2.2813e-07
1.67605e-07
1.62235e-07
1.62181e-07
1.5391e-07
1.566e-07
1.83458e-07
1.72456e-07
0
0
3.01502e-07
3.38506e-07
2.19085e-07
7.30357e-08
0
0
0
0
0
0
0
1.66593e-07
3.14856e-07
2.53532e-08
0
0
2.94623e-07
4.30905e-07
3.8768e-07
3.97363e-07
5.68586e-07
1.22861e-06
2.74118e-06
5.31782e-06
8.59188e-06
1.16908e-05
1.39122e-05
1.51883e-05
1.61432e-05
1.69665e-05
1.71178e-05
1.59036e-05
1.38125e-05
1.26956e-05
1.23918e-05
1.10657e-05
7.70888e-06
3.36787e-06
5.13619e-07
0
0
0
0
0
0
0
7.52642e-08
1.03531e-06
2.34474e-06
2.97352e-06
1.42502e-06
6.87189e-07
0
0
0
5.39659e-06
1.56095e-05
1.28086e-05
8.41237e-06
6.01183e-06
5.04691e-06
0
0
0
0
0
0
0
0
0
0
0
0
0
0
0
0
0
0
0
0
0
0
0
0
0
0
0
1.18509e-06
0
0
0
0
2.89062e-07
2.14614e-06
1.88421e-06
1.03449e-06
7.52717e-07
1.5919e-06
3.0241e-06
2.81762e-06
1.89378e-06
2.02924e-06
2.82856e-06
3.00436e-06
2.20781e-06
8.58113e-07
0
0
2.22382e-07
0
0
0
0
0
6.5616e-08
3.24226e-07
2.94376e-07
2.34424e-07
2.31488e-07
2.70263e-07
2.15524e-07
0
0
0
0
0
1.63349e-06
8.19713e-07
0
0
4.06685e-06
1.43463e-06
3.45367e-07
3.99909e-09
0
0
0
0
8.80755e-08
6.41407e-07
1.15286e-06
1.05861e-06
0
0
0
0
0
0
2.24981e-06
2.73289e-06
2.31468e-06
1.57732e-06
9.50529e-07
4.95333e-07
2.45492e-07
1.26152e-07
7.60458e-08
3.5548e-08
0
0
0
0
0
0
0
0
0
0
0
3.568e-07
2.86365e-07
1.9114e-07
1.73226e-07
1.53031e-07
1.36582e-07
1.36913e-07
1.4154e-07
0
0
0
1.47711e-07
1.98648e-07
1.00196e-07
0
0
0
0
0
0
0
0
0
0
0
0
0
0
0
5.14075e-08
5.23762e-07
1.61628e-06
3.61161e-06
6.71878e-06
1.05642e-05
1.43257e-05
1.71373e-05
1.89314e-05
2.01249e-05
2.08775e-05
2.06286e-05
1.85619e-05
1.58829e-05
1.4464e-05
1.35381e-05
1.14285e-05
7.61565e-06
2.22088e-06
0
0
0
0
0
0
0
6.30241e-07
1.30895e-06
1.79668e-06
2.83677e-06
3.59907e-06
1.69988e-06
2.45168e-06
1.97636e-06
1.08941e-06
0
3.759e-06
1.55782e-05
1.42002e-05
9.45074e-06
6.35223e-06
5.08475e-06
0
0
0
0
0
0
0
0
0
0
0
7.39988e-07
9.60736e-07
1.60821e-07
0
0
0
0
0
0
0
0
0
0
0
0
0
2.62761e-06
3.95375e-06
3.8269e-07
0
0
8.70568e-07
2.19107e-06
1.76495e-06
9.05112e-07
3.88269e-07
3.12114e-07
8.53996e-07
1.48839e-06
1.19909e-06
1.09181e-06
1.51774e-06
1.95249e-06
1.78509e-06
9.92599e-07
0
0
0
1.6979e-07
0
0
0
0
0
0
3.43678e-07
4.55648e-07
4.11924e-07
3.32428e-07
2.38261e-07
8.65888e-08
0
0
0
0
5.14947e-07
0
0
0
0
2.94327e-09
0
0
0
0
0
0
0
0
0
0
3.81584e-07
8.67507e-07
1.28808e-06
1.33624e-06
1.00053e-06
4.24281e-06
7.39791e-06
4.75545e-06
3.19716e-06
2.08288e-06
1.40565e-06
8.45956e-07
4.7488e-07
2.45376e-07
1.26615e-07
6.36291e-08
1.71884e-08
0
0
0
0
0
0
0
0
0
0
1.35781e-07
4.37094e-07
2.36892e-07
1.69508e-07
1.5482e-07
1.28105e-07
1.12141e-07
1.08443e-07
3.12967e-08
0
0
0
0
2.06918e-08
0
0
0
0
0
0
0
0
0
0
0
0
0
0
0
0
3.96687e-07
1.81713e-06
4.1919e-06
7.74309e-06
1.22222e-05
1.67944e-05
2.04506e-05
2.28692e-05
2.39244e-05
2.42986e-05
2.3404e-05
2.06459e-05
1.80364e-05
1.6443e-05
1.46664e-05
1.25702e-05
3.61444e-06
0
0
0
0
0
0
0
8.05794e-07
2.6254e-06
2.90679e-06
2.5211e-06
3.042e-06
3.61662e-06
1.19756e-06
4.28292e-06
6.1552e-06
3.79202e-06
1.68857e-06
2.82874e-06
1.47945e-05
1.50913e-05
1.00373e-05
6.52083e-06
4.9915e-06
0
0
0
0
0
0
0
0
0
0
1.30407e-07
1.86239e-06
2.49373e-06
1.78787e-06
8.55778e-08
0
0
0
0
0
0
0
0
0
0
0
0
2.36211e-06
4.65873e-06
2.69166e-06
0
0
1.61817e-06
1.74103e-06
9.65105e-07
3.5053e-07
5.45417e-08
8.8371e-09
6.34841e-08
1.8542e-07
1.16134e-07
7.15109e-08
4.03177e-07
8.41252e-07
1.02754e-06
7.71905e-07
1.28241e-07
0
0
0
1.05517e-07
4.21952e-08
0
0
0
0
0
1.86184e-07
4.90309e-07
6.30554e-07
6.74491e-07
7.22838e-07
8.18499e-07
1.09158e-06
1.76831e-06
3.11336e-06
4.30359e-06
2.7938e-06
0
0
0
0
0
0
0
0
5.36278e-07
2.72795e-07
0
0
0
0
0
0
0
2.81822e-06
2.10775e-06
1.62278e-06
2.59172e-06
2.70632e-06
2.44801e-06
1.95302e-06
1.5382e-06
1.05416e-06
6.36972e-07
3.45839e-07
1.73036e-07
8.96547e-08
4.76551e-08
1.9838e-08
0
2.1828e-09
1.06978e-07
1.21768e-07
0
0
0
0
0
0
4.92828e-07
3.00719e-07
1.50916e-07
1.34067e-07
1.18902e-07
9.36547e-08
7.74203e-08
3.45628e-08
0
0
0
0
0
0
0
0
0
0
0
0
0
0
0
0
0
0
0
0
0
1.59562e-07
1.75647e-06
4.32923e-06
8.00318e-06
1.27655e-05
1.77272e-05
2.22047e-05
2.48508e-05
2.59651e-05
2.63146e-05
2.54453e-05
2.35268e-05
2.14801e-05
1.9187e-05
1.83622e-05
6.66287e-06
0
0
0
0
0
0
0
0
2.60831e-06
5.14527e-06
4.3754e-06
2.73038e-06
2.81192e-06
2.68725e-06
0
6.1357e-06
1.00517e-05
6.30327e-06
3.03533e-06
2.30827e-06
1.34376e-05
1.56435e-05
1.0632e-05
6.79629e-06
4.84341e-06
0
0
0
0
0
0
2.47952e-07
2.06814e-07
0
0
3.66404e-07
2.12888e-06
3.06908e-06
2.90697e-06
1.70507e-06
7.41356e-08
0
0
0
0
0
0
0
0
0
0
1.03743e-06
3.70489e-06
5.02943e-06
3.90224e-06
7.82249e-08
9.52834e-07
2.20482e-06
1.33878e-06
4.65853e-07
0
0
0
0
0
0
0
0
0
1.70342e-07
2.50946e-07
2.86729e-08
0
0
0
0
2.2318e-08
5.29582e-08
0
0
0
0
0
0
1.18146e-07
3.87776e-07
6.65596e-07
1.02846e-06
1.65094e-06
2.74549e-06
4.5899e-06
7.25773e-06
8.94394e-06
6.19218e-06
0
0
0
0
0
0
0
0
1.47648e-06
6.65994e-07
0
0
0
0
0
0
0
0
4.71465e-07
1.14896e-06
1.4044e-06
1.69811e-06
1.82546e-06
1.57755e-06
1.11582e-06
7.18402e-07
4.16556e-07
2.14211e-07
1.12725e-07
7.65558e-08
6.64469e-08
6.08878e-08
6.458e-08
1.19881e-07
2.29793e-07
1.8314e-07
0
0
0
0
0
3.79857e-07
3.65828e-07
1.42949e-07
8.76468e-08
9.54964e-08
7.77398e-08
5.26283e-08
2.36664e-08
0
0
0
0
0
0
0
0
0
0
0
0
0
0
0
0
0
0
0
0
0
0
1.43895e-06
4.11572e-06
7.78317e-06
1.25052e-05
1.76041e-05
2.24236e-05
2.55779e-05
2.76775e-05
2.92216e-05
2.99848e-05
2.99857e-05
2.7307e-05
2.34341e-05
7.51686e-06
0
0
0
0
0
0
0
0
1.13303e-06
4.16846e-06
5.92798e-06
3.7267e-06
1.31795e-06
2.14733e-06
2.19251e-07
0
7.3403e-06
1.30719e-05
8.19954e-06
3.8013e-06
1.81904e-06
1.17809e-05
1.57968e-05
1.08837e-05
6.82632e-06
4.63142e-06
0
0
0
0
0
0
0
2.82991e-07
0
0
2.11516e-07
1.58182e-06
2.5491e-06
2.69153e-06
2.15605e-06
1.08402e-06
0
0
0
0
0
0
0
0
0
1.58621e-06
3.18916e-06
4.12119e-06
5.21302e-06
5.60431e-06
3.49805e-06
3.83399e-06
2.22323e-06
1.04417e-06
4.27604e-07
1.96718e-08
0
0
0
0
0
0
0
0
0
0
0
0
0
0
0
0
0
7.15896e-09
0
0
0
0
0
0
0
9.99671e-08
5.88912e-07
1.40357e-06
2.69489e-06
4.75545e-06
8.14485e-06
1.25577e-05
5.38339e-06
0
0
0
0
0
0
0
0
0
4.65372e-06
1.06595e-06
0
0
0
0
0
0
0
9.37484e-07
1.31041e-06
1.56738e-06
1.7391e-06
1.72638e-06
1.3966e-06
9.48778e-07
6.38024e-07
4.09777e-07
2.40384e-07
1.37332e-07
9.67089e-08
9.31005e-08
9.49503e-08
9.58993e-08
1.19939e-07
1.90429e-07
2.8163e-07
1.92512e-07
0
0
0
0
1.94132e-07
3.90675e-07
1.61927e-07
4.13659e-08
4.87867e-08
5.69878e-08
3.43726e-08
6.37411e-09
0
0
0
0
0
0
0
0
6.03227e-08
0
0
0
0
0
0
0
0
0
0
0
0
0
6.52732e-07
3.34105e-06
7.00521e-06
1.15739e-05
1.6799e-05
2.1968e-05
2.63793e-05
3.03436e-05
3.37731e-05
3.68828e-05
3.34466e-05
1.62487e-05
3.34053e-06
2.07191e-06
1.99523e-06
7.13752e-07
1.46636e-06
0
0
0
0
1.0227e-06
4.58042e-07
0
0
0
0
2.38915e-06
0
0
7.64043e-06
1.4671e-05
9.02756e-06
3.75192e-06
1.01884e-06
9.92135e-06
1.54274e-05
1.07953e-05
6.68185e-06
4.35721e-06
4.77369e-07
0
0
0
0
0
0
0
0
0
0
4.87003e-07
1.31049e-06
1.6145e-06
1.41654e-06
8.87422e-07
2.10259e-07
0
0
0
0
0
0
0
3.92313e-06
4.78495e-06
4.42287e-06
4.67168e-06
5.30319e-06
3.85947e-06
2.71173e-06
3.15813e-06
1.67473e-06
8.16127e-07
3.82564e-07
1.54375e-07
6.11087e-08
2.9837e-08
0
0
0
0
0
0
0
0
0
0
0
0
0
0
0
0
0
0
0
0
0
0
0
0
4.26306e-07
1.28685e-06
2.63807e-06
4.82967e-06
8.75029e-06
1.47768e-05
0
0
0
0
0
0
0
0
0
0
3.38904e-06
1.17531e-06
0
0
0
0
0
0
7.76958e-07
9.71628e-07
1.08317e-06
1.35899e-06
1.44052e-06
1.32342e-06
1.04063e-06
6.8051e-07
4.58188e-07
3.22525e-07
2.28726e-07
1.60344e-07
1.23702e-07
1.15872e-07
1.15514e-07
1.09313e-07
1.12714e-07
1.48009e-07
2.12335e-07
2.82922e-07
1.76771e-07
0
0
0
7.18976e-08
3.70051e-07
1.96607e-07
2.017e-08
0
1.97285e-08
1.75375e-08
0
0
0
0
0
0
0
0
0
8.38088e-08
1.43329e-08
0
0
0
0
0
0
0
0
0
0
0
0
0
1.64012e-06
4.89174e-06
8.91717e-06
1.37237e-05
1.86079e-05
2.3183e-05
2.66132e-05
2.67238e-05
1.82635e-05
5.0687e-06
2.4484e-06
3.67177e-06
3.01021e-06
1.34871e-06
2.73549e-06
2.09088e-06
0
0
0
1.50474e-06
0
0
0
0
0
0
1.84963e-06
0
0
7.55896e-06
1.41839e-05
8.3212e-06
2.64532e-06
0
7.88528e-06
1.46033e-05
1.03895e-05
6.34249e-06
4.03032e-06
5.2246e-06
3.90574e-06
9.76833e-08
0
0
0
0
0
0
0
0
0
0
1.83536e-07
1.902e-07
2.87077e-09
0
0
0
0
0
4.854e-07
1.35804e-06
2.78167e-06
5.22436e-06
5.90042e-06
5.46233e-06
4.32812e-06
3.3879e-06
2.35687e-06
2.4307e-06
2.48774e-06
1.21945e-06
6.6056e-07
3.29821e-07
1.71335e-07
1.48855e-07
1.65582e-07
1.37852e-07
8.12665e-08
4.70446e-08
2.09378e-08
0
0
0
0
0
0
0
0
0
0
0
0
0
0
0
0
0
0
0
5.92033e-08
5.88686e-07
1.49849e-06
2.94578e-06
5.41919e-06
1.0231e-05
1.41368e-05
0
0
0
0
0
0
0
0
0
0
6.13703e-07
3.72129e-07
0
0
0
0
0
1.05483e-06
8.24658e-07
7.37128e-07
7.32867e-07
8.25146e-07
8.38998e-07
7.92011e-07
7.06781e-07
5.01156e-07
3.4269e-07
2.50852e-07
2.03788e-07
1.73363e-07
1.51951e-07
1.44097e-07
1.42083e-07
1.30459e-07
1.16144e-07
1.20595e-07
1.50169e-07
2.07631e-07
2.67823e-07
1.61405e-07
0
0
3.64993e-08
3.18417e-07
2.24331e-07
2.79616e-08
0
0
0
0
0
0
0
0
0
0
0
0
1.93687e-08
0
0
0
0
0
0
0
0
0
0
0
0
0
0
0
1.74515e-06
4.60691e-06
7.75786e-06
1.05424e-05
1.21333e-05
1.10197e-05
6.53515e-06
2.01492e-06
1.8448e-06
3.84422e-06
3.41109e-06
1.02738e-06
1.57689e-07
5.75161e-07
4.33701e-07
0
0
0
0
0
0
0
0
0
0
0
0
0
6.70896e-06
1.07899e-05
5.62573e-06
2.52399e-07
0
5.65194e-06
1.33403e-05
9.62991e-06
5.78568e-06
3.60985e-06
1.20822e-06
8.78766e-08
0
0
0
0
0
0
0
0
0
0
0
0
0
0
0
0
0
0
0
3.4211e-07
1.63644e-06
2.3462e-06
2.79578e-06
2.53075e-06
2.27039e-06
2.20913e-06
1.75579e-06
1.64027e-06
2.46992e-06
1.56313e-06
7.50192e-07
3.8476e-07
2.18444e-07
1.54914e-07
1.71782e-07
2.14731e-07
2.06781e-07
1.53728e-07
9.81482e-08
5.8642e-08
6.98675e-10
0
0
0
0
0
0
0
0
0
0
0
0
0
0
0
0
0
0
3.38247e-07
9.66455e-07
2.03665e-06
3.76561e-06
6.93748e-06
1.34466e-05
0
0
0
0
0
0
0
5.58806e-07
9.71139e-08
0
0
4.87846e-08
0
0
0
0
0
0
4.47445e-07
6.18956e-07
5.31876e-07
5.02256e-07
5.14841e-07
5.19482e-07
5.33371e-07
5.15576e-07
4.01572e-07
2.79245e-07
2.15166e-07
1.94529e-07
1.85707e-07
1.7349e-07
1.6492e-07
1.62632e-07
1.52929e-07
1.32322e-07
1.13524e-07
1.15076e-07
1.43521e-07
2.03987e-07
2.57524e-07
1.68187e-07
2.61699e-08
5.69307e-08
2.56877e-07
2.33254e-07
5.19428e-08
0
0
0
0
0
0
0
0
0
0
0
0
0
0
0
0
0
0
0
0
0
0
0
0
0
0
0
0
0
4.64083e-07
2.01828e-06
3.03407e-06
3.06621e-06
2.16537e-06
1.22616e-06
1.39694e-06
3.09958e-06
3.42676e-06
1.00696e-06
0
2.66859e-07
0
0
0
0
0
0
0
0
0
0
0
0
0
0
0
2.08364e-06
3.67567e-06
6.45913e-07
0
0
3.22155e-06
1.17162e-05
8.54074e-06
5.02838e-06
3.09113e-06
2.51211e-07
1.79353e-08
0
0
0
0
0
0
0
0
0
0
0
0
0
0
0
0
0
0
0
0
0
0
0
8.76067e-08
8.27668e-07
9.82488e-07
1.07346e-06
1.79723e-06
1.67946e-06
8.89423e-07
4.46567e-07
2.62252e-07
1.93196e-07
1.80692e-07
1.72436e-07
1.59644e-07
1.34634e-07
9.99708e-08
7.35955e-08
4.57964e-08
1.3127e-08
0
0
0
0
0
0
0
0
0
0
0
0
0
0
0
0
0
1.01147e-07
5.74247e-07
1.40067e-06
2.7942e-06
5.08171e-06
9.551e-06
1.49456e-05
0
0
0
0
0
0
1.0025e-06
1.12396e-06
2.34972e-07
0
0
2.30675e-07
0
0
0
0
0
0
1.7604e-07
3.96221e-07
3.63427e-07
3.42085e-07
3.24932e-07
3.63033e-07
4.06712e-07
4.06596e-07
3.42808e-07
2.43535e-07
1.90373e-07
1.86273e-07
1.93316e-07
1.88337e-07
1.76326e-07
1.69431e-07
1.61402e-07
1.43542e-07
1.16454e-07
9.69151e-08
1.05824e-07
1.47247e-07
2.18353e-07
2.3151e-07
1.50903e-07
8.563e-08
1.77917e-07
2.15231e-07
7.64754e-08
0
0
0
0
0
0
0
0
0
0
0
0
0
0
0
0
0
0
0
0
0
0
0
0
0
0
0
0
0
0
0
0
4.66979e-08
4.45704e-07
9.35763e-07
2.00335e-06
2.92235e-06
1.19547e-06
0
0
0
0
0
0
0
0
0
0
0
0
0
1.62705e-06
0
0
0
2.25695e-06
0
0
0
0
0
6.75297e-07
9.71431e-06
7.06671e-06
4.04434e-06
2.45466e-06
1.9657e-07
5.33054e-08
1.69134e-08
0
0
0
0
0
0
0
0
0
0
0
0
0
0
0
0
0
0
0
0
0
0
0
1.92024e-07
5.06133e-07
1.15444e-06
1.43508e-06
8.09322e-07
4.34031e-07
2.7683e-07
2.42547e-07
2.53205e-07
2.30339e-07
1.77629e-07
1.161e-07
5.74279e-08
1.11217e-08
5.47968e-10
0
0
0
0
0
0
0
0
0
0
0
0
0
0
0
0
0
0
0
2.77617e-08
5.73214e-07
1.54716e-06
3.22954e-06
6.08039e-06
1.11389e-05
4.56259e-06
0
0
0
0
0
2.9217e-07
1.74644e-06
1.28878e-06
2.31672e-07
0
9.27468e-08
3.44427e-07
1.05413e-07
0
0
0
0
0
3.18801e-07
3.44118e-07
2.53769e-07
2.28075e-07
2.21562e-07
2.72354e-07
3.19392e-07
3.25015e-07
2.94134e-07
2.19042e-07
1.72969e-07
1.70168e-07
1.83928e-07
1.88439e-07
1.77088e-07
1.63338e-07
1.54422e-07
1.4166e-07
1.17647e-07
8.76399e-08
8.07046e-08
1.06472e-07
1.67759e-07
2.04408e-07
1.69167e-07
9.24261e-08
9.4322e-08
1.54813e-07
8.46665e-08
0
0
0
0
0
0
0
0
0
0
0
0
0
0
0
0
0
0
0
0
0
0
0
0
0
0
0
0
0
0
0
0
0
1.21456e-07
8.07007e-07
1.80335e-06
1.29109e-06
0
0
1.50822e-06
0
0
0
0
0
0
0
0
0
0
3.96756e-06
0
0
0
6.68314e-07
0
0
0
0
0
0
0
7.13399e-06
5.12394e-06
2.81552e-06
1.6829e-06
2.30613e-08
3.25983e-08
7.55056e-09
4.48167e-10
3.58486e-09
1.20164e-08
4.32374e-09
0
0
0
0
4.84433e-08
3.97423e-09
0
0
0
0
0
0
0
0
0
0
0
0
0
1.4795e-07
6.85249e-07
1.01167e-06
6.09933e-07
3.51957e-07
2.45849e-07
2.39251e-07
2.85831e-07
2.80889e-07
2.36916e-07
1.83945e-07
1.32023e-07
7.30122e-08
1.81675e-08
0
0
0
0
0
0
0
0
0
0
0
0
0
0
0
0
0
0
0
0
0
4.51909e-07
1.39856e-06
3.05606e-06
5.98566e-06
9.71986e-06
0
0
0
0
0
0
1.27939e-06
2.17021e-06
1.25683e-06
1.05343e-07
0
0
3.96663e-07
4.12393e-07
0
0
0
0
0
1.61181e-07
2.0872e-07
1.70202e-07
1.54967e-07
1.72443e-07
2.14184e-07
2.53468e-07
2.63914e-07
2.50404e-07
2.01976e-07
1.66096e-07
1.64125e-07
1.76295e-07
1.83118e-07
1.74193e-07
1.56266e-07
1.45758e-07
1.38058e-07
1.22292e-07
9.11226e-08
6.9307e-08
7.9731e-08
1.25061e-07
1.66563e-07
1.53327e-07
8.85303e-08
4.58301e-08
7.17972e-08
6.5362e-08
0
0
0
0
0
0
0
0
0
0
0
0
0
0
0
0
0
0
0
0
0
0
0
0
0
0
0
0
0
0
0
0
0
0
3.4289e-07
8.41284e-07
0
0
2.30969e-07
2.08915e-06
0
0
0
0
0
0
0
0
0
1.49834e-06
2.49506e-06
0
0
0
2.21755e-05
0
0
0
0
0
0
0
4.2716e-06
3.13061e-06
1.57573e-06
8.95737e-07
8.99057e-09
0
0
0
0
0
0
0
0
0
1.63047e-08
4.35563e-08
2.74393e-08
0
0
0
0
0
0
0
0
0
0
0
0
3.66612e-08
4.21537e-07
5.37251e-07
3.78422e-07
2.47966e-07
1.96745e-07
2.01307e-07
2.67027e-07
2.83273e-07
2.48732e-07
1.8431e-07
1.32065e-07
1.04568e-07
7.674e-08
3.94373e-08
7.25963e-09
0
0
0
0
0
0
0
0
0
0
0
0
0
0
0
0
0
0
0
0
3.06468e-07
1.13733e-06
2.61716e-06
5.28855e-06
9.05025e-06
0
0
0
0
0
0
2.10273e-06
2.36113e-06
1.07691e-06
0
0
0
5.6235e-07
9.96103e-07
3.43929e-07
0
0
0
0
8.13942e-08
1.27501e-07
1.21323e-07
1.25241e-07
1.45669e-07
1.68675e-07
1.94193e-07
2.03887e-07
1.99725e-07
1.74528e-07
1.52264e-07
1.51218e-07
1.60757e-07
1.65966e-07
1.56719e-07
1.36109e-07
1.24842e-07
1.23953e-07
1.21506e-07
9.97706e-08
6.86637e-08
6.21783e-08
8.71897e-08
1.22183e-07
1.19678e-07
7.22081e-08
2.1258e-08
1.43728e-08
2.94241e-08
0
0
0
0
0
0
0
0
0
0
0
0
0
0
0
0
0
0
0
0
0
0
0
0
0
0
0
0
0
0
0
0
0
0
0
0
0
0
2.65546e-06
1.42449e-06
0
0
0
0
0
0
0
0
0
6.66341e-06
0
0
0
9.29065e-06
2.25308e-05
0
0
0
0
0
0
0
1.42492e-06
8.39476e-07
1.04709e-07
0
2.57804e-09
0
0
0
0
0
0
0
0
0
7.41061e-09
1.16088e-08
3.42987e-09
0
0
0
0
0
0
0
0
0
0
0
4.44382e-08
1.82419e-07
1.79732e-07
1.53674e-07
1.35037e-07
1.34387e-07
1.58379e-07
2.19469e-07
2.43062e-07
2.23357e-07
1.75734e-07
1.22243e-07
8.53501e-08
6.69932e-08
5.49046e-08
3.83667e-08
1.6422e-08
0
0
0
0
0
0
0
0
0
0
0
0
0
0
0
0
0
0
0
0
7.54742e-08
7.84407e-07
2.05247e-06
4.22978e-06
8.11928e-06
0
0
0
0
0
7.64854e-07
2.64155e-06
2.33472e-06
7.16603e-07
0
0
0
8.97289e-07
1.85836e-06
8.80562e-07
0
0
0
0
3.62916e-08
1.01745e-07
1.15658e-07
1.26294e-07
1.38701e-07
1.45505e-07
1.56353e-07
1.62682e-07
1.63657e-07
1.53339e-07
1.40502e-07
1.40107e-07
1.48084e-07
1.5152e-07
1.40466e-07
1.15272e-07
1.02539e-07
1.05908e-07
1.1747e-07
1.11695e-07
8.06456e-08
5.95697e-08
6.60595e-08
8.94539e-08
9.05934e-08
5.44191e-08
9.29638e-09
0
0
0
0
0
0
0
0
0
0
0
0
0
0
0
0
0
0
0
0
0
0
0
0
0
0
0
0
0
0
0
0
0
0
0
0
0
0
0
1.61334e-06
3.35854e-06
4.39799e-07
0
0
0
0
0
0
0
0
4.83011e-06
3.67051e-06
0
0
3.28815e-06
1.66805e-05
0
0
0
0
0
0
0
0
0
0
0
0
0
0
0
0
0
0
0
0
0
2.0679e-09
3.10081e-09
0
0
0
0
0
0
0
0
0
0
0
0
1.88406e-08
3.31935e-08
4.24983e-08
5.49829e-08
7.00611e-08
9.36982e-08
1.25234e-07
1.71419e-07
1.88001e-07
1.77989e-07
1.53268e-07
1.1542e-07
8.22888e-08
5.78808e-08
4.2881e-08
3.27433e-08
2.16105e-08
7.20644e-09
0
0
0
0
0
0
0
0
0
0
0
0
0
0
0
0
0
0
0
0
0
2.24869e-07
1.26473e-06
2.82556e-06
5.11238e-06
0
0
0
0
0
1.60243e-06
2.87799e-06
2.12448e-06
1.93305e-07
0
0
0
1.28139e-06
3.11044e-06
1.56117e-06
0
0
0
0
1.48776e-08
9.16493e-08
1.19084e-07
1.3155e-07
1.3717e-07
1.34767e-07
1.35706e-07
1.37795e-07
1.40436e-07
1.38863e-07
1.31559e-07
1.31521e-07
1.37624e-07
1.40756e-07
1.28295e-07
9.78003e-08
8.14985e-08
8.54976e-08
1.0624e-07
1.1795e-07
9.61016e-08
6.71467e-08
5.87393e-08
6.84977e-08
6.89585e-08
3.89727e-08
7.3978e-10
0
0
0
0
0
0
0
0
0
0
0
0
0
0
0
0
0
0
0
0
0
0
0
0
0
0
0
0
0
0
0
0
0
0
0
0
0
0
1.85577e-07
3.73293e-06
2.52323e-06
0
0
0
5.45067e-07
0
0
0
0
0
1.19132e-05
1.87408e-06
0
2.15745e-06
8.16892e-06
1.23823e-06
0
0
0
0
0
0
0
0
0
0
0
0
0
0
0
0
0
1.42134e-09
0
0
0
0
0
0
0
0
0
0
0
0
0
0
0
0
2.11472e-09
1.37714e-08
2.07587e-08
3.01777e-08
4.72698e-08
6.75955e-08
8.30954e-08
1.09582e-07
1.24333e-07
1.26743e-07
1.22682e-07
1.05702e-07
8.25833e-08
6.56293e-08
4.90754e-08
3.28389e-08
1.81469e-08
4.63609e-09
0
0
0
0
0
0
0
0
0
0
0
0
0
0
0
0
0
0
0
0
0
0
0
1.27188e-07
1.32149e-06
3.26865e-06
3.17676e-06
0
0
0
0
2.10189e-06
2.90484e-06
1.77377e-06
0
0
0
0
1.50532e-06
5.17129e-06
2.51769e-06
1.01647e-07
0
0
0
3.02406e-08
8.48583e-08
1.10283e-07
1.24903e-07
1.30595e-07
1.26404e-07
1.23583e-07
1.24077e-07
1.28298e-07
1.307e-07
1.23227e-07
1.21075e-07
1.26014e-07
1.30807e-07
1.20888e-07
8.57973e-08
6.37884e-08
6.52677e-08
8.80247e-08
1.14934e-07
1.07118e-07
7.75367e-08
5.89625e-08
5.63007e-08
5.35822e-08
2.84615e-08
0
0
0
0
0
0
0
0
0
0
0
0
0
0
0
0
0
0
0
0
0
0
0
0
0
0
0
0
0
0
0
0
0
0
0
0
0
0
0
3.05045e-06
3.96338e-06
1.26408e-06
0
0
1.09662e-06
2.67236e-06
3.03974e-07
0
0
0
9.21612e-06
1.50676e-07
7.23253e-07
3.10189e-06
4.80132e-06
1.05133e-06
0
0
0
0
0
0
0
0
0
0
0
0
0
0
0
0
1.20666e-08
1.02271e-08
0
0
0
0
0
0
0
0
0
0
0
0
0
0
0
0
0
7.4548e-09
1.84728e-08
3.07575e-08
4.05383e-08
4.45646e-08
4.78927e-08
6.29185e-08
8.13242e-08
9.53061e-08
1.00499e-07
9.39565e-08
8.00149e-08
6.48916e-08
5.47332e-08
4.51228e-08
3.35702e-08
2.03421e-08
6.55873e-09
0
0
0
0
0
0
0
0
0
0
0
0
0
0
0
0
0
0
0
0
0
0
0
0
0
6.15363e-07
3.18086e-06
0
0
0
1.0989e-07
2.22927e-06
2.64344e-06
1.16862e-06
0
0
0
0
9.73362e-07
8.71821e-06
3.57107e-06
2.98265e-07
0
0
4.40425e-09
6.87184e-08
8.82862e-08
9.48781e-08
1.06315e-07
1.15434e-07
1.14543e-07
1.13151e-07
1.14582e-07
1.20533e-07
1.23847e-07
1.13123e-07
1.05985e-07
1.10091e-07
1.17463e-07
1.15542e-07
8.20595e-08
5.09799e-08
4.62331e-08
6.37039e-08
9.86197e-08
1.07902e-07
8.41685e-08
6.02866e-08
4.85503e-08
4.19873e-08
2.20858e-08
0
0
0
0
0
0
0
0
0
0
0
0
0
0
0
0
0
0
0
0
0
0
0
0
0
0
0
0
0
0
0
0
0
0
0
0
0
0
2.21266e-06
4.13215e-06
2.6393e-06
6.15562e-07
5.51313e-07
1.11446e-06
3.67168e-06
4.2571e-06
1.78929e-06
0
0
0
0
0
1.22527e-08
4.09218e-06
8.95611e-07
0
0
0
0
0
0
0
0
0
0
0
0
0
0
0
0
0
0
0
0
0
0
0
0
0
0
0
0
0
0
0
0
0
0
0
4.7673e-09
1.44816e-08
2.35705e-08
2.98023e-08
3.30287e-08
3.67476e-08
4.61896e-08
6.1409e-08
7.35429e-08
7.87623e-08
7.57621e-08
6.86851e-08
6.04613e-08
5.0145e-08
4.22117e-08
3.58184e-08
2.93955e-08
2.20142e-08
1.32896e-08
2.78464e-09
0
0
0
0
0
0
0
0
0
0
0
0
0
0
0
0
0
0
0
0
0
0
0
0
0
0
1.04625e-07
0
0
0
1.86605e-06
2.02906e-06
2.38246e-07
0
0
0
0
0
1.22701e-05
3.58194e-06
3.27667e-07
0
0
5.02084e-08
9.38163e-08
9.52964e-08
8.78449e-08
9.03938e-08
9.80538e-08
9.99711e-08
1.00751e-07
1.03355e-07
1.11229e-07
1.15531e-07
1.02456e-07
9.10008e-08
9.27527e-08
1.01949e-07
1.09052e-07
8.63229e-08
4.69457e-08
3.16182e-08
3.94052e-08
6.97029e-08
9.39181e-08
8.17264e-08
5.74611e-08
4.04971e-08
3.07025e-08
1.69423e-08
0
0
0
0
0
0
0
0
0
0
0
0
0
0
0
0
0
0
0
0
0
0
0
0
0
0
0
0
0
0
0
0
0
0
0
0
3.29511e-07
1.65619e-06
3.47798e-06
3.05328e-06
1.19964e-06
7.95828e-07
1.44674e-06
3.2798e-06
5.55079e-06
5.46546e-06
3.34146e-06
2.14672e-06
2.27362e-06
0
0
0
1.79782e-06
3.50132e-06
0
0
0
0
0
0
0
0
0
0
0
0
0
0
0
0
0
0
0
0
0
0
0
0
0
0
0
0
0
0
0
0
0
0
0
5.42444e-09
1.08077e-08
1.42808e-08
1.60853e-08
1.75089e-08
2.01511e-08
2.49258e-08
3.29578e-08
4.12185e-08
4.96609e-08
5.88456e-08
6.65155e-08
6.90977e-08
6.41648e-08
5.17163e-08
3.91051e-08
2.85922e-08
1.96591e-08
1.17701e-08
4.90211e-09
0
0
0
0
0
0
0
0
0
0
0
0
0
0
0
0
0
0
0
0
0
0
0
0
0
0
0
0
2.24405e-06
1.39107e-08
0
1.0177e-06
1.00412e-06
0
0
0
0
0
0
2.15854e-06
1.72883e-06
2.52849e-07
0
1.75428e-08
7.16312e-08
9.63151e-08
9.23726e-08
8.2785e-08
8.1497e-08
8.58595e-08
8.75549e-08
8.75402e-08
8.98838e-08
9.80203e-08
1.03483e-07
9.0587e-08
7.64027e-08
7.49667e-08
8.39828e-08
9.77141e-08
9.08824e-08
5.33886e-08
2.58536e-08
2.17481e-08
3.81388e-08
6.50417e-08
6.80172e-08
4.88827e-08
2.93603e-08
1.73369e-08
1.00362e-08
0
0
0
0
0
0
0
0
0
0
0
0
0
0
0
0
0
0
0
0
0
0
0
0
0
0
0
0
0
0
0
0
0
0
3.02687e-07
8.68361e-07
1.00302e-06
1.76424e-06
2.01878e-06
1.28079e-06
9.56447e-07
1.2692e-06
2.74322e-06
5.42325e-06
6.92381e-06
6.40713e-06
4.84671e-06
4.45958e-06
0
0
0
0
5.05715e-06
3.00367e-06
0
0
0
0
0
0
0
0
0
0
0
0
0
0
0
0
0
1.08191e-07
7.988e-08
0
0
0
0
0
0
0
0
0
0
0
0
1.8531e-09
6.89943e-09
1.18005e-08
1.54131e-08
1.75666e-08
1.88639e-08
1.97823e-08
2.07078e-08
2.25109e-08
2.57378e-08
3.02451e-08
3.55685e-08
4.33995e-08
5.4946e-08
6.54479e-08
6.91808e-08
6.50028e-08
5.25855e-08
3.75248e-08
2.42954e-08
1.45164e-08
7.82305e-09
2.5062e-09
0
0
0
0
0
0
0
0
0
0
0
0
0
0
0
0
0
0
0
0
0
0
0
0
0
0
0
0
0
1.06491e-07
2.29117e-07
5.4137e-07
9.7797e-08
0
0
0
0
0
0
0
0
0
2.15313e-07
1.28058e-07
9.92193e-08
9.68444e-08
9.16979e-08
8.03334e-08
7.23331e-08
7.25303e-08
7.65217e-08
7.76475e-08
7.67603e-08
7.74378e-08
8.35014e-08
8.97873e-08
7.95501e-08
6.54339e-08
6.11388e-08
6.71265e-08
8.32182e-08
8.86568e-08
6.42112e-08
3.14614e-08
1.57783e-08
1.84408e-08
3.51314e-08
4.68168e-08
3.64823e-08
1.66728e-08
2.3013e-09
0
0
0
0
0
0
0
0
0
0
0
0
0
0
0
0
0
0
0
0
0
0
0
0
0
0
0
0
0
0
0
0
0
0
0
0
0
0
2.37268e-07
8.45851e-07
8.97131e-07
1.01967e-06
1.74142e-06
4.22781e-06
7.12274e-06
7.99777e-06
7.01626e-06
5.65855e-06
2.98676e-06
0
0
0
3.21112e-06
8.3539e-06
3.27234e-06
0
0
0
0
0
0
0
0
0
0
0
0
0
0
0
0
0
9.11738e-08
7.08355e-08
0
0
0
0
0
0
1.59587e-09
1.06042e-08
1.21877e-08
1.11222e-08
1.07584e-08
1.27936e-08
1.71683e-08
2.23893e-08
2.70845e-08
3.09566e-08
3.42796e-08
3.68244e-08
3.79949e-08
3.80864e-08
3.84669e-08
3.90415e-08
3.92463e-08
4.06075e-08
4.382e-08
4.72716e-08
4.84057e-08
4.55435e-08
3.77148e-08
2.62119e-08
1.27346e-08
1.69542e-09
0
0
0
0
0
0
0
0
0
0
0
0
0
0
0
0
0
0
0
0
0
0
0
0
0
0
0
0
0
0
0
0
0
0
2.70549e-06
9.1761e-08
0
0
0
0
0
0
0
0
0
2.95719e-07
2.76672e-07
1.87674e-07
1.31131e-07
9.45286e-08
7.08288e-08
6.08137e-08
6.19184e-08
6.64503e-08
6.85486e-08
6.83137e-08
6.78203e-08
7.25484e-08
7.83426e-08
7.15687e-08
6.00108e-08
5.30417e-08
5.47825e-08
6.85175e-08
8.03192e-08
6.96e-08
4.20556e-08
1.99611e-08
1.23596e-08
1.79874e-08
2.73965e-08
2.43945e-08
5.6727e-09
0
0
0
0
0
0
0
0
0
0
0
0
0
0
0
0
0
0
0
0
0
0
0
0
0
0
0
0
0
0
0
0
0
0
0
0
0
0
0
2.84612e-07
5.83919e-07
6.84262e-07
9.73758e-07
2.24247e-06
5.65626e-06
8.44628e-06
8.75844e-06
6.77954e-06
5.57137e-06
0
0
0
9.25372e-07
7.37423e-06
1.11376e-05
4.57488e-06
0
0
0
0
0
0
0
1.86139e-05
0
0
0
0
0
0
0
0
4.81725e-08
2.60691e-08
0
0
0
0
6.74871e-10
4.29571e-08
6.16456e-08
5.71901e-08
3.84128e-08
1.56582e-08
0
0
0
0
0
0
5.69898e-09
1.68848e-08
2.34088e-08
2.46665e-08
2.31162e-08
2.12154e-08
2.00399e-08
2.06146e-08
2.38475e-08
2.91966e-08
3.46317e-08
3.75952e-08
3.54799e-08
2.64369e-08
1.22041e-08
0
0
0
0
0
0
0
0
0
0
0
0
0
0
0
0
0
0
0
0
0
0
0
0
0
0
0
0
0
0
0
0
0
0
0
4.66799e-08
2.05081e-06
1.75046e-07
0
0
0
0
0
0
0
0
0
5.16299e-07
4.37752e-07
2.7492e-07
1.68654e-07
1.0557e-07
7.02308e-08
5.56587e-08
5.46369e-08
5.8585e-08
6.11789e-08
6.1806e-08
6.217e-08
6.61038e-08
7.06818e-08
6.73346e-08
5.82982e-08
5.01991e-08
4.83697e-08
5.69529e-08
6.93973e-08
6.73059e-08
4.92559e-08
2.77774e-08
1.54106e-08
1.35838e-08
1.78731e-08
1.73135e-08
0
0
0
0
4.3959e-09
4.37047e-09
0
0
0
0
0
0
0
0
0
0
0
0
0
0
0
0
0
0
0
0
0
0
0
0
0
0
0
0
0
0
0
0
0
2.24076e-08
2.16138e-07
3.33785e-07
4.69793e-07
9.59742e-07
2.73385e-06
7.13202e-06
9.72482e-06
9.01009e-06
5.58183e-06
7.05376e-06
0
0
0
4.22681e-06
1.09574e-05
1.34255e-05
6.8651e-06
0
0
0
0
0
0
5.07705e-05
4.5529e-06
0
0
0
0
0
0
0
1.86457e-07
0
0
0
0
0
0
0
0
0
5.29854e-08
7.30946e-08
6.46246e-08
4.0017e-08
1.12768e-08
0
0
0
0
0
0
5.67188e-09
8.98935e-09
7.00135e-09
3.28316e-09
1.88074e-10
0
1.07116e-09
5.21449e-09
9.64402e-09
1.1424e-08
8.58892e-09
2.52923e-09
0
0
0
0
0
0
0
0
0
0
0
0
0
0
0
0
0
0
0
0
0
0
0
0
0
0
0
0
0
0
0
0
0
0
0
0
7.63905e-08
1.38653e-06
1.93139e-07
0
0
3.54501e-06
0
0
0
0
0
8.75544e-08
6.54996e-07
4.9147e-07
2.93823e-07
1.69434e-07
9.94984e-08
6.30178e-08
4.81862e-08
4.59084e-08
4.8215e-08
5.02331e-08
5.11209e-08
5.19622e-08
5.49324e-08
5.80933e-08
5.64486e-08
5.07835e-08
4.40655e-08
4.07331e-08
4.449e-08
5.3652e-08
5.56164e-08
4.53928e-08
2.9908e-08
1.87953e-08
1.45753e-08
1.52651e-08
1.51441e-08
0
0
0
0
5.60185e-09
1.51243e-08
9.43288e-09
0
0
0
0
0
0
0
0
0
0
0
0
0
0
0
0
0
0
0
0
0
0
0
0
0
0
0
8.75706e-08
1.33717e-07
1.00832e-07
3.25756e-08
0
3.3257e-09
9.98925e-08
1.78969e-07
3.13086e-07
9.71663e-07
3.62649e-06
8.70973e-06
1.05478e-05
8.23732e-06
5.56979e-06
9.66973e-06
0
0
0
7.62155e-06
1.39329e-05
1.52419e-05
1.00274e-05
0
0
0
0
0
2.61665e-05
1.71421e-05
0
0
0
0
0
0
0
0
0
0
0
0
0
0
0
0
0
0
0
1.29907e-09
5.0299e-08
4.96055e-08
2.46477e-08
9.69992e-10
0
0
0
4.03006e-09
4.85738e-09
2.53619e-09
0
0
0
0
0
0
0
0
0
0
0
0
0
0
0
0
0
0
0
0
0
0
0
0
0
0
0
0
0
0
0
0
0
0
0
0
0
0
0
0
0
0
0
0
0
0
0
0
1.42019e-06
5.26839e-07
0
3.08922e-07
4.23821e-06
2.16392e-06
0
0
0
0
3.71944e-07
5.59019e-07
3.87222e-07
2.21403e-07
1.19981e-07
6.61074e-08
4.08311e-08
3.18813e-08
3.10224e-08
3.27982e-08
3.44629e-08
3.53511e-08
3.58609e-08
3.75349e-08
3.94338e-08
3.87194e-08
3.54707e-08
3.09735e-08
2.83001e-08
2.98477e-08
3.60371e-08
4.00123e-08
3.50882e-08
2.54534e-08
1.82398e-08
1.47765e-08
1.4005e-08
1.36006e-08
1.03738e-09
0
0
0
1.7688e-10
1.86984e-08
1.97915e-08
5.6072e-09
0
0
0
0
0
0
0
0
0
0
0
0
0
0
0
0
0
0
0
0
0
0
0
0
0
4.4727e-08
7.93741e-08
5.28338e-08
0
0
0
0
4.67023e-08
7.85327e-08
1.6257e-07
1.41184e-06
5.16513e-06
9.87237e-06
1.05956e-05
6.86333e-06
9.21972e-06
1.32514e-05
0
0
0
1.13765e-05
1.64188e-05
1.66771e-05
1.36542e-05
5.82276e-06
0
0
0
0
1.40265e-05
0
0
0
0
0
0
0
0
0
0
0
0
0
0
0
0
0
0
0
0
0
5.50976e-08
7.52935e-08
5.52298e-08
3.29636e-08
2.24437e-08
1.97414e-08
1.62854e-08
6.3458e-09
0
0
0
0
0
0
0
0
0
0
0
0
0
0
0
0
0
0
0
0
0
0
0
0
0
0
0
0
0
0
0
0
0
0
5.87564e-09
2.30566e-08
0
0
0
0
0
4.83293e-07
5.54073e-07
4.44371e-09
0
1.18397e-06
1.26894e-06
0
0
5.6526e-07
2.99434e-06
2.0017e-06
7.4748e-07
1.34772e-06
4.38297e-06
3.41166e-06
9.59576e-07
2.14502e-07
3.87661e-08
1.86606e-07
3.45205e-07
2.75529e-07
1.55997e-07
7.55262e-08
3.4521e-08
1.64183e-08
9.47664e-09
7.73735e-09
8.45692e-09
9.97205e-09
1.13795e-08
1.23726e-08
1.29366e-08
1.39667e-08
1.51761e-08
1.4617e-08
1.22607e-08
9.68616e-09
8.77294e-09
1.0033e-08
1.43596e-08
1.96883e-08
1.99141e-08
1.63792e-08
1.38681e-08
1.24226e-08
1.11483e-08
9.52414e-09
0
0
0
0
0
1.13376e-08
2.06698e-08
1.25108e-08
0
0
0
0
0
0
0
0
0
0
0
0
0
0
0
0
0
0
0
0
0
0
0
0
0
4.23595e-09
1.76194e-08
0
0
0
0
0
2.54327e-09
0
7.46894e-08
2.62407e-06
6.65416e-06
1.01831e-05
9.74079e-06
6.29118e-06
1.49893e-05
1.94977e-05
0
0
1.73051e-07
1.48789e-05
1.74205e-05
1.73541e-05
1.68507e-05
1.20416e-05
5.111e-06
0
1.66606e-06
6.68287e-06
0
0
0
0
0
0
0
0
0
0
9.94188e-07
1.46604e-06
1.17765e-06
4.26294e-07
7.64583e-09
0
0
0
0
0
0
1.10039e-08
7.07188e-08
1.07325e-07
1.09481e-07
8.89949e-08
6.6855e-08
5.07021e-08
3.71494e-08
2.06531e-08
7.63788e-10
0
0
0
0
0
0
0
0
0
0
0
0
0
0
0
0
0
0
0
0
0
0
0
0
0
0
0
0
0
0
0
2.36325e-08
5.54056e-08
8.53916e-08
1.14848e-07
1.58363e-07
2.38041e-07
3.54509e-07
4.93994e-07
6.73055e-07
1.03956e-06
1.4938e-06
1.87128e-06
2.87225e-06
3.87536e-06
3.71497e-06
2.70315e-06
1.89423e-06
2.12998e-06
4.27312e-06
4.30521e-06
1.39709e-06
2.05478e-06
5.32312e-06
5.09696e-06
3.24252e-06
1.7511e-06
6.269e-07
0
0
0
0
0
0
0
0
0
0
0
0
0
0
0
0
0
0
0
0
0
0
0
1.49344e-09
4.17331e-09
6.96049e-09
7.91087e-09
6.21664e-09
2.40047e-09
0
0
0
0
0
0
9.74149e-09
1.02991e-08
0
0
0
0
0
0
0
0
0
0
0
0
0
0
0
0
0
0
0
0
0
0
0
0
0
0
0
0
0
0
0
0
0
0
1.56097e-06
4.38972e-06
8.01523e-06
1.03666e-05
8.82329e-06
7.94895e-06
2.18298e-05
2.81708e-05
0
0
4.68335e-06
1.80682e-05
1.64517e-05
1.67606e-05
1.83554e-05
1.59146e-05
1.16536e-05
7.80019e-06
5.28277e-06
1.02955e-07
0
0
0
0
0
0
0
0
0
0
1.58629e-06
2.08917e-06
1.96784e-06
1.40822e-06
7.66122e-07
2.31448e-07
0
0
0
0
0
9.48529e-08
3.26927e-07
4.24136e-07
3.88162e-07
3.18333e-07
2.63127e-07
2.22762e-07
1.8762e-07
1.51895e-07
1.13506e-07
7.52701e-08
3.79042e-08
2.1514e-10
0
0
0
0
0
0
0
0
0
0
0
0
0
0
0
0
0
0
0
0
0
1.58152e-08
4.38381e-08
6.94676e-08
8.39117e-08
8.02816e-08
6.51306e-08
6.26074e-08
8.2514e-08
1.22008e-07
1.57416e-07
1.80424e-07
2.03688e-07
2.39782e-07
3.02986e-07
4.11764e-07
5.88837e-07
8.92547e-07
1.3617e-06
2.1566e-06
3.11725e-06
3.88889e-06
4.41244e-06
4.803e-06
4.26717e-06
3.08508e-06
2.56211e-06
3.66818e-06
1.49732e-06
3.16339e-06
6.93552e-06
6.68564e-06
3.92144e-06
1.32009e-06
0
0
0
0
0
0
0
0
0
0
0
0
0
0
0
0
0
0
0
0
0
0
0
0
0
0
0
0
0
0
0
0
0
0
0
0
0
4.43117e-09
0
0
0
0
0
0
0
0
0
0
0
0
0
0
0
0
0
0
0
0
0
0
0
0
0
2.34285e-08
2.49498e-08
3.00324e-08
3.5876e-08
2.81702e-08
4.06923e-08
0
0
0
4.40835e-06
6.21376e-06
9.2349e-06
1.05788e-05
8.31693e-06
1.12349e-05
3.014e-05
3.52048e-05
0
0
1.13772e-05
2.12849e-05
1.22667e-05
1.39498e-05
1.70523e-05
1.57017e-05
1.21441e-05
7.04394e-06
1.21071e-06
0
0
0
0
0
0
0
0
0
0
0
2.71826e-07
6.92493e-07
9.37545e-07
9.56451e-07
7.37675e-07
2.93028e-07
0
0
0
0
0
3.12581e-07
5.4242e-07
4.47963e-07
2.71461e-07
1.4009e-07
7.59306e-08
6.27279e-08
7.45922e-08
8.82054e-08
8.88869e-08
7.018e-08
2.86072e-08
0
0
0
0
0
0
0
0
0
0
0
0
0
0
0
0
0
0
0
0
2.08244e-08
4.55109e-08
7.05195e-08
1.00562e-07
1.29443e-07
1.45571e-07
1.4527e-07
1.34261e-07
1.24967e-07
1.28041e-07
1.43261e-07
1.63007e-07
1.86038e-07
2.29503e-07
2.81244e-07
3.2853e-07
3.85352e-07
4.77805e-07
6.3175e-07
8.58722e-07
1.17063e-06
1.60955e-06
2.30279e-06
3.10625e-06
3.65301e-06
3.21467e-06
2.04471e-06
5.24419e-07
0
0
3.04463e-06
6.20842e-06
5.35392e-06
2.64995e-06
9.63221e-08
0
0
0
0
0
0
0
0
0
0
0
0
0
0
0
0
0
0
0
0
0
0
0
0
0
0
0
0
0
0
0
0
0
0
0
0
0
2.34319e-09
0
0
0
0
0
0
0
0
0
0
0
0
0
0
0
0
0
0
0
0
0
0
0
0
0
3.43124e-08
4.45513e-08
5.58258e-08
5.27716e-08
6.40995e-08
1.03815e-07
0
0
0
4.6496e-06
7.42084e-06
1.00872e-05
1.08915e-05
8.88364e-06
1.58392e-05
3.86098e-05
4.13139e-05
2.50683e-05
0
2.05601e-05
2.60793e-05
8.42962e-06
9.57074e-06
1.39245e-05
1.31356e-05
9.40669e-06
3.51653e-06
0
0
0
0
0
0
0
0
0
0
0
0
0
1.02346e-06
9.29383e-07
5.17473e-07
2.03745e-07
0
0
0
0
0
0
0
4.93026e-08
6.31228e-08
1.07421e-08
0
0
0
0
0
0
0
0
0
0
0
0
0
0
0
0
0
0
0
0
0
0
0
0
0
0
0
0
2.5446e-08
3.75722e-08
4.87039e-08
7.51197e-08
1.19504e-07
1.77449e-07
2.37414e-07
2.81591e-07
3.04281e-07
3.07036e-07
2.8951e-07
2.64694e-07
2.52222e-07
2.57985e-07
2.80711e-07
3.26478e-07
4.1488e-07
5.26383e-07
6.19893e-07
6.85676e-07
7.47503e-07
8.50679e-07
1.15292e-06
1.50487e-06
1.57276e-06
1.30754e-06
8.1416e-07
1.43868e-07
0
0
2.02983e-06
2.77976e-06
2.06404e-06
6.6383e-07
0
0
0
0
0
0
0
0
0
0
0
0
0
0
0
0
0
0
0
0
0
0
0
0
0
0
0
0
0
0
0
0
0
0
0
0
0
1.11875e-08
0
0
0
0
0
0
0
0
0
0
0
0
0
0
0
0
0
0
0
0
0
0
0
0
0
0
3.28121e-08
4.42852e-08
4.1574e-08
3.29604e-08
9.83486e-08
1.01083e-07
0
0
0
0
5.24347e-06
9.44099e-06
1.08916e-05
1.0803e-05
2.21928e-05
4.59618e-05
4.74931e-05
6.24043e-05
1.52191e-05
3.0992e-05
2.99452e-05
9.26075e-06
5.88999e-06
9.54256e-06
9.83112e-06
6.28065e-06
1.80612e-07
0
0
0
0
0
0
0
0
0
0
0
0
1.09415e-07
4.13615e-07
4.46326e-07
3.55755e-07
2.29137e-07
1.11405e-07
2.77384e-08
0
0
4.7254e-08
1.20295e-07
1.90662e-07
2.22231e-07
1.76284e-07
4.07104e-08
0
0
0
0
0
0
0
2.3587e-08
1.10167e-07
1.88221e-07
2.33133e-07
2.00884e-07
7.85748e-08
0
0
0
0
0
0
0
0
0
0
0
0
0
0
0
0
0
4.75922e-08
1.13725e-07
1.95947e-07
2.99886e-07
3.85837e-07
4.35513e-07
4.4709e-07
4.29432e-07
3.9267e-07
3.37722e-07
2.89015e-07
2.63258e-07
2.60258e-07
2.75976e-07
3.10717e-07
3.67505e-07
4.16687e-07
4.58418e-07
5.09292e-07
6.23431e-07
7.83446e-07
8.60448e-07
8.24714e-07
6.94094e-07
5.19816e-07
3.82484e-07
3.82803e-07
5.60647e-07
6.824e-07
6.78815e-07
4.40136e-07
8.45036e-08
0
0
0
0
0
0
0
0
0
0
0
0
0
0
0
0
0
0
0
0
0
0
0
0
0
0
0
0
0
0
0
0
0
0
0
0
0
0
5.95049e-09
0
0
0
0
0
0
0
0
0
0
0
0
0
0
0
0
0
0
0
0
0
0
0
0
0
2.94035e-08
3.24088e-08
7.84017e-09
2.27109e-08
1.35012e-07
5.65129e-08
0
0
0
0
0
5.90255e-06
9.76406e-06
1.43614e-05
3.03543e-05
5.15426e-05
4.77431e-05
8.69704e-05
2.32393e-05
0
2.49174e-05
1.40039e-05
8.27557e-06
6.46646e-06
6.75609e-06
3.98563e-06
0
0
0
0
0
0
0
0
0
0
0
0
0
0
0
0
0
0
0
1.15124e-07
3.2189e-07
5.52519e-07
7.65111e-07
8.38359e-07
2.03875e-07
0
0
0
0
3.5273e-07
6.50325e-07
5.25199e-07
1.92525e-07
0
0
0
0
0
0
0
0
0
0
7.29896e-08
1.60341e-07
2.01703e-07
1.92566e-07
1.55178e-07
1.09585e-07
6.31367e-08
1.56732e-08
0
0
0
0
0
0
0
0
2.88312e-08
1.01417e-07
1.67166e-07
2.18948e-07
2.5424e-07
2.72858e-07
2.76481e-07
2.68886e-07
2.56133e-07
2.43363e-07
2.33298e-07
2.26726e-07
2.21499e-07
2.18622e-07
2.1707e-07
2.1519e-07
2.17249e-07
2.27961e-07
2.60658e-07
3.13148e-07
3.61817e-07
3.85022e-07
3.64326e-07
3.09469e-07
2.57401e-07
2.43131e-07
2.47373e-07
2.28795e-07
1.77966e-07
9.05536e-08
9.08707e-09
0
0
0
0
0
0
0
0
0
0
0
0
0
0
0
0
0
0
0
0
0
0
0
0
0
0
0
1.12166e-08
2.32905e-08
5.15063e-09
0
0
0
1.06224e-08
3.00095e-08
1.43944e-08
0
0
0
0
0
0
0
0
0
0
0
0
0
0
0
0
0
0
0
0
0
0
0
0
0
0
0
0
1.54773e-08
7.79539e-09
0
1.45779e-08
2.17083e-07
2.56393e-07
0
0
0
0
0
2.65801e-07
6.39595e-06
1.61939e-05
3.31943e-05
4.12853e-05
1.72745e-05
4.6956e-06
0
0
7.94807e-07
1.47985e-05
1.26314e-05
8.60048e-06
5.70974e-06
2.45972e-06
0
0
0
0
0
0
0
0
0
0
0
0
0
0
0
0
3.30263e-07
7.70425e-07
8.94319e-07
8.26418e-07
6.97699e-07
5.39231e-07
3.40393e-07
7.55827e-08
0
0
0
2.01094e-06
2.32767e-06
1.87131e-06
1.31017e-06
7.93952e-07
3.61625e-07
5.04523e-08
0
0
0
0
0
0
0
0
0
9.34431e-09
1.28634e-07
2.44167e-07
3.29455e-07
3.92901e-07
4.40772e-07
4.46799e-07
3.86898e-07
2.62651e-07
1.08693e-07
0
0
0
0
0
0
0
0
0
3.96879e-08
7.7483e-08
1.00713e-07
1.15584e-07
1.26637e-07
1.37397e-07
1.5131e-07
1.66269e-07
1.7597e-07
1.74081e-07
1.59005e-07
1.34992e-07
1.07013e-07
7.92013e-08
5.73661e-08
4.45317e-08
4.3625e-08
5.60535e-08
7.88068e-08
9.54831e-08
9.76306e-08
9.0785e-08
8.34546e-08
7.42662e-08
5.96871e-08
3.90084e-08
1.40535e-08
0
0
0
0
0
0
0
0
0
0
0
1.10079e-09
5.28171e-09
0
0
0
0
0
4.02501e-09
4.52502e-08
5.67375e-08
3.41323e-08
1.29884e-09
0
0
7.7678e-10
3.37154e-08
9.10954e-08
1.38898e-07
1.12521e-07
5.83011e-08
4.34165e-08
7.01166e-08
1.16025e-07
1.33916e-07
8.92613e-08
4.85447e-08
2.94281e-08
0
0
0
0
0
0
0
0
0
0
0
0
0
0
0
0
0
0
0
0
0
0
0
0
0
0
0
4.93199e-09
0
0
3.52082e-08
7.68407e-07
1.96763e-06
0
0
0
0
0
0
2.96531e-06
1.85326e-05
3.09389e-05
1.75357e-05
0
0
0
0
0
1.46708e-05
1.42383e-05
1.21296e-05
8.93526e-06
3.33487e-06
0
0
0
0
0
0
0
0
0
0
0
0
0
0
0
0
0
0
7.68197e-07
1.31207e-06
1.02228e-06
5.56138e-07
2.47967e-07
1.19177e-07
1.22484e-07
2.01107e-07
2.8546e-07
3.09301e-07
2.34109e-07
6.72888e-08
0
0
0
0
0
0
0
0
0
0
0
0
0
3.64867e-08
7.03695e-08
4.17306e-08
0
0
0
0
0
6.20475e-09
0
0
0
0
0
0
0
0
0
0
0
0
4.71243e-10
3.72211e-08
4.22206e-08
3.39719e-08
2.59611e-08
2.58454e-08
3.3731e-08
4.19278e-08
3.90624e-08
1.72492e-08
0
0
0
0
0
0
0
0
2.70702e-08
7.17607e-08
9.33097e-08
8.34913e-08
4.81339e-08
1.17828e-08
0
0
0
0
0
0
1.75253e-07
0
0
0
0
5.47262e-08
1.56393e-07
1.83718e-07
1.53387e-07
9.82136e-08
4.34469e-08
4.88526e-09
1.74163e-08
9.00269e-08
1.53157e-07
1.64198e-07
1.38377e-07
1.11013e-07
1.024e-07
1.13169e-07
1.37677e-07
1.67491e-07
1.95389e-07
2.08162e-07
1.53896e-07
7.38379e-08
7.16407e-08
1.21456e-07
1.75842e-07
1.92744e-07
1.68896e-07
1.61051e-07
1.60796e-07
1.18437e-07
5.16361e-08
0
0
0
0
0
0
0
0
0
0
0
0
0
0
0
0
0
0
0
0
0
0
0
9.67728e-09
7.28892e-08
3.17244e-08
3.0135e-08
2.85872e-09
3.16838e-07
2.81547e-06
6.59332e-06
0
0
0
0
0
0
0
2.01091e-05
2.22011e-05
0
0
0
0
0
0
1.35865e-05
1.44888e-05
1.28878e-05
1.06978e-05
4.99218e-06
0
0
0
0
0
0
0
0
0
0
0
0
0
1.72503e-06
2.06644e-06
2.02087e-06
1.76062e-06
1.30048e-06
7.34155e-07
2.56956e-07
0
0
0
0
1.43132e-08
5.18323e-08
7.93932e-08
1.00068e-07
1.13605e-07
1.05409e-07
5.18911e-08
0
0
0
0
0
0
0
0
0
0
0
0
0
0
8.81756e-08
1.41786e-07
1.40262e-07
8.5019e-08
0
0
0
0
0
0
0
0
0
0
0
0
0
0
0
0
0
0
0
0
0
0
0
4.20222e-08
6.59759e-08
4.94558e-08
0
0
0
0
0
0
0
5.55505e-08
1.06799e-07
1.23249e-07
9.59621e-08
1.79278e-08
0
0
0
0
0
0
0
1.43493e-07
2.92814e-07
8.63012e-09
0
0
3.53547e-07
5.16282e-07
5.14112e-07
4.19678e-07
3.34396e-07
3.27749e-07
4.08712e-07
4.82644e-07
4.7247e-07
4.52814e-07
4.29024e-07
4.25052e-07
4.79875e-07
5.79303e-07
6.51328e-07
6.90875e-07
6.88257e-07
6.53311e-07
5.90312e-07
4.10067e-07
1.40601e-07
6.52319e-08
1.63427e-07
2.31996e-07
2.69326e-07
3.18479e-07
3.80821e-07
4.09723e-07
3.27494e-07
2.17358e-07
1.50926e-07
5.83686e-08
0
0
0
0
0
0
0
0
0
0
0
0
0
0
0
0
0
0
0
0
0
1.01675e-07
1.59352e-07
1.08801e-07
1.33908e-07
1.39769e-07
1.3486e-06
5.98985e-06
1.20484e-05
1.68252e-06
0
0
0
0
0
0
0
1.15866e-05
0
0
8.92475e-06
1.73306e-05
1.55036e-05
5.43495e-05
6.7934e-06
1.38038e-05
1.35824e-05
1.16877e-05
5.18842e-06
0
0
0
0
0
0
0
0
0
0
0
0
0
0
0
0
0
0
3.81433e-07
8.95596e-07
9.3973e-07
8.81559e-07
8.20812e-07
7.52821e-07
6.72761e-07
5.88854e-07
5.25518e-07
5.19808e-07
5.93834e-07
7.04075e-07
8.01599e-07
8.41299e-07
7.68202e-07
5.17057e-07
3.77997e-08
0
0
0
0
0
0
0
0
0
3.84348e-07
8.14849e-07
1.04703e-06
1.13434e-06
1.07835e-06
7.78589e-07
2.22812e-07
0
0
0
0
0
0
0
0
0
0
0
0
0
0
0
0
0
0
0
0
4.30983e-09
4.87567e-08
9.94685e-08
1.39988e-07
1.32199e-07
2.3617e-08
0
0
0
0
4.44741e-08
8.9388e-08
9.6535e-08
6.5369e-08
0
0
0
0
0
0
0
0
0
0
0
0
0
4.04464e-08
8.66954e-07
1.19907e-06
1.03474e-06
7.00933e-07
4.32777e-07
2.81196e-07
1.9745e-07
1.51022e-07
1.33836e-07
1.39144e-07
1.62551e-07
1.69938e-07
1.22423e-07
5.65813e-08
5.89085e-08
1.49948e-07
2.81858e-07
3.9401e-07
4.16051e-07
3.02195e-07
1.07018e-07
7.27978e-09
3.01175e-09
0
0
0
0
1.34069e-08
3.90344e-08
3.67485e-08
2.28795e-08
2.29619e-08
1.59557e-09
0
6.16877e-10
0
0
0
0
0
0
0
0
0
0
0
0
0
0
0
0
0
0
0
7.21246e-08
9.34989e-08
1.50317e-07
3.65163e-07
1.84152e-06
8.71679e-06
1.55837e-05
4.15776e-06
0
0
0
0
2.30504e-06
0
0
0
0
0
2.21981e-05
4.37863e-05
3.91242e-05
6.81882e-05
0
3.87515e-06
7.12209e-06
9.23483e-06
5.15399e-06
0
0
0
0
0
0
0
0
0
0
0
0
0
0
0
0
0
0
1.39286e-07
1.60202e-06
1.65955e-06
1.40994e-06
1.20491e-06
1.06124e-06
9.49028e-07
8.29763e-07
6.71114e-07
5.1332e-07
3.85912e-07
2.94426e-07
2.32217e-07
1.91163e-07
1.65586e-07
1.51859e-07
1.4726e-07
1.4867e-07
1.52114e-07
1.54482e-07
1.55356e-07
1.50149e-07
1.08387e-07
0
0
3.86028e-08
5.24368e-07
8.71346e-07
9.84784e-07
9.27431e-07
7.60572e-07
5.17597e-07
2.37876e-07
0
0
0
0
0
0
0
0
0
0
0
0
0
0
0
0
0
0
0
0
0
0
1.62147e-08
5.82046e-08
5.25368e-08
2.67838e-08
1.35786e-08
6.33131e-09
2.557e-09
9.15453e-10
0
0
0
0
0
0
0
0
5.71666e-09
0
0
1.53316e-07
3.2384e-07
0
0
0
0
0
0
6.15362e-07
7.03985e-07
4.47097e-07
2.48265e-07
2.18461e-07
2.49589e-07
2.19729e-07
1.25194e-07
3.58192e-08
1.80895e-09
6.73079e-09
2.30608e-09
0
0
0
9.47156e-09
2.79834e-08
3.56659e-08
2.86609e-08
1.37058e-08
0
0
0
0
0
0
0
0
0
0
0
0
1.07018e-08
1.30396e-08
0
0
0
0
0
0
0
0
0
0
0
0
0
0
0
1.40263e-08
2.58518e-08
6.42243e-09
0
2.30152e-08
6.42136e-08
1.01095e-07
1.03174e-07
1.21329e-06
1.00045e-05
1.6553e-05
5.89121e-06
0
0
0
4.57974e-06
0
0
0
0
1.67736e-05
9.75478e-06
2.78484e-05
5.24448e-05
3.21401e-05
3.60396e-05
0
0
6.01759e-07
7.80951e-07
3.4157e-07
0
0
0
0
0
0
0
0
0
0
0
0
0
0
0
0
0
0
4.76641e-07
1.27637e-06
1.88482e-06
2.09091e-06
1.84204e-06
1.28483e-06
7.19855e-07
3.35333e-07
1.48797e-07
9.01908e-08
9.00666e-08
1.11729e-07
1.42784e-07
1.77445e-07
2.0977e-07
2.28908e-07
2.23623e-07
1.92043e-07
1.44293e-07
9.5143e-08
5.524e-08
2.91301e-08
1.68724e-08
1.41398e-08
1.59088e-08
1.86846e-08
2.11207e-08
2.33398e-08
2.59381e-08
2.9391e-08
3.26151e-08
3.13836e-08
2.34805e-08
1.21631e-08
4.37853e-09
4.03043e-09
8.65682e-09
1.3314e-08
1.38275e-08
6.81097e-09
0
0
0
0
0
0
0
0
0
0
0
0
0
1.94847e-08
3.37294e-08
3.62562e-08
2.69886e-08
1.59385e-08
8.43345e-09
1.55661e-09
0
0
0
0
8.16297e-09
2.71469e-08
1.83189e-08
0
7.27748e-08
6.15619e-08
0
0
0
5.2089e-07
1.27616e-06
1.57442e-06
1.89735e-07
0
0
0
0
0
7.07334e-08
3.58782e-07
2.51675e-07
1.96833e-07
2.52781e-07
2.58651e-07
1.61342e-07
3.31392e-08
0
0
0
0
0
0
0
0
0
0
0
0
0
0
0
0
0
0
0
0
0
2.86081e-09
7.84466e-09
1.06412e-08
9.28823e-09
4.11399e-09
0
0
0
0
0
2.63503e-09
6.38372e-09
6.96375e-09
7.00757e-09
6.5499e-09
2.99941e-09
5.24068e-09
8.24989e-09
6.82674e-10
4.3711e-09
1.12321e-08
0
0
4.25925e-08
6.98497e-08
6.00445e-08
0
0
4.2102e-07
8.60192e-06
1.55197e-05
6.71569e-06
0
0
0
2.34119e-06
0
0
0
0
1.61268e-05
1.88596e-05
2.64251e-05
5.47745e-05
2.43331e-05
2.67125e-05
0
0
0
0
0
0
0
0
0
0
0
0
0
0
0
0
0
0
2.70462e-09
2.58651e-10
0
0
0
0
0
0
0
0
0
0
0
0
0
0
0
0
0
0
0
0
0
0
0
0
0
0
0
0
7.73299e-10
2.38633e-09
3.31185e-09
3.34852e-09
2.57152e-09
1.29221e-09
0
0
0
0
0
0
0
0
0
0
0
0
0
0
0
0
1.50738e-09
0
1.02751e-08
2.27024e-08
7.74898e-10
0
0
0
0
0
0
0
1.15939e-08
1.15889e-08
6.05473e-09
0
1.88671e-08
7.80333e-08
1.60132e-07
1.55762e-07
1.38488e-07
4.97548e-07
4.45662e-07
0
0
0
1.44357e-06
4.10095e-06
3.78054e-06
7.70971e-07
0
0
0
0
0
1.87835e-07
3.99439e-07
3.25577e-07
2.63107e-07
1.98941e-07
6.6274e-08
0
0
0
0
0
0
0
0
0
0
0
0
0
0
0
0
0
0
6.56733e-10
3.524e-09
7.07884e-09
1.07262e-08
1.37707e-08
1.56606e-08
1.60088e-08
1.44598e-08
1.16581e-08
9.67134e-09
1.01078e-08
1.22172e-08
1.29835e-08
1.03257e-08
5.79298e-09
2.0485e-09
0
6.27435e-10
5.71727e-09
7.694e-09
7.11072e-09
1.5029e-08
1.80873e-08
5.23437e-09
1.01307e-08
1.50006e-08
0
0
8.23879e-08
1.24667e-07
0
0
0
0
5.18957e-06
1.28594e-05
7.66878e-06
0
0
0
0
0
0
0
0
0
7.4118e-06
2.0325e-05
5.69847e-05
2.32973e-05
1.63022e-05
5.5745e-06
3.58702e-06
8.14771e-07
0
0
0
0
0
0
0
0
0
0
0
0
0
0
0
5.47145e-11
0
0
0
0
0
0
0
0
0
0
0
0
0
0
0
0
0
0
0
0
0
0
0
0
0
0
0
0
0
0
0
0
3.05008e-10
1.04074e-11
0
0
0
0
0
0
0
0
0
0
0
0
0
3.94364e-10
3.6694e-09
6.3202e-09
1.08326e-08
1.4769e-08
1.81376e-08
5.00204e-08
1.09516e-07
7.54287e-08
0
0
0
0
0
0
0
1.11731e-07
1.48911e-07
1.46298e-07
1.10371e-07
1.09568e-07
1.97022e-07
3.56608e-07
3.76094e-07
5.01705e-07
1.4024e-06
1.545e-06
1.4855e-07
0
0
1.63906e-06
6.18634e-06
3.79786e-06
5.36079e-07
0
0
0
0
0
1.62862e-07
4.36267e-07
4.24644e-07
2.93156e-07
7.37935e-08
0
0
0
0
0
0
0
0
0
0
0
0
0
0
0
2.93824e-09
7.57475e-09
1.13698e-08
1.42603e-08
1.71366e-08
2.01268e-08
2.25957e-08
2.40657e-08
2.42907e-08
2.3772e-08
2.30581e-08
2.17648e-08
1.99718e-08
1.90872e-08
2.09302e-08
2.56205e-08
2.90215e-08
2.55999e-08
1.45407e-08
0
0
0
0
3.16825e-09
1.3258e-08
2.746e-08
2.96194e-08
5.89188e-09
0
1.44574e-09
0
0
4.12099e-08
7.23081e-08
0
0
0
0
1.71726e-06
3.41125e-06
5.02607e-06
2.93524e-06
0
0
0
0
0
0
0
1.82701e-07
0
1.55977e-06
4.92097e-05
3.10697e-05
8.41707e-06
1.14596e-06
3.48628e-07
8.09707e-08
0
0
0
0
0
0
0
0
0
0
0
0
0
0
0
0
0
0
0
0
0
0
0
0
0
0
0
0
0
0
0
0
0
0
0
0
0
0
0
0
0
0
0
0
0
0
0
0
0
0
0
0
0
0
0
0
1.97317e-10
0
0
0
0
0
0
4.40088e-10
3.98389e-09
7.71713e-09
1.35805e-08
1.9315e-08
3.35195e-08
1.32643e-07
5.02851e-07
5.31678e-07
0
0
0
0
0
0
0
2.62182e-07
4.14743e-07
4.77515e-07
3.84571e-07
2.57222e-07
2.17537e-07
2.77872e-07
1.91903e-07
4.65783e-07
2.52427e-06
2.9489e-06
2.2928e-07
0
0
0
2.66735e-06
2.73528e-06
3.16461e-06
3.23489e-06
1.49434e-06
0
0
0
0
0
0
0
0
0
0
0
0
0
0
0
0
0
0
0
0
2.46733e-09
8.59214e-09
1.57329e-08
2.33388e-08
2.99921e-08
3.5086e-08
3.90151e-08
4.17314e-08
4.32414e-08
4.36237e-08
4.28209e-08
4.12659e-08
3.99189e-08
3.89463e-08
3.73596e-08
3.50071e-08
3.3228e-08
3.45861e-08
4.0528e-08
4.68276e-08
4.64492e-08
2.79292e-08
0
0
0
0
0
1.55868e-08
3.15721e-08
2.76744e-08
0
0
0
0
0
0
0
0
0
0
2.8346e-09
1.10162e-06
5.3259e-07
6.78729e-07
1.91302e-06
1.09886e-06
0
0
0
0
0
0
3.0556e-07
0
0
8.88882e-06
4.01331e-05
7.80139e-06
4.0099e-07
8.06318e-08
1.59925e-08
0
0
0
0
0
0
0
0
0
0
0
0
0
0
0
0
0
0
0
0
0
0
0
0
0
0
0
0
0
0
0
0
0
0
0
0
0
0
0
0
0
0
0
0
0
0
0
0
0
0
0
0
0
0
1.07729e-10
4.02682e-10
4.10485e-10
1.57863e-10
0
0
0
0
0
0
2.17339e-09
5.09481e-09
1.01075e-08
1.68909e-08
4.93884e-08
3.52845e-07
1.81192e-06
1.93668e-06
0
0
0
0
0
0
0
1.52716e-07
3.76487e-07
3.86873e-07
2.37717e-07
4.55805e-08
0
0
0
0
1.49184e-06
2.45873e-06
3.67014e-07
1.10257e-07
0
0
1.80219e-06
7.6496e-06
6.70236e-06
2.53053e-06
7.43068e-07
0
0
0
0
0
0
0
0
0
4.41715e-08
6.06378e-08
1.1532e-08
0
0
0
0
0
0
0
0
0
1.95116e-08
3.74506e-08
5.04149e-08
5.88239e-08
6.29464e-08
6.38022e-08
6.31752e-08
6.19145e-08
6.02321e-08
5.79354e-08
5.49488e-08
5.24126e-08
5.08024e-08
4.83951e-08
4.47465e-08
4.1114e-08
4.06918e-08
4.75373e-08
6.18011e-08
6.02412e-08
3.46659e-08
0
0
0
0
0
8.91121e-09
2.21072e-08
7.0241e-09
0
0
0
0
0
0
0
0
0
0
1.24812e-06
1.08233e-06
2.78008e-07
5.52303e-08
3.73639e-07
1.05152e-06
1.65925e-06
1.99519e-07
0
0
0
0
2.69023e-07
0
0
1.89948e-06
2.27907e-05
5.76243e-06
1.4886e-07
1.95814e-08
1.16427e-09
0
0
0
0
0
0
0
0
0
0
0
0
0
0
0
2.16995e-06
1.48894e-06
2.83936e-07
1.10907e-07
3.50419e-07
0
0
3.61339e-06
1.19425e-05
2.59784e-05
3.24314e-05
3.68629e-06
0
0
0
0
0
0
0
0
4.17639e-07
3.01776e-07
4.11248e-07
2.12508e-07
0
1.40756e-06
7.34106e-07
0
0
1.08622e-07
0
4.44047e-08
4.60643e-06
2.47455e-05
5.36131e-05
4.58391e-05
1.02774e-05
1.40702e-06
0
0
0
0
0
0
0
1.13662e-07
1.73742e-07
2.75521e-07
1.02242e-07
0
8.46672e-08
0
0
0
0
0
8.60253e-07
2.34585e-05
8.23536e-05
6.08163e-05
3.2013e-05
2.63977e-05
8.63575e-06
1.09049e-06
0
0
0
0
0
0
0
0
1.51586e-07
0
0
1.20446e-06
1.16114e-06
0
0
1.99525e-06
0
3.13011e-05
7.98789e-05
7.39012e-05
4.28607e-05
2.60097e-05
2.97869e-05
3.38638e-05
2.97354e-05
0
0
0
0
0
0
0
0
0
0
0
2.00765e-06
1.93031e-06
0
0
0
4.88292e-06
2.61486e-05
5.23403e-05
5.47878e-05
3.38592e-05
2.99106e-05
3.87617e-05
3.64653e-05
1.5819e-05
2.32505e-06
0
0
0
0
0
0
0
0
0
0
1.64274e-06
1.89656e-06
0
0
0
0
1.61688e-05
3.62361e-05
4.43961e-05
3.10566e-05
3.81496e-05
4.30418e-05
3.19832e-05
0
3.94485e-05
0
0
0
0
0
0
0
0
0
0
1.27031e-06
2.2386e-06
3.33709e-07
0
0
0
1.53967e-05
2.6572e-05
3.58705e-05
3.06128e-05
4.21284e-05
3.96047e-05
1.71087e-05
0
7.46204e-05
1.89576e-05
0
0
0
0
0
0
0
0
0
1.50793e-06
3.02776e-06
1.04907e-06
0
0
0
2.17951e-05
2.2524e-05
2.47761e-05
2.97427e-05
4.06584e-05
2.98688e-05
0
0
6.81109e-05
4.54152e-05
0
0
0
0
0
0
0
0
0
2.54985e-06
3.88313e-06
1.82654e-06
0
0
0
2.97481e-05
2.37874e-05
1.26389e-05
2.79206e-05
3.47666e-05
1.38051e-05
0
0
5.05024e-05
6.29504e-05
0
0
0
0
0
0
0
0
0
3.69153e-06
4.3618e-06
2.44607e-06
0
0
0
3.54043e-05
2.81749e-05
3.66547e-06
2.37552e-05
2.47185e-05
0
0
0
3.72034e-05
6.62968e-05
1.10093e-05
0
0
0
0
0
0
0
0
4.38728e-06
4.46022e-06
2.85558e-06
0
0
0
3.75202e-05
3.14736e-05
0
1.75601e-05
1.14213e-05
0
0
0
2.81539e-05
6.12603e-05
2.37236e-05
0
0
0
0
0
0
0
0
4.68011e-06
4.40929e-06
3.09817e-06
0
0
0
3.61185e-05
3.1023e-05
0
9.79118e-06
0
0
0
0
2.14566e-05
5.30625e-05
3.1461e-05
0
0
0
0
0
0
0
0
4.77507e-06
4.37246e-06
3.21579e-06
1.02357e-07
0
0
3.19904e-05
2.68547e-05
0
2.22345e-06
0
0
0
0
1.62973e-05
4.4392e-05
3.44015e-05
0
0
0
0
0
0
0
0
4.79484e-06
4.35528e-06
3.21995e-06
2.94558e-07
0
0
2.6113e-05
2.05592e-05
0
0
0
0
0
0
1.26514e-05
3.67516e-05
3.39859e-05
0
0
0
0
0
0
0
0
4.74962e-06
4.30405e-06
3.08592e-06
2.22796e-07
0
0
1.9486e-05
1.37739e-05
0
0
0
0
0
0
1.03214e-05
3.05067e-05
3.15003e-05
3.74652e-06
0
0
0
0
0
0
0
4.71465e-06
4.21647e-06
2.79475e-06
0
0
0
1.27631e-05
7.55915e-06
0
0
0
0
0
0
8.82938e-06
2.53424e-05
2.77525e-05
6.29187e-06
0
0
0
0
0
0
0
4.66711e-06
4.09342e-06
2.34084e-06
0
0
0
6.28717e-06
2.08615e-06
0
0
0
0
0
6.74888e-07
7.89863e-06
2.08493e-05
2.31454e-05
7.15096e-06
0
0
0
0
0
0
0
4.66258e-06
3.93673e-06
1.72911e-06
0
0
0
3.41648e-08
0
0
0
0
1.01177e-06
4.77075e-06
4.34934e-06
7.49937e-06
1.6741e-05
1.78177e-05
6.57771e-06
0
0
0
0
0
0
0
4.59305e-06
3.74122e-06
9.49032e-07
0
0
0
0
0
0
0
4.34977e-06
1.00797e-05
1.2169e-05
7.85819e-06
7.56217e-06
1.27671e-05
1.17139e-05
4.816e-06
0
0
0
0
0
0
0
4.44512e-06
3.53745e-06
3.34962e-08
0
0
0
0
0
0
0
1.0474e-05
1.83597e-05
1.91108e-05
1.13404e-05
7.88716e-06
8.48736e-06
4.58155e-06
2.09945e-06
0
0
0
0
0
0
0
4.13372e-06
3.33068e-06
0
0
0
0
0
0
0
0
1.46275e-05
2.59672e-05
2.60194e-05
1.48874e-05
8.06862e-06
3.26336e-06
0
0
3.26653e-06
0
0
0
0
0
0
3.6624e-06
3.108e-06
0
0
0
0
0
0
0
0
1.49438e-05
3.29148e-05
3.3522e-05
1.86685e-05
7.57998e-06
0
0
0
8.44688e-06
2.79395e-06
0
0
0
0
0
3.0841e-06
2.79119e-06
0
0
0
0
0
0
0
0
7.92587e-06
3.89813e-05
4.26479e-05
2.31915e-05
5.91315e-06
0
0
0
1.46525e-05
1.07508e-05
2.06968e-06
0
0
0
1.6983e-06
2.4701e-06
2.29189e-06
3.13921e-07
0
0
0
0
0
0
0
0
4.10889e-05
5.44965e-05
2.96526e-05
2.58572e-06
0
0
0
2.22526e-05
1.90587e-05
6.92215e-06
0
0
0
3.78784e-06
1.87812e-06
1.59195e-06
1.73089e-06
0
0
0
0
0
0
0
0
3.06698e-05
6.86992e-05
4.06942e-05
0
0
0
0
3.14334e-05
2.72749e-05
1.12394e-05
0
0
4.25525e-07
5.36374e-06
1.30967e-06
7.9192e-07
2.03273e-06
7.4723e-06
0
0
0
0
0
0
0
0
7.52966e-05
6.21199e-05
0
0
0
1.19715e-05
4.20378e-05
3.47324e-05
1.46897e-05
0
0
2.07351e-06
6.58954e-06
7.47412e-07
6.10113e-08
1.22338e-06
5.5225e-06
0
0
0
0
0
0
0
0
3.5293e-05
9.83776e-05
0
0
0
3.44458e-05
5.29371e-05
4.04665e-05
1.69326e-05
0
0
3.30271e-06
7.54517e-06
2.36586e-07
0
1.62738e-07
2.55998e-06
0
0
0
0
0
0
0
0
0
5.19836e-05
0
0
1.13328e-05
6.39672e-05
6.81427e-05
4.7708e-05
1.93161e-05
0
0
4.34804e-06
8.62138e-06
0
0
0
4.52736e-07
0
0
0
0
0
0
0
0
0
0
0
0
5.41428e-05
8.23763e-05
7.53631e-05
4.78619e-05
1.84499e-05
0
0
4.97314e-06
9.50072e-06
0
0
0
0
0
0
0
0
0
0
0
0
0
0
0
2.25205e-05
6.83427e-05
8.63394e-05
7.60661e-05
4.46261e-05
1.62978e-05
0
0
5.5431e-06
1.08502e-05
0
0
0
0
0
0
0
0
0
0
0
0
0
0
0
2.06677e-05
6.19814e-05
7.92082e-05
6.83596e-05
3.79855e-05
1.2989e-05
0
2.98513e-07
6.22292e-06
1.28186e-05
0
0
0
0
0
0
0
0
0
0
0
0
0
0
0
1.19952e-05
4.89854e-05
6.6587e-05
5.44764e-05
2.79078e-05
8.97265e-06
0
1.17301e-06
7.03661e-06
1.567e-05
0
0
0
0
0
0
0
0
0
0
0
0
0
0
0
4.65627e-06
3.61963e-05
5.18212e-05
3.82286e-05
1.543e-05
5.30694e-06
0
2.21083e-06
8.20875e-06
1.94393e-05
0
0
0
0
0
0
0
0
0
0
0
0
0
0
0
2.86434e-07
2.56525e-05
3.56945e-05
2.20897e-05
4.2994e-06
2.61302e-06
0
3.62591e-06
9.10045e-06
2.35463e-05
0
0
0
0
0
0
0
0
0
0
0
0
0
0
0
0
1.64311e-05
1.71492e-05
8.55246e-06
0
1.19764e-06
0
5.37619e-06
8.8453e-06
2.57403e-05
0
0
0
0
0
0
0
0
0
0
0
0
0
0
0
0
6.09475e-06
0
3.16398e-06
0
7.43372e-07
0
5.10855e-06
5.02711e-06
2.33417e-05
0
0
0
0
0
0
0
0
0
0
0
0
0
0
0
0
0
0
1.81765e-06
0
1.05708e-06
0
0
0
1.696e-05
0
0
0
0
0
0
0
0
0
0
0
0
0
0
0
0
0
0
4.84165e-07
0
0
0
0
0
1.05919e-05
0
0
0
0
0
0
0
0
0
0
0
0
0
0
0
0
3.21231e-06
1.20905e-06
0
0
0
0
0
0
6.08098e-06
0
0
0
0
0
0
0
0
0
0
0
0
0
0
0
0
0
9.26871e-07
0
0
0
0
0
0
3.16383e-06
0
0
0
0
0
0
0
0
0
0
0
0
0
0
0
0
0
0
0
0
0
0
0
0
1.17592e-06
0
0
0
0
0
0
0
0
0
0
0
0
0
0
0
0
0
0
0
0
0
0
0
0
0
0
0
0
0
0
0
0
0
0
0
0
0
0
0
0
0
0
0
5.9988e-07
0
0
0
0
0
0
0
0
0
0
0
0
0
0
0
0
0
0
0
0
0
0
0
3.02185e-06
4.75135e-06
0
0
0
0
0
0
0
0
0
0
0
0
0
0
0
0
0
0
0
0
0
0
4.64165e-07
8.45576e-06
9.01026e-06
0
0
0
1.22673e-06
0
0
0
0
0
0
0
0
0
0
0
0
0
0
0
0
0
0
2.81977e-06
1.14313e-05
1.19441e-05
1.90243e-06
0
0
1.89597e-06
0
0
0
0
0
0
0
0
0
0
0
0
0
0
0
0
0
0
3.70749e-06
1.08509e-05
1.32744e-05
5.00811e-06
0
0
2.13501e-06
0
0
0
0
0
0
0
0
0
0
0
0
0
0
0
0
0
0
2.52981e-06
8.34971e-06
1.29115e-05
7.76875e-06
0
0
2.23943e-06
0
0
0
0
0
0
0
0
0
0
0
0
0
0
0
0
0
0
1.29395e-06
5.68865e-06
1.10796e-05
9.7656e-06
1.27681e-06
0
2.29498e-06
0
0
0
0
0
0
0
0
0
0
0
0
0
0
0
0
0
0
6.43812e-07
3.51154e-06
8.44701e-06
1.04863e-05
3.28829e-06
0
2.27522e-06
0
0
0
0
0
0
0
0
0
0
0
0
0
0
0
0
0
0
2.9981e-07
1.92263e-06
5.68848e-06
9.32974e-06
5.18046e-06
0
2.0735e-06
0
0
0
0
0
0
0
0
0
0
0
0
0
0
0
0
0
0
8.82947e-08
9.35346e-07
3.30298e-06
6.33425e-06
5.68854e-06
0
1.32331e-06
0
0
0
0
0
0
0
0
0
0
0
0
7.23144e-09
1.36979e-08
0
0
0
0
0
3.77343e-07
1.41166e-06
3.27556e-06
4.81114e-06
5.59591e-07
0
0
0
0
0
0
0
0
0
0
0
0
0
0
0
0
0
0
0
0
7.00767e-08
1.28505e-07
9.10512e-07
3.18047e-06
1.65776e-06
0
0
0
5.26153e-07
2.62448e-07
5.64579e-08
3.57874e-09
0
0
0
0
0
0
0
0
0
0
0
0
0
0
0
0
8.62591e-07
2.70807e-06
0
0
0
4.24718e-07
2.15618e-07
6.00699e-08
1.592e-08
0
0
0
0
0
0
0
0
0
0
0
0
5.55864e-09
0
0
0
9.08389e-09
7.77333e-07
0
0
2.07594e-08
4.41102e-07
1.96277e-07
5.14143e-08
1.38381e-08
9.28701e-10
0
0
0
0
0
0
0
0
0
0
0
6.50727e-09
9.87184e-10
0
0
0
2.7174e-08
0
0
1.73569e-08
)
;

boundaryField
{
    inlet
    {
        type            zeroGradient;
    }
    outlet
    {
        type            zeroGradient;
    }
    upperWall
    {
        type            zeroGradient;
    }
    lowerWall
    {
        type            zeroGradient;
    }
    frontAndBack
    {
        type            empty;
    }
}


// ************************************************************************* //
