/*--------------------------------*- C++ -*----------------------------------*\
  =========                 |
  \\      /  F ield         | OpenFOAM: The Open Source CFD Toolbox
   \\    /   O peration     | Website:  https://openfoam.org
    \\  /    A nd           | Version:  6
     \\/     M anipulation  |
\*---------------------------------------------------------------------------*/
FoamFile
{
    version     2.0;
    format      ascii;
    class       volScalarField;
    location    "0.2";
    object      s;
}
// * * * * * * * * * * * * * * * * * * * * * * * * * * * * * * * * * * * * * //

dimensions      [0 0 0 0 0 0 0];

internalField   nonuniform List<scalar> 
12225
(
1
1
1
1
1
1
1
1
1
1
1
1
1
1
1
1
1
1
1
1
1
1
1
1
1
1
1
1
1
1
1
1
1
1
1
1
1
1
1
1
1
1
1
1
1
1
1
1
1
1
1
1
1
1
1
1
1
1
1
1
1
1
1
1
1
1
1
1
1
1
1
1
1
1
1
1
1
1
1
1
1
1
1
1
1
1
1
1
1
1
1
1
1
1
1
1
1
1
1
1
1
1
1
1
1
1
1
1
1
1
1
1
1
1
1
1
1
1
1
1
1
1
1
1
1
1
1
1
1
1
1
1
1
1
1
1
1
1
1
1
1
1
1
1
1
1
1
1
1
1
1
1
1
1
1
1
1
1
1
1
1
1
1
1
1
1
1
1
1
1
1
1
1
1
1
1
1
1
1
1
1
1
1
1
1
1
1
1
1
1
1
1
1
1
1
1
1
1
1
1
1
1
1
1
1
1
1
1
1
1
1
1
1
1
1
1
1
1
1
1
1
1
1
1
1
1
1
1
1
1
1
1
1
1
1
1
1
1
1
1
1
1
1
1
1
1
1
1
1
1
1
1
1
1
1
1
1
1
1
1
1
1
1
1
1
1
1
1
1
1
1
1
1
1
1
1
1
1
1
1
1
1
1
1
1
1
1
1
1
1
1
1
1
1
1
1
1
1
1
1
1
1
1
1
1
1
1
1
1
1
1
1
1
1
1
1
1
1
1
1
1
1
1
1
1
1
1
1
1
1
1
1
1
1
1
1
1
1
1
1
1
1
1
1
1
1
1
1
1
1
1
1
1
1
1
1
1
1
1
1
1
1
1
1
1
1
1
1
1
1
1
1
1
1
1
1
1
1
1
1
1
1
1
1
1
1
1
1
1
1
1
1
1
1
1
1
1
1
1
1
1
1
1
1
1
1
1
1
1
1
1
1
1
1
1
1
1
1
1
1
1
1
1
1
1
1
1
1
1
1
1
1
1
1
1
1
1
1
1
1
1
1
1
1
1
1
1
1
1
1
1
1
1
1
1
1
1
1
1
1
1
1
1
1
1
1
1
1
1
1
1
1
1
1
1
1
1
1
1
1
1
1
1
1
1
1
1
1
1
1
1
1
1
1
1
1
1
1
1
1
1
1
1
1
1
1
1
1
1
1
1
1
1
1
1
1
1
1
1
1
1
1
1
1
1
1
1
1
1
1
1
1
1
1
1
1
1
1
1
1
0.826178
0.827521
0.830429
0.828159
0.830446
0.860976
0.87642
0.885929
0.897489
0.904938
0.912381
0.919183
0.925991
0.932506
0.93883
0.94449
0.948222
0.952317
0.955697
0.958864
0.961601
0.963804
0.965691
0.967334
0.968752
0.969971
0.971038
0.971955
0.972655
0.973009
0.97303
0.972695
0.971413
0.969252
0.967034
0.965485
0.964975
0.965015
0.965503
0.966044
0.96605
0.965471
0.963363
0.960376
0.953033
0.937719
0.928006
0.925812
0.928646
0.941224
0.946939
0.956384
0.960333
0.966068
0.975644
0.978734
0.979151
0.979358
0.97966
0.979993
0.980244
0.980408
0.980473
0.980508
0.980545
0.980578
0.980623
0.980682
0.980716
0.980757
0.980804
0.980844
0.980897
0.980955
0.980976
0.98096
0.980846
0.980739
0.98056
0.980374
0.98008
0.979826
0.979482
0.979081
0.978615
0.978112
0.977522
0.976859
0.976072
0.975237
0.974282
0.973171
0.971964
0.970607
0.969138
0.967469
0.965447
0.962948
0.959778
0.955955
0.951863
0.94827
0.945897
0.9448
0.944386
0.944211
0.944083
0.943904
0.943527
0.943
0.942768
0.942771
0.942783
0.94264
0.942506
0.942523
0.942445
0.941959
0.941016
0.940653
0.940726
0.943022
0.957121
0.966832
0.96815
0.971075
0.979053
0.985942
0.989513
0.990929
0.991368
0.991472
0.991592
0.992116
0.993372
0.994051
0.9943
0.994455
0.994596
0.994726
0.994839
0.994941
0.995027
0.995098
0.995168
0.995214
0.99525
0.995285
0.9953
0.995305
0.995306
0.995293
0.995257
0.995224
0.995182
0.995151
0.995125
0.995081
0.995038
0.99496
0.994837
0.994652
0.994385
0.994023
0.993555
0.992963
0.992209
0.991159
0.989698
0.988205
0.987438
0.987289
0.987348
0.987582
0.987723
0.987769
0.987772
0.987733
0.987574
0.987423
0.830005
0.842311
0.860174
0.857049
0.857116
0.873219
0.881707
0.894809
0.90366
0.909016
0.916532
0.921139
0.924074
0.925348
0.927958
0.929683
0.932237
0.936335
0.941033
0.946785
0.952657
0.958073
0.962062
0.964866
0.967071
0.969161
0.971472
0.974201
0.977423
0.980877
0.983991
0.986247
0.987557
0.988165
0.988389
0.988462
0.988597
0.989062
0.989741
0.990036
0.990032
0.989809
0.989021
0.986382
0.979664
0.966236
0.950131
0.935693
0.932689
0.933966
0.936011
0.947574
0.965634
0.975532
0.979255
0.981046
0.982535
0.983514
0.984439
0.985064
0.985458
0.985813
0.985996
0.986234
0.986385
0.986574
0.98672
0.986884
0.986978
0.987088
0.987158
0.987199
0.987219
0.987215
0.987216
0.98724
0.98728
0.987321
0.987369
0.987405
0.987432
0.987442
0.987447
0.987444
0.98742
0.98739
0.987359
0.987304
0.987227
0.987166
0.987093
0.987004
0.98692
0.986817
0.986766
0.986698
0.986629
0.986526
0.986316
0.985796
0.984448
0.98136
0.976774
0.97183
0.96788
0.965389
0.963557
0.961505
0.959604
0.958692
0.958579
0.958967
0.959878
0.960184
0.9602
0.9602
0.960071
0.959374
0.958298
0.956369
0.950159
0.947171
0.949073
0.950257
0.950544
0.95252
0.961935
0.977442
0.986539
0.990281
0.99133
0.99163
0.992061
0.993064
0.994254
0.994979
0.995446
0.995782
0.996013
0.996185
0.996312
0.996398
0.996466
0.996495
0.996505
0.996489
0.9964
0.996274
0.996107
0.995894
0.995619
0.995361
0.99509
0.994886
0.994771
0.994733
0.994841
0.995046
0.995337
0.995677
0.996002
0.996327
0.996647
0.996967
0.997284
0.997564
0.99776
0.99782
0.99771
0.996859
0.993547
0.989919
0.988112
0.98738
0.987181
0.987212
0.987492
0.987671
0.987695
0.987683
0.835208
0.86401
0.869314
0.86851
0.871094
0.880905
0.886258
0.894283
0.898979
0.900016
0.899351
0.895966
0.892852
0.89141
0.890643
0.8903
0.890541
0.891365
0.892921
0.895585
0.899863
0.906547
0.914392
0.921198
0.92654
0.930877
0.935006
0.93995
0.946625
0.955507
0.966217
0.976341
0.983275
0.987624
0.990151
0.991567
0.992312
0.992613
0.99267
0.992642
0.992442
0.991828
0.991247
0.990279
0.987862
0.980476
0.961845
0.947996
0.945062
0.946126
0.95004
0.966929
0.978482
0.982793
0.984728
0.985987
0.986643
0.986941
0.987028
0.98697
0.986836
0.986673
0.986474
0.986309
0.98603
0.985727
0.98562
0.985589
0.985583
0.98562
0.985792
0.986116
0.986467
0.986812
0.987186
0.987523
0.98779
0.987968
0.988169
0.988271
0.988391
0.988435
0.988455
0.988457
0.988416
0.988344
0.988236
0.988091
0.987935
0.987788
0.987617
0.987424
0.987194
0.986942
0.986751
0.986507
0.986372
0.986331
0.986401
0.986596
0.986749
0.986692
0.986346
0.986412
0.986673
0.986855
0.986671
0.985489
0.981195
0.976129
0.973127
0.971898
0.971731
0.971624
0.971242
0.971069
0.971152
0.971099
0.97045
0.968841
0.965588
0.956887
0.952057
0.950875
0.950913
0.952774
0.965175
0.982696
0.989434
0.991232
0.991875
0.992706
0.993965
0.995211
0.995882
0.99623
0.996391
0.99644
0.996441
0.996396
0.996319
0.996204
0.995966
0.995541
0.995073
0.994523
0.993913
0.993226
0.992517
0.991799
0.991137
0.990626
0.990269
0.990091
0.990001
0.989972
0.99006
0.99023
0.990555
0.991047
0.991735
0.992509
0.993195
0.993843
0.994564
0.995406
0.996383
0.997403
0.998103
0.998405
0.99839
0.997723
0.994394
0.990281
0.988226
0.987397
0.987213
0.987287
0.987593
0.987759
0.832629
0.860034
0.871054
0.87162
0.873778
0.88005
0.884893
0.890414
0.890598
0.890012
0.888776
0.887528
0.88679
0.886404
0.886184
0.886
0.885824
0.88578
0.885835
0.88612
0.886935
0.889145
0.894509
0.901065
0.90721
0.912315
0.916417
0.91981
0.923041
0.926635
0.931664
0.940691
0.953777
0.96711
0.977873
0.984974
0.988775
0.990498
0.991265
0.991699
0.991829
0.991721
0.991086
0.989379
0.985678
0.976449
0.964769
0.960429
0.955647
0.954178
0.96783
0.979709
0.984622
0.986551
0.987358
0.987662
0.987714
0.987272
0.986982
0.98665
0.986128
0.985869
0.985534
0.985391
0.985327
0.985397
0.985696
0.986097
0.986711
0.987683
0.988842
0.98967
0.990149
0.990505
0.990733
0.990907
0.991039
0.991201
0.991318
0.99144
0.991574
0.991665
0.991782
0.991861
0.991917
0.991943
0.991926
0.991845
0.991689
0.991454
0.991137
0.990783
0.990357
0.98985
0.989241
0.98841
0.987555
0.986698
0.986049
0.985623
0.985472
0.985606
0.986186
0.987162
0.988491
0.989776
0.9904
0.990391
0.988906
0.983874
0.981438
0.981111
0.981024
0.981088
0.981286
0.981533
0.982395
0.984084
0.984132
0.983455
0.981267
0.975527
0.961534
0.954478
0.953334
0.955754
0.972121
0.987129
0.991134
0.992326
0.993634
0.994879
0.995736
0.996258
0.99647
0.996523
0.996483
0.996417
0.99628
0.996045
0.995664
0.99519
0.994706
0.994238
0.993673
0.992856
0.991743
0.990615
0.989751
0.989198
0.988981
0.988919
0.988916
0.98893
0.988945
0.988958
0.988974
0.988981
0.989019
0.98914
0.989421
0.989971
0.990809
0.991579
0.992229
0.9928
0.993345
0.994186
0.99576
0.997395
0.998307
0.998507
0.998277
0.996762
0.992136
0.988912
0.987642
0.987392
0.987461
0.987697
0.831531
0.837698
0.86085
0.87011
0.872594
0.876319
0.880986
0.884727
0.886121
0.886088
0.88578
0.885597
0.885633
0.885642
0.885585
0.8854
0.885009
0.884763
0.884569
0.884752
0.885372
0.886746
0.890121
0.895679
0.901669
0.907135
0.911837
0.915662
0.918844
0.922014
0.92483
0.927075
0.929897
0.935068
0.942441
0.95201
0.962919
0.971911
0.978973
0.984804
0.98781
0.988318
0.987651
0.983438
0.975627
0.970413
0.9657
0.96099
0.95817
0.967415
0.979941
0.985436
0.987502
0.988195
0.988363
0.988285
0.987647
0.986914
0.986201
0.985839
0.985646
0.985553
0.985519
0.985544
0.985876
0.986614
0.987975
0.989621
0.990507
0.990983
0.991169
0.99124
0.991254
0.991244
0.99125
0.991288
0.991351
0.991467
0.991569
0.99172
0.991875
0.992037
0.992225
0.992393
0.992582
0.992748
0.992907
0.993057
0.993186
0.993251
0.99328
0.993272
0.993242
0.993199
0.993102
0.992919
0.992589
0.991917
0.990664
0.989036
0.98723
0.985837
0.98509
0.984845
0.985031
0.986127
0.988458
0.990469
0.991188
0.991332
0.991281
0.990905
0.989326
0.98714
0.9864
0.986444
0.987297
0.98877
0.989258
0.989264
0.988897
0.98691
0.979032
0.964177
0.959599
0.962307
0.979105
0.98997
0.992646
0.994172
0.99543
0.996132
0.996474
0.996623
0.996574
0.996502
0.996335
0.996016
0.99561
0.995244
0.99488
0.994475
0.993983
0.993128
0.991685
0.989869
0.989061
0.988713
0.988589
0.988568
0.988649
0.988806
0.988985
0.98916
0.98926
0.989296
0.989222
0.989081
0.988943
0.988864
0.988875
0.988996
0.989402
0.990366
0.991288
0.991964
0.992539
0.992951
0.993422
0.994609
0.996747
0.998121
0.998481
0.998339
0.997175
0.992793
0.989222
0.987856
0.987481
0.987486
0.835018
0.835255
0.836717
0.846506
0.861985
0.868862
0.873641
0.877377
0.880127
0.882004
0.883036
0.883711
0.884065
0.884031
0.883772
0.883338
0.88302
0.883173
0.883571
0.884385
0.885631
0.887817
0.891873
0.897023
0.902745
0.908135
0.912891
0.916979
0.919905
0.922379
0.92525
0.9275
0.92906
0.931468
0.935256
0.940298
0.945211
0.952989
0.965776
0.976838
0.981819
0.982516
0.981307
0.975612
0.970273
0.966966
0.964063
0.961919
0.96595
0.979428
0.985565
0.987983
0.988777
0.988956
0.988912
0.988446
0.98758
0.986531
0.986045
0.985885
0.985844
0.986003
0.986419
0.987267
0.988586
0.990017
0.990652
0.990904
0.990965
0.990924
0.990675
0.990434
0.990345
0.990319
0.99032
0.990364
0.990462
0.99059
0.99074
0.990932
0.991143
0.991375
0.991642
0.991916
0.992211
0.992514
0.992813
0.993076
0.993279
0.993434
0.993537
0.993593
0.993633
0.993689
0.993752
0.993825
0.993939
0.994063
0.994146
0.994016
0.993416
0.991825
0.98933
0.986678
0.985065
0.984537
0.984718
0.986043
0.989189
0.991404
0.992079
0.992048
0.991266
0.988923
0.987967
0.988042
0.98903
0.989752
0.989731
0.989714
0.989688
0.98903
0.984796
0.970655
0.964866
0.968365
0.984379
0.991833
0.994021
0.995578
0.99643
0.996733
0.996829
0.996681
0.996531
0.996264
0.995759
0.995397
0.995079
0.994813
0.994466
0.993885
0.992756
0.990763
0.989273
0.98865
0.98844
0.988406
0.988506
0.988842
0.989384
0.990026
0.990691
0.991131
0.991327
0.991377
0.991138
0.990689
0.990026
0.989372
0.988989
0.988888
0.988943
0.989191
0.990153
0.99136
0.992164
0.992725
0.99301
0.993333
0.994189
0.996486
0.998059
0.998468
0.998325
0.997078
0.992605
0.989182
0.987893
0.987394
0.840785
0.842171
0.839991
0.838704
0.839509
0.844485
0.853999
0.861788
0.867661
0.871507
0.873871
0.875504
0.876589
0.877611
0.878701
0.880173
0.881491
0.882901
0.884787
0.887939
0.892716
0.899675
0.907622
0.915195
0.921904
0.927641
0.931812
0.935513
0.938064
0.9383
0.938104
0.938518
0.939344
0.939516
0.939984
0.941652
0.944704
0.950998
0.965487
0.976468
0.979138
0.978183
0.973124
0.96913
0.966914
0.965437
0.964481
0.966579
0.978631
0.985211
0.987974
0.988994
0.989302
0.989355
0.98923
0.988674
0.987642
0.986643
0.986345
0.98637
0.986947
0.988195
0.989108
0.989947
0.990514
0.990747
0.990785
0.990666
0.990323
0.990083
0.989991
0.989977
0.990005
0.990065
0.99014
0.990234
0.990345
0.990481
0.990656
0.990869
0.991102
0.991353
0.991631
0.991919
0.99221
0.99251
0.992817
0.993112
0.993362
0.993544
0.993654
0.993697
0.993712
0.993738
0.993775
0.993808
0.993908
0.994189
0.994528
0.994832
0.995082
0.995165
0.994919
0.993798
0.99082
0.987402
0.985455
0.98507
0.98566
0.988155
0.990781
0.991585
0.991415
0.989985
0.988906
0.988986
0.989822
0.99002
0.989179
0.988369
0.988591
0.988357
0.984351
0.971355
0.967611
0.973292
0.988005
0.99311
0.995082
0.996471
0.997001
0.99711
0.996977
0.996664
0.996342
0.995644
0.995247
0.995025
0.994824
0.994533
0.993964
0.992713
0.990703
0.989075
0.988489
0.988344
0.98836
0.988666
0.989314
0.990405
0.991618
0.992379
0.992633
0.99268
0.992646
0.992549
0.992421
0.992231
0.991894
0.991147
0.989988
0.989243
0.988994
0.989008
0.989234
0.990341
0.991813
0.992679
0.993007
0.993163
0.993435
0.994294
0.99668
0.998136
0.998451
0.998219
0.996526
0.99181
0.988946
0.987685
0.850205
0.854656
0.852002
0.84773
0.844904
0.843731
0.843867
0.84583
0.851628
0.857907
0.86336
0.867867
0.871532
0.875077
0.878096
0.881305
0.885122
0.890794
0.898568
0.909366
0.923859
0.93709
0.947398
0.955081
0.961064
0.965252
0.96753
0.968929
0.969873
0.969729
0.969022
0.966966
0.962066
0.958853
0.95819
0.958752
0.960283
0.962953
0.971907
0.977424
0.976809
0.971881
0.96866
0.967256
0.96649
0.966181
0.968243
0.97806
0.984928
0.987969
0.989268
0.989739
0.989847
0.989842
0.989724
0.989183
0.988051
0.987325
0.987285
0.988151
0.989663
0.990354
0.990683
0.990826
0.990749
0.990693
0.990421
0.990062
0.989959
0.989938
0.989958
0.990063
0.990193
0.990329
0.990486
0.990656
0.990842
0.991052
0.99133
0.991711
0.992138
0.992555
0.992981
0.993377
0.993642
0.993834
0.994001
0.994161
0.994299
0.99437
0.994349
0.994256
0.994133
0.993997
0.993874
0.993721
0.993445
0.993349
0.993818
0.994564
0.995166
0.995633
0.99598
0.996115
0.995867
0.99462
0.991042
0.987636
0.986363
0.986535
0.988318
0.990433
0.990983
0.990665
0.989852
0.989848
0.990267
0.990242
0.988796
0.984933
0.985294
0.985876
0.982153
0.970837
0.96927
0.978319
0.990309
0.993989
0.995818
0.997018
0.99739
0.997362
0.997039
0.996597
0.995853
0.995243
0.994962
0.99483
0.994631
0.994128
0.993033
0.99117
0.989185
0.988438
0.988264
0.988286
0.988666
0.989571
0.991228
0.992581
0.992972
0.993047
0.993004
0.992884
0.992749
0.992627
0.992525
0.992414
0.992268
0.992033
0.991483
0.990252
0.989409
0.989099
0.989096
0.989338
0.990763
0.992603
0.993317
0.993376
0.993404
0.993609
0.994747
0.997194
0.99829
0.998423
0.997989
0.995661
0.991064
0.988565
0.864444
0.873812
0.8749
0.871469
0.866999
0.862535
0.85939
0.858618
0.860087
0.864749
0.869589
0.87412
0.878323
0.883153
0.888104
0.895898
0.907364
0.925543
0.944389
0.959836
0.968558
0.973421
0.976149
0.977715
0.97865
0.979222
0.979553
0.979772
0.979799
0.979731
0.97952
0.979067
0.978072
0.976017
0.973863
0.972526
0.97235
0.973536
0.977717
0.977294
0.971774
0.968755
0.967878
0.96737
0.967507
0.969972
0.977931
0.984735
0.988049
0.989621
0.990334
0.990653
0.99084
0.99102
0.991003
0.990649
0.989647
0.989323
0.989608
0.99061
0.991312
0.991465
0.991334
0.990905
0.990643
0.99033
0.990047
0.989988
0.989993
0.990107
0.990338
0.990552
0.990772
0.991055
0.99131
0.991543
0.991731
0.992057
0.992749
0.99366
0.994486
0.995215
0.995882
0.996465
0.996862
0.997107
0.997221
0.997175
0.997046
0.99684
0.996458
0.995978
0.995611
0.99524
0.994855
0.994367
0.993588
0.992883
0.992407
0.992573
0.993795
0.995055
0.995958
0.996541
0.996886
0.996905
0.9964
0.994241
0.990253
0.988263
0.98815
0.989406
0.990651
0.990738
0.99031
0.990214
0.990571
0.990504
0.988825
0.982926
0.980166
0.979273
0.97478
0.969958
0.971528
0.983983
0.991946
0.994575
0.996272
0.997348
0.997665
0.997554
0.997099
0.996405
0.995394
0.994936
0.994801
0.994711
0.994347
0.993506
0.991947
0.989701
0.988504
0.988181
0.988152
0.988445
0.989416
0.991367
0.992797
0.993151
0.993197
0.99315
0.992981
0.992706
0.992424
0.992264
0.992226
0.99222
0.992197
0.992089
0.991825
0.991215
0.990114
0.989422
0.989177
0.989197
0.989576
0.991648
0.993568
0.994024
0.993869
0.993717
0.99392
0.995511
0.997715
0.998401
0.998366
0.997505
0.994482
0.990543
0.88287
0.899414
0.894266
0.89175
0.891035
0.890664
0.889218
0.887116
0.886184
0.886826
0.888923
0.891376
0.89485
0.901249
0.913951
0.936475
0.95885
0.971034
0.976412
0.978773
0.9798
0.980224
0.980392
0.980461
0.980522
0.980602
0.980684
0.980777
0.980841
0.980854
0.980826
0.980706
0.980395
0.979713
0.978002
0.976429
0.976361
0.978978
0.978449
0.972087
0.969111
0.968537
0.968254
0.968758
0.971644
0.978148
0.984403
0.987987
0.989825
0.990811
0.991289
0.991598
0.992021
0.992714
0.993135
0.993072
0.992477
0.991843
0.991771
0.992107
0.99231
0.992089
0.991462
0.990821
0.990313
0.990081
0.990016
0.990039
0.990226
0.990575
0.990901
0.991111
0.991319
0.991552
0.991743
0.991858
0.991947
0.992271
0.993177
0.994467
0.995407
0.996143
0.996791
0.997361
0.997831
0.998234
0.998584
0.998865
0.999047
0.999125
0.999024
0.998674
0.998172
0.997646
0.99706
0.996292
0.994965
0.993453
0.992279
0.991497
0.991231
0.992134
0.994308
0.995991
0.996979
0.997478
0.997626
0.997391
0.996132
0.992506
0.990333
0.990056
0.990611
0.990862
0.990573
0.990392
0.990758
0.990889
0.989407
0.982869
0.97724
0.974164
0.971435
0.970748
0.977304
0.988532
0.993014
0.994945
0.996503
0.997537
0.997849
0.997728
0.997207
0.996129
0.995095
0.994816
0.994684
0.994412
0.993903
0.992709
0.990846
0.988843
0.988132
0.987991
0.988084
0.988819
0.990582
0.992527
0.993137
0.993229
0.993211
0.993035
0.992581
0.991961
0.991484
0.991339
0.991468
0.99164
0.991746
0.991835
0.991787
0.991449
0.990629
0.989805
0.989348
0.989237
0.989325
0.990132
0.992969
0.994527
0.994656
0.994227
0.994047
0.994449
0.996566
0.998149
0.998432
0.998141
0.996436
0.993321
0.903512
0.907694
0.895495
0.891916
0.893048
0.896586
0.899893
0.90028
0.899286
0.898587
0.898865
0.901554
0.910713
0.934426
0.96271
0.975331
0.97912
0.980215
0.980513
0.98057
0.980564
0.980543
0.980497
0.980473
0.980465
0.980469
0.980534
0.9806
0.980609
0.980593
0.980499
0.980265
0.979813
0.979054
0.978208
0.978008
0.980617
0.979389
0.972288
0.969863
0.969163
0.968991
0.969673
0.972873
0.977904
0.983754
0.987658
0.989622
0.990859
0.991472
0.991788
0.992186
0.992934
0.994143
0.994779
0.994814
0.994489
0.993838
0.993298
0.993055
0.992867
0.992342
0.991464
0.990578
0.990116
0.990018
0.990027
0.990233
0.990701
0.991074
0.991264
0.991454
0.991562
0.991691
0.991841
0.991929
0.991966
0.992217
0.993121
0.994493
0.995446
0.996136
0.996714
0.997205
0.997639
0.99808
0.998535
0.998946
0.999274
0.999501
0.999637
0.99967
0.999604
0.999465
0.999247
0.998818
0.997645
0.995414
0.993274
0.991676
0.990612
0.990099
0.990505
0.993023
0.995828
0.99733
0.99798
0.99819
0.998057
0.997141
0.994111
0.992147
0.991647
0.991509
0.991031
0.9906
0.990807
0.991234
0.990617
0.985858
0.978238
0.97423
0.972594
0.975398
0.984948
0.991125
0.993686
0.995189
0.996591
0.997626
0.997968
0.99788
0.99736
0.995998
0.995006
0.994622
0.994507
0.994204
0.993314
0.9919
0.989929
0.988325
0.987883
0.987826
0.98808
0.989191
0.991128
0.992709
0.993098
0.993124
0.992971
0.992547
0.991674
0.990719
0.990184
0.990309
0.990952
0.991347
0.991447
0.991462
0.991471
0.991377
0.990912
0.990122
0.989558
0.989326
0.989325
0.989621
0.991558
0.994395
0.995257
0.995087
0.994401
0.994395
0.995322
0.997594
0.998377
0.998347
0.997502
0.99515
0.916517
0.907724
0.884921
0.874205
0.876252
0.88815
0.900306
0.903328
0.903143
0.902351
0.904027
0.91823
0.954918
0.975916
0.979737
0.980441
0.980606
0.980647
0.980645
0.980634
0.980591
0.980569
0.980499
0.980467
0.980452
0.980419
0.980397
0.980369
0.980302
0.980198
0.980011
0.979854
0.979832
0.979957
0.980368
0.980401
0.978398
0.973037
0.970851
0.969971
0.969782
0.97071
0.972854
0.977058
0.982552
0.986728
0.989242
0.990519
0.991311
0.991654
0.991886
0.992279
0.993116
0.994665
0.995698
0.99581
0.995636
0.995111
0.99439
0.99374
0.993184
0.992451
0.991423
0.990363
0.990027
0.989975
0.990061
0.990529
0.991126
0.991426
0.991599
0.991655
0.991677
0.991713
0.991843
0.991938
0.991955
0.992053
0.992739
0.994097
0.994919
0.995266
0.995426
0.995539
0.99574
0.996228
0.997003
0.997924
0.998755
0.999334
0.999646
0.999789
0.999855
0.999872
0.999847
0.999759
0.999495
0.998526
0.995893
0.993222
0.99114
0.989784
0.989215
0.989485
0.992054
0.995788
0.997676
0.998421
0.998642
0.998542
0.997737
0.995153
0.993567
0.992987
0.991858
0.990897
0.990865
0.991407
0.991362
0.989267
0.983842
0.979592
0.979519
0.984027
0.989438
0.992509
0.994137
0.995377
0.996623
0.997649
0.998043
0.998003
0.997547
0.996057
0.994914
0.994554
0.994251
0.993776
0.992877
0.991357
0.989267
0.987986
0.98766
0.987637
0.987984
0.98902
0.990742
0.992278
0.99261
0.992542
0.992149
0.99146
0.990199
0.989114
0.988866
0.9897
0.990755
0.991208
0.991336
0.991322
0.991256
0.9912
0.991026
0.990486
0.989882
0.989513
0.989423
0.989544
0.99048
0.99366
0.995507
0.995715
0.995134
0.994612
0.994867
0.996643
0.998176
0.998395
0.998029
0.996393
0.914746
0.896418
0.871287
0.863121
0.864391
0.877734
0.899241
0.904049
0.903893
0.906925
0.930577
0.970836
0.979352
0.980314
0.980464
0.980566
0.980816
0.9813
0.981835
0.982005
0.982046
0.981998
0.981699
0.981552
0.981443
0.981147
0.980981
0.980809
0.980593
0.980421
0.980119
0.979914
0.979729
0.97948
0.978609
0.976676
0.973731
0.972119
0.97115
0.970599
0.9707
0.972257
0.975295
0.979633
0.985071
0.988371
0.989989
0.990902
0.991386
0.991648
0.991858
0.992234
0.993055
0.994623
0.99597
0.996251
0.996192
0.995824
0.995117
0.994269
0.993437
0.992521
0.991301
0.990217
0.989935
0.989885
0.990047
0.990705
0.991397
0.991651
0.991714
0.99173
0.991709
0.99169
0.991763
0.9919
0.991932
0.991929
0.992236
0.993267
0.993555
0.992965
0.992129
0.991497
0.991191
0.991541
0.992661
0.994495
0.99652
0.998189
0.999193
0.999671
0.999857
0.999925
0.999951
0.999949
0.999906
0.999723
0.999026
0.996776
0.993508
0.990736
0.989113
0.988647
0.989014
0.992039
0.996139
0.998091
0.998815
0.999003
0.998899
0.998037
0.995901
0.994914
0.993269
0.991464
0.99094
0.991316
0.991852
0.991249
0.988591
0.986514
0.986597
0.988993
0.991607
0.993276
0.994476
0.995546
0.996648
0.997637
0.998088
0.998093
0.997745
0.996232
0.994942
0.994405
0.994143
0.993471
0.992166
0.990709
0.988702
0.987664
0.987404
0.987372
0.987731
0.98852
0.98973
0.99079
0.991086
0.990906
0.990363
0.989324
0.988012
0.987501
0.987953
0.989499
0.990685
0.991132
0.991226
0.991207
0.99115
0.991161
0.991144
0.990946
0.990432
0.98991
0.989659
0.989665
0.990136
0.992596
0.995369
0.996126
0.995912
0.994978
0.994902
0.995774
0.997796
0.998382
0.998274
0.997222
0.884616
0.876118
0.863374
0.860457
0.863703
0.884422
0.900686
0.904621
0.912618
0.944524
0.973633
0.979157
0.980247
0.980656
0.981179
0.982058
0.983775
0.98543
0.986034
0.986277
0.986339
0.986186
0.985826
0.985697
0.985294
0.984511
0.983873
0.982919
0.981924
0.981027
0.97967
0.978303
0.976694
0.975187
0.974337
0.974074
0.97408
0.973328
0.972397
0.971888
0.971835
0.973247
0.976992
0.981295
0.985784
0.988615
0.990036
0.990925
0.991343
0.991495
0.991596
0.992015
0.992854
0.994419
0.995958
0.996364
0.996387
0.99617
0.99557
0.994684
0.993674
0.992571
0.99096
0.990034
0.989737
0.989659
0.989941
0.990673
0.99145
0.991636
0.991714
0.991758
0.991713
0.991575
0.991538
0.991674
0.991821
0.991846
0.991849
0.992226
0.99191
0.990299
0.988631
0.987752
0.987448
0.987532
0.988021
0.989153
0.991531
0.995057
0.997707
0.999082
0.999678
0.999892
0.999958
0.999978
0.999979
0.999952
0.99983
0.999398
0.997933
0.994086
0.990428
0.988672
0.988395
0.989077
0.992998
0.996845
0.998553
0.999154
0.999281
0.999143
0.998111
0.996883
0.995313
0.992734
0.991278
0.991143
0.991863
0.992203
0.99144
0.990141
0.99005
0.991121
0.992596
0.99373
0.994743
0.995706
0.996691
0.997622
0.998107
0.998157
0.997917
0.996565
0.995037
0.994412
0.993891
0.99319
0.991835
0.990289
0.988381
0.987446
0.98717
0.987099
0.987262
0.987688
0.988043
0.988537
0.988294
0.987971
0.987484
0.986943
0.986714
0.986894
0.987699
0.989505
0.990696
0.991126
0.991147
0.991105
0.991105
0.991167
0.991454
0.991535
0.991352
0.990698
0.990145
0.989998
0.990191
0.991715
0.994959
0.996357
0.996408
0.99561
0.995057
0.995383
0.997172
0.998298
0.998376
0.997816
0.880782
0.870169
0.860128
0.860465
0.870583
0.890085
0.901198
0.912311
0.942735
0.972002
0.978684
0.980153
0.980758
0.981835
0.984008
0.987881
0.989614
0.99027
0.990532
0.990637
0.99066
0.990541
0.990432
0.990393
0.990338
0.990305
0.990219
0.989989
0.989284
0.987837
0.985485
0.982076
0.97826
0.975689
0.974472
0.974174
0.975568
0.976467
0.974607
0.972988
0.972631
0.973384
0.976829
0.981141
0.985516
0.988384
0.989868
0.990837
0.991249
0.991279
0.991058
0.991008
0.992094
0.99389
0.995768
0.996338
0.996402
0.996271
0.995787
0.994927
0.993828
0.992506
0.990693
0.989817
0.989469
0.989404
0.989618
0.990418
0.99106
0.99136
0.991675
0.991797
0.991713
0.991303
0.991091
0.991133
0.991388
0.991558
0.991587
0.991512
0.991184
0.989833
0.988017
0.987079
0.986791
0.986829
0.987065
0.9876
0.988535
0.990428
0.994522
0.997657
0.999131
0.99972
0.999918
0.999975
0.999989
0.999989
0.999972
0.999896
0.999616
0.998491
0.994195
0.989994
0.988449
0.988418
0.989817
0.994555
0.997673
0.998991
0.999425
0.999484
0.999281
0.998437
0.997372
0.994839
0.99216
0.99128
0.991437
0.992325
0.992688
0.992387
0.992187
0.992485
0.993335
0.994206
0.99508
0.995937
0.996808
0.997638
0.998132
0.99822
0.998068
0.996983
0.995238
0.994468
0.993886
0.992634
0.991381
0.990109
0.988254
0.987328
0.986994
0.986818
0.986812
0.986844
0.986819
0.986645
0.986345
0.986241
0.986217
0.986258
0.986408
0.986779
0.987917
0.989883
0.990954
0.991173
0.991129
0.991082
0.991102
0.991267
0.992008
0.992504
0.992501
0.992115
0.991103
0.990605
0.990606
0.991392
0.994362
0.996404
0.996752
0.996277
0.995305
0.995332
0.996522
0.998109
0.99843
0.998165
0.883793
0.868422
0.859677
0.861018
0.870925
0.88939
0.906443
0.934801
0.967985
0.977601
0.979924
0.980782
0.981981
0.985198
0.989333
0.990737
0.991176
0.991271
0.991276
0.991167
0.99097
0.990811
0.990683
0.990614
0.990688
0.991055
0.991539
0.992228
0.993101
0.994056
0.994548
0.994611
0.992397
0.987242
0.980638
0.976353
0.975063
0.978499
0.980162
0.976222
0.974199
0.973803
0.97572
0.980049
0.984562
0.987675
0.989228
0.990491
0.991072
0.991206
0.991011
0.990443
0.9903
0.991785
0.994736
0.995984
0.996257
0.9962
0.995809
0.994953
0.993778
0.992065
0.990425
0.989571
0.989214
0.989152
0.989282
0.989941
0.990727
0.99143
0.99185
0.991919
0.991753
0.991119
0.990725
0.990628
0.990679
0.990865
0.990984
0.990981
0.990884
0.990413
0.988931
0.987653
0.987082
0.987019
0.987131
0.987514
0.988192
0.989221
0.991201
0.995248
0.998061
0.99933
0.999798
0.999946
0.999986
0.999994
0.999994
0.999983
0.999927
0.999655
0.998251
0.993127
0.989394
0.988444
0.988754
0.991546
0.996091
0.998416
0.999347
0.999624
0.999632
0.999411
0.998779
0.997392
0.994028
0.991823
0.991392
0.991785
0.992692
0.993252
0.993482
0.993745
0.994238
0.994861
0.995556
0.996269
0.997005
0.997715
0.998175
0.998283
0.998197
0.997474
0.995579
0.994611
0.993958
0.992582
0.990984
0.989713
0.988085
0.987106
0.986707
0.986493
0.98638
0.986282
0.986152
0.985978
0.985907
0.985916
0.986001
0.986146
0.986399
0.987084
0.989078
0.990894
0.991257
0.991211
0.991076
0.991077
0.991175
0.991539
0.992762
0.993898
0.994058
0.993862
0.992754
0.991627
0.991366
0.991679
0.993799
0.996316
0.997012
0.996809
0.995683
0.99541
0.996023
0.997821
0.998442
0.998361
0.89158
0.876313
0.860392
0.859958
0.867751
0.885913
0.913143
0.952812
0.974331
0.97906
0.980361
0.981559
0.984483
0.988688
0.990492
0.990984
0.991052
0.99068
0.989691
0.988498
0.987435
0.986392
0.985869
0.985686
0.985746
0.986301
0.987088
0.988018
0.98973
0.992052
0.994889
0.996864
0.997686
0.99807
0.996491
0.989666
0.980463
0.975695
0.979485
0.981859
0.980033
0.975914
0.975949
0.977356
0.981743
0.986153
0.98831
0.989612
0.990644
0.991082
0.991045
0.9906
0.98987
0.989864
0.991245
0.994057
0.995341
0.995643
0.995443
0.994677
0.993125
0.991359
0.990041
0.989287
0.988974
0.988923
0.989038
0.989654
0.990645
0.991481
0.991919
0.991993
0.991819
0.991141
0.99069
0.990534
0.990512
0.990531
0.990606
0.99067
0.990681
0.990653
0.990484
0.989815
0.988905
0.988582
0.988622
0.988753
0.98898
0.989434
0.990584
0.993114
0.996644
0.99873
0.999591
0.999883
0.99997
0.999993
0.999997
0.999996
0.999984
0.999903
0.999413
0.996621
0.991296
0.988952
0.988715
0.98973
0.993995
0.997436
0.999012
0.999607
0.999758
0.99974
0.999548
0.99893
0.996952
0.993287
0.991678
0.991531
0.992138
0.993142
0.993788
0.994311
0.994803
0.995343
0.995924
0.996516
0.997131
0.99774
0.998186
0.998331
0.998294
0.997855
0.99617
0.994902
0.994158
0.992682
0.990994
0.989631
0.988107
0.98711
0.986569
0.986268
0.986104
0.985993
0.98589
0.985845
0.985847
0.985884
0.986003
0.986233
0.986777
0.9883
0.990818
0.991379
0.991332
0.991109
0.99098
0.991085
0.99146
0.992261
0.993849
0.994862
0.99524
0.995222
0.994707
0.993103
0.992415
0.992455
0.993621
0.996205
0.997209
0.997171
0.996179
0.995528
0.995805
0.997403
0.998404
0.998474
0.899542
0.884897
0.863034
0.860423
0.865681
0.882838
0.912551
0.957772
0.975975
0.979461
0.980756
0.982006
0.984869
0.988846
0.990534
0.990887
0.990571
0.98921
0.98711
0.986039
0.985384
0.984304
0.983447
0.98301
0.982991
0.983898
0.984779
0.985495
0.986001
0.986806
0.988772
0.993798
0.997221
0.998708
0.999274
0.999306
0.996887
0.986114
0.977239
0.978157
0.982033
0.981603
0.978783
0.977939
0.979054
0.982451
0.98659
0.988651
0.989878
0.990791
0.991025
0.990925
0.990202
0.98955
0.989568
0.990396
0.992137
0.993402
0.993646
0.993253
0.99198
0.990613
0.989589
0.988989
0.988753
0.988725
0.988851
0.98951
0.990657
0.99157
0.992043
0.992131
0.991984
0.991312
0.990787
0.990578
0.990533
0.990539
0.990588
0.990666
0.990702
0.990752
0.990868
0.991059
0.991206
0.991184
0.991267
0.991493
0.991653
0.991593
0.991521
0.99263
0.995703
0.998167
0.999359
0.999806
0.999947
0.999987
0.999997
0.999998
0.999995
0.999963
0.999742
0.998394
0.993499
0.989973
0.989097
0.989453
0.992191
0.996308
0.998492
0.999442
0.999776
0.999841
0.999809
0.999601
0.998864
0.996061
0.9927
0.991638
0.991655
0.992487
0.993616
0.994311
0.994898
0.995466
0.996027
0.996574
0.997143
0.997731
0.998175
0.998355
0.998351
0.998108
0.996819
0.995349
0.994567
0.992994
0.991145
0.989704
0.988211
0.987173
0.986585
0.986247
0.986044
0.98592
0.985856
0.985851
0.985876
0.985981
0.986207
0.986693
0.987882
0.990607
0.991531
0.991509
0.991266
0.990868
0.990937
0.991346
0.992388
0.993697
0.994481
0.995125
0.995511
0.995598
0.995496
0.994658
0.993664
0.993513
0.993991
0.996093
0.997364
0.997444
0.996676
0.995688
0.995746
0.996975
0.998312
0.998559
0.903236
0.88863
0.867577
0.862374
0.864476
0.878629
0.908412
0.954965
0.975739
0.97978
0.980665
0.981818
0.984409
0.988231
0.990314
0.990819
0.990709
0.989602
0.98751
0.986158
0.984736
0.984038
0.98267
0.981836
0.981826
0.982215
0.983506
0.984694
0.985335
0.985773
0.986906
0.990672
0.995386
0.998068
0.999228
0.999705
0.999776
0.998973
0.991295
0.979233
0.978173
0.981169
0.982296
0.981151
0.979906
0.980705
0.982903
0.986866
0.988896
0.990226
0.990877
0.991044
0.990869
0.989998
0.98944
0.989328
0.989653
0.990307
0.990829
0.990817
0.990522
0.989801
0.989102
0.988703
0.988565
0.988564
0.988721
0.989462
0.990716
0.991674
0.992167
0.99227
0.99216
0.991532
0.990956
0.990742
0.990723
0.990759
0.990831
0.990916
0.991024
0.991132
0.991255
0.99151
0.992044
0.992666
0.993178
0.993476
0.993553
0.993497
0.993404
0.993499
0.995392
0.997963
0.99923
0.999746
0.999926
0.99998
0.999995
0.999998
0.999998
0.999984
0.999873
0.999135
0.995532
0.991367
0.989868
0.989865
0.991361
0.995363
0.997946
0.999198
0.999712
0.999874
0.999892
0.999844
0.999585
0.998569
0.99498
0.99228
0.991625
0.991759
0.992829
0.994057
0.994817
0.995439
0.996016
0.996563
0.997127
0.9977
0.998149
0.99836
0.998383
0.99826
0.997461
0.995807
0.995073
0.993711
0.991571
0.989946
0.988445
0.987343
0.986675
0.986292
0.986066
0.985932
0.985901
0.985919
0.986007
0.986223
0.98667
0.987693
0.990235
0.991659
0.991771
0.991521
0.990787
0.990768
0.991045
0.992205
0.993752
0.994244
0.994643
0.995159
0.995532
0.995664
0.995654
0.995408
0.994791
0.994591
0.994774
0.996145
0.997502
0.99768
0.997133
0.995874
0.995768
0.9966
0.998166
0.998612
0.907678
0.896934
0.875577
0.867153
0.865123
0.875337
0.898912
0.946588
0.974181
0.979654
0.980708
0.981388
0.98328
0.986692
0.989524
0.990546
0.990717
0.990501
0.989531
0.987831
0.985965
0.984563
0.98295
0.982097
0.981987
0.98214
0.983
0.984283
0.984765
0.985184
0.986197
0.989746
0.994909
0.997895
0.999201
0.999722
0.999916
0.999917
0.999461
0.99415
0.981159
0.979203
0.980833
0.98287
0.982582
0.981601
0.98214
0.983597
0.986798
0.989149
0.990428
0.990949
0.991087
0.990879
0.990022
0.989381
0.989155
0.989122
0.989241
0.989308
0.989265
0.989035
0.98868
0.988488
0.98844
0.988465
0.988663
0.989488
0.990817
0.991789
0.992275
0.992378
0.992269
0.991644
0.991118
0.991013
0.991051
0.991258
0.991437
0.991555
0.991697
0.991896
0.99209
0.99225
0.992572
0.993292
0.994013
0.99431
0.994298
0.994141
0.994115
0.994309
0.995599
0.997939
0.999196
0.999724
0.999915
0.999976
0.999994
0.999998
0.999999
0.999993
0.999934
0.999537
0.997293
0.993076
0.991053
0.990755
0.991484
0.994668
0.997496
0.998951
0.999608
0.99986
0.999926
0.999922
0.999847
0.999487
0.99799
0.993958
0.992004
0.991613
0.991844
0.993117
0.994451
0.99529
0.995945
0.996515
0.997077
0.997645
0.998107
0.99835
0.998402
0.998346
0.997911
0.996413
0.995512
0.9946
0.992517
0.990503
0.988884
0.987685
0.986903
0.986449
0.986164
0.98604
0.986048
0.986117
0.986306
0.986715
0.987634
0.989911
0.991751
0.992078
0.991834
0.990904
0.99057
0.990747
0.991642
0.993651
0.994245
0.994372
0.994641
0.995035
0.995425
0.99563
0.99566
0.995586
0.995431
0.995413
0.99557
0.996565
0.997716
0.997907
0.997507
0.996112
0.995798
0.996332
0.997973
0.998633
0.913252
0.904097
0.882086
0.872833
0.869035
0.875027
0.891379
0.928683
0.969169
0.978736
0.980659
0.981212
0.982161
0.984279
0.987361
0.989558
0.990429
0.990486
0.990328
0.989904
0.98906
0.987254
0.985383
0.983898
0.983552
0.983678
0.984202
0.984522
0.984628
0.984942
0.98599
0.989641
0.995185
0.99824
0.999478
0.999855
0.999959
0.999981
0.999963
0.999572
0.995056
0.982727
0.980212
0.981185
0.983455
0.983526
0.982983
0.9834
0.984504
0.986934
0.989397
0.99057
0.991022
0.991154
0.990956
0.99021
0.989376
0.989049
0.988872
0.988763
0.988701
0.988593
0.988463
0.988401
0.988396
0.98844
0.988671
0.989626
0.990997
0.991932
0.992373
0.992453
0.992324
0.991676
0.991309
0.99129
0.991416
0.991739
0.992085
0.992372
0.992589
0.992771
0.99296
0.993092
0.993296
0.993888
0.99469
0.994985
0.994956
0.99466
0.994547
0.994742
0.99605
0.998062
0.999207
0.999721
0.999912
0.999975
0.999993
0.999998
0.999999
0.999998
0.999978
0.99982
0.998754
0.99514
0.992615
0.991953
0.992235
0.994382
0.997191
0.998751
0.999502
0.999821
0.999932
0.999951
0.999935
0.999819
0.999289
0.997011
0.993237
0.991818
0.991591
0.991908
0.993381
0.994843
0.99574
0.996402
0.996963
0.997527
0.998028
0.998322
0.998405
0.998387
0.998165
0.997069
0.995877
0.995229
0.994062
0.991712
0.989707
0.988287
0.98736
0.986809
0.986431
0.986354
0.986402
0.98657
0.986957
0.987827
0.989979
0.991917
0.992369
0.992198
0.99125
0.990436
0.990499
0.991185
0.993307
0.99428
0.994375
0.994347
0.994377
0.994576
0.995024
0.995401
0.99555
0.99559
0.995622
0.995718
0.996073
0.997194
0.998022
0.998144
0.99782
0.996378
0.995842
0.996176
0.997726
0.998615
0.918377
0.912739
0.89114
0.879182
0.874624
0.876412
0.889688
0.913841
0.957556
0.975403
0.98005
0.98108
0.981731
0.982911
0.984609
0.986777
0.988959
0.989846
0.989969
0.989817
0.989419
0.988594
0.986873
0.985485
0.984995
0.9849
0.984797
0.984578
0.984465
0.984854
0.986712
0.99237
0.997057
0.99898
0.999667
0.999907
0.999977
0.999994
0.999995
0.99997
0.999536
0.994758
0.983614
0.981149
0.981849
0.983928
0.9845
0.984137
0.984511
0.985417
0.987358
0.989637
0.990701
0.991108
0.991246
0.991083
0.99047
0.989485
0.989012
0.988764
0.988626
0.988514
0.988433
0.988402
0.988406
0.988468
0.988785
0.989989
0.991294
0.992113
0.992462
0.992505
0.992312
0.991695
0.991487
0.991512
0.991701
0.991911
0.992347
0.993017
0.993581
0.993821
0.993854
0.993882
0.994006
0.9946
0.995775
0.996229
0.99617
0.995643
0.995385
0.995542
0.99678
0.998421
0.999324
0.999747
0.999916
0.999975
0.999993
0.999998
1
0.999999
0.999994
0.999949
0.999604
0.997521
0.994535
0.993383
0.993364
0.994494
0.997042
0.998614
0.999416
0.999778
0.999922
0.999964
0.999965
0.999933
0.999753
0.998971
0.995888
0.99269
0.991658
0.99156
0.99198
0.993726
0.995247
0.99615
0.996809
0.997378
0.997896
0.998261
0.998396
0.998402
0.998303
0.997746
0.996313
0.995538
0.994917
0.993591
0.991505
0.989522
0.988277
0.987557
0.987069
0.987059
0.987192
0.987579
0.988412
0.990478
0.992198
0.992664
0.992525
0.99183
0.990384
0.990262
0.99063
0.992504
0.994261
0.994506
0.994372
0.993847
0.993698
0.993763
0.994141
0.99483
0.995251
0.995444
0.995617
0.995916
0.996693
0.997733
0.998317
0.99838
0.99809
0.996627
0.995888
0.996083
0.997479
0.998575
0.922265
0.919168
0.901552
0.890437
0.881805
0.880127
0.890617
0.905523
0.939946
0.965951
0.977127
0.980378
0.981341
0.982289
0.983422
0.984346
0.985721
0.98742
0.988137
0.988142
0.987931
0.98734
0.986296
0.985563
0.985222
0.98504
0.984661
0.983763
0.983896
0.985176
0.989755
0.996233
0.998834
0.999658
0.999903
0.999973
0.999992
0.999998
0.999999
0.999997
0.999959
0.999365
0.993585
0.983845
0.981864
0.98257
0.984508
0.985361
0.985145
0.985471
0.986267
0.987881
0.989855
0.990829
0.991208
0.991356
0.991235
0.990814
0.989963
0.989166
0.988796
0.988599
0.988508
0.988495
0.988519
0.988648
0.989258
0.990624
0.991686
0.992308
0.992536
0.992538
0.992245
0.991738
0.991629
0.991678
0.991828
0.99206
0.992686
0.993997
0.995142
0.995738
0.995894
0.995917
0.995997
0.996415
0.997681
0.998211
0.998115
0.997306
0.996842
0.996908
0.997792
0.998938
0.999541
0.999822
0.999938
0.99998
0.999994
0.999999
1
1
0.999999
0.999987
0.99989
0.999249
0.996774
0.995072
0.994723
0.995119
0.99697
0.998544
0.999358
0.999743
0.999907
0.999966
0.999977
0.99997
0.999914
0.99964
0.998514
0.99479
0.992247
0.991519
0.991526
0.992128
0.994182
0.995609
0.996486
0.997181
0.997748
0.998168
0.998368
0.998401
0.998364
0.998098
0.997061
0.995928
0.995306
0.994696
0.993466
0.991937
0.990349
0.989366
0.988745
0.988813
0.989126
0.989846
0.991555
0.992646
0.992966
0.992841
0.992221
0.990518
0.990055
0.990225
0.991411
0.994099
0.994672
0.994558
0.993906
0.992656
0.992409
0.992518
0.992897
0.993871
0.994601
0.995176
0.99561
0.996377
0.99732
0.998172
0.99858
0.998599
0.998325
0.996864
0.995937
0.996028
0.99724
0.998507
0.925581
0.925544
0.912942
0.90293
0.895032
0.889446
0.89386
0.902745
0.927245
0.954573
0.970191
0.977588
0.980216
0.981518
0.982683
0.983417
0.984181
0.985159
0.985849
0.985965
0.985899
0.98569
0.98534
0.985152
0.984921
0.984375
0.9827
0.982589
0.983696
0.98775
0.995416
0.998519
0.999557
0.999875
0.999965
0.99999
0.999997
0.999999
1
1
0.999996
0.999921
0.998923
0.991786
0.983749
0.982437
0.9833
0.985225
0.98615
0.986042
0.986341
0.987066
0.98843
0.990077
0.990963
0.991321
0.991473
0.991409
0.991161
0.990573
0.989691
0.989123
0.988946
0.988951
0.989041
0.989374
0.99032
0.991327
0.992072
0.992473
0.992588
0.992551
0.992165
0.991804
0.991754
0.991791
0.991932
0.992349
0.993763
0.995836
0.997266
0.998105
0.998499
0.998654
0.998775
0.999038
0.999426
0.999553
0.99952
0.99916
0.998736
0.998663
0.998902
0.99945
0.999758
0.999904
0.999966
0.999989
0.999997
0.999999
1
1
1
0.999997
0.999971
0.999801
0.99881
0.996948
0.996221
0.996232
0.997096
0.998535
0.999334
0.999721
0.999893
0.999962
0.999983
0.999984
0.999968
0.999876
0.999463
0.997842
0.993819
0.99192
0.99143
0.991534
0.992434
0.994662
0.995949
0.996821
0.997534
0.998039
0.998311
0.998387
0.998377
0.998263
0.997768
0.99654
0.995666
0.995173
0.994531
0.993768
0.992745
0.991923
0.991446
0.991523
0.991845
0.992576
0.99316
0.993256
0.993129
0.992557
0.990732
0.989948
0.989972
0.990657
0.993448
0.994807
0.99478
0.994268
0.99263
0.991267
0.991048
0.991142
0.991557
0.992757
0.994073
0.995077
0.996105
0.997002
0.997843
0.99853
0.998812
0.998806
0.998526
0.997052
0.995973
0.995988
0.997032
0.998424
0.928937
0.93142
0.927933
0.922078
0.908705
0.90217
0.900899
0.904462
0.913981
0.933086
0.95455
0.968973
0.976085
0.979412
0.981266
0.982387
0.983256
0.984049
0.984683
0.984968
0.984968
0.984906
0.984745
0.984322
0.98338
0.980706
0.980655
0.981942
0.986475
0.994947
0.99835
0.999507
0.999863
0.999964
0.99999
0.999997
0.999999
1
1
1
1
0.99999
0.999805
0.99811
0.989547
0.983574
0.982933
0.984089
0.986007
0.986901
0.986847
0.987132
0.987812
0.98895
0.990292
0.9911
0.991437
0.991579
0.99159
0.991471
0.991135
0.990535
0.990284
0.990294
0.990405
0.990671
0.991267
0.991908
0.992364
0.992579
0.992617
0.992532
0.992108
0.991884
0.991861
0.991895
0.992079
0.992865
0.994881
0.996564
0.997784
0.998621
0.999131
0.999412
0.999585
0.999737
0.999833
0.999857
0.999844
0.999747
0.999642
0.99962
0.999672
0.999822
0.999916
0.999964
0.999986
0.999995
0.999998
1
1
1
1
0.999999
0.999992
0.999947
0.999692
0.998649
0.997718
0.9975
0.997698
0.998616
0.999347
0.999716
0.999886
0.999958
0.999984
0.99999
0.999986
0.999958
0.999814
0.999205
0.996821
0.993143
0.99169
0.991396
0.991624
0.992966
0.995041
0.99623
0.997139
0.997808
0.998194
0.998346
0.998362
0.998318
0.998097
0.997318
0.996251
0.995581
0.995037
0.994656
0.994169
0.993732
0.993333
0.993347
0.993459
0.993583
0.993542
0.99338
0.992822
0.991076
0.989965
0.989811
0.990077
0.991875
0.994646
0.995095
0.994763
0.993205
0.991258
0.990666
0.990596
0.9907
0.991146
0.99247
0.994036
0.99563
0.99692
0.997787
0.998411
0.99886
0.999009
0.998983
0.998692
0.997189
0.995995
0.995954
0.996843
0.998331
0.926508
0.930701
0.933193
0.939533
0.93491
0.924789
0.920065
0.915475
0.91777
0.92468
0.933885
0.947494
0.962431
0.971666
0.976839
0.979686
0.981344
0.982413
0.983129
0.983622
0.983671
0.983517
0.982578
0.979745
0.977355
0.977882
0.980167
0.986854
0.995238
0.998462
0.999546
0.999876
0.999968
0.999992
0.999998
0.999999
1
1
1
1
1
0.999999
0.999964
0.999553
0.996653
0.987245
0.983503
0.983388
0.984972
0.986833
0.987614
0.98758
0.987861
0.9885
0.989431
0.9905
0.991232
0.991537
0.991687
0.991782
0.991726
0.991525
0.991381
0.991379
0.991431
0.991575
0.991928
0.992295
0.992536
0.992629
0.992629
0.992477
0.992102
0.991959
0.991929
0.991944
0.992137
0.993157
0.995102
0.996661
0.997843
0.998689
0.999244
0.999571
0.999761
0.999872
0.999928
0.999943
0.99994
0.99991
0.999874
0.999865
0.999879
0.999931
0.999967
0.999986
0.999994
0.999998
0.999999
1
1
1
1
1
0.999998
0.999984
0.999912
0.999579
0.998928
0.998585
0.99856
0.998857
0.999418
0.999733
0.999887
0.999956
0.999984
0.999992
0.999993
0.999985
0.999937
0.99972
0.998849
0.995719
0.992589
0.991536
0.991417
0.991806
0.99362
0.995462
0.996481
0.997339
0.997943
0.998231
0.998312
0.998299
0.998201
0.997846
0.996919
0.996096
0.995463
0.995093
0.994757
0.994502
0.994233
0.994118
0.993965
0.993817
0.993595
0.993016
0.991333
0.990068
0.989751
0.989806
0.990686
0.9939
0.995369
0.995208
0.994096
0.99164
0.990711
0.990481
0.990491
0.990634
0.991166
0.992781
0.994933
0.996597
0.997718
0.998436
0.998909
0.999158
0.999193
0.999142
0.998824
0.997296
0.996003
0.995918
0.996681
0.998229
0.922674
0.92317
0.923188
0.923329
0.923131
0.924438
0.927845
0.928735
0.928662
0.929049
0.930085
0.932012
0.936818
0.947616
0.957816
0.966683
0.973217
0.976224
0.977599
0.977571
0.97683
0.973699
0.972281
0.972841
0.975198
0.980821
0.991198
0.996777
0.99894
0.999681
0.999912
0.999978
0.999995
0.999999
1
1
1
1
1
1
1
1
0.999993
0.999896
0.999059
0.993881
0.985727
0.983637
0.983847
0.985972
0.987691
0.988321
0.98827
0.98854
0.989125
0.989865
0.990688
0.99134
0.991641
0.991808
0.991913
0.991921
0.99192
0.991946
0.991995
0.992105
0.992306
0.992498
0.992611
0.992642
0.992623
0.992407
0.99216
0.992028
0.991948
0.991947
0.992117
0.993144
0.995071
0.996629
0.997827
0.998689
0.99926
0.999609
0.999805
0.999907
0.999955
0.999972
0.999973
0.999965
0.999951
0.999947
0.99995
0.99997
0.999985
0.999994
0.999997
0.999999
1
1
1
1
1
1
0.999999
0.999994
0.999969
0.999856
0.999586
0.999358
0.999259
0.999283
0.999525
0.999772
0.999898
0.999958
0.999984
0.999994
0.999995
0.999994
0.999979
0.999905
0.999588
0.998396
0.994658
0.99216
0.991469
0.99147
0.992072
0.994252
0.995829
0.996632
0.997357
0.997921
0.998156
0.99821
0.998165
0.997983
0.997461
0.996622
0.995898
0.995345
0.994993
0.994719
0.994464
0.994249
0.994029
0.993725
0.993095
0.991467
0.990224
0.989774
0.989737
0.990102
0.992262
0.995318
0.995705
0.995038
0.992492
0.990988
0.990529
0.990448
0.990497
0.990786
0.991749
0.994155
0.996256
0.997606
0.998425
0.998928
0.999239
0.999354
0.999349
0.999276
0.998926
0.997305
0.995993
0.995874
0.996545
0.998131
0.998295
0.996457
0.994993
0.994966
0.996276
0.99702
0.996769
0.995403
0.993907
0.994036
0.996109
0.996502
0.991913
0.969259
0.958464
0.957203
0.957866
0.960416
0.963628
0.964551
0.965319
0.967576
0.973222
0.982243
0.991094
0.996062
0.998468
0.999469
0.999834
0.999953
0.999988
0.999997
0.999999
1
1
1
1
1
1
1
1
1
0.999999
0.999976
0.999745
0.998172
0.990786
0.98487
0.983881
0.984454
0.986991
0.988499
0.989048
0.988963
0.98919
0.989682
0.990248
0.990839
0.991383
0.991733
0.991905
0.992011
0.992099
0.992177
0.99225
0.992348
0.992471
0.992574
0.992627
0.992635
0.9926
0.992372
0.992221
0.992101
0.991907
0.991827
0.99193
0.992808
0.994735
0.996403
0.997712
0.998646
0.999252
0.999615
0.999817
0.999919
0.999965
0.999983
0.999987
0.999986
0.999981
0.999979
0.99998
0.999987
0.999994
0.999997
0.999999
1
1
1
1
1
1
1
1
0.999998
0.999988
0.999942
0.999832
0.999737
0.999682
0.999669
0.999705
0.999832
0.99992
0.999964
0.999985
0.999994
0.999997
0.999997
0.999993
0.999971
0.999866
0.999437
0.997924
0.993954
0.99197
0.991493
0.99157
0.992337
0.994619
0.99599
0.996598
0.997089
0.997571
0.997834
0.99791
0.997836
0.997544
0.996856
0.996089
0.995439
0.995056
0.994679
0.994478
0.994088
0.993669
0.992933
0.991392
0.990339
0.989882
0.989742
0.98991
0.99101
0.994536
0.996092
0.995845
0.994033
0.99152
0.990702
0.990489
0.99051
0.990753
0.991554
0.993669
0.996195
0.997734
0.998497
0.998951
0.999292
0.999481
0.999512
0.999488
0.999389
0.998977
0.997264
0.995949
0.995817
0.996418
0.998011
0.99999
0.999971
0.99995
0.999951
0.999973
0.99998
0.999971
0.999947
0.999902
0.999896
0.99991
0.999891
0.999688
0.998536
0.995038
0.987355
0.977839
0.973817
0.973756
0.974875
0.978495
0.986626
0.992917
0.996649
0.998559
0.999438
0.999803
0.999937
0.999982
0.999995
0.999999
1
1
1
1
1
1
1
1
1
1
1
1
0.999995
0.999936
0.999466
0.99681
0.988293
0.984526
0.984202
0.985169
0.987907
0.989192
0.989815
0.989714
0.989845
0.990181
0.990611
0.991046
0.991454
0.99177
0.991974
0.992104
0.992212
0.992312
0.992417
0.992516
0.992583
0.992606
0.992603
0.992557
0.992388
0.992301
0.992187
0.991831
0.991511
0.991473
0.991976
0.993894
0.995908
0.997461
0.998539
0.999217
0.999609
0.999819
0.999923
0.999969
0.999987
0.999993
0.999994
0.999993
0.999992
0.999992
0.999995
0.999997
0.999999
0.999999
1
1
1
1
1
1
1
1
0.999999
0.999995
0.999977
0.999931
0.999893
0.999871
0.999866
0.999876
0.999917
0.999953
0.999976
0.999989
0.999995
0.999998
0.999998
0.999998
0.999992
0.999961
0.999827
0.999302
0.997542
0.993662
0.991948
0.991575
0.991688
0.992448
0.994593
0.995876
0.996333
0.996607
0.996811
0.996956
0.997011
0.996981
0.996692
0.996022
0.995363
0.994864
0.99447
0.993834
0.993263
0.992274
0.991214
0.990414
0.990008
0.98984
0.989942
0.990561
0.993335
0.996371
0.996602
0.995568
0.992403
0.991005
0.990612
0.990612
0.990868
0.991762
0.993905
0.996728
0.998137
0.998709
0.999049
0.999293
0.999497
0.999612
0.999621
0.999592
0.999474
0.998977
0.997145
0.995873
0.995745
0.9963
0.997887
1
1
1
1
1
1
1
1
0.999999
0.999999
0.999999
0.999998
0.99999
0.999939
0.999735
0.999169
0.997544
0.996019
0.995944
0.996379
0.997635
0.998724
0.999399
0.999748
0.999904
0.999967
0.99999
0.999997
0.999999
1
1
1
1
1
1
1
1
1
1
1
1
1
1
0.999999
0.999986
0.999863
0.999049
0.994795
0.98703
0.984574
0.984528
0.985848
0.988608
0.989785
0.990564
0.990562
0.990507
0.990663
0.990996
0.991327
0.991611
0.99184
0.992029
0.992174
0.992298
0.992414
0.992508
0.992562
0.99258
0.992579
0.992542
0.992446
0.992374
0.992216
0.991641
0.990955
0.990623
0.990798
0.99258
0.995187
0.997099
0.99838
0.999159
0.999593
0.999817
0.999924
0.999971
0.999989
0.999996
0.999997
0.999997
0.999997
0.999997
0.999998
0.999999
1
1
1
1
1
1
1
1
1
1
1
0.999998
0.999991
0.999971
0.999955
0.999946
0.999944
0.999949
0.999965
0.999979
0.999988
0.999994
0.999997
0.999999
0.999999
0.999999
0.999998
0.99999
0.999952
0.999793
0.999203
0.997262
0.993579
0.992009
0.991673
0.991771
0.992393
0.994195
0.995466
0.995919
0.995979
0.995983
0.995947
0.995757
0.995567
0.995112
0.994476
0.99379
0.993196
0.992448
0.991753
0.991067
0.990559
0.990165
0.990058
0.990156
0.990578
0.99206
0.995975
0.997211
0.996815
0.994082
0.991505
0.990821
0.990725
0.990995
0.991992
0.994414
0.997351
0.998489
0.998893
0.999048
0.999261
0.999488
0.999645
0.999699
0.999695
0.999657
0.99951
0.99892
0.996921
0.995765
0.995664
0.996204
0.99778
1
1
1
1
1
1
1
1
1
1
1
1
1
0.999998
0.99999
0.999964
0.999856
0.999753
0.999767
0.999839
0.999913
0.999959
0.999983
0.999994
0.999998
0.999999
1
1
1
1
1
1
1
1
1
1
1
1
1
1
1
1
1
1
0.999997
0.999969
0.999753
0.998535
0.992926
0.98646
0.984728
0.984806
0.98638
0.989136
0.990394
0.991224
0.991375
0.991254
0.991282
0.991402
0.991632
0.991834
0.992003
0.992148
0.992282
0.992401
0.992495
0.992554
0.99258
0.992582
0.992558
0.99251
0.992441
0.992247
0.991463
0.9902
0.989415
0.989444
0.991181
0.994369
0.996673
0.998188
0.999088
0.999574
0.999814
0.999925
0.999972
0.99999
0.999997
0.999999
0.999999
0.999999
0.999999
0.999999
1
1
1
1
1
1
1
1
1
1
1
1
0.999999
0.999997
0.999988
0.999981
0.999977
0.999976
0.999978
0.999984
0.99999
0.999994
0.999997
0.999998
0.999999
1
1
0.999999
0.999997
0.999988
0.999944
0.999771
0.999154
0.997211
0.99367
0.992142
0.99177
0.991812
0.992224
0.993428
0.99475
0.995267
0.995318
0.995277
0.995133
0.99472
0.994075
0.993381
0.992766
0.992204
0.991666
0.991206
0.990816
0.990431
0.990405
0.990506
0.990858
0.991845
0.994942
0.997495
0.997694
0.996438
0.992631
0.991087
0.990798
0.991046
0.992052
0.9946
0.997704
0.998765
0.999029
0.999095
0.999161
0.999354
0.999608
0.999741
0.999763
0.999751
0.999698
0.999508
0.99874
0.996617
0.995638
0.995577
0.996119
0.997657
1
1
1
1
1
1
1
1
1
1
1
1
1
1
1
0.999999
0.999996
0.999995
0.999996
0.999998
0.999999
1
1
1
1
1
1
1
1
1
1
1
1
1
1
1
1
1
1
1
1
1
1
1
1
0.999994
0.999942
0.999609
0.997996
0.991506
0.986175
0.98488
0.985027
0.986682
0.989469
0.990981
0.991674
0.992202
0.992208
0.992127
0.992056
0.992088
0.992144
0.992234
0.992338
0.99244
0.992524
0.992586
0.992622
0.992635
0.992636
0.99263
0.992591
0.992376
0.99128
0.989176
0.988009
0.98801
0.989829
0.993454
0.996159
0.997944
0.998994
0.999548
0.999811
0.999926
0.999973
0.999991
0.999997
0.999999
1
1
1
1
1
1
1
1
1
1
1
1
1
1
1
1
1
0.999999
0.999995
0.999992
0.99999
0.99999
0.99999
0.999993
0.999996
0.999997
0.999999
0.999999
1
1
1
1
0.999999
0.999997
0.999986
0.99994
0.999766
0.999172
0.997432
0.993961
0.992353
0.99187
0.99184
0.992025
0.992554
0.99356
0.99431
0.994513
0.994476
0.994284
0.993737
0.993175
0.992558
0.99201
0.991641
0.991167
0.990908
0.990929
0.991055
0.991384
0.992102
0.994044
0.997372
0.998373
0.997966
0.995006
0.991692
0.990914
0.991026
0.99186
0.994288
0.997745
0.99897
0.999225
0.999144
0.99913
0.999194
0.999453
0.999704
0.999799
0.999807
0.999788
0.999705
0.999471
0.998365
0.996278
0.995498
0.995479
0.996031
0.997537
1
1
1
1
1
1
1
1
1
1
1
1
1
1
1
1
1
1
1
1
1
1
1
1
1
1
1
1
1
1
1
1
1
1
1
1
1
1
1
1
1
1
1
1
1
0.999999
0.999988
0.999907
0.999453
0.997501
0.990606
0.9861
0.984991
0.985149
0.98657
0.98969
0.991309
0.992145
0.992692
0.993044
0.993093
0.99305
0.992957
0.992883
0.992809
0.992781
0.992798
0.992837
0.992879
0.992926
0.992981
0.992993
0.992936
0.99257
0.990731
0.988059
0.986912
0.986879
0.988357
0.992351
0.995557
0.997665
0.998884
0.999513
0.999806
0.999928
0.999975
0.999992
0.999998
0.999999
1
1
1
1
1
1
1
1
1
1
1
1
1
1
1
1
1
1
0.999998
0.999997
0.999996
0.999996
0.999996
0.999997
0.999998
0.999999
0.999999
1
1
1
1
1
1
0.999999
0.999997
0.999986
0.999941
0.999781
0.999262
0.997888
0.994566
0.992698
0.99203
0.991849
0.99188
0.992049
0.992429
0.992845
0.99318
0.993239
0.99316
0.992908
0.992469
0.992137
0.99174
0.991558
0.991575
0.991688
0.991974
0.992562
0.993822
0.996941
0.998733
0.998843
0.997711
0.993404
0.991123
0.990868
0.991362
0.993353
0.997348
0.998994
0.999422
0.999338
0.999106
0.999076
0.999227
0.999615
0.999789
0.999834
0.99983
0.999793
0.99969
0.999364
0.997779
0.995924
0.995361
0.995384
0.995991
0.997438
1
1
1
1
1
1
1
1
1
1
1
1
1
1
1
1
1
1
1
1
1
1
1
1
1
1
1
1
1
1
1
1
1
1
1
1
1
1
1
1
1
1
1
1
1
1
0.999998
0.99998
0.999868
0.99931
0.997124
0.990187
0.986155
0.985056
0.985152
0.986213
0.98943
0.991461
0.992511
0.993103
0.993505
0.993748
0.993801
0.993797
0.99378
0.993706
0.993644
0.99363
0.993602
0.99359
0.993569
0.993503
0.993308
0.992679
0.990088
0.987439
0.986486
0.986458
0.987306
0.99111
0.994961
0.99743
0.99881
0.999498
0.999803
0.999929
0.999977
0.999993
0.999998
0.999999
1
1
1
1
1
1
1
1
1
1
1
1
1
1
1
1
1
1
0.999999
0.999999
0.999999
0.999998
0.999998
0.999999
0.999999
0.999999
1
1
1
1
1
1
1
1
0.999999
0.999997
0.999987
0.999948
0.999815
0.999414
0.998406
0.995775
0.993409
0.992352
0.991986
0.991856
0.991862
0.991901
0.992006
0.992093
0.992103
0.992081
0.992011
0.991831
0.991767
0.991811
0.991984
0.992426
0.993135
0.994346
0.997082
0.998877
0.999359
0.999071
0.996644
0.992315
0.990874
0.990909
0.992164
0.996081
0.998672
0.999513
0.999568
0.999317
0.998867
0.998897
0.999323
0.999697
0.999822
0.999844
0.999832
0.999782
0.999641
0.999101
0.99703
0.995589
0.995232
0.995297
0.995959
0.99732
1
1
1
1
1
1
1
1
1
1
1
1
1
1
1
1
1
1
1
1
1
1
1
1
1
1
1
1
1
1
1
1
1
1
1
1
1
1
1
1
1
1
1
1
1
1
1
0.999996
0.999972
0.999836
0.999215
0.996963
0.990204
0.986305
0.985095
0.985074
0.985781
0.988539
0.991251
0.992641
0.993375
0.993793
0.994063
0.994213
0.994255
0.994254
0.994245
0.99422
0.994133
0.99406
0.994
0.99388
0.993599
0.992717
0.989627
0.987175
0.986367
0.98635
0.986946
0.990152
0.99447
0.997246
0.998772
0.999494
0.999809
0.999933
0.999979
0.999994
0.999998
1
1
1
1
1
1
1
1
1
1
1
1
1
1
1
1
1
1
1
1
1
0.999999
0.999999
0.999999
1
1
1
1
1
1
1
1
1
1
1
1
0.999999
0.999997
0.999989
0.999959
0.999861
0.999591
0.998904
0.997382
0.9948
0.993207
0.992434
0.992081
0.991944
0.9919
0.991888
0.991878
0.99184
0.991847
0.991902
0.992082
0.992532
0.993392
0.994658
0.996085
0.998034
0.999165
0.999631
0.99962
0.998954
0.995245
0.991566
0.990783
0.991202
0.993911
0.997928
0.99938
0.999718
0.999609
0.998894
0.998579
0.998804
0.99941
0.999728
0.999831
0.999841
0.999819
0.999743
0.999514
0.998384
0.996295
0.995309
0.995113
0.995211
0.995909
0.997208
1
1
1
1
1
1
1
1
1
1
1
1
1
1
1
1
1
1
1
1
1
1
1
1
1
1
1
1
1
1
1
1
1
1
1
1
1
1
1
1
1
1
1
1
1
1
1
0.999999
0.999994
0.999965
0.999817
0.999194
0.997087
0.990687
0.986597
0.985188
0.984996
0.985393
0.987148
0.990524
0.992425
0.993425
0.993948
0.994219
0.994363
0.994424
0.994438
0.994434
0.994386
0.994296
0.99422
0.994085
0.993781
0.992791
0.989579
0.987202
0.986396
0.986371
0.986871
0.989523
0.994073
0.997123
0.998756
0.999518
0.99983
0.999944
0.999983
0.999995
0.999999
1
1
1
1
1
1
1
1
1
1
1
1
1
1
1
1
1
1
1
1
1
1
1
1
1
1
1
1
1
1
1
1
1
1
1
1
1
1
0.999998
0.999992
0.999971
0.99991
0.999747
0.999321
0.9986
0.997042
0.995399
0.994067
0.993263
0.992894
0.992659
0.992625
0.992684
0.992875
0.99334
0.994297
0.99587
0.997356
0.998441
0.999126
0.999566
0.999807
0.999851
0.999713
0.998533
0.99398
0.991132
0.990797
0.991928
0.996284
0.998879
0.999703
0.999791
0.999463
0.998468
0.998353
0.998771
0.999426
0.999716
0.999805
0.999812
0.999769
0.999631
0.99917
0.997291
0.995695
0.995092
0.995005
0.995133
0.995873
0.997087
1
1
1
1
1
1
1
1
1
1
1
1
1
1
1
1
1
1
1
1
1
1
1
1
1
1
1
1
1
1
1
1
1
1
1
1
1
1
1
1
1
1
1
1
1
1
1
1
0.999999
0.999993
0.999962
0.999818
0.999256
0.997471
0.991735
0.987147
0.985397
0.98499
0.985161
0.986041
0.989027
0.991779
0.993208
0.993924
0.994258
0.9944
0.994446
0.99445
0.994425
0.994339
0.994263
0.994137
0.993857
0.992932
0.989797
0.987421
0.986654
0.986647
0.987048
0.989302
0.993914
0.997071
0.998782
0.999554
0.999853
0.999956
0.999988
0.999997
0.999999
1
1
1
1
1
1
1
1
1
1
1
1
1
1
1
1
1
1
1
1
1
1
1
1
1
1
1
1
1
1
1
1
1
1
1
1
1
1
1
0.999999
0.999995
0.999983
0.99995
0.999864
0.999683
0.999274
0.998648
0.997876
0.99713
0.996637
0.996303
0.996337
0.996529
0.996993
0.997819
0.998586
0.999155
0.999517
0.999723
0.999845
0.999922
0.999946
0.999917
0.999659
0.997908
0.993046
0.99091
0.99097
0.993459
0.997832
0.999451
0.999847
0.999809
0.999026
0.998069
0.998057
0.998634
0.99927
0.999601
0.999713
0.999719
0.999625
0.999323
0.99817
0.996285
0.995258
0.994931
0.994908
0.995061
0.995798
0.996865
1
1
1
1
1
1
1
1
1
1
1
1
1
1
1
1
1
1
1
1
1
1
1
1
1
1
1
1
1
1
1
1
1
1
1
1
1
1
1
1
1
1
1
1
1
1
1
1
1
0.999999
0.999993
0.999963
0.999839
0.999387
0.99798
0.993334
0.988167
0.985846
0.985164
0.98516
0.985601
0.987428
0.990773
0.992683
0.993657
0.994129
0.994327
0.994376
0.994367
0.994302
0.994223
0.994109
0.993865
0.993115
0.990268
0.987908
0.987228
0.987256
0.987653
0.989426
0.99391
0.997132
0.998838
0.999585
0.999867
0.999961
0.999989
0.999997
0.999999
1
1
1
1
1
1
1
1
1
1
1
1
1
1
1
1
1
1
1
1
1
1
1
1
1
1
1
1
1
1
1
1
1
1
1
1
1
1
1
1
0.999999
0.999997
0.999991
0.999976
0.999939
0.999854
0.999735
0.99945
0.999252
0.999062
0.99903
0.999067
0.999166
0.99937
0.999589
0.999761
0.99987
0.999931
0.999961
0.999979
0.999984
0.999977
0.999925
0.999553
0.997257
0.992408
0.990835
0.99139
0.995493
0.998786
0.999743
0.999904
0.999739
0.99852
0.997702
0.99773
0.9983
0.998962
0.999334
0.999485
0.999467
0.999232
0.998466
0.996797
0.995556
0.994969
0.994818
0.994827
0.994987
0.995613
0.996558
1
1
1
1
1
1
1
1
1
1
1
1
1
1
1
1
1
1
1
1
1
1
1
1
1
1
1
1
1
1
1
1
1
1
1
1
1
1
1
1
1
1
1
1
1
1
1
1
1
1
0.999999
0.999993
0.999968
0.999868
0.999525
0.998451
0.995052
0.989497
0.986537
0.985483
0.985359
0.985562
0.986412
0.9892
0.991757
0.993162
0.993847
0.9941
0.994141
0.994121
0.994058
0.993974
0.993797
0.993274
0.990952
0.988637
0.987989
0.988033
0.98844
0.990192
0.994447
0.99743
0.998979
0.999642
0.999887
0.999968
0.999991
0.999998
1
1
1
1
1
1
1
1
1
1
1
1
1
1
1
1
1
1
1
1
1
1
1
1
1
1
1
1
1
1
1
1
1
1
1
1
1
1
1
1
1
1
1
0.999999
0.999996
0.99999
0.999977
0.999955
0.9999
0.999854
0.999819
0.999821
0.999836
0.999868
0.999911
0.999948
0.999972
0.999986
0.999993
0.999996
0.999996
0.999994
0.999982
0.999907
0.999448
0.996677
0.991975
0.990905
0.992248
0.99714
0.999355
0.999886
0.99992
0.999519
0.997972
0.99737
0.997335
0.997757
0.998346
0.998737
0.998905
0.998767
0.998168
0.997009
0.99579
0.995092
0.994801
0.994751
0.994783
0.994933
0.995397
0.996303
1
1
1
1
1
1
1
1
1
1
1
1
1
1
1
1
1
1
1
1
1
1
1
1
1
1
1
1
1
1
1
1
1
1
1
1
1
1
1
1
1
1
1
1
1
1
1
1
1
1
1
0.999999
0.999995
0.999976
0.999905
0.999673
0.99894
0.997042
0.991875
0.987986
0.986208
0.985783
0.985821
0.986166
0.987262
0.990213
0.99226
0.993191
0.993544
0.993621
0.993614
0.993601
0.99356
0.993313
0.991702
0.989561
0.989066
0.989132
0.98948
0.991035
0.99511
0.997886
0.999224
0.99975
0.999927
0.999981
0.999995
0.999999
1
1
1
1
1
1
1
1
1
1
1
1
1
1
1
1
1
1
1
1
1
1
1
1
1
1
1
1
1
1
1
1
1
1
1
1
1
1
1
1
1
1
1
1
1
0.999999
0.999997
0.999993
0.999987
0.999979
0.999976
0.999977
0.999981
0.999986
0.999991
0.999995
0.999998
0.999999
0.999999
0.999999
0.999999
0.999995
0.999978
0.999886
0.999361
0.996172
0.991735
0.991152
0.993666
0.998324
0.999701
0.99995
0.99992
0.9991
0.997539
0.997057
0.996884
0.997051
0.997419
0.997663
0.997734
0.997437
0.996777
0.995876
0.995184
0.994841
0.994726
0.994725
0.994774
0.994925
0.995295
0.996179
1
1
1
1
1
1
1
1
1
1
1
1
1
1
1
1
1
1
1
1
1
1
1
1
1
1
1
1
1
1
1
1
1
1
1
1
1
1
1
1
1
1
1
1
1
1
1
1
1
1
1
1
0.999999
0.999997
0.999986
0.999947
0.99982
0.999446
0.998475
0.995963
0.991402
0.988316
0.986849
0.986543
0.986611
0.986998
0.988352
0.989707
0.990477
0.991018
0.991644
0.992315
0.992734
0.992777
0.992461
0.991169
0.990357
0.990251
0.990525
0.992434
0.996323
0.998562
0.999517
0.999855
0.99996
0.99999
0.999997
0.999999
1
1
1
1
1
1
1
1
1
1
1
1
1
1
1
1
1
1
1
1
1
1
1
1
1
1
1
1
1
1
1
1
1
1
1
1
1
1
1
1
1
1
1
1
1
1
1
0.999999
0.999999
0.999998
0.999998
0.999998
0.999998
0.999999
0.999999
1
1
1
1
1
0.999998
0.999993
0.99997
0.999871
0.999301
0.995797
0.991633
0.991583
0.995504
0.999132
0.999875
0.999973
0.999833
0.99844
0.997293
0.996849
0.996535
0.996451
0.996563
0.996643
0.996579
0.996255
0.995739
0.9952
0.994879
0.994739
0.99471
0.994726
0.994789
0.994944
0.995293
0.996171
1
1
1
1
1
1
1
1
1
1
1
1
1
1
1
1
1
1
1
1
1
1
1
1
1
1
1
1
1
1
1
1
1
1
1
1
1
1
1
1
1
1
1
1
1
1
1
1
1
1
1
1
1
1
0.999998
0.999994
0.999977
0.999923
0.999775
0.999386
0.998548
0.996728
0.993189
0.990035
0.988272
0.987824
0.987849
0.98799
0.98811
0.988173
0.988295
0.988775
0.990109
0.991024
0.991219
0.990985
0.990556
0.990573
0.991235
0.994507
0.997696
0.999167
0.999732
0.999922
0.999979
0.999995
0.999999
1
1
1
1
1
1
1
1
1
1
1
1
1
1
1
1
1
1
1
1
1
1
1
1
1
1
1
1
1
1
1
1
1
1
1
1
1
1
1
1
1
1
1
1
1
1
1
1
1
1
1
1
1
1
1
1
1
1
1
1
0.999999
0.999997
0.999988
0.999961
0.999864
0.999263
0.995445
0.991771
0.992383
0.997179
0.999607
0.99995
0.999977
0.999653
0.997889
0.997115
0.99675
0.996348
0.996058
0.995916
0.995843
0.995727
0.995473
0.995154
0.994902
0.994772
0.994724
0.994722
0.994768
0.994862
0.995013
0.995349
0.996326
1
1
1
1
1
1
1
1
1
1
1
1
1
1
1
1
1
1
1
1
1
1
1
1
1
1
1
1
1
1
1
1
1
1
1
1
1
1
1
1
1
1
1
1
1
1
1
1
1
1
1
1
1
1
1
0.999999
0.999998
0.999992
0.999976
0.999931
0.999824
0.999576
0.999052
0.997789
0.995625
0.993619
0.991947
0.990758
0.990272
0.99026
0.990477
0.990586
0.990539
0.990495
0.990413
0.990364
0.990462
0.991156
0.994467
0.997687
0.999141
0.999712
0.999911
0.999975
0.999993
0.999998
1
1
1
1
1
1
1
1
1
1
1
1
1
1
1
1
1
1
1
1
1
1
1
1
1
1
1
1
1
1
1
1
1
1
1
1
1
1
1
1
1
1
1
1
1
1
1
1
1
1
1
1
1
1
1
1
1
1
1
1
1
0.999998
0.999993
0.99998
0.999955
0.999869
0.999233
0.99511
0.992034
0.99358
0.998525
0.99985
0.999973
0.999957
0.999315
0.997644
0.997025
0.996694
0.996279
0.995918
0.995624
0.995414
0.995275
0.9951
0.994932
0.994823
0.994769
0.994748
0.994796
0.994865
0.994948
0.995131
0.99561
0.997008
1
1
1
1
1
1
1
1
1
1
1
1
1
1
1
1
1
1
1
1
1
1
1
1
1
1
1
1
1
1
1
1
1
1
1
1
1
1
1
1
1
1
1
1
1
1
1
1
1
1
1
1
1
1
1
1
1
0.999999
0.999998
0.999995
0.999985
0.999962
0.999908
0.999785
0.999517
0.998873
0.99815
0.997615
0.997516
0.997603
0.997636
0.997227
0.995156
0.99348
0.993035
0.993128
0.993971
0.996641
0.998492
0.999402
0.999787
0.99993
0.999979
0.999994
0.999998
1
1
1
1
1
1
1
1
1
1
1
1
1
1
1
1
1
1
1
1
1
1
1
1
1
1
1
1
1
1
1
1
1
1
1
1
1
1
1
1
1
1
1
1
1
1
1
1
1
1
1
1
1
1
1
1
1
1
1
1
1
0.999999
0.999997
0.999986
0.999975
0.999956
0.999874
0.999127
0.994655
0.992436
0.994972
0.999195
0.999947
0.999976
0.999897
0.999078
0.997575
0.99699
0.996674
0.996266
0.995894
0.995557
0.995297
0.995123
0.994983
0.994888
0.994828
0.994799
0.994838
0.994886
0.994942
0.995061
0.995394
0.996457
0.997947
1
1
1
1
1
1
1
1
1
1
1
1
1
1
1
1
1
1
1
1
1
1
1
1
1
1
1
1
1
1
1
1
1
1
1
1
1
1
1
1
1
1
1
1
1
1
1
1
1
1
1
1
1
1
1
1
1
1
1
1
0.999999
0.999998
0.999995
0.999987
0.999969
0.999907
0.999802
0.999751
0.99975
0.999755
0.999729
0.999498
0.999062
0.998877
0.998865
0.998949
0.999324
0.999671
0.999856
0.999944
0.99998
0.999993
0.999998
0.999999
1
1
1
1
1
1
1
1
1
1
1
1
1
1
1
1
1
1
1
1
1
1
1
1
1
1
1
1
1
1
1
1
1
1
1
1
1
1
1
1
1
1
1
1
1
1
1
1
1
1
1
1
1
1
1
1
1
1
1
1
1
1
0.999999
0.999996
0.999982
0.999972
0.999954
0.999856
0.998821
0.993972
0.992859
0.996461
0.999625
0.999983
0.999967
0.999847
0.999028
0.9976
0.996985
0.996672
0.996307
0.995943
0.995586
0.995305
0.995112
0.994977
0.994903
0.99487
0.994889
0.994924
0.994963
0.995053
0.995294
0.996151
0.997551
0.998637
1
1
1
1
1
1
1
1
1
1
1
1
1
1
1
1
1
1
1
1
1
1
1
1
1
1
1
1
1
1
1
1
1
1
1
1
1
1
1
1
1
1
1
1
1
1
1
1
1
1
1
1
1
1
1
1
1
1
1
1
1
1
1
1
0.999999
0.999996
0.999991
0.99999
0.99999
0.999988
0.999976
0.999956
0.999948
0.999947
0.99995
0.999959
0.999978
0.99999
0.999996
0.999998
0.999999
1
1
1
1
1
1
1
1
1
1
1
1
1
1
1
1
1
1
1
1
1
1
1
1
1
1
1
1
1
1
1
1
1
1
1
1
1
1
1
1
1
1
1
1
1
1
1
1
1
1
1
1
1
1
1
1
1
1
1
1
1
1
1
1
1
0.999999
0.999994
0.999969
0.99995
0.999929
0.999774
0.998063
0.99329
0.993337
0.99765
0.999825
0.999992
0.999965
0.99984
0.999247
0.997929
0.997086
0.996707
0.996421
0.996078
0.995724
0.995386
0.995153
0.995034
0.994988
0.994982
0.994997
0.99502
0.995091
0.995285
0.995935
0.99731
0.998354
0.999096
1
1
1
1
1
1
1
1
1
1
1
1
1
1
1
1
1
1
1
1
1
1
1
1
1
1
1
1
1
1
1
1
1
1
1
1
1
1
1
1
1
1
1
1
1
1
1
1
1
1
1
1
1
1
1
1
1
1
1
1
1
1
1
1
1
1
1
1
1
1
0.999999
0.999999
0.999999
0.999999
0.999999
1
1
1
1
1
1
1
1
1
1
1
1
1
1
1
1
1
1
1
1
1
1
1
1
1
1
1
1
1
1
1
1
1
1
1
1
1
1
1
1
1
1
1
1
1
1
1
1
1
1
1
1
1
1
1
1
1
1
1
1
1
1
1
1
1
1
1
1
1
1
1
0.999999
0.999983
0.999903
0.99986
0.999826
0.999494
0.996371
0.992986
0.994085
0.998522
0.999896
0.999994
0.999978
0.999887
0.99947
0.998563
0.997401
0.996821
0.996529
0.996186
0.995862
0.995526
0.995297
0.99519
0.995142
0.995121
0.995125
0.995185
0.995352
0.995891
0.997122
0.99819
0.998903
0.999399
1
1
1
1
1
1
1
1
1
1
1
1
1
1
1
1
1
1
1
1
1
1
1
1
1
1
1
1
1
1
1
1
1
1
1
1
1
1
1
1
1
1
1
1
1
1
1
1
1
1
1
1
1
1
1
1
1
1
1
1
1
1
1
1
1
1
1
1
1
1
1
1
1
1
1
1
1
1
1
1
1
1
1
1
1
1
1
1
1
1
1
1
1
1
1
1
1
1
1
1
1
1
1
1
1
1
1
1
1
1
1
1
1
1
1
1
1
1
1
1
1
1
1
1
1
1
1
1
1
1
1
1
1
1
1
1
1
1
1
1
1
1
1
1
1
1
0.999996
0.999941
0.999736
0.999674
0.999596
0.99875
0.994503
0.993039
0.995085
0.998926
0.999906
0.999996
0.999994
0.999959
0.999701
0.999127
0.99809
0.997124
0.996648
0.996312
0.995963
0.99566
0.995454
0.995353
0.995308
0.995294
0.995344
0.995507
0.995995
0.997093
0.998083
0.998817
0.999284
0.999613
1
1
1
1
1
1
1
1
1
1
1
1
1
1
1
1
1
1
1
1
1
1
1
1
1
1
1
1
1
1
1
1
1
1
1
1
1
1
1
1
1
1
1
1
1
1
1
1
1
1
1
1
1
1
1
1
1
1
1
1
1
1
1
1
1
1
1
1
1
1
1
1
1
1
1
1
1
1
1
1
1
1
1
1
1
1
1
1
1
1
1
1
1
1
1
1
1
1
1
1
1
1
1
1
1
1
1
1
1
1
1
1
1
1
1
1
1
1
1
1
1
1
1
1
1
1
1
1
1
1
1
1
1
1
1
1
1
1
1
1
1
1
1
1
1
1
0.999989
0.999831
0.999461
0.999378
0.99914
0.996889
0.993325
0.993214
0.995989
0.999106
0.999892
0.999992
0.999998
0.999986
0.999874
0.999502
0.998799
0.997894
0.996986
0.996523
0.996175
0.995889
0.99571
0.995617
0.99558
0.99562
0.995797
0.996311
0.997254
0.998137
0.998807
0.999274
0.999562
0.999769
1
1
1
1
1
1
1
1
1
1
1
1
1
1
1
1
1
1
1
1
1
1
1
1
1
1
1
1
1
1
1
1
1
1
1
1
1
1
1
1
1
1
1
1
1
1
1
1
1
1
1
1
1
1
1
1
1
1
1
1
1
1
1
1
1
1
1
1
1
1
1
1
1
1
1
1
1
1
1
1
1
1
1
1
1
1
1
1
1
1
1
1
1
1
1
1
1
1
1
1
1
1
1
1
1
1
1
1
1
1
1
1
1
1
1
1
1
1
1
1
1
1
1
1
1
1
1
1
1
1
1
1
1
1
1
1
1
1
1
1
1
1
1
1
1
0.999999
0.999974
0.999634
0.999058
0.998865
0.998022
0.994666
0.993186
0.993779
0.997176
0.999321
0.999889
0.999986
0.999998
0.999995
0.999947
0.999707
0.999304
0.998745
0.997962
0.99718
0.996708
0.99641
0.996235
0.996154
0.996162
0.996388
0.996909
0.997652
0.998362
0.998929
0.999328
0.999595
0.999757
0.999877
1
1
1
1
1
1
1
1
1
1
1
1
1
1
1
1
1
1
1
1
1
1
1
1
1
1
1
1
1
1
1
1
1
1
1
1
1
1
1
1
1
1
1
1
1
1
1
1
1
1
1
1
1
1
1
1
1
1
1
1
1
1
1
1
1
1
1
1
1
1
1
1
1
1
1
1
1
1
1
1
1
1
1
1
1
1
1
1
1
1
1
1
1
1
1
1
1
1
1
1
1
1
1
1
1
1
1
1
1
1
1
1
1
1
1
1
1
1
1
1
1
1
1
1
1
1
1
1
1
1
1
1
1
1
1
1
1
1
1
1
1
1
1
1
1
0.999998
0.999952
0.999392
0.998408
0.997811
0.995927
0.993962
0.99369
0.995226
0.998279
0.999531
0.999901
0.999983
0.999998
0.999998
0.999975
0.999845
0.999634
0.99933
0.998925
0.998436
0.997961
0.99763
0.997449
0.997371
0.99748
0.997811
0.99826
0.998743
0.999159
0.99946
0.999664
0.999798
0.99988
0.999943
1
1
1
1
1
1
1
1
1
1
1
1
1
1
1
1
1
1
1
1
1
1
1
1
1
1
1
1
1
1
1
1
1
1
1
1
1
1
1
1
1
1
1
1
1
1
1
1
1
1
1
1
1
1
1
1
1
1
1
1
1
1
1
1
1
1
1
1
1
1
1
1
1
1
1
1
1
1
1
1
1
1
1
1
1
1
1
1
1
1
1
1
1
1
1
1
1
1
1
1
1
1
1
1
1
1
1
1
1
1
1
1
1
1
1
1
1
1
1
1
1
1
1
1
1
1
1
1
1
1
1
1
1
1
1
1
1
1
1
1
1
1
1
1
1
0.999997
0.999923
0.999228
0.997576
0.99632
0.994961
0.994336
0.994887
0.9972
0.999033
0.999711
0.999926
0.999984
0.999998
0.999999
0.999991
0.999942
0.999833
0.999678
0.999501
0.999268
0.99902
0.998812
0.998701
0.998656
0.998741
0.998942
0.999196
0.999436
0.999628
0.99976
0.99985
0.99991
0.999948
0.999977
1
1
1
1
1
1
1
1
1
1
1
1
1
1
1
1
1
1
1
1
1
1
1
1
1
1
1
1
1
1
1
1
1
1
1
1
1
1
1
1
1
1
1
1
1
1
1
1
1
1
1
1
1
1
1
1
1
1
1
1
1
1
1
1
1
1
1
1
1
1
1
1
1
1
1
1
1
1
1
1
1
1
1
1
1
1
1
1
1
1
1
1
1
1
1
1
1
1
1
1
1
1
1
1
1
1
1
1
1
1
1
1
1
1
1
1
1
1
1
1
1
1
1
1
1
1
1
1
1
1
1
1
1
1
1
1
1
1
1
1
1
1
1
1
1
0.999995
0.999904
0.999146
0.997326
0.995941
0.995226
0.995487
0.997002
0.998607
0.999517
0.999844
0.999955
0.999989
0.999998
0.999999
0.999996
0.999978
0.99993
0.999869
0.999803
0.999709
0.99961
0.999518
0.999471
0.999454
0.999498
0.999587
0.999692
0.999782
0.999855
0.999904
0.999941
0.999966
0.999981
0.999992
1
1
1
1
1
1
1
1
1
1
1
1
1
1
1
1
1
1
1
1
1
1
1
1
1
1
1
1
1
1
1
1
1
1
1
1
1
1
1
1
1
1
1
1
1
1
1
1
1
1
1
1
1
1
1
1
1
1
1
1
1
1
1
1
1
1
1
1
1
1
1
1
1
1
1
1
1
1
1
1
1
1
1
1
1
1
1
1
1
1
1
1
1
1
1
1
1
1
1
1
1
1
1
1
1
1
1
1
1
1
1
1
1
1
1
1
1
1
1
1
1
1
1
1
1
1
1
1
1
1
1
1
1
1
1
1
1
1
1
1
1
1
1
1
1
0.999992
0.999898
0.999193
0.997464
0.996483
0.996538
0.997641
0.998691
0.999397
0.99978
0.99992
0.999973
0.999992
0.999998
1
0.999999
0.999992
0.999973
0.999955
0.999932
0.999901
0.999871
0.999841
0.999826
0.99982
0.999836
0.999864
0.999898
0.999926
0.99995
0.999967
0.999981
0.999989
0.999995
0.999998
1
1
1
1
1
1
1
1
1
1
1
1
1
1
1
1
1
1
1
1
1
1
1
1
1
1
1
1
1
1
1
1
1
1
1
1
1
1
1
1
1
1
1
1
1
1
1
1
1
1
1
1
1
1
1
1
1
1
1
1
1
1
1
1
1
1
1
1
1
1
1
1
1
1
1
1
1
1
1
1
1
1
1
1
1
1
1
1
1
1
1
1
1
1
1
1
1
1
1
1
1
1
1
1
1
1
1
1
1
1
1
1
1
1
1
1
1
1
1
1
1
1
1
1
1
1
1
1
1
1
1
1
1
1
1
1
1
1
1
1
1
1
1
1
0.999999
0.999994
0.999958
0.999725
0.998782
0.998263
0.998554
0.999139
0.999528
0.999768
0.999904
0.999958
0.999982
0.999994
0.999998
1
1
0.999997
0.999991
0.999986
0.999979
0.999972
0.999964
0.999957
0.999953
0.999951
0.999956
0.999962
0.999972
0.999979
0.999987
0.999992
0.999996
0.999998
0.999999
0.999999
1
1
1
1
1
1
1
1
1
1
1
1
1
1
1
1
1
1
1
1
1
1
1
1
1
1
1
1
1
1
1
1
1
1
1
1
1
1
1
1
1
1
1
1
1
1
1
1
1
1
1
1
1
1
1
1
1
1
1
1
1
1
1
1
1
1
1
1
1
1
1
1
1
1
1
1
1
1
1
1
1
1
1
1
1
1
1
1
1
1
1
1
1
1
1
1
1
1
1
1
1
1
1
1
1
1
1
1
1
1
1
1
1
1
1
1
1
1
1
1
1
1
1
1
1
1
1
1
1
1
1
1
1
1
1
1
1
1
1
1
1
1
1
1
0.999999
0.999995
0.99997
0.999881
0.999657
0.999494
0.999598
0.99977
0.999875
0.999936
0.999973
0.999988
0.999994
0.999998
1
1
1
0.999999
0.999998
0.999997
0.999995
0.999994
0.999992
0.999991
0.99999
0.99999
0.999991
0.999992
0.999995
0.999996
0.999998
0.999999
0.999999
1
0.999999
0.999994
1
1
1
1
1
1
1
1
1
1
1
1
1
1
1
1
1
1
1
1
1
1
1
1
1
1
1
1
1
1
1
1
1
1
1
1
1
1
1
1
1
1
1
1
1
1
1
1
1
1
1
1
1
1
1
1
1
1
1
1
1
1
1
1
1
1
1
1
1
1
1
1
1
1
1
1
1
1
1
1
1
1
1
1
1
1
1
1
1
1
1
1
1
1
1
1
1
1
1
1
1
1
1
1
1
1
1
1
1
1
1
1
1
1
1
1
1
1
1
1
1
1
1
1
1
1
1
1
1
1
1
1
1
1
1
1
1
1
1
1
1
1
1
0.999999
0.999998
0.999992
0.999963
0.999925
0.999922
0.999936
0.999958
0.999982
0.999993
0.999997
0.999999
0.999999
0.999999
1
1
1
1
1
1
1
1
0.999999
0.999999
0.999999
0.999999
0.999999
0.999999
0.999999
0.999999
1
1
0.999999
0.999997
0.999989
0.999976
0.999963
0.987373
0.987251
0.987073
0.986965
0.986915
0.9869
0.98692
0.987205
0.988305
0.988911
0.989121
0.989308
0.989465
0.989509
0.98953
0.989632
0.989693
0.989895
0.990164
0.990365
0.990445
0.990426
0.990277
0.989808
0.98907
0.987691
0.987657
0.987487
0.987335
0.98723
0.987132
0.987095
0.987208
0.988151
0.98867
0.988518
0.988537
0.988596
0.988583
0.988667
0.988803
0.988852
0.988926
0.989041
0.989434
0.989968
0.991047
0.992006
0.992448
0.99202
0.98779
0.987741
0.987503
0.987369
0.987387
0.987434
0.987358
0.987383
0.988156
0.98829
0.988359
0.98858
0.98878
0.98894
0.989123
0.989228
0.989257
0.989169
0.988953
0.988738
0.988701
0.988843
0.989449
0.990944
0.992443
0.987748
0.987721
0.987667
0.987697
0.987978
0.988121
0.987911
0.98777
0.988127
0.988129
0.98842
0.988697
0.988821
0.98898
0.989389
0.989802
0.990224
0.990327
0.990076
0.989616
0.989292
0.988997
0.988968
0.989147
0.990744
0.987423
0.98739
0.987435
0.987796
0.988329
0.988428
0.988231
0.988017
0.988034
0.98808
0.988437
0.98861
0.988553
0.988543
0.989278
0.989896
0.990701
0.991383
0.990904
0.990238
0.989882
0.989585
0.98948
0.989483
0.99009
0.98695
0.986793
0.986841
0.987346
0.98822
0.988472
0.988368
0.988161
0.987926
0.988056
0.988377
0.988163
0.9877
0.987629
0.988397
0.989403
0.990627
0.991869
0.992601
0.991502
0.990445
0.989835
0.989641
0.989613
0.989948
0.987039
0.986729
0.9867
0.986949
0.987975
0.988474
0.988445
0.988236
0.987815
0.98803
0.988145
0.987062
0.98636
0.986024
0.986322
0.98735
0.989189
0.991407
0.99307
0.993506
0.992124
0.990466
0.989835
0.989681
0.989898
0.987482
0.986909
0.986778
0.986936
0.987913
0.988602
0.988581
0.988271
0.987731
0.987976
0.987469
0.98586
0.984683
0.983907
0.983604
0.984326
0.986399
0.98948
0.992627
0.994266
0.994216
0.99202
0.990435
0.989902
0.989962
0.98881
0.987653
0.987134
0.987179
0.988036
0.988807
0.988738
0.988256
0.987647
0.987856
0.986577
0.9846
0.983049
0.981991
0.981489
0.98201
0.983973
0.98712
0.991101
0.994175
0.995369
0.994231
0.991749
0.990497
0.990215
0.992124
0.989907
0.988199
0.987908
0.988553
0.989286
0.989051
0.988163
0.987571
0.987614
0.985777
0.983462
0.981581
0.980145
0.979479
0.980218
0.982545
0.985883
0.989484
0.993366
0.995675
0.995704
0.993922
0.991798
0.990756
0.994351
0.993215
0.990603
0.989621
0.989982
0.990317
0.989621
0.988073
0.987551
0.987298
0.985125
0.982351
0.979845
0.978234
0.977792
0.978403
0.980663
0.984842
0.988754
0.992312
0.995514
0.996504
0.996015
0.994018
0.991764
0.995664
0.994987
0.992934
0.991519
0.991581
0.99158
0.99022
0.988029
0.987539
0.98699
0.98437
0.981157
0.978496
0.977259
0.977156
0.9777
0.979173
0.983076
0.988093
0.991737
0.995001
0.996848
0.997123
0.996556
0.993498
0.996502
0.996006
0.994502
0.993038
0.992924
0.992754
0.990815
0.988045
0.987493
0.986699
0.983772
0.980234
0.977646
0.976807
0.976853
0.977352
0.9786
0.981733
0.987049
0.991422
0.994558
0.996829
0.997783
0.997791
0.995676
0.997062
0.996634
0.995492
0.994234
0.994052
0.99376
0.991435
0.988102
0.987462
0.986548
0.98343
0.979441
0.977153
0.976634
0.976715
0.977159
0.978256
0.981099
0.986111
0.991032
0.994377
0.996687
0.998093
0.998417
0.997203
0.997507
0.997115
0.996132
0.995112
0.994942
0.994652
0.992141
0.988235
0.987376
0.986374
0.983095
0.978976
0.976999
0.976594
0.976674
0.977086
0.9781
0.980548
0.985432
0.990608
0.994275
0.996601
0.998192
0.998772
0.998107
0.997916
0.997456
0.996523
0.995773
0.995657
0.995441
0.99309
0.988497
0.987338
0.986257
0.983022
0.978964
0.977023
0.976614
0.976679
0.977071
0.978053
0.980266
0.984938
0.990217
0.994208
0.996581
0.998225
0.998969
0.998645
0.998263
0.997649
0.996837
0.996297
0.996233
0.996099
0.9941
0.988886
0.987324
0.986169
0.983069
0.979063
0.977125
0.976693
0.976779
0.977168
0.978072
0.980168
0.984642
0.989893
0.994151
0.996629
0.998253
0.999088
0.998978
0.998462
0.997883
0.99709
0.996695
0.996664
0.99659
0.99507
0.989586
0.987371
0.986182
0.98321
0.979331
0.977339
0.976877
0.976982
0.977386
0.978254
0.980165
0.984455
0.989717
0.994083
0.996708
0.998315
0.999183
0.999205
0.998591
0.99814
0.997314
0.996959
0.996941
0.996908
0.995857
0.990572
0.9875
0.986241
0.983524
0.979847
0.977772
0.977205
0.977293
0.977654
0.97849
0.980308
0.984401
0.989615
0.994059
0.996769
0.998381
0.999261
0.99938
0.99868
0.998381
0.997542
0.997161
0.997133
0.997119
0.996446
0.991817
0.987762
0.986381
0.983861
0.980531
0.978468
0.977674
0.977716
0.978015
0.978808
0.980635
0.984442
0.989579
0.994097
0.99687
0.998461
0.999325
0.999523
0.99875
0.998565
0.997791
0.997332
0.997266
0.997254
0.996854
0.993334
0.988295
0.98659
0.984307
0.981375
0.979368
0.978284
0.978211
0.978454
0.979236
0.981059
0.984651
0.989626
0.994155
0.996978
0.998546
0.999376
0.999634
0.998805
0.998706
0.998055
0.997494
0.997367
0.99734
0.997103
0.994941
0.989107
0.986886
0.984785
0.982264
0.980432
0.979073
0.978748
0.97895
0.979749
0.981571
0.984953
0.989794
0.994257
0.997089
0.998629
0.999419
0.999714
0.998845
0.99881
0.998326
0.997662
0.997463
0.997403
0.997234
0.995987
0.990777
0.987444
0.985223
0.983117
0.981445
0.979857
0.979325
0.979501
0.980373
0.982218
0.985299
0.990077
0.994468
0.99724
0.998724
0.999466
0.999774
0.998875
0.99889
0.998573
0.997862
0.997549
0.997466
0.997305
0.99659
0.992721
0.988355
0.985788
0.983905
0.982454
0.98073
0.979995
0.980144
0.981111
0.982943
0.985697
0.990327
0.994689
0.997396
0.998818
0.999513
0.999814
0.99889
0.998958
0.998779
0.998081
0.997679
0.997498
0.997317
0.996867
0.994911
0.989881
0.986448
0.984612
0.983354
0.98147
0.980655
0.980824
0.981923
0.983771
0.986248
0.990703
0.994989
0.997599
0.998929
0.999565
0.999845
0.998892
0.999023
0.998932
0.998346
0.997851
0.997554
0.997299
0.996927
0.995887
0.992168
0.987674
0.985428
0.984105
0.982159
0.981465
0.981697
0.982939
0.984702
0.98676
0.991057
0.99527
0.997802
0.999041
0.999616
0.999869
0.998885
0.999084
0.99905
0.998617
0.998049
0.99771
0.99718
0.996852
0.996231
0.994418
0.989697
0.986638
0.985083
0.983079
0.982461
0.982739
0.984006
0.98566
0.987378
0.991454
0.995609
0.998027
0.999163
0.99967
0.999891
0.998863
0.999141
0.99915
0.998912
0.998283
0.997966
0.997315
0.996593
0.996164
0.995279
0.992551
0.988929
0.986802
0.984513
0.983866
0.98417
0.985384
0.986661
0.988106
0.991875
0.995988
0.998268
0.999293
0.999731
0.999913
0.998824
0.999188
0.999244
0.999135
0.998605
0.998237
0.997754
0.996626
0.995903
0.995311
0.993983
0.991774
0.989624
0.986853
0.985867
0.986086
0.986899
0.987645
0.988865
0.992471
0.996482
0.998553
0.999432
0.999792
0.999933
0.998775
0.999216
0.999324
0.999285
0.998942
0.99852
0.998153
0.997085
0.995444
0.995015
0.994047
0.99309
0.992047
0.989578
0.988045
0.988023
0.988174
0.988486
0.989463
0.99314
0.997016
0.998838
0.99956
0.999846
0.99995
0.998692
0.99921
0.999393
0.999396
0.99926
0.998908
0.998602
0.997884
0.995907
0.994336
0.9937
0.99307
0.992579
0.991358
0.989834
0.989085
0.988792
0.988878
0.98998
0.994166
0.997631
0.999121
0.999675
0.999889
0.999962
0.998603
0.999182
0.999444
0.999494
0.999458
0.999307
0.99907
0.998569
0.996933
0.994695
0.993242
0.992729
0.992418
0.99177
0.990686
0.989554
0.98903
0.989155
0.99085
0.995489
0.998276
0.999399
0.999782
0.999925
0.999971
0.998472
0.999117
0.999446
0.999574
0.999578
0.999537
0.999413
0.999121
0.998361
0.996107
0.993759
0.992539
0.99208
0.991661
0.990769
0.989617
0.989162
0.989457
0.992121
0.996555
0.998763
0.9996
0.999867
0.999958
0.99998
0.998325
0.998997
0.999411
0.999612
0.999666
0.99966
0.999615
0.999476
0.999126
0.998219
0.995492
0.993138
0.992136
0.991586
0.990625
0.989555
0.989293
0.989934
0.993814
0.997651
0.999221
0.999754
0.999917
0.999974
0.999984
0.998198
0.998903
0.999352
0.999602
0.999721
0.999741
0.99973
0.999676
0.999526
0.999145
0.99794
0.994843
0.992816
0.991724
0.990445
0.989535
0.989497
0.990822
0.995716
0.998555
0.999569
0.999879
0.999961
0.999987
0.999987
0.998047
0.99875
0.999256
0.999566
0.999729
0.999794
0.999798
0.999783
0.999728
0.999575
0.99912
0.997444
0.994449
0.99223
0.990484
0.989785
0.989979
0.992627
0.997422
0.999248
0.999797
0.999943
0.999981
0.999993
0.999989
0.997788
0.998516
0.999071
0.999465
0.999699
0.999811
0.999847
0.999847
0.999833
0.999779
0.999616
0.999088
0.997173
0.993493
0.991199
0.990677
0.991241
0.995186
0.998711
0.99967
0.999913
0.999975
0.999991
0.999996
0.999988
0.997486
0.998277
0.998904
0.999354
0.999644
0.999806
0.999877
0.999896
0.999895
0.999882
0.999826
0.999633
0.998854
0.995734
0.993322
0.993012
0.99394
0.997731
0.999471
0.999871
0.999965
0.999989
0.999995
0.999997
0.999986
0.997277
0.99814
0.998828
0.999314
0.999624
0.999803
0.999893
0.999929
0.999937
0.999936
0.99992
0.999846
0.999466
0.997655
0.996368
0.996316
0.997139
0.999141
0.999811
0.999955
0.999986
0.999994
0.999997
0.999998
0.999983
0.997212
0.998114
0.998822
0.999315
0.999626
0.999807
0.999902
0.999947
0.999964
0.999967
0.999964
0.999935
0.999737
0.998824
0.998432
0.998456
0.998902
0.99971
0.999941
0.999983
0.999992
0.999995
0.999997
0.999998
0.999977
0.997234
0.99815
0.99886
0.999349
0.999653
0.999827
0.999919
0.999962
0.99998
0.999985
0.999984
0.999973
0.999868
0.999515
0.999452
0.999473
0.999665
0.999922
0.999982
0.999991
0.999994
0.999995
0.999996
0.999998
0.999967
0.997444
0.998364
0.999048
0.99949
0.999746
0.999882
0.999947
0.999977
0.999989
0.999993
0.999994
0.99999
0.99994
0.999849
0.999848
0.999859
0.999926
0.999983
0.999991
0.999992
0.999992
0.999993
0.999995
0.999997
0.999952
0.998086
0.998864
0.999375
0.99968
0.999846
0.99993
0.999969
0.999987
0.999994
0.999997
0.999998
0.999996
0.999979
0.999963
0.999965
0.999971
0.999989
0.999995
0.999993
0.999989
0.999989
0.999992
0.999995
0.999996
0.999925
0.99873
0.999264
0.999605
0.999802
0.999906
0.999957
0.999981
0.999992
0.999997
0.999998
0.999999
0.999999
0.999994
0.999993
0.999993
0.999996
0.999998
0.999997
0.999989
0.999986
0.999988
0.999992
0.999995
0.999995
0.999884
0.999169
0.999523
0.999745
0.999872
0.999939
0.999971
0.999987
0.999994
0.999998
0.999999
1
0.999999
0.999999
0.999999
0.999999
0.999999
0.999999
0.999996
0.999985
0.999984
0.999987
0.999993
0.999995
0.999994
0.999822
0.999447
0.999681
0.999827
0.999911
0.999957
0.999979
0.999991
0.999996
0.999998
0.999999
1
1
1
1
1
1
1
0.999994
0.999981
0.99998
0.999985
0.999993
0.999995
0.999993
0.999733
0.999627
0.999782
0.99988
0.999938
0.999969
0.999985
0.999993
0.999997
0.999999
1
1
1
1
1
1
1
0.999999
0.999991
0.999976
0.999974
0.99998
0.999991
0.999994
0.99999
0.999611
0.999756
0.999855
0.99992
0.999958
0.999979
0.99999
0.999996
0.999998
0.999999
1
1
1
1
1
1
1
0.999998
0.999988
0.999969
0.999964
0.99997
0.999988
0.999993
0.999984
0.999447
0.999851
0.999911
0.999951
0.999975
0.999988
0.999994
0.999998
0.999999
1
1
1
1
1
1
1
1
0.999997
0.999982
0.999959
0.999947
0.999951
0.999981
0.99999
0.999972
0.999239
0.999919
0.999952
0.999974
0.999987
0.999994
0.999997
0.999999
1
1
1
1
1
1
1
1
0.999999
0.999994
0.999973
0.999946
0.999916
0.999917
0.999967
0.999982
0.999948
0.998969
0.999961
0.999977
0.999988
0.999994
0.999997
0.999999
0.999999
1
1
1
1
1
1
1
1
0.999998
0.999986
0.99996
0.999926
0.999865
0.999853
0.999937
0.999964
0.999898
0.998648
0.999984
0.99999
0.999995
0.999998
0.999999
1
1
1
1
1
1
1
1
1
0.999999
0.999994
0.999968
0.999941
0.999888
0.99978
0.999743
0.999876
0.999919
0.999791
0.99823
0.999994
0.999997
0.999998
0.999999
1
1
1
1
1
1
1
1
1
0.999999
0.999995
0.999978
0.999934
0.999906
0.999815
0.999616
0.999553
0.999744
0.999804
0.99955
0.997687
0.999999
0.999999
1
1
1
1
1
1
1
1
1
1
0.999999
0.999994
0.999974
0.999916
0.999886
0.999851
0.999661
0.999254
0.999173
0.99946
0.999518
0.998986
0.997007
0.999999
0.999999
0.999999
1
1
1
0.999999
0.999999
0.999999
0.999999
0.999999
0.999996
0.999988
0.999958
0.999856
0.999813
0.999803
0.999755
0.999327
0.998452
0.998197
0.998664
0.998764
0.997636
0.996096
0.999996
0.999996
0.999996
0.999996
0.999996
0.999996
0.999996
0.999995
0.999994
0.999991
0.999981
0.999955
0.999879
0.99972
0.999681
0.999687
0.999683
0.999532
0.998466
0.997019
0.996579
0.996453
0.996225
0.995368
0.995009
0.999975
0.999978
0.999979
0.999978
0.999978
0.999975
0.999972
0.999967
0.999953
0.999898
0.999732
0.999609
0.999575
0.99959
0.999648
0.999642
0.999497
0.998718
0.997211
0.996467
0.996249
0.996232
0.996174
0.996195
0.996222
)
;

boundaryField
{
    inlet
    {
        type            fixedValue;
        value           uniform 1;
    }
    outlet
    {
        type            inletOutlet;
        inletValue      uniform 0;
        value           nonuniform List<scalar> 
57
(
0.98907
0.99202
0.992443
0.990744
0.99009
0.989948
0.989898
0.989962
0.990215
0.990756
0.991764
0.993498
0.995676
0.997203
0.998107
0.998645
0.998978
0.999205
0.99938
0.999523
0.999634
0.999714
0.999774
0.999814
0.999845
0.999869
0.999891
0.999913
0.999933
0.99995
0.999962
0.999971
0.99998
0.999984
0.999987
0.999989
0.999988
0.999986
0.999983
0.999977
0.999967
0.999952
0.999925
0.999884
0.999822
0.999733
0.999611
0.999447
0.999239
0.998969
0.998648
0.99823
0.997687
0.997007
0.996096
0.995009
0.996222
)
;
    }
    upperWall
    {
        type            zeroGradient;
    }
    lowerWall
    {
        type            zeroGradient;
    }
    frontAndBack
    {
        type            empty;
    }
}


// ************************************************************************* //
