/*--------------------------------*- C++ -*----------------------------------*\
  =========                 |
  \\      /  F ield         | OpenFOAM: The Open Source CFD Toolbox
   \\    /   O peration     | Website:  https://openfoam.org
    \\  /    A nd           | Version:  6
     \\/     M anipulation  |
\*---------------------------------------------------------------------------*/
FoamFile
{
    version     2.0;
    format      ascii;
    class       volScalarField;
    location    "0.2";
    object      s_0;
}
// * * * * * * * * * * * * * * * * * * * * * * * * * * * * * * * * * * * * * //

dimensions      [0 0 0 0 0 0 0];

internalField   nonuniform List<scalar> 
12225
(
1
1
1
1
1
1
1
1
1
1
1
1
1
1
1
1
1
1
1
1
1
1
1
1
1
1
1
1
1
1
1
1
1
1
1
1
1
1
1
1
1
1
1
1
1
1
1
1
1
1
1
1
1
1
1
1
1
1
1
1
1
1
1
1
1
1
1
1
1
1
1
1
1
1
1
1
1
1
1
1
1
1
1
1
1
1
1
1
1
1
1
1
1
1
1
1
1
1
1
1
1
1
1
1
1
1
1
1
1
1
1
1
1
1
1
1
1
1
1
1
1
1
1
1
1
1
1
1
1
1
1
1
1
1
1
1
1
1
1
1
1
1
1
1
1
1
1
1
1
1
1
1
1
1
1
1
1
1
1
1
1
1
1
1
1
1
1
1
1
1
1
1
1
1
1
1
1
1
1
1
1
1
1
1
1
1
1
1
1
1
1
1
1
1
1
1
1
1
1
1
1
1
1
1
1
1
1
1
1
1
1
1
1
1
1
1
1
1
1
1
1
1
1
1
1
1
1
1
1
1
1
1
1
1
1
1
1
1
1
1
1
1
1
1
1
1
1
1
1
1
1
1
1
1
1
1
1
1
1
1
1
1
1
1
1
1
1
1
1
1
1
1
1
1
1
1
1
1
1
1
1
1
1
1
1
1
1
1
1
1
1
1
1
1
1
1
1
1
1
1
1
1
1
1
1
1
1
1
1
1
1
1
1
1
1
1
1
1
1
1
1
1
1
1
1
1
1
1
1
1
1
1
1
1
1
1
1
1
1
1
1
1
1
1
1
1
1
1
1
1
1
1
1
1
1
1
1
1
1
1
1
1
1
1
1
1
1
1
1
1
1
1
1
1
1
1
1
1
1
1
1
1
1
1
1
1
1
1
1
1
1
1
1
1
1
1
1
1
1
1
1
1
1
1
1
1
1
1
1
1
1
1
1
1
1
1
1
1
1
1
1
1
1
1
1
1
1
1
1
1
1
1
1
1
1
1
1
1
1
1
1
1
1
1
1
1
1
1
1
1
1
1
1
1
1
1
1
1
1
1
1
1
1
1
1
1
1
1
1
1
1
1
1
1
1
1
1
1
1
1
1
1
1
1
1
1
1
1
1
1
1
1
1
1
1
1
1
1
1
1
1
1
1
1
1
1
1
1
1
1
1
1
1
1
1
1
1
1
1
1
1
1
1
1
1
1
1
1
1
1
1
1
1
1
1
1
1
1
1
1
0.826177
0.827518
0.830424
0.828154
0.830451
0.860988
0.8764
0.885891
0.897443
0.904894
0.912336
0.919139
0.925949
0.932469
0.938801
0.944474
0.948215
0.952315
0.9557
0.95887
0.961609
0.963813
0.965701
0.967344
0.968762
0.969982
0.971047
0.971961
0.972653
0.972998
0.973013
0.972665
0.971357
0.969193
0.966983
0.965454
0.964962
0.965006
0.965504
0.966031
0.96603
0.965427
0.96329
0.960272
0.952787
0.937494
0.927916
0.925798
0.928706
0.941323
0.947007
0.956485
0.960392
0.966159
0.975697
0.978734
0.979147
0.979352
0.979649
0.97998
0.980233
0.980402
0.98047
0.980505
0.980542
0.980574
0.980618
0.980677
0.980712
0.980753
0.980799
0.980839
0.98089
0.980949
0.98097
0.980956
0.980843
0.980736
0.980557
0.980373
0.980078
0.979822
0.979479
0.979077
0.978608
0.978103
0.97751
0.976844
0.976053
0.975212
0.974253
0.973136
0.971922
0.970558
0.969082
0.967406
0.965374
0.962864
0.95968
0.955847
0.951755
0.948181
0.945838
0.944768
0.944363
0.944192
0.944065
0.943885
0.943505
0.942981
0.942754
0.942758
0.942765
0.942616
0.942487
0.942504
0.942421
0.941919
0.94099
0.940647
0.940731
0.943141
0.957452
0.966916
0.968217
0.971249
0.979307
0.986093
0.989581
0.990954
0.991375
0.991474
0.991596
0.992132
0.993385
0.994054
0.9943
0.994453
0.994594
0.994723
0.994836
0.994938
0.995023
0.995094
0.995165
0.995212
0.995248
0.995284
0.9953
0.995305
0.995306
0.995294
0.99526
0.995227
0.995185
0.995153
0.995127
0.995082
0.995037
0.994957
0.994831
0.994643
0.994372
0.994005
0.993533
0.992935
0.992174
0.991115
0.989648
0.988169
0.987427
0.987288
0.987351
0.987587
0.987725
0.98777
0.987772
0.987732
0.987571
0.987422
0.829997
0.842297
0.860177
0.857067
0.857136
0.873213
0.88168
0.894773
0.903631
0.908983
0.916499
0.921116
0.924072
0.925363
0.927991
0.929736
0.932306
0.936422
0.941136
0.946901
0.952777
0.958183
0.962155
0.964949
0.96715
0.969242
0.971557
0.974294
0.977519
0.980966
0.98406
0.98629
0.987578
0.988173
0.988389
0.98846
0.988597
0.98907
0.989744
0.990031
0.990023
0.989793
0.988984
0.986304
0.979476
0.965988
0.949852
0.935566
0.932698
0.933976
0.936052
0.947837
0.965741
0.975555
0.979272
0.981056
0.982553
0.983534
0.984457
0.985088
0.985483
0.98584
0.986023
0.986259
0.98641
0.986598
0.986742
0.986905
0.986998
0.987103
0.98717
0.987207
0.987224
0.987215
0.987215
0.987236
0.987273
0.987313
0.98736
0.987395
0.987423
0.987434
0.987438
0.987435
0.987413
0.987383
0.987352
0.987299
0.987223
0.987162
0.98709
0.987003
0.98692
0.986818
0.986767
0.9867
0.986632
0.986527
0.986314
0.985784
0.984408
0.981275
0.976646
0.971682
0.967741
0.965263
0.963432
0.961385
0.95952
0.958644
0.958548
0.958957
0.959857
0.960147
0.960159
0.960156
0.960018
0.959302
0.958223
0.956268
0.949998
0.947177
0.949122
0.950245
0.950557
0.95262
0.962339
0.977772
0.986709
0.990339
0.991345
0.991638
0.992074
0.993085
0.994268
0.994988
0.995454
0.995789
0.996019
0.996191
0.996317
0.996404
0.996472
0.996502
0.996512
0.996498
0.996411
0.996285
0.996121
0.99591
0.995638
0.995387
0.995123
0.994924
0.994811
0.994774
0.994884
0.995087
0.995375
0.995709
0.996027
0.99635
0.996668
0.996985
0.9973
0.997577
0.997767
0.997822
0.997701
0.996807
0.993419
0.989843
0.988077
0.987366
0.987177
0.987214
0.987499
0.987673
0.987696
0.987683
0.835203
0.864005
0.869317
0.868519
0.8711
0.880896
0.886247
0.89426
0.898958
0.9
0.899343
0.895974
0.892863
0.891422
0.890657
0.890316
0.890562
0.891395
0.892965
0.895653
0.899968
0.906696
0.914557
0.92136
0.926694
0.931032
0.935176
0.94015
0.946867
0.955794
0.966514
0.976565
0.983415
0.987705
0.990194
0.99159
0.992324
0.992618
0.992673
0.992642
0.992435
0.991812
0.991229
0.990245
0.987779
0.980217
0.961508
0.947914
0.945094
0.946178
0.95019
0.967037
0.978525
0.982814
0.98475
0.986011
0.986666
0.986964
0.987051
0.986991
0.986856
0.986693
0.986492
0.986328
0.986049
0.985733
0.985614
0.985577
0.985569
0.985599
0.985757
0.986074
0.986426
0.986767
0.987135
0.987471
0.987743
0.98792
0.988122
0.988224
0.988346
0.98839
0.98841
0.988413
0.988374
0.988303
0.988197
0.988055
0.987903
0.987762
0.987593
0.987402
0.987176
0.986926
0.986737
0.986498
0.986366
0.986329
0.986405
0.986606
0.986761
0.986699
0.986343
0.986406
0.98666
0.986829
0.98663
0.985402
0.981025
0.976002
0.973044
0.971842
0.97168
0.971565
0.971174
0.971006
0.971086
0.971022
0.970356
0.968727
0.965431
0.956682
0.952
0.950863
0.950919
0.952888
0.965679
0.982978
0.989523
0.991257
0.991889
0.992729
0.993991
0.995229
0.995893
0.996237
0.996396
0.996444
0.996444
0.996399
0.996322
0.996206
0.995968
0.995544
0.995079
0.994531
0.993926
0.993245
0.992545
0.991837
0.991179
0.990666
0.990304
0.990122
0.99003
0.990001
0.990091
0.990267
0.9906
0.9911
0.991793
0.99256
0.993237
0.993883
0.994606
0.995452
0.996431
0.997441
0.998123
0.998411
0.998388
0.997683
0.99426
0.990201
0.988189
0.987384
0.98721
0.98729
0.987599
0.987761
0.832629
0.860037
0.871055
0.871623
0.873782
0.880049
0.88489
0.890403
0.890586
0.890002
0.888769
0.887526
0.88679
0.886405
0.886185
0.886002
0.885828
0.885786
0.885844
0.886135
0.886962
0.889207
0.894625
0.901195
0.907338
0.91243
0.916519
0.919904
0.92314
0.926755
0.931853
0.941006
0.954157
0.967458
0.978136
0.985139
0.988864
0.990549
0.9913
0.991721
0.99184
0.991722
0.991061
0.98931
0.985527
0.97615
0.964606
0.960374
0.955617
0.9543
0.967968
0.979759
0.984648
0.986576
0.987383
0.987687
0.987739
0.987297
0.986998
0.986664
0.986135
0.985873
0.985534
0.985385
0.985317
0.985376
0.985662
0.986059
0.986654
0.987603
0.988758
0.989611
0.990105
0.990468
0.990705
0.990884
0.991018
0.991181
0.991301
0.991421
0.991556
0.991645
0.99176
0.991838
0.99189
0.991914
0.991893
0.991806
0.991643
0.991401
0.991082
0.990725
0.990296
0.989786
0.989177
0.988346
0.987495
0.986654
0.986017
0.9856
0.985461
0.985608
0.986209
0.987199
0.98854
0.989808
0.990412
0.990389
0.988816
0.983728
0.981354
0.981038
0.980952
0.981027
0.98123
0.981482
0.98238
0.98405
0.98408
0.983376
0.981142
0.975251
0.961269
0.954402
0.953345
0.955916
0.972655
0.98732
0.991178
0.992348
0.993661
0.9949
0.995751
0.996267
0.996475
0.996526
0.996485
0.996418
0.996279
0.996042
0.99566
0.995189
0.994708
0.994242
0.993682
0.992877
0.99178
0.990656
0.989789
0.989219
0.988991
0.988921
0.988916
0.988928
0.988941
0.988954
0.98897
0.988979
0.989022
0.989152
0.989446
0.990012
0.990856
0.991617
0.99226
0.992827
0.993376
0.99424
0.995829
0.997444
0.998327
0.99851
0.998265
0.996681
0.99201
0.988857
0.987624
0.98739
0.987464
0.9877
0.831529
0.837714
0.860886
0.870122
0.872602
0.876323
0.880993
0.884729
0.886118
0.886084
0.885777
0.885597
0.885635
0.885645
0.885588
0.885402
0.885013
0.88477
0.884577
0.884761
0.885387
0.886778
0.8902
0.895785
0.901782
0.907242
0.911931
0.915741
0.918918
0.922087
0.924892
0.927137
0.930003
0.935248
0.942695
0.952335
0.963259
0.972203
0.979217
0.984971
0.98788
0.988342
0.987623
0.983227
0.975409
0.97025
0.965591
0.960934
0.958214
0.9676
0.980015
0.98547
0.987528
0.988221
0.98839
0.988314
0.987679
0.986938
0.986212
0.985844
0.98565
0.985554
0.985518
0.985538
0.985858
0.986576
0.987906
0.989559
0.990473
0.990969
0.991164
0.99124
0.991256
0.991248
0.991255
0.991293
0.991355
0.99147
0.991572
0.991722
0.991877
0.992038
0.992226
0.992393
0.99258
0.992745
0.992901
0.99305
0.993179
0.993244
0.993271
0.99326
0.993227
0.993181
0.993077
0.992886
0.992542
0.991847
0.990577
0.98894
0.987143
0.985785
0.985059
0.984834
0.985039
0.986197
0.988542
0.990522
0.991203
0.991333
0.99127
0.990871
0.989235
0.987077
0.986369
0.986425
0.987319
0.988785
0.989259
0.989261
0.988873
0.986818
0.978681
0.96396
0.959591
0.96251
0.979559
0.99009
0.99268
0.994198
0.99545
0.996146
0.996483
0.996628
0.996576
0.996503
0.996333
0.996008
0.995603
0.99524
0.99488
0.994477
0.993988
0.993144
0.991725
0.989904
0.989072
0.988716
0.988588
0.988566
0.988641
0.988792
0.988964
0.989132
0.989228
0.989263
0.989191
0.989056
0.988927
0.988856
0.988873
0.989004
0.989434
0.990417
0.991323
0.99199
0.992559
0.992969
0.993452
0.994682
0.996815
0.998151
0.998487
0.998331
0.997115
0.992662
0.989168
0.987838
0.987476
0.987484
0.83501
0.835246
0.836722
0.846569
0.862034
0.868891
0.873662
0.877394
0.880143
0.882017
0.883048
0.883724
0.884077
0.884045
0.883788
0.883353
0.883031
0.883182
0.883578
0.88439
0.885636
0.887831
0.891906
0.897075
0.902808
0.908194
0.912944
0.917014
0.919926
0.922415
0.925295
0.927534
0.929102
0.931549
0.935379
0.940438
0.945393
0.953294
0.966117
0.977071
0.981919
0.982548
0.981246
0.975393
0.970134
0.966877
0.964014
0.961935
0.966171
0.979522
0.985599
0.988004
0.988798
0.988978
0.988938
0.988483
0.987626
0.98657
0.986058
0.985894
0.985852
0.986014
0.986434
0.98728
0.988561
0.989999
0.990646
0.990907
0.990972
0.990938
0.990697
0.990448
0.990353
0.990324
0.990323
0.990363
0.990458
0.990585
0.990732
0.990922
0.991132
0.991363
0.991629
0.991903
0.992199
0.992503
0.992803
0.993067
0.993271
0.993427
0.993531
0.993589
0.99363
0.993687
0.993751
0.993825
0.993939
0.994057
0.994131
0.993985
0.993353
0.991714
0.989203
0.986574
0.985013
0.984517
0.984724
0.986119
0.989289
0.99145
0.992091
0.992048
0.991219
0.988856
0.987942
0.988034
0.989053
0.989758
0.989734
0.989718
0.989687
0.98899
0.984562
0.970313
0.964842
0.96861
0.984722
0.991911
0.994052
0.9956
0.996444
0.996742
0.996835
0.996683
0.996531
0.996257
0.995749
0.995391
0.995076
0.994811
0.994467
0.99389
0.992772
0.99079
0.989285
0.988655
0.988438
0.988402
0.988495
0.98882
0.989347
0.98997
0.990625
0.991065
0.991261
0.99131
0.991067
0.990613
0.989952
0.98933
0.988969
0.988881
0.988944
0.98921
0.990213
0.991402
0.992189
0.992739
0.99302
0.993352
0.994248
0.996566
0.998093
0.998475
0.998318
0.997017
0.992484
0.989134
0.987877
0.987381
0.840768
0.842138
0.839962
0.838691
0.839513
0.844535
0.854065
0.861853
0.867718
0.871557
0.873916
0.875546
0.876628
0.877646
0.878727
0.880193
0.881502
0.882899
0.884772
0.887908
0.892666
0.899616
0.907552
0.915112
0.921796
0.927493
0.931659
0.935371
0.937899
0.938132
0.937968
0.938462
0.939307
0.93949
0.939984
0.941714
0.944815
0.951248
0.965838
0.976645
0.979188
0.978151
0.972978
0.969052
0.966873
0.965422
0.964491
0.96674
0.978758
0.985255
0.987996
0.989011
0.98932
0.989375
0.989259
0.98872
0.987701
0.986681
0.986367
0.986388
0.986969
0.988237
0.98915
0.989961
0.99052
0.990753
0.990793
0.990676
0.990338
0.990089
0.989992
0.989976
0.990001
0.990058
0.99013
0.990223
0.990332
0.990466
0.990637
0.990847
0.991077
0.991326
0.9916
0.991887
0.992178
0.992479
0.992789
0.993087
0.993341
0.993526
0.99364
0.993687
0.993705
0.993734
0.993774
0.993811
0.993921
0.9942
0.994538
0.994837
0.995081
0.995149
0.994878
0.993702
0.990664
0.987274
0.985396
0.985054
0.985688
0.98826
0.990845
0.991601
0.991406
0.989925
0.988882
0.988981
0.989837
0.99002
0.989151
0.988378
0.988598
0.988328
0.984103
0.971079
0.967609
0.973617
0.988223
0.993164
0.995109
0.996488
0.997011
0.997117
0.996981
0.996665
0.996337
0.995634
0.99524
0.995021
0.994823
0.994532
0.993965
0.99272
0.99072
0.989081
0.988489
0.98834
0.988351
0.988649
0.989282
0.990351
0.991554
0.992343
0.992614
0.992669
0.99264
0.992545
0.992414
0.992215
0.991858
0.991068
0.989913
0.989211
0.988984
0.989008
0.989254
0.990419
0.991862
0.992698
0.993013
0.99317
0.993451
0.994353
0.996757
0.998164
0.998456
0.998208
0.996447
0.991713
0.988906
0.987665
0.850177
0.854592
0.851932
0.847671
0.844861
0.843706
0.843853
0.845845
0.851678
0.857955
0.863403
0.867903
0.871562
0.875098
0.878108
0.8813
0.88509
0.890711
0.89844
0.90917
0.923615
0.936821
0.947122
0.954822
0.960848
0.965076
0.96737
0.968792
0.969752
0.969607
0.968891
0.966781
0.961876
0.958755
0.958148
0.958753
0.960304
0.963017
0.972084
0.977488
0.976796
0.971782
0.968626
0.967244
0.966491
0.966206
0.968365
0.978232
0.984988
0.987999
0.989293
0.989767
0.989879
0.989873
0.989765
0.989245
0.988131
0.987381
0.987331
0.988194
0.989712
0.990401
0.990718
0.990853
0.99076
0.990702
0.990435
0.990067
0.989959
0.989937
0.989953
0.990053
0.990179
0.990311
0.990463
0.990629
0.99081
0.991014
0.991283
0.991656
0.992071
0.992477
0.992891
0.993279
0.993542
0.993739
0.993917
0.994085
0.99423
0.994311
0.9943
0.994218
0.994102
0.993973
0.993858
0.993711
0.993441
0.993369
0.993864
0.994597
0.995187
0.995645
0.995984
0.996103
0.995828
0.994516
0.99087
0.987532
0.986325
0.986539
0.988393
0.990481
0.990995
0.990645
0.989833
0.989842
0.990272
0.990236
0.98872
0.98491
0.985311
0.985837
0.981887
0.970634
0.969303
0.978696
0.990452
0.99403
0.995841
0.997031
0.997398
0.997368
0.997041
0.996596
0.995841
0.995236
0.994957
0.994827
0.994628
0.994126
0.993032
0.991176
0.989188
0.988436
0.988258
0.988278
0.988651
0.989538
0.991167
0.992551
0.992962
0.993044
0.993006
0.99289
0.992758
0.992637
0.992534
0.992419
0.992268
0.992022
0.991432
0.99018
0.989375
0.989088
0.989095
0.989362
0.990866
0.992656
0.993324
0.993373
0.993404
0.993625
0.994827
0.997253
0.99831
0.998426
0.997969
0.995564
0.990995
0.988532
0.864406
0.873704
0.874772
0.871336
0.866873
0.862428
0.859314
0.858566
0.86006
0.864742
0.869579
0.874106
0.878303
0.883119
0.888039
0.895772
0.907142
0.925224
0.944064
0.95959
0.968398
0.973317
0.976081
0.97767
0.978619
0.9792
0.979536
0.979757
0.979783
0.979714
0.979501
0.979042
0.978032
0.975966
0.973822
0.972505
0.972339
0.973553
0.97776
0.977289
0.971708
0.968742
0.967879
0.967374
0.967538
0.970093
0.978092
0.984798
0.988084
0.989651
0.990364
0.990685
0.990876
0.991082
0.991083
0.990764
0.989784
0.989434
0.989697
0.990658
0.991365
0.991517
0.991375
0.990932
0.990653
0.990339
0.990049
0.989987
0.98999
0.990098
0.990323
0.990534
0.990748
0.991025
0.99128
0.991518
0.991709
0.992027
0.992697
0.993585
0.994407
0.995135
0.995802
0.996388
0.996781
0.997013
0.997111
0.997054
0.996923
0.996717
0.996344
0.995886
0.995539
0.995176
0.9948
0.994321
0.993557
0.992866
0.99241
0.992626
0.993879
0.99511
0.995988
0.996556
0.996887
0.996888
0.996347
0.994084
0.990115
0.988209
0.98814
0.989456
0.99067
0.990738
0.990294
0.99021
0.990576
0.990496
0.988749
0.982815
0.980128
0.979169
0.974529
0.969901
0.971683
0.984326
0.992039
0.994605
0.996291
0.997359
0.997671
0.997558
0.9971
0.996397
0.995383
0.99493
0.994797
0.994707
0.994342
0.993498
0.991941
0.989701
0.9885
0.988174
0.988144
0.988432
0.989387
0.991317
0.99278
0.993147
0.993197
0.993154
0.992991
0.992726
0.992455
0.992297
0.992256
0.992242
0.992211
0.992092
0.991816
0.991167
0.990064
0.989395
0.98917
0.989198
0.989618
0.991773
0.993616
0.994022
0.993855
0.993713
0.993937
0.9956
0.99776
0.998413
0.998365
0.997466
0.994395
0.990494
0.882825
0.899358
0.894259
0.891748
0.891015
0.890618
0.889149
0.88705
0.886126
0.886776
0.888882
0.891329
0.894784
0.901123
0.91369
0.936109
0.958548
0.970881
0.976334
0.978735
0.979782
0.980216
0.980389
0.98046
0.980522
0.980603
0.980684
0.980777
0.980842
0.980855
0.980828
0.980707
0.980397
0.979711
0.977993
0.976422
0.976351
0.978993
0.97845
0.972063
0.969111
0.968541
0.968265
0.968794
0.971739
0.978248
0.984468
0.988016
0.989847
0.990833
0.991309
0.99162
0.992049
0.992757
0.993213
0.99317
0.992611
0.991961
0.991862
0.99216
0.992361
0.992137
0.9915
0.990846
0.990319
0.990082
0.990015
0.990035
0.990217
0.990559
0.990885
0.991095
0.991302
0.991536
0.991731
0.99185
0.99194
0.992253
0.993145
0.994431
0.995378
0.996121
0.996773
0.997348
0.997823
0.998228
0.998578
0.998852
0.999023
0.999089
0.998968
0.998591
0.998074
0.997545
0.996959
0.996197
0.994882
0.993394
0.992246
0.991483
0.991256
0.992244
0.994417
0.996054
0.997006
0.997487
0.997617
0.997361
0.99603
0.992362
0.990274
0.990041
0.990626
0.990862
0.99056
0.990389
0.990767
0.990886
0.989342
0.982731
0.977173
0.974091
0.971378
0.970789
0.977676
0.988727
0.993071
0.99497
0.996518
0.997546
0.997855
0.997731
0.997207
0.996119
0.995087
0.994811
0.99468
0.994404
0.99389
0.992694
0.990838
0.988837
0.988125
0.987983
0.988072
0.988798
0.990543
0.992507
0.993133
0.99323
0.993214
0.993046
0.992606
0.992004
0.991538
0.991394
0.991513
0.99167
0.991774
0.991857
0.991793
0.99143
0.990581
0.989769
0.989331
0.989233
0.989334
0.990221
0.993094
0.994561
0.994652
0.994204
0.994045
0.994481
0.99665
0.998177
0.998438
0.998127
0.996367
0.993292
0.903509
0.907705
0.895537
0.891981
0.893105
0.896616
0.899896
0.900267
0.899269
0.898572
0.89884
0.901496
0.910542
0.934048
0.962394
0.975214
0.979079
0.980202
0.980509
0.980569
0.980564
0.980544
0.980498
0.980473
0.980466
0.980469
0.980534
0.980603
0.980613
0.9806
0.980509
0.980276
0.979822
0.979061
0.978201
0.97798
0.980624
0.979423
0.97231
0.969871
0.969169
0.969
0.969691
0.972923
0.977965
0.983799
0.987684
0.989637
0.99087
0.99148
0.991793
0.992189
0.992937
0.99416
0.994831
0.994879
0.994576
0.993939
0.993384
0.993112
0.992908
0.992381
0.991501
0.990598
0.990117
0.990016
0.990022
0.990226
0.99069
0.991064
0.991254
0.991444
0.991554
0.991686
0.991838
0.991927
0.991963
0.992206
0.993097
0.994467
0.99543
0.99613
0.996719
0.997223
0.997666
0.998111
0.998562
0.998965
0.999284
0.999504
0.999635
0.999659
0.999581
0.999431
0.999199
0.998745
0.997522
0.995291
0.993186
0.991623
0.990586
0.990107
0.99058
0.993192
0.995927
0.997372
0.997993
0.998186
0.998038
0.997066
0.993987
0.992093
0.991627
0.991496
0.991012
0.990593
0.990816
0.991234
0.990587
0.985735
0.978176
0.974204
0.972637
0.975679
0.985224
0.991229
0.993724
0.995211
0.996606
0.997635
0.997973
0.997882
0.997358
0.995987
0.994999
0.994617
0.994499
0.994194
0.993299
0.991884
0.989916
0.988317
0.987874
0.987817
0.988068
0.98917
0.991098
0.992698
0.993098
0.993128
0.992982
0.992569
0.991714
0.990777
0.990251
0.990368
0.990985
0.991366
0.991459
0.991476
0.991486
0.991378
0.990873
0.990081
0.989532
0.989317
0.989324
0.989653
0.991714
0.994479
0.995269
0.995068
0.994383
0.994396
0.995391
0.997644
0.998389
0.998346
0.997461
0.99512
0.916525
0.907741
0.884979
0.874323
0.876386
0.888261
0.900329
0.903329
0.903143
0.902344
0.903967
0.917958
0.954436
0.975794
0.979709
0.980433
0.980603
0.980646
0.980645
0.980634
0.98059
0.980568
0.980499
0.980463
0.980448
0.980416
0.980395
0.980368
0.980304
0.980203
0.980019
0.979855
0.979831
0.979949
0.980374
0.980432
0.978487
0.973088
0.970872
0.969978
0.969787
0.97072
0.972866
0.977059
0.982578
0.986748
0.989251
0.990525
0.991313
0.991653
0.991883
0.992273
0.993105
0.994654
0.995721
0.995845
0.995684
0.995177
0.994459
0.993794
0.99322
0.992482
0.991454
0.990371
0.990026
0.989971
0.990054
0.99052
0.991118
0.99142
0.991595
0.991651
0.991675
0.991712
0.991842
0.991939
0.991954
0.992051
0.99273
0.994088
0.994931
0.995302
0.99549
0.995632
0.995858
0.99636
0.997132
0.998028
0.998822
0.999367
0.999658
0.999793
0.999855
0.999867
0.999837
0.999743
0.99946
0.998415
0.995724
0.993097
0.991059
0.989747
0.989212
0.989536
0.992251
0.995912
0.997727
0.998437
0.998641
0.998527
0.997672
0.995055
0.993522
0.992952
0.991824
0.990883
0.990865
0.991419
0.991354
0.989206
0.983809
0.979674
0.979706
0.984261
0.989574
0.992565
0.994165
0.995398
0.996639
0.997659
0.998048
0.998005
0.997544
0.996045
0.994906
0.994548
0.994243
0.99376
0.992852
0.991335
0.989248
0.987975
0.987649
0.987626
0.987972
0.989
0.990715
0.992269
0.992614
0.992556
0.992175
0.991501
0.990258
0.98919
0.988938
0.989756
0.990784
0.991227
0.991346
0.991329
0.991263
0.991201
0.991006
0.99044
0.989844
0.989493
0.989417
0.989555
0.990581
0.993809
0.995552
0.995718
0.995099
0.994605
0.994887
0.996717
0.998203
0.998399
0.998011
0.996362
0.914789
0.896442
0.871293
0.863136
0.864408
0.877774
0.899239
0.904051
0.903885
0.906809
0.930077
0.970578
0.979314
0.980309
0.980463
0.980559
0.980799
0.981269
0.981822
0.982003
0.982048
0.982005
0.981704
0.981542
0.981434
0.981139
0.980968
0.980801
0.980591
0.980428
0.980142
0.979955
0.979795
0.979576
0.978724
0.976785
0.97378
0.972143
0.971172
0.970608
0.9707
0.97224
0.975284
0.979614
0.985054
0.988371
0.989987
0.990901
0.991383
0.991645
0.991853
0.992227
0.993043
0.994607
0.995972
0.996264
0.996214
0.99586
0.995163
0.994312
0.993467
0.992542
0.991308
0.990215
0.989929
0.989878
0.99004
0.990697
0.991394
0.99165
0.991714
0.991729
0.991708
0.991692
0.991768
0.991904
0.991934
0.99193
0.992237
0.993279
0.993594
0.993056
0.992266
0.991676
0.991399
0.991792
0.992948
0.994782
0.996725
0.998314
0.999251
0.999693
0.999863
0.999926
0.99995
0.999946
0.999899
0.999701
0.998947
0.996583
0.993326
0.990621
0.989067
0.98864
0.989063
0.992253
0.996266
0.998141
0.99883
0.999002
0.998887
0.997971
0.995838
0.994866
0.993214
0.991431
0.990933
0.991329
0.991856
0.991231
0.988577
0.986568
0.986702
0.989111
0.991673
0.993311
0.994501
0.995567
0.996666
0.997648
0.998093
0.998095
0.997741
0.996219
0.994934
0.994398
0.994133
0.993453
0.992137
0.990679
0.988679
0.987651
0.987392
0.987361
0.987718
0.988503
0.989712
0.990783
0.9911
0.990939
0.990413
0.989397
0.988083
0.987553
0.988011
0.98955
0.990712
0.991143
0.991237
0.991215
0.991154
0.991161
0.99113
0.990902
0.990377
0.989872
0.989644
0.989663
0.990184
0.992768
0.995452
0.996141
0.995892
0.994952
0.994902
0.995837
0.997837
0.998392
0.998269
0.997196
0.884647
0.876134
0.863383
0.860451
0.863683
0.884349
0.900657
0.90457
0.912436
0.944083
0.973521
0.979134
0.980234
0.980643
0.981159
0.982019
0.983716
0.985421
0.986048
0.9863
0.986366
0.986219
0.985831
0.985678
0.98528
0.984481
0.983829
0.982881
0.981899
0.981015
0.979684
0.97834
0.976755
0.975241
0.974357
0.974073
0.97407
0.973336
0.97242
0.971901
0.971838
0.973221
0.976962
0.981273
0.98576
0.988602
0.99003
0.990922
0.991338
0.991485
0.991577
0.991999
0.992839
0.9944
0.995955
0.996366
0.996393
0.996184
0.995593
0.994709
0.993691
0.992577
0.990942
0.990023
0.989725
0.989648
0.989935
0.990673
0.991451
0.991637
0.991714
0.991757
0.991713
0.991581
0.99155
0.991686
0.991828
0.99185
0.991855
0.992243
0.991937
0.990327
0.988672
0.987802
0.987502
0.987602
0.988133
0.989355
0.991878
0.995389
0.997871
0.999153
0.999703
0.999899
0.99996
0.999978
0.999978
0.999948
0.999816
0.999348
0.997762
0.993834
0.990284
0.988626
0.988391
0.98915
0.993217
0.996956
0.998596
0.999166
0.99928
0.99913
0.998054
0.996834
0.995248
0.992677
0.991257
0.991142
0.991881
0.992207
0.991436
0.990171
0.990102
0.991182
0.992635
0.993759
0.994767
0.995729
0.996711
0.997636
0.998113
0.998159
0.997914
0.996549
0.995028
0.994405
0.993878
0.993161
0.991804
0.990262
0.98836
0.987434
0.987159
0.987088
0.98725
0.987673
0.98803
0.988536
0.988313
0.988017
0.98754
0.986981
0.986739
0.986919
0.987745
0.989551
0.990718
0.991134
0.99115
0.991106
0.991106
0.99117
0.991443
0.9915
0.991288
0.990624
0.990108
0.989985
0.99021
0.991872
0.995075
0.99639
0.996411
0.995569
0.99505
0.995407
0.997235
0.998316
0.998379
0.997797
0.88077
0.870175
0.860131
0.860442
0.870497
0.889978
0.901091
0.912131
0.942366
0.971895
0.978656
0.980136
0.980739
0.981796
0.983926
0.987798
0.989603
0.990284
0.990552
0.990659
0.990684
0.990563
0.990438
0.990396
0.990335
0.990287
0.99018
0.989924
0.989174
0.987695
0.985309
0.981894
0.978136
0.9756
0.974407
0.974127
0.975535
0.976455
0.974631
0.973008
0.972642
0.973374
0.9768
0.98112
0.985495
0.988369
0.989859
0.990834
0.991244
0.991274
0.991046
0.990968
0.992047
0.993859
0.995755
0.996336
0.996403
0.996272
0.995791
0.99493
0.993825
0.99248
0.990662
0.989797
0.989453
0.989393
0.989613
0.990422
0.991062
0.991364
0.991677
0.991796
0.99171
0.991309
0.991108
0.991154
0.991411
0.99157
0.991596
0.991522
0.991183
0.989796
0.987983
0.987061
0.986783
0.986826
0.98707
0.987626
0.988611
0.99068
0.994873
0.997822
0.999199
0.999744
0.999925
0.999977
0.999989
0.999989
0.99997
0.999887
0.999583
0.998363
0.993906
0.989851
0.988414
0.988418
0.989953
0.994746
0.997759
0.999023
0.999433
0.999483
0.999264
0.998397
0.99732
0.994759
0.992115
0.99127
0.991443
0.992342
0.992697
0.992402
0.992217
0.992523
0.993371
0.994236
0.995107
0.995962
0.99683
0.997653
0.998139
0.998223
0.998067
0.996965
0.995226
0.994462
0.993872
0.992601
0.991343
0.990075
0.988229
0.987311
0.986981
0.986805
0.986798
0.98683
0.986808
0.986638
0.986349
0.986253
0.98623
0.98627
0.986419
0.986794
0.987946
0.9899
0.990956
0.991173
0.991128
0.991081
0.991101
0.991272
0.992013
0.992459
0.992443
0.992014
0.991025
0.990576
0.990601
0.99148
0.994524
0.996462
0.996762
0.99624
0.995289
0.995336
0.996584
0.998138
0.998436
0.998155
0.88376
0.868425
0.859673
0.860986
0.870825
0.889224
0.906234
0.934461
0.967854
0.977564
0.979904
0.980762
0.981934
0.985079
0.989279
0.990724
0.991181
0.991282
0.991289
0.991187
0.990991
0.990828
0.990698
0.990628
0.990702
0.991063
0.991542
0.99222
0.993077
0.994011
0.994515
0.994486
0.99216
0.986905
0.980323
0.976191
0.974963
0.978488
0.980182
0.976257
0.974223
0.973815
0.975715
0.980027
0.984549
0.987663
0.989214
0.990482
0.991067
0.991203
0.991006
0.990427
0.990252
0.991714
0.994673
0.995959
0.996242
0.99619
0.995799
0.994936
0.99374
0.991984
0.990376
0.989541
0.989196
0.989142
0.989281
0.989959
0.990745
0.991444
0.991855
0.991917
0.991744
0.991105
0.990723
0.990634
0.990691
0.990886
0.991
0.990994
0.990886
0.990371
0.988827
0.987572
0.987029
0.986978
0.987101
0.987502
0.988201
0.98927
0.991406
0.995527
0.998195
0.999382
0.999815
0.99995
0.999987
0.999995
0.999994
0.999982
0.999921
0.999626
0.998103
0.992863
0.989286
0.988423
0.988781
0.991748
0.996226
0.998476
0.999368
0.999629
0.999631
0.999395
0.998745
0.997328
0.993948
0.991793
0.991386
0.991798
0.992708
0.993266
0.993501
0.993771
0.994265
0.994889
0.995582
0.996293
0.997026
0.997731
0.998183
0.998286
0.998197
0.99746
0.995563
0.994603
0.993945
0.992552
0.990948
0.989674
0.988056
0.987087
0.986691
0.986479
0.986367
0.986271
0.986144
0.985975
0.985908
0.985918
0.986006
0.986153
0.986405
0.987089
0.989074
0.990884
0.991255
0.991211
0.991077
0.991077
0.991173
0.991544
0.992789
0.993864
0.99399
0.993772
0.99262
0.991565
0.991347
0.991714
0.993963
0.996398
0.99703
0.996794
0.995645
0.995408
0.996065
0.997864
0.998452
0.99836
0.891527
0.876287
0.86039
0.85994
0.867658
0.885708
0.912846
0.952511
0.974268
0.979042
0.980343
0.981517
0.984395
0.988624
0.990469
0.990981
0.991054
0.990684
0.989677
0.988484
0.987436
0.986409
0.985894
0.985716
0.985789
0.98634
0.987133
0.988068
0.98979
0.992116
0.994936
0.996885
0.997665
0.998023
0.996331
0.989235
0.980102
0.975562
0.979511
0.981876
0.980047
0.975946
0.97596
0.977362
0.981748
0.986151
0.988304
0.989603
0.990638
0.991081
0.991044
0.990596
0.989853
0.989815
0.991147
0.993923
0.995264
0.995583
0.995384
0.994597
0.992994
0.99126
0.989978
0.989251
0.988956
0.988914
0.989042
0.98969
0.990681
0.991505
0.991927
0.991992
0.991804
0.991116
0.99068
0.990531
0.990511
0.990532
0.99061
0.990672
0.990681
0.990646
0.990445
0.989692
0.988771
0.988466
0.988506
0.98864
0.988886
0.989398
0.990649
0.993328
0.996833
0.998818
0.999623
0.999893
0.999973
0.999993
0.999997
0.999996
0.999983
0.999895
0.999365
0.996379
0.99112
0.988894
0.988708
0.989817
0.994187
0.99753
0.999051
0.999619
0.99976
0.999738
0.999535
0.998899
0.996866
0.993226
0.991659
0.991528
0.992155
0.993158
0.993804
0.994328
0.994822
0.995364
0.995944
0.996535
0.997148
0.997755
0.998193
0.998334
0.998294
0.997846
0.996149
0.994894
0.994147
0.992654
0.990959
0.989593
0.988077
0.98709
0.986555
0.986257
0.986095
0.985986
0.985887
0.985845
0.985847
0.985886
0.986008
0.986236
0.986777
0.988295
0.990813
0.991375
0.99133
0.991111
0.990983
0.991086
0.991454
0.992255
0.993869
0.994877
0.995226
0.995192
0.994593
0.992999
0.992382
0.992455
0.993753
0.9963
0.997235
0.997171
0.996133
0.995518
0.995825
0.997457
0.998421
0.998478
0.899503
0.884899
0.86304
0.860415
0.865621
0.882673
0.912254
0.957546
0.975935
0.979448
0.980744
0.981981
0.984809
0.988783
0.990517
0.990884
0.99058
0.989228
0.987118
0.986034
0.985387
0.984326
0.983478
0.98304
0.983032
0.983957
0.984826
0.985535
0.986035
0.986859
0.988868
0.993927
0.997281
0.998723
0.999275
0.999265
0.996653
0.985605
0.977074
0.978181
0.982077
0.981633
0.978809
0.97796
0.979082
0.982481
0.986602
0.988654
0.98988
0.990792
0.991028
0.990929
0.990203
0.989532
0.989523
0.990321
0.991974
0.993219
0.993458
0.993057
0.991826
0.990507
0.98952
0.988951
0.988736
0.988717
0.98886
0.989566
0.990711
0.991604
0.992055
0.99213
0.991965
0.991275
0.990768
0.99057
0.990529
0.990536
0.990587
0.990664
0.990697
0.990746
0.990862
0.991038
0.99114
0.99106
0.991129
0.991342
0.991489
0.991431
0.991423
0.992739
0.995886
0.998269
0.999402
0.999821
0.999952
0.999988
0.999997
0.999998
0.999994
0.99996
0.99972
0.998268
0.993268
0.989875
0.989074
0.98948
0.992369
0.996428
0.998549
0.999465
0.999782
0.999842
0.999807
0.99959
0.998829
0.995966
0.992652
0.991625
0.991653
0.992508
0.993633
0.994328
0.994914
0.995482
0.996044
0.99659
0.997159
0.997744
0.998183
0.998358
0.998352
0.998102
0.996797
0.995339
0.994557
0.992971
0.991113
0.989668
0.988181
0.987153
0.98657
0.986237
0.986036
0.985916
0.985854
0.98585
0.985877
0.985985
0.98621
0.986695
0.987881
0.990602
0.991525
0.991504
0.991266
0.990872
0.990941
0.991346
0.992367
0.993696
0.994507
0.995154
0.995523
0.995595
0.995472
0.994559
0.993618
0.993501
0.99405
0.996213
0.997399
0.997451
0.996629
0.995671
0.995752
0.99703
0.998335
0.998565
0.903215
0.888637
0.867593
0.862382
0.864448
0.878517
0.908154
0.954716
0.9757
0.979779
0.980659
0.9818
0.984363
0.988162
0.990291
0.990814
0.990717
0.989632
0.987535
0.986156
0.984721
0.984029
0.982661
0.981831
0.981824
0.982229
0.983568
0.984744
0.985379
0.985822
0.986995
0.990844
0.995502
0.99812
0.999243
0.999708
0.999766
0.998877
0.990736
0.978988
0.978153
0.981263
0.982346
0.981183
0.979938
0.980741
0.982951
0.986889
0.988908
0.990232
0.990883
0.991051
0.990877
0.990006
0.989422
0.989296
0.98959
0.990195
0.990692
0.990679
0.990396
0.989704
0.989041
0.988672
0.988553
0.988559
0.988739
0.989537
0.990785
0.991718
0.992183
0.992271
0.992143
0.991485
0.990932
0.990729
0.990713
0.990748
0.990816
0.990902
0.991008
0.991112
0.991236
0.991505
0.992043
0.99264
0.993111
0.99339
0.993469
0.993419
0.993321
0.993462
0.995546
0.998059
0.999274
0.999763
0.999931
0.999982
0.999996
0.999998
0.999997
0.999982
0.999861
0.999065
0.995308
0.991236
0.989827
0.98986
0.991478
0.995501
0.998017
0.99923
0.999724
0.999877
0.999892
0.999841
0.999571
0.998524
0.994889
0.992244
0.991615
0.99176
0.992851
0.994075
0.994834
0.995456
0.996032
0.996579
0.997142
0.997714
0.998157
0.998364
0.998384
0.998257
0.997439
0.995795
0.995063
0.993699
0.991544
0.989913
0.988415
0.987322
0.986661
0.986282
0.986059
0.985929
0.985901
0.98592
0.98601
0.98623
0.986675
0.987697
0.990235
0.991653
0.991764
0.991516
0.990788
0.990771
0.991049
0.992206
0.99375
0.994255
0.994674
0.995191
0.99555
0.995669
0.995652
0.995368
0.994755
0.994578
0.994796
0.99625
0.997545
0.99769
0.997089
0.995851
0.995767
0.996648
0.998195
0.99862
0.907649
0.896922
0.8756
0.867183
0.865126
0.875297
0.898728
0.946294
0.974125
0.979654
0.980715
0.981384
0.983258
0.986622
0.989487
0.990533
0.990721
0.990512
0.989561
0.987849
0.985948
0.984502
0.982888
0.982058
0.98196
0.982124
0.983032
0.984313
0.984799
0.985232
0.986283
0.989943
0.995043
0.997957
0.999222
0.999728
0.999916
0.999912
0.999405
0.993632
0.98085
0.979159
0.980911
0.982934
0.982631
0.981636
0.982182
0.983647
0.986839
0.989167
0.990438
0.990957
0.991097
0.990892
0.990038
0.989366
0.989133
0.98908
0.989181
0.989237
0.989194
0.988969
0.988641
0.988471
0.988434
0.988466
0.988691
0.989584
0.990901
0.99184
0.992294
0.99238
0.99225
0.991596
0.991094
0.991
0.991041
0.991248
0.991415
0.991526
0.991668
0.991866
0.992055
0.992221
0.992568
0.993298
0.993988
0.99426
0.994242
0.994089
0.994075
0.994291
0.995703
0.998026
0.999238
0.999741
0.999921
0.999978
0.999995
0.999999
0.999999
0.999992
0.999928
0.999497
0.997105
0.992924
0.990989
0.990737
0.991539
0.994814
0.997575
0.998989
0.999624
0.999865
0.999927
0.999922
0.999843
0.99947
0.997924
0.993884
0.991979
0.991605
0.991846
0.993141
0.99447
0.995307
0.995961
0.99653
0.997092
0.997658
0.998116
0.998354
0.998404
0.998345
0.9979
0.996393
0.9955
0.994589
0.992504
0.990476
0.988858
0.987664
0.986889
0.98644
0.986157
0.986039
0.986048
0.98612
0.986313
0.986722
0.987641
0.989915
0.991746
0.992071
0.991826
0.990901
0.990572
0.99075
0.991646
0.993653
0.994248
0.994387
0.994673
0.995077
0.995456
0.995642
0.995662
0.995576
0.995421
0.99541
0.995588
0.996647
0.997755
0.997918
0.997478
0.996072
0.995793
0.996366
0.998012
0.998645
0.913223
0.904092
0.882115
0.872873
0.869088
0.875025
0.891344
0.928424
0.969083
0.97873
0.98067
0.981221
0.982161
0.984264
0.987288
0.989525
0.990419
0.990485
0.990324
0.989891
0.989011
0.987135
0.98524
0.983787
0.983481
0.983623
0.984182
0.98453
0.984648
0.984984
0.986072
0.989844
0.995336
0.998311
0.999501
0.999861
0.99996
0.99998
0.999959
0.999525
0.994591
0.982396
0.980156
0.98125
0.98353
0.983581
0.983027
0.983448
0.984559
0.986982
0.989418
0.990582
0.991033
0.991167
0.990972
0.990235
0.989372
0.989031
0.98885
0.988738
0.988672
0.988566
0.988448
0.988396
0.988395
0.988447
0.988709
0.989749
0.991093
0.991987
0.992392
0.992455
0.992302
0.991628
0.99129
0.99128
0.991418
0.991747
0.992081
0.992346
0.992548
0.992728
0.99292
0.993055
0.993273
0.993897
0.994657
0.994916
0.994876
0.994586
0.994499
0.994726
0.996129
0.998131
0.999245
0.999737
0.999918
0.999977
0.999994
0.999999
0.999999
0.999997
0.999976
0.9998
0.998639
0.994953
0.992526
0.991923
0.992248
0.994503
0.997273
0.998794
0.999522
0.999829
0.999934
0.999952
0.999934
0.999813
0.999267
0.996924
0.993186
0.991798
0.991585
0.991912
0.99341
0.994863
0.995757
0.996417
0.996977
0.997539
0.998037
0.998326
0.998406
0.998387
0.998158
0.997049
0.995862
0.995217
0.994051
0.991701
0.989687
0.98827
0.987349
0.986801
0.986427
0.986356
0.986406
0.986576
0.986966
0.987838
0.989992
0.991915
0.992361
0.992189
0.991242
0.990436
0.990502
0.991188
0.993307
0.99428
0.994379
0.994365
0.994414
0.994637
0.99508
0.995431
0.995561
0.995593
0.995625
0.995727
0.996112
0.997262
0.998051
0.998154
0.997798
0.996328
0.995833
0.996197
0.997772
0.99863
0.918356
0.912742
0.891192
0.879245
0.874678
0.876449
0.88973
0.913794
0.9574
0.975374
0.980058
0.981094
0.981744
0.98292
0.984594
0.986716
0.988905
0.989814
0.989938
0.989779
0.989355
0.988464
0.986713
0.985385
0.98495
0.984878
0.984788
0.984587
0.984492
0.984902
0.986821
0.992537
0.997121
0.999
0.999676
0.999911
0.999978
0.999994
0.999994
0.999966
0.999484
0.994263
0.98333
0.981087
0.981889
0.984029
0.984553
0.984187
0.984565
0.985475
0.987408
0.989658
0.990715
0.991121
0.991261
0.991102
0.9905
0.989504
0.989009
0.988751
0.988614
0.988504
0.988428
0.988401
0.988408
0.988484
0.988855
0.99014
0.991394
0.992164
0.992478
0.992505
0.992277
0.991659
0.991474
0.991509
0.991709
0.991923
0.992365
0.993005
0.993522
0.99373
0.993756
0.993789
0.993929
0.994587
0.995712
0.996108
0.996029
0.995506
0.995294
0.995489
0.99683
0.998463
0.999348
0.999759
0.999921
0.999977
0.999994
0.999999
1
0.999999
0.999994
0.999943
0.999562
0.997342
0.994418
0.993338
0.99335
0.994581
0.997121
0.998658
0.999438
0.999788
0.999925
0.999965
0.999965
0.999931
0.999745
0.99894
0.995801
0.992647
0.991641
0.991554
0.991987
0.99376
0.995268
0.996166
0.996823
0.997391
0.997905
0.998266
0.998398
0.998403
0.998301
0.997732
0.996293
0.995527
0.994906
0.993584
0.991498
0.989517
0.988273
0.987553
0.987071
0.987065
0.9872
0.98759
0.988427
0.990497
0.992198
0.992657
0.992517
0.991818
0.99038
0.990264
0.990635
0.992512
0.994259
0.994505
0.994374
0.993881
0.993757
0.993828
0.994232
0.994891
0.995282
0.995459
0.995631
0.995943
0.996754
0.997783
0.998339
0.998388
0.998071
0.996571
0.995875
0.996096
0.997527
0.998593
0.922254
0.91919
0.901619
0.890544
0.881897
0.880198
0.890678
0.905567
0.939924
0.965898
0.977119
0.980392
0.981356
0.982308
0.983431
0.984332
0.985697
0.987366
0.988043
0.98804
0.987821
0.987214
0.986196
0.985505
0.985198
0.985025
0.984655
0.983766
0.98394
0.985288
0.989982
0.99636
0.998877
0.999672
0.999907
0.999974
0.999993
0.999998
0.999999
0.999997
0.999953
0.999293
0.993084
0.983601
0.981807
0.982616
0.984614
0.985424
0.9852
0.985529
0.98633
0.987929
0.989876
0.990845
0.991223
0.991373
0.991257
0.990857
0.990014
0.989185
0.988802
0.988601
0.988516
0.988509
0.98854
0.988693
0.989417
0.990764
0.991773
0.992349
0.992546
0.992537
0.992201
0.991712
0.99162
0.991681
0.991837
0.99207
0.99271
0.993976
0.995029
0.995555
0.995681
0.995704
0.995794
0.996268
0.997573
0.998055
0.997924
0.997092
0.9967
0.996807
0.9978
0.998955
0.999552
0.999827
0.99994
0.999981
0.999995
0.999999
1
1
0.999998
0.999985
0.999878
0.999172
0.996629
0.995004
0.994698
0.995144
0.997053
0.998589
0.99938
0.999753
0.999911
0.999967
0.999978
0.99997
0.999911
0.999628
0.998472
0.994708
0.992213
0.991505
0.99152
0.992144
0.994219
0.995627
0.9965
0.997194
0.997759
0.998174
0.998371
0.998401
0.998363
0.99809
0.99704
0.995913
0.995295
0.994688
0.993462
0.991937
0.990355
0.989376
0.988762
0.98883
0.989144
0.989865
0.991569
0.992647
0.992959
0.992833
0.992209
0.99051
0.990053
0.990228
0.991422
0.994105
0.99467
0.994556
0.993903
0.992712
0.9925
0.992612
0.993006
0.993971
0.994661
0.99521
0.995644
0.996427
0.997375
0.998212
0.998596
0.998607
0.998308
0.996804
0.99592
0.996034
0.997288
0.998529
0.925577
0.925582
0.913039
0.90305
0.895178
0.889574
0.893946
0.902808
0.927302
0.954562
0.970178
0.977597
0.980231
0.981539
0.982695
0.983425
0.984196
0.985158
0.985816
0.985918
0.985852
0.985642
0.985313
0.98514
0.98491
0.984367
0.982693
0.982649
0.983829
0.988067
0.995589
0.998579
0.999576
0.99988
0.999967
0.999991
0.999997
0.999999
1
1
0.999996
0.999911
0.998812
0.991286
0.983549
0.982393
0.983367
0.985321
0.986216
0.9861
0.986401
0.987129
0.988477
0.990097
0.990979
0.991337
0.99149
0.991431
0.991193
0.990632
0.989752
0.989175
0.989009
0.989021
0.989131
0.989515
0.990477
0.991438
0.992136
0.992499
0.992593
0.992542
0.99212
0.991785
0.991748
0.991793
0.991943
0.992372
0.993804
0.995844
0.997257
0.998054
0.998403
0.99853
0.998646
0.998945
0.999378
0.999508
0.99946
0.999021
0.998591
0.998541
0.998858
0.999442
0.999758
0.999906
0.999966
0.999989
0.999997
0.999999
1
1
1
0.999996
0.999968
0.99978
0.998703
0.996866
0.996186
0.996222
0.997154
0.998577
0.999356
0.999731
0.999898
0.999964
0.999983
0.999984
0.999967
0.999872
0.999447
0.997777
0.993754
0.991895
0.991419
0.991532
0.992463
0.994694
0.995966
0.996834
0.997546
0.998046
0.998314
0.998388
0.998376
0.998259
0.997754
0.99652
0.995655
0.995164
0.994526
0.993768
0.992748
0.991931
0.991459
0.991536
0.991858
0.992585
0.993159
0.993247
0.99312
0.992544
0.990715
0.989943
0.989971
0.99067
0.993474
0.994806
0.994777
0.994266
0.992638
0.991297
0.991097
0.991201
0.991643
0.992863
0.994144
0.995134
0.996155
0.99705
0.99789
0.998561
0.998824
0.998812
0.998508
0.996988
0.995953
0.995989
0.997078
0.998449
0.928923
0.931439
0.928002
0.922218
0.908897
0.902319
0.901004
0.904546
0.914045
0.933153
0.95459
0.969004
0.976117
0.979442
0.981286
0.982404
0.983274
0.984063
0.984682
0.984951
0.984949
0.984887
0.984728
0.984301
0.983349
0.980688
0.980697
0.982076
0.98688
0.995153
0.998423
0.99953
0.99987
0.999966
0.999991
0.999998
0.999999
1
1
1
1
0.999988
0.999782
0.997935
0.989072
0.983425
0.982902
0.984177
0.986107
0.986968
0.986907
0.987193
0.987873
0.988995
0.990311
0.991117
0.991453
0.991594
0.991615
0.991503
0.991174
0.990613
0.990393
0.990407
0.990519
0.990783
0.991376
0.991984
0.992404
0.992592
0.992619
0.992512
0.99207
0.991872
0.991857
0.991897
0.992097
0.992931
0.99499
0.996652
0.997848
0.998657
0.99914
0.999402
0.999568
0.999724
0.999822
0.999844
0.999827
0.999712
0.999603
0.999585
0.999653
0.999817
0.999914
0.999964
0.999986
0.999995
0.999998
1
1
1
1
0.999999
0.999992
0.999942
0.999662
0.998571
0.997675
0.997482
0.997709
0.998656
0.999368
0.999726
0.99989
0.99996
0.999985
0.99999
0.999986
0.999956
0.999809
0.999182
0.99674
0.993094
0.991669
0.991389
0.991628
0.993006
0.995066
0.996247
0.99715
0.997815
0.998197
0.998346
0.998361
0.998316
0.998088
0.997296
0.996236
0.995568
0.995029
0.994653
0.994168
0.99373
0.993333
0.993347
0.993458
0.993575
0.993532
0.993368
0.992806
0.99105
0.989952
0.989807
0.990081
0.991916
0.994654
0.995086
0.994754
0.993201
0.991257
0.990671
0.990609
0.990721
0.991195
0.992561
0.994116
0.9957
0.996973
0.997826
0.998443
0.998881
0.999018
0.998987
0.998673
0.997122
0.995973
0.995952
0.996886
0.998358
0.926463
0.930677
0.933137
0.939576
0.935053
0.924928
0.920211
0.915627
0.917895
0.924761
0.933978
0.947643
0.962573
0.971768
0.976899
0.97972
0.981367
0.982423
0.98313
0.98361
0.983651
0.983475
0.9825
0.979586
0.977364
0.977943
0.980312
0.987263
0.995434
0.998535
0.999569
0.999883
0.99997
0.999993
0.999998
1
1
1
1
1
1
0.999998
0.999959
0.999507
0.996338
0.986863
0.983412
0.983364
0.985085
0.986942
0.987682
0.987642
0.987922
0.988557
0.989473
0.99052
0.991247
0.991552
0.991704
0.991803
0.99175
0.991564
0.991442
0.991444
0.991498
0.991647
0.991997
0.992339
0.992557
0.992634
0.992628
0.992443
0.992078
0.99195
0.991926
0.991947
0.992167
0.993287
0.995228
0.996762
0.997919
0.998742
0.999273
0.999583
0.999764
0.999873
0.999926
0.999938
0.999934
0.999898
0.999861
0.999853
0.999872
0.999929
0.999967
0.999986
0.999994
0.999998
0.999999
1
1
1
1
1
0.999997
0.999983
0.999903
0.999545
0.998892
0.998566
0.998553
0.998878
0.999434
0.999742
0.999891
0.999958
0.999985
0.999993
0.999993
0.999984
0.999935
0.999712
0.99882
0.995636
0.992547
0.99152
0.991411
0.991815
0.993665
0.995485
0.996494
0.997345
0.997945
0.99823
0.99831
0.998296
0.998194
0.997829
0.996895
0.996077
0.99545
0.995082
0.994748
0.994493
0.994224
0.994107
0.993952
0.993805
0.99358
0.992996
0.991299
0.990051
0.989743
0.989802
0.990703
0.993936
0.995361
0.995195
0.99408
0.991627
0.990704
0.990479
0.990492
0.990646
0.991207
0.992872
0.99501
0.996655
0.99776
0.998466
0.998931
0.999169
0.999198
0.999144
0.998805
0.997227
0.995979
0.995914
0.99672
0.998257
0.922653
0.923115
0.923114
0.923241
0.923085
0.924476
0.927922
0.928838
0.928781
0.929126
0.930113
0.932034
0.937015
0.94789
0.958051
0.966824
0.973203
0.976106
0.977409
0.97734
0.976537
0.973376
0.972192
0.972819
0.975304
0.981169
0.99153
0.996917
0.998991
0.999698
0.999917
0.999979
0.999995
0.999999
1
1
1
1
1
1
1
1
0.999992
0.999884
0.99897
0.993417
0.985495
0.983581
0.983855
0.986095
0.987802
0.98839
0.988335
0.988601
0.989178
0.989904
0.990706
0.991354
0.991656
0.991824
0.991928
0.991943
0.991951
0.991982
0.992033
0.992148
0.992342
0.99252
0.99262
0.992644
0.992618
0.992374
0.992141
0.992017
0.991946
0.991949
0.992151
0.993288
0.995211
0.996741
0.99791
0.998745
0.999295
0.999629
0.999814
0.999911
0.999956
0.99997
0.99997
0.999961
0.999946
0.999942
0.999947
0.999969
0.999985
0.999994
0.999997
0.999999
1
1
1
1
1
1
0.999999
0.999994
0.999966
0.999844
0.999568
0.999344
0.999251
0.999283
0.999537
0.99978
0.999902
0.999959
0.999985
0.999994
0.999995
0.999994
0.999978
0.999902
0.999576
0.998356
0.994577
0.992126
0.991457
0.991465
0.99209
0.994297
0.995846
0.996639
0.997357
0.997917
0.998151
0.998204
0.998157
0.997969
0.997433
0.996592
0.99587
0.995322
0.994976
0.994702
0.994448
0.994234
0.994013
0.993704
0.993067
0.991429
0.990201
0.989761
0.98973
0.990105
0.992317
0.995327
0.995689
0.99501
0.992459
0.990973
0.990519
0.990444
0.990495
0.990792
0.991787
0.994226
0.996308
0.997643
0.998452
0.998948
0.999252
0.99936
0.999353
0.999276
0.998904
0.997233
0.995967
0.995869
0.99658
0.998161
0.998477
0.996687
0.995308
0.995322
0.996668
0.997253
0.996936
0.995481
0.994196
0.994478
0.996493
0.996624
0.991211
0.967784
0.958009
0.957047
0.957768
0.960489
0.963627
0.964523
0.965394
0.967968
0.973835
0.982862
0.991443
0.996236
0.998544
0.999498
0.999844
0.999956
0.999988
0.999997
0.999999
1
1
1
1
1
1
1
1
1
0.999998
0.999973
0.999718
0.998013
0.990323
0.9847
0.983841
0.984506
0.987132
0.988605
0.989117
0.989029
0.98925
0.98973
0.990285
0.990859
0.991395
0.991747
0.991919
0.992026
0.992117
0.992197
0.992271
0.992371
0.99249
0.992585
0.99263
0.992635
0.992589
0.992345
0.992207
0.992086
0.991897
0.99183
0.991966
0.992976
0.994913
0.996545
0.997813
0.998711
0.999291
0.999637
0.999828
0.999924
0.999967
0.999983
0.999986
0.999984
0.999979
0.999977
0.999978
0.999987
0.999993
0.999997
0.999999
1
1
1
1
1
1
1
1
0.999998
0.999987
0.999937
0.999825
0.999731
0.999677
0.999666
0.999707
0.999837
0.999922
0.999965
0.999986
0.999995
0.999997
0.999997
0.999993
0.99997
0.999862
0.999421
0.997868
0.993884
0.991943
0.991484
0.991569
0.992361
0.994659
0.995999
0.996597
0.997079
0.997556
0.997817
0.997894
0.997818
0.997517
0.996815
0.99605
0.995408
0.995032
0.994659
0.994457
0.994063
0.993643
0.99289
0.991355
0.990314
0.989865
0.989731
0.989906
0.991029
0.994571
0.996082
0.995825
0.993981
0.991494
0.990687
0.990479
0.990499
0.990741
0.991549
0.993697
0.99622
0.99775
0.998509
0.998965
0.999304
0.999488
0.999515
0.99949
0.999386
0.998949
0.997191
0.995922
0.995812
0.996448
0.998043
0.999992
0.999975
0.999958
0.99996
0.99998
0.999984
0.999975
0.999951
0.999912
0.99991
0.99992
0.999897
0.999663
0.998394
0.994739
0.986641
0.97743
0.973948
0.974006
0.975289
0.979339
0.987394
0.993373
0.996875
0.998658
0.999478
0.999817
0.999942
0.999983
0.999996
0.999999
1
1
1
1
1
1
1
1
1
1
1
1
0.999994
0.999929
0.999413
0.996516
0.987904
0.984421
0.984179
0.985266
0.988038
0.989295
0.989884
0.989781
0.989903
0.990224
0.990649
0.991076
0.991473
0.991783
0.991987
0.992119
0.992226
0.992327
0.992431
0.992527
0.992588
0.992606
0.992602
0.992544
0.992372
0.99229
0.99217
0.991797
0.991508
0.991505
0.992136
0.99415
0.996096
0.99759
0.99862
0.999263
0.999634
0.999831
0.999928
0.999971
0.999988
0.999993
0.999993
0.999992
0.999991
0.999992
0.999995
0.999997
0.999999
1
1
1
1
1
1
1
1
1
0.999999
0.999995
0.999975
0.999928
0.99989
0.999869
0.999865
0.999877
0.999919
0.999955
0.999977
0.999989
0.999996
0.999998
0.999998
0.999998
0.999991
0.99996
0.999822
0.999283
0.99747
0.993608
0.991926
0.991567
0.991688
0.992469
0.994628
0.995881
0.996323
0.996591
0.996786
0.996923
0.996975
0.996944
0.996651
0.995976
0.995324
0.99483
0.994432
0.993795
0.993222
0.992231
0.991178
0.990389
0.989987
0.989827
0.989932
0.990571
0.993402
0.99638
0.996572
0.995516
0.992352
0.990983
0.990597
0.990595
0.990846
0.991731
0.993874
0.996711
0.998134
0.998713
0.999055
0.9993
0.999504
0.999616
0.999623
0.999592
0.999469
0.998945
0.997072
0.995847
0.99574
0.996326
0.997921
1
1
1
1
1
1
1
1
0.999999
0.999999
0.999999
0.999998
0.999989
0.999933
0.999713
0.999117
0.997398
0.996054
0.996037
0.996539
0.997803
0.998828
0.999453
0.999772
0.999914
0.999971
0.999991
0.999997
0.999999
1
1
1
1
1
1
1
1
1
1
1
1
1
1
0.999999
0.999984
0.999848
0.99896
0.994346
0.986778
0.984503
0.984504
0.985981
0.988724
0.989887
0.990642
0.990634
0.990557
0.990707
0.991035
0.991358
0.991635
0.991858
0.992043
0.992188
0.992312
0.992427
0.992516
0.992565
0.992581
0.992579
0.992532
0.992438
0.992363
0.99219
0.991574
0.990927
0.990655
0.990924
0.992907
0.995429
0.99726
0.998478
0.999214
0.999621
0.999831
0.99993
0.999973
0.99999
0.999996
0.999997
0.999997
0.999997
0.999997
0.999998
0.999999
1
1
1
1
1
1
1
1
1
1
1
0.999998
0.99999
0.99997
0.999954
0.999945
0.999944
0.999949
0.999966
0.999979
0.999988
0.999994
0.999997
0.999999
0.999999
0.999999
0.999998
0.999989
0.99995
0.999787
0.999182
0.997187
0.99353
0.991988
0.991665
0.991771
0.992406
0.994224
0.995469
0.995904
0.995957
0.995958
0.995918
0.995717
0.995516
0.99505
0.994414
0.993735
0.993146
0.992404
0.991717
0.991034
0.990534
0.990144
0.990044
0.990144
0.990574
0.992096
0.996025
0.997199
0.99678
0.993995
0.991471
0.990803
0.990707
0.990971
0.99195
0.99435
0.997319
0.998479
0.99889
0.99905
0.999268
0.999495
0.999649
0.999701
0.999696
0.999656
0.999503
0.998879
0.996851
0.995742
0.995659
0.996228
0.997812
1
1
1
1
1
1
1
1
1
1
1
1
1
0.999998
0.999989
0.999962
0.999846
0.999759
0.999777
0.999852
0.999921
0.999964
0.999985
0.999995
0.999998
0.999999
1
1
1
1
1
1
1
1
1
1
1
1
1
1
1
1
1
1
0.999997
0.999965
0.999728
0.998409
0.992462
0.98624
0.984666
0.984793
0.986525
0.989261
0.990485
0.991305
0.991437
0.991317
0.99133
0.991442
0.991663
0.991857
0.992022
0.992165
0.992298
0.992415
0.992504
0.992559
0.992581
0.992582
0.992553
0.992504
0.992431
0.992212
0.991349
0.990126
0.989435
0.989554
0.991545
0.994663
0.99687
0.998306
0.999153
0.999606
0.999829
0.999931
0.999974
0.999991
0.999997
0.999999
0.999999
0.999999
0.999999
0.999999
1
1
1
1
1
1
1
1
1
1
1
1
0.999999
0.999996
0.999988
0.99998
0.999977
0.999976
0.999978
0.999985
0.999991
0.999995
0.999997
0.999998
0.999999
1
1
0.999999
0.999997
0.999987
0.999942
0.999765
0.999134
0.997138
0.993623
0.992121
0.991761
0.991808
0.992229
0.993447
0.99475
0.995252
0.995297
0.995255
0.995104
0.994671
0.994022
0.993331
0.992723
0.992166
0.991632
0.991177
0.990788
0.990409
0.990388
0.990492
0.990851
0.991859
0.994999
0.997501
0.997661
0.996357
0.992547
0.991062
0.990782
0.991028
0.992015
0.994526
0.997669
0.998749
0.999025
0.999095
0.999164
0.999363
0.999615
0.999744
0.999764
0.999751
0.999696
0.999499
0.998683
0.996555
0.995618
0.995572
0.996142
0.997688
1
1
1
1
1
1
1
1
1
1
1
1
1
1
1
0.999999
0.999996
0.999995
0.999997
0.999998
0.999999
1
1
1
1
1
1
1
1
1
1
1
1
1
1
1
1
1
1
1
1
1
1
1
0.999999
0.999993
0.999935
0.999571
0.997827
0.99104
0.985983
0.98482
0.985019
0.986834
0.989599
0.991074
0.991757
0.992268
0.992268
0.992186
0.992108
0.992126
0.992173
0.992257
0.992358
0.992456
0.992536
0.992595
0.992628
0.992639
0.992638
0.992632
0.992587
0.992334
0.991088
0.989041
0.98801
0.988117
0.990232
0.993803
0.996397
0.998087
0.999071
0.999584
0.999827
0.999933
0.999976
0.999992
0.999997
0.999999
1
1
1
1
1
1
1
1
1
1
1
1
1
1
1
1
1
0.999999
0.999995
0.999992
0.99999
0.99999
0.99999
0.999993
0.999996
0.999997
0.999999
0.999999
1
1
1
1
0.999999
0.999997
0.999986
0.999938
0.99976
0.999153
0.997364
0.993914
0.992331
0.99186
0.991834
0.992022
0.992561
0.993563
0.994302
0.994494
0.994453
0.994251
0.993691
0.993135
0.992519
0.991979
0.991611
0.991139
0.990891
0.990913
0.991043
0.991378
0.992105
0.994097
0.997393
0.998358
0.997925
0.994887
0.991646
0.990902
0.991015
0.991843
0.994229
0.997712
0.998955
0.999218
0.999142
0.999131
0.999198
0.999461
0.999709
0.9998
0.999807
0.999787
0.999702
0.999458
0.998293
0.996228
0.995482
0.995474
0.996054
0.997566
1
1
1
1
1
1
1
1
1
1
1
1
1
1
1
1
1
1
1
1
1
1
1
1
1
1
1
1
1
1
1
1
1
1
1
1
1
1
1
1
1
1
1
1
1
0.999999
0.999986
0.999897
0.9994
0.997282
0.990156
0.985929
0.984932
0.98514
0.98673
0.989823
0.991409
0.992223
0.992763
0.993099
0.993141
0.993096
0.993003
0.992923
0.992843
0.992808
0.992823
0.99286
0.9929
0.992947
0.992996
0.993002
0.992928
0.992488
0.990436
0.987886
0.986886
0.986935
0.988765
0.992774
0.995842
0.997833
0.998972
0.999555
0.999824
0.999935
0.999978
0.999993
0.999998
0.999999
1
1
1
1
1
1
1
1
1
1
1
1
1
1
1
1
1
1
0.999998
0.999997
0.999996
0.999996
0.999996
0.999997
0.999998
0.999999
0.999999
1
1
1
1
1
1
0.999999
0.999997
0.999986
0.99994
0.999776
0.999245
0.99784
0.994506
0.992671
0.992017
0.991842
0.991875
0.992046
0.992426
0.99284
0.993171
0.993224
0.993142
0.99288
0.992443
0.992114
0.99172
0.991547
0.991566
0.99168
0.991969
0.992561
0.993835
0.996981
0.998735
0.998815
0.997622
0.993274
0.991089
0.990861
0.991362
0.993343
0.997324
0.99898
0.999415
0.999332
0.999107
0.999082
0.999235
0.999622
0.999791
0.999834
0.99983
0.999792
0.999686
0.999343
0.9977
0.995884
0.995349
0.995381
0.996014
0.997463
1
1
1
1
1
1
1
1
1
1
1
1
1
1
1
1
1
1
1
1
1
1
1
1
1
1
1
1
1
1
1
1
1
1
1
1
1
1
1
1
1
1
1
1
1
1
0.999997
0.999977
0.999855
0.999244
0.996857
0.989759
0.985989
0.984994
0.985137
0.986312
0.989613
0.991575
0.992592
0.993167
0.993557
0.993786
0.993831
0.993825
0.993806
0.993727
0.993669
0.993653
0.993619
0.993602
0.993574
0.993497
0.993277
0.992538
0.989731
0.987264
0.986451
0.986476
0.987557
0.991631
0.995296
0.997622
0.998908
0.999542
0.999822
0.999936
0.999979
0.999994
0.999998
1
1
1
1
1
1
1
1
1
1
1
1
1
1
1
1
1
1
1
0.999999
0.999999
0.999999
0.999998
0.999998
0.999999
0.999999
0.999999
1
1
1
1
1
1
1
1
0.999999
0.999997
0.999987
0.999947
0.999811
0.999401
0.998377
0.995713
0.993375
0.992335
0.991977
0.99185
0.991857
0.991897
0.992003
0.992087
0.992098
0.992075
0.992004
0.991821
0.991762
0.991808
0.991983
0.992424
0.993128
0.994344
0.9971
0.998885
0.999349
0.999039
0.996491
0.992231
0.990852
0.990902
0.992174
0.996074
0.998666
0.999509
0.999564
0.999314
0.998874
0.998906
0.999333
0.999702
0.999824
0.999844
0.999831
0.99978
0.999634
0.999063
0.996958
0.99556
0.995223
0.995296
0.995981
0.997341
1
1
1
1
1
1
1
1
1
1
1
1
1
1
1
1
1
1
1
1
1
1
1
1
1
1
1
1
1
1
1
1
1
1
1
1
1
1
1
1
1
1
1
1
1
1
1
0.999996
0.999968
0.999819
0.999141
0.996671
0.989782
0.986132
0.985026
0.985046
0.985844
0.988766
0.991392
0.992731
0.993436
0.993838
0.994095
0.994234
0.994269
0.994266
0.994255
0.994225
0.994131
0.99406
0.993995
0.993862
0.99355
0.992503
0.989252
0.987006
0.986328
0.986354
0.987101
0.990694
0.994853
0.997463
0.998877
0.99954
0.999827
0.99994
0.999981
0.999994
0.999998
1
1
1
1
1
1
1
1
1
1
1
1
1
1
1
1
1
1
1
1
1
0.999999
0.999999
0.999999
1
1
1
1
1
1
1
1
1
1
1
1
0.999999
0.999997
0.999989
0.999958
0.999858
0.999583
0.998886
0.997339
0.994762
0.993186
0.992423
0.992074
0.99194
0.991897
0.991886
0.991876
0.991838
0.991846
0.991902
0.992085
0.99254
0.993397
0.99464
0.996065
0.998029
0.999167
0.999627
0.999607
0.998892
0.995076
0.991497
0.990765
0.991203
0.993935
0.997935
0.99938
0.999716
0.999606
0.998896
0.998588
0.998817
0.99942
0.999732
0.999832
0.999841
0.999818
0.999739
0.999501
0.998309
0.996243
0.995289
0.995106
0.99521
0.995929
0.997227
1
1
1
1
1
1
1
1
1
1
1
1
1
1
1
1
1
1
1
1
1
1
1
1
1
1
1
1
1
1
1
1
1
1
1
1
1
1
1
1
1
1
1
1
1
1
1
0.999999
0.999994
0.999961
0.999799
0.999117
0.996812
0.990242
0.986405
0.985103
0.984965
0.985412
0.987369
0.990703
0.992537
0.993495
0.993991
0.994246
0.994378
0.994431
0.994442
0.994435
0.994378
0.994288
0.994209
0.994061
0.993723
0.992532
0.989196
0.987024
0.986351
0.986366
0.986989
0.990043
0.994493
0.997364
0.998871
0.999566
0.999847
0.99995
0.999985
0.999996
0.999999
1
1
1
1
1
1
1
1
1
1
1
1
1
1
1
1
1
1
1
1
1
1
1
1
1
1
1
1
1
1
1
1
1
1
1
1
1
1
0.999998
0.999992
0.999971
0.999908
0.999743
0.99931
0.998584
0.997012
0.995377
0.994056
0.99326
0.992896
0.992662
0.992629
0.99269
0.992884
0.993355
0.994318
0.995887
0.997347
0.99843
0.999118
0.999563
0.999805
0.999847
0.999698
0.998436
0.99381
0.99108
0.990784
0.991944
0.996318
0.99889
0.999704
0.99979
0.999461
0.998473
0.998364
0.998786
0.999435
0.99972
0.999806
0.999811
0.999766
0.999624
0.99914
0.997225
0.99566
0.995079
0.995
0.995133
0.995891
0.997103
1
1
1
1
1
1
1
1
1
1
1
1
1
1
1
1
1
1
1
1
1
1
1
1
1
1
1
1
1
1
1
1
1
1
1
1
1
1
1
1
1
1
1
1
1
1
1
1
0.999999
0.999992
0.999957
0.9998
0.999185
0.997249
0.991254
0.986917
0.985299
0.984957
0.985165
0.986146
0.989323
0.991947
0.9933
0.993973
0.994282
0.99441
0.994449
0.994451
0.994417
0.994328
0.994249
0.994111
0.993799
0.99268
0.989402
0.987236
0.986604
0.986631
0.987127
0.98979
0.994343
0.997324
0.998904
0.999603
0.99987
0.999961
0.999989
0.999997
0.999999
1
1
1
1
1
1
1
1
1
1
1
1
1
1
1
1
1
1
1
1
1
1
1
1
1
1
1
1
1
1
1
1
1
1
1
1
1
1
1
0.999999
0.999995
0.999983
0.999949
0.999862
0.999678
0.999265
0.998638
0.997865
0.997132
0.996645
0.996316
0.996351
0.996544
0.997014
0.997838
0.998597
0.999158
0.999516
0.99972
0.999843
0.999921
0.999944
0.999913
0.999636
0.997764
0.9929
0.990872
0.990959
0.993514
0.997856
0.999457
0.999848
0.999809
0.999022
0.998078
0.998071
0.998652
0.99928
0.999605
0.999714
0.999718
0.999621
0.999307
0.998104
0.996241
0.995237
0.994923
0.994904
0.995063
0.995812
0.996877
1
1
1
1
1
1
1
1
1
1
1
1
1
1
1
1
1
1
1
1
1
1
1
1
1
1
1
1
1
1
1
1
1
1
1
1
1
1
1
1
1
1
1
1
1
1
1
1
1
0.999999
0.999992
0.99996
0.999824
0.999328
0.997812
0.992855
0.987883
0.985721
0.985122
0.985149
0.985653
0.987718
0.990995
0.992807
0.993721
0.994159
0.994336
0.994375
0.994361
0.994288
0.994209
0.994085
0.993813
0.992902
0.989856
0.987719
0.987177
0.987238
0.987708
0.989855
0.994352
0.997392
0.99896
0.999633
0.999883
0.999966
0.999991
0.999998
0.999999
1
1
1
1
1
1
1
1
1
1
1
1
1
1
1
1
1
1
1
1
1
1
1
1
1
1
1
1
1
1
1
1
1
1
1
1
1
1
1
1
0.999999
0.999997
0.999991
0.999976
0.999938
0.999853
0.999732
0.999445
0.999253
0.999066
0.999035
0.999073
0.999173
0.999376
0.999594
0.999764
0.999871
0.999931
0.999961
0.999978
0.999983
0.999976
0.99992
0.99952
0.997074
0.99229
0.990801
0.991397
0.995558
0.998808
0.999747
0.999904
0.999738
0.998519
0.997712
0.997746
0.998318
0.998975
0.99934
0.999487
0.999463
0.99922
0.998426
0.996749
0.99553
0.994957
0.994814
0.994825
0.994989
0.995622
0.996569
1
1
1
1
1
1
1
1
1
1
1
1
1
1
1
1
1
1
1
1
1
1
1
1
1
1
1
1
1
1
1
1
1
1
1
1
1
1
1
1
1
1
1
1
1
1
1
1
1
1
0.999999
0.999993
0.999965
0.999855
0.999479
0.998324
0.994611
0.989169
0.986376
0.985432
0.985348
0.985589
0.986555
0.989511
0.991937
0.993258
0.993886
0.994106
0.994135
0.99411
0.994044
0.993953
0.993756
0.993121
0.990549
0.988443
0.987936
0.988012
0.988492
0.990609
0.994853
0.997665
0.999086
0.999683
0.999901
0.999972
0.999993
0.999998
1
1
1
1
1
1
1
1
1
1
1
1
1
1
1
1
1
1
1
1
1
1
1
1
1
1
1
1
1
1
1
1
1
1
1
1
1
1
1
1
1
1
1
0.999999
0.999996
0.99999
0.999977
0.999955
0.999899
0.999854
0.99982
0.999822
0.999837
0.99987
0.999912
0.999949
0.999973
0.999986
0.999993
0.999996
0.999996
0.999994
0.999981
0.9999
0.999407
0.996482
0.991868
0.990877
0.992283
0.997203
0.999369
0.999888
0.999921
0.999518
0.997974
0.99738
0.99735
0.997775
0.998362
0.998745
0.998906
0.998757
0.998142
0.996973
0.995763
0.995078
0.994795
0.994749
0.994782
0.994936
0.995405
0.996316
1
1
1
1
1
1
1
1
1
1
1
1
1
1
1
1
1
1
1
1
1
1
1
1
1
1
1
1
1
1
1
1
1
1
1
1
1
1
1
1
1
1
1
1
1
1
1
1
1
1
1
0.999999
0.999994
0.999973
0.999896
0.999642
0.998849
0.996755
0.991432
0.987752
0.986115
0.985768
0.985825
0.986213
0.987488
0.990492
0.992394
0.99324
0.993553
0.993615
0.993608
0.993595
0.993543
0.99323
0.991347
0.989384
0.989017
0.989107
0.989519
0.99142
0.995505
0.998095
0.999311
0.999781
0.999937
0.999983
0.999996
0.999999
1
1
1
1
1
1
1
1
1
1
1
1
1
1
1
1
1
1
1
1
1
1
1
1
1
1
1
1
1
1
1
1
1
1
1
1
1
1
1
1
1
1
1
1
1
0.999999
0.999997
0.999993
0.999987
0.999979
0.999976
0.999978
0.999981
0.999986
0.999991
0.999995
0.999998
0.999999
0.999999
0.999999
0.999999
0.999995
0.999976
0.999878
0.999314
0.995969
0.991639
0.991127
0.993738
0.998357
0.999707
0.999951
0.999921
0.999101
0.997542
0.997064
0.996896
0.997067
0.997433
0.997671
0.997734
0.997426
0.996756
0.995854
0.995171
0.994834
0.994724
0.994724
0.994775
0.994928
0.995304
0.996196
1
1
1
1
1
1
1
1
1
1
1
1
1
1
1
1
1
1
1
1
1
1
1
1
1
1
1
1
1
1
1
1
1
1
1
1
1
1
1
1
1
1
1
1
1
1
1
1
1
1
1
1
0.999999
0.999996
0.999984
0.999942
0.999804
0.999394
0.998358
0.995605
0.991064
0.988117
0.986775
0.986537
0.986625
0.987072
0.988518
0.989787
0.990516
0.991072
0.991728
0.992393
0.992757
0.992764
0.992338
0.990982
0.990284
0.99023
0.990585
0.992867
0.99666
0.998723
0.999578
0.999875
0.999965
0.999991
0.999998
0.999999
1
1
1
1
1
1
1
1
1
1
1
1
1
1
1
1
1
1
1
1
1
1
1
1
1
1
1
1
1
1
1
1
1
1
1
1
1
1
1
1
1
1
1
1
1
1
1
0.999999
0.999999
0.999998
0.999998
0.999998
0.999998
0.999999
0.999999
1
1
1
1
1
0.999998
0.999992
0.999968
0.999862
0.999249
0.995591
0.991548
0.991561
0.995589
0.999155
0.999878
0.999974
0.999834
0.998444
0.997296
0.996853
0.996543
0.996462
0.996573
0.996649
0.996578
0.996247
0.995727
0.99519
0.994874
0.994737
0.99471
0.994726
0.994791
0.994948
0.995301
0.99619
1
1
1
1
1
1
1
1
1
1
1
1
1
1
1
1
1
1
1
1
1
1
1
1
1
1
1
1
1
1
1
1
1
1
1
1
1
1
1
1
1
1
1
1
1
1
1
1
1
1
1
1
1
1
0.999998
0.999993
0.999974
0.999916
0.999755
0.999335
0.998449
0.996461
0.992857
0.989801
0.988175
0.987818
0.987853
0.987999
0.988108
0.988176
0.988321
0.988922
0.990276
0.991091
0.991214
0.990909
0.990524
0.990578
0.991412
0.994986
0.997938
0.999266
0.999767
0.999933
0.999982
0.999995
0.999999
1
1
1
1
1
1
1
1
1
1
1
1
1
1
1
1
1
1
1
1
1
1
1
1
1
1
1
1
1
1
1
1
1
1
1
1
1
1
1
1
1
1
1
1
1
1
1
1
1
1
1
1
1
1
1
1
1
1
1
1
0.999999
0.999997
0.999987
0.999959
0.999856
0.999209
0.995243
0.991697
0.99239
0.997253
0.999619
0.999951
0.999978
0.999655
0.997892
0.997118
0.996753
0.996353
0.996065
0.995924
0.995847
0.995727
0.995469
0.995149
0.994899
0.994771
0.994723
0.994723
0.994771
0.994866
0.995017
0.995359
0.996351
1
1
1
1
1
1
1
1
1
1
1
1
1
1
1
1
1
1
1
1
1
1
1
1
1
1
1
1
1
1
1
1
1
1
1
1
1
1
1
1
1
1
1
1
1
1
1
1
1
1
1
1
1
1
1
0.999999
0.999997
0.999991
0.999973
0.999925
0.999809
0.999542
0.998983
0.997595
0.995423
0.993446
0.99182
0.990693
0.990268
0.990271
0.990495
0.990567
0.990522
0.990487
0.990399
0.990358
0.990483
0.991336
0.994961
0.997926
0.999239
0.999747
0.999923
0.999978
0.999994
0.999999
1
1
1
1
1
1
1
1
1
1
1
1
1
1
1
1
1
1
1
1
1
1
1
1
1
1
1
1
1
1
1
1
1
1
1
1
1
1
1
1
1
1
1
1
1
1
1
1
1
1
1
1
1
1
1
1
1
1
1
1
1
0.999998
0.999993
0.999979
0.999953
0.999861
0.999177
0.994918
0.991973
0.993628
0.998572
0.999855
0.999974
0.999958
0.999318
0.997645
0.997028
0.996697
0.996283
0.995923
0.995629
0.995418
0.995276
0.995099
0.994931
0.994823
0.994769
0.99475
0.994799
0.994868
0.994952
0.995137
0.995628
0.997043
1
1
1
1
1
1
1
1
1
1
1
1
1
1
1
1
1
1
1
1
1
1
1
1
1
1
1
1
1
1
1
1
1
1
1
1
1
1
1
1
1
1
1
1
1
1
1
1
1
1
1
1
1
1
1
1
1
0.999999
0.999998
0.999994
0.999984
0.999958
0.9999
0.999768
0.999471
0.998799
0.998092
0.997603
0.997534
0.997622
0.997625
0.997053
0.994826
0.993336
0.993001
0.993139
0.9942
0.996922
0.998638
0.999467
0.999812
0.999939
0.999982
0.999995
0.999999
1
1
1
1
1
1
1
1
1
1
1
1
1
1
1
1
1
1
1
1
1
1
1
1
1
1
1
1
1
1
1
1
1
1
1
1
1
1
1
1
1
1
1
1
1
1
1
1
1
1
1
1
1
1
1
1
1
1
1
1
1
0.999999
0.999997
0.999986
0.999974
0.999954
0.999866
0.999065
0.994482
0.992395
0.995043
0.99922
0.999949
0.999976
0.999898
0.99908
0.997576
0.996992
0.996677
0.996269
0.995899
0.995562
0.995301
0.995126
0.994984
0.994889
0.994829
0.9948
0.994841
0.994888
0.994945
0.995066
0.995408
0.996495
0.997974
1
1
1
1
1
1
1
1
1
1
1
1
1
1
1
1
1
1
1
1
1
1
1
1
1
1
1
1
1
1
1
1
1
1
1
1
1
1
1
1
1
1
1
1
1
1
1
1
1
1
1
1
1
1
1
1
1
1
1
1
0.999999
0.999998
0.999994
0.999986
0.999966
0.999896
0.999795
0.999751
0.999752
0.999755
0.999719
0.999438
0.999017
0.99886
0.998859
0.998969
0.999377
0.9997
0.999871
0.99995
0.999982
0.999994
0.999998
1
1
1
1
1
1
1
1
1
1
1
1
1
1
1
1
1
1
1
1
1
1
1
1
1
1
1
1
1
1
1
1
1
1
1
1
1
1
1
1
1
1
1
1
1
1
1
1
1
1
1
1
1
1
1
1
1
1
1
1
1
1
1
0.999999
0.999996
0.999982
0.999971
0.999953
0.999848
0.998741
0.993827
0.99284
0.99654
0.99964
0.999984
0.999967
0.999848
0.999028
0.9976
0.996987
0.996675
0.99631
0.995947
0.99559
0.995309
0.995115
0.994979
0.994905
0.994872
0.994892
0.994926
0.994966
0.995057
0.995304
0.996184
0.99758
0.998655
1
1
1
1
1
1
1
1
1
1
1
1
1
1
1
1
1
1
1
1
1
1
1
1
1
1
1
1
1
1
1
1
1
1
1
1
1
1
1
1
1
1
1
1
1
1
1
1
1
1
1
1
1
1
1
1
1
1
1
1
1
1
1
1
0.999999
0.999995
0.999991
0.99999
0.99999
0.999988
0.999973
0.999954
0.999947
0.999947
0.99995
0.999961
0.99998
0.999991
0.999996
0.999999
0.999999
1
1
1
1
1
1
1
1
1
1
1
1
1
1
1
1
1
1
1
1
1
1
1
1
1
1
1
1
1
1
1
1
1
1
1
1
1
1
1
1
1
1
1
1
1
1
1
1
1
1
1
1
1
1
1
1
1
1
1
1
1
1
1
1
1
0.999999
0.999994
0.999969
0.999951
0.999928
0.999762
0.997941
0.993201
0.993341
0.997729
0.999834
0.999992
0.999965
0.99984
0.999246
0.997926
0.997086
0.996709
0.996424
0.996082
0.995729
0.99539
0.995157
0.995037
0.994991
0.994985
0.995
0.995023
0.995096
0.995294
0.995964
0.997339
0.998375
0.999109
1
1
1
1
1
1
1
1
1
1
1
1
1
1
1
1
1
1
1
1
1
1
1
1
1
1
1
1
1
1
1
1
1
1
1
1
1
1
1
1
1
1
1
1
1
1
1
1
1
1
1
1
1
1
1
1
1
1
1
1
1
1
1
1
1
1
1
1
1
0.999999
0.999999
0.999999
0.999999
0.999999
0.999999
1
1
1
1
1
1
1
1
1
1
1
1
1
1
1
1
1
1
1
1
1
1
1
1
1
1
1
1
1
1
1
1
1
1
1
1
1
1
1
1
1
1
1
1
1
1
1
1
1
1
1
1
1
1
1
1
1
1
1
1
1
1
1
1
1
1
1
1
1
1
1
0.999999
0.999983
0.999902
0.999862
0.999826
0.999472
0.99623
0.992942
0.994133
0.99858
0.999902
0.999994
0.999978
0.999886
0.999468
0.998558
0.9974
0.996822
0.996532
0.99619
0.995867
0.995531
0.995301
0.995194
0.995145
0.995124
0.995128
0.99519
0.995361
0.995916
0.99715
0.99821
0.998917
0.999408
1
1
1
1
1
1
1
1
1
1
1
1
1
1
1
1
1
1
1
1
1
1
1
1
1
1
1
1
1
1
1
1
1
1
1
1
1
1
1
1
1
1
1
1
1
1
1
1
1
1
1
1
1
1
1
1
1
1
1
1
1
1
1
1
1
1
1
1
1
1
1
1
1
1
1
1
1
1
1
1
1
1
1
1
1
1
1
1
1
1
1
1
1
1
1
1
1
1
1
1
1
1
1
1
1
1
1
1
1
1
1
1
1
1
1
1
1
1
1
1
1
1
1
1
1
1
1
1
1
1
1
1
1
1
1
1
1
1
1
1
1
1
1
1
1
1
0.999996
0.999939
0.999736
0.999677
0.999596
0.9987
0.994393
0.993025
0.995163
0.998964
0.999911
0.999996
0.999994
0.999958
0.999698
0.999123
0.998087
0.997125
0.996651
0.996316
0.995968
0.995664
0.995458
0.995357
0.995312
0.995299
0.995351
0.995517
0.996018
0.99712
0.998104
0.998831
0.999294
0.999618
1
1
1
1
1
1
1
1
1
1
1
1
1
1
1
1
1
1
1
1
1
1
1
1
1
1
1
1
1
1
1
1
1
1
1
1
1
1
1
1
1
1
1
1
1
1
1
1
1
1
1
1
1
1
1
1
1
1
1
1
1
1
1
1
1
1
1
1
1
1
1
1
1
1
1
1
1
1
1
1
1
1
1
1
1
1
1
1
1
1
1
1
1
1
1
1
1
1
1
1
1
1
1
1
1
1
1
1
1
1
1
1
1
1
1
1
1
1
1
1
1
1
1
1
1
1
1
1
1
1
1
1
1
1
1
1
1
1
1
1
1
1
1
1
1
1
0.999988
0.999824
0.999464
0.999384
0.999134
0.996793
0.993284
0.993217
0.996076
0.999139
0.999898
0.999993
0.999998
0.999985
0.999871
0.9995
0.998798
0.997895
0.99699
0.996527
0.996179
0.995894
0.995715
0.995623
0.995586
0.995628
0.995809
0.996334
0.997279
0.998157
0.998821
0.999283
0.999568
0.999773
1
1
1
1
1
1
1
1
1
1
1
1
1
1
1
1
1
1
1
1
1
1
1
1
1
1
1
1
1
1
1
1
1
1
1
1
1
1
1
1
1
1
1
1
1
1
1
1
1
1
1
1
1
1
1
1
1
1
1
1
1
1
1
1
1
1
1
1
1
1
1
1
1
1
1
1
1
1
1
1
1
1
1
1
1
1
1
1
1
1
1
1
1
1
1
1
1
1
1
1
1
1
1
1
1
1
1
1
1
1
1
1
1
1
1
1
1
1
1
1
1
1
1
1
1
1
1
1
1
1
1
1
1
1
1
1
1
1
1
1
1
1
1
1
1
0.999999
0.999973
0.99962
0.999063
0.998873
0.997996
0.994603
0.993174
0.993814
0.997255
0.999346
0.999894
0.999986
0.999998
0.999994
0.999947
0.999706
0.999303
0.998746
0.997966
0.997186
0.996714
0.996417
0.996243
0.996163
0.996174
0.996405
0.996932
0.997673
0.99838
0.998942
0.999337
0.9996
0.999761
0.999879
1
1
1
1
1
1
1
1
1
1
1
1
1
1
1
1
1
1
1
1
1
1
1
1
1
1
1
1
1
1
1
1
1
1
1
1
1
1
1
1
1
1
1
1
1
1
1
1
1
1
1
1
1
1
1
1
1
1
1
1
1
1
1
1
1
1
1
1
1
1
1
1
1
1
1
1
1
1
1
1
1
1
1
1
1
1
1
1
1
1
1
1
1
1
1
1
1
1
1
1
1
1
1
1
1
1
1
1
1
1
1
1
1
1
1
1
1
1
1
1
1
1
1
1
1
1
1
1
1
1
1
1
1
1
1
1
1
1
1
1
1
1
1
1
1
0.999998
0.999949
0.999369
0.998413
0.997817
0.995895
0.993946
0.993703
0.995303
0.998327
0.999548
0.999906
0.999984
0.999998
0.999997
0.999974
0.999844
0.999633
0.999331
0.998927
0.99844
0.997967
0.99764
0.997461
0.997385
0.997497
0.997828
0.998276
0.998757
0.999169
0.999467
0.999668
0.9998
0.999882
0.999943
1
1
1
1
1
1
1
1
1
1
1
1
1
1
1
1
1
1
1
1
1
1
1
1
1
1
1
1
1
1
1
1
1
1
1
1
1
1
1
1
1
1
1
1
1
1
1
1
1
1
1
1
1
1
1
1
1
1
1
1
1
1
1
1
1
1
1
1
1
1
1
1
1
1
1
1
1
1
1
1
1
1
1
1
1
1
1
1
1
1
1
1
1
1
1
1
1
1
1
1
1
1
1
1
1
1
1
1
1
1
1
1
1
1
1
1
1
1
1
1
1
1
1
1
1
1
1
1
1
1
1
1
1
1
1
1
1
1
1
1
1
1
1
1
1
0.999997
0.999918
0.999201
0.997562
0.996313
0.99495
0.994341
0.994927
0.997263
0.999062
0.999722
0.99993
0.999985
0.999998
0.999999
0.99999
0.999941
0.999833
0.999678
0.999503
0.999271
0.999025
0.998818
0.998709
0.998666
0.998752
0.998953
0.999206
0.999443
0.999633
0.999763
0.999852
0.999911
0.999949
0.999977
1
1
1
1
1
1
1
1
1
1
1
1
1
1
1
1
1
1
1
1
1
1
1
1
1
1
1
1
1
1
1
1
1
1
1
1
1
1
1
1
1
1
1
1
1
1
1
1
1
1
1
1
1
1
1
1
1
1
1
1
1
1
1
1
1
1
1
1
1
1
1
1
1
1
1
1
1
1
1
1
1
1
1
1
1
1
1
1
1
1
1
1
1
1
1
1
1
1
1
1
1
1
1
1
1
1
1
1
1
1
1
1
1
1
1
1
1
1
1
1
1
1
1
1
1
1
1
1
1
1
1
1
1
1
1
1
1
1
1
1
1
1
1
1
1
0.999995
0.999899
0.999118
0.997303
0.995931
0.995226
0.99551
0.997048
0.99864
0.999531
0.999849
0.999956
0.999989
0.999998
0.999999
0.999996
0.999978
0.99993
0.999869
0.999804
0.99971
0.999613
0.999521
0.999475
0.999458
0.999503
0.999592
0.999695
0.999785
0.999857
0.999906
0.999942
0.999966
0.999982
0.999993
1
1
1
1
1
1
1
1
1
1
1
1
1
1
1
1
1
1
1
1
1
1
1
1
1
1
1
1
1
1
1
1
1
1
1
1
1
1
1
1
1
1
1
1
1
1
1
1
1
1
1
1
1
1
1
1
1
1
1
1
1
1
1
1
1
1
1
1
1
1
1
1
1
1
1
1
1
1
1
1
1
1
1
1
1
1
1
1
1
1
1
1
1
1
1
1
1
1
1
1
1
1
1
1
1
1
1
1
1
1
1
1
1
1
1
1
1
1
1
1
1
1
1
1
1
1
1
1
1
1
1
1
1
1
1
1
1
1
1
1
1
1
1
1
1
0.999992
0.999894
0.999165
0.997438
0.996475
0.996548
0.997666
0.998714
0.999411
0.999786
0.999923
0.999974
0.999992
0.999998
1
0.999999
0.999992
0.999973
0.999955
0.999932
0.999902
0.999872
0.999842
0.999827
0.999822
0.999838
0.999866
0.999899
0.999926
0.999951
0.999968
0.999981
0.99999
0.999995
0.999998
1
1
1
1
1
1
1
1
1
1
1
1
1
1
1
1
1
1
1
1
1
1
1
1
1
1
1
1
1
1
1
1
1
1
1
1
1
1
1
1
1
1
1
1
1
1
1
1
1
1
1
1
1
1
1
1
1
1
1
1
1
1
1
1
1
1
1
1
1
1
1
1
1
1
1
1
1
1
1
1
1
1
1
1
1
1
1
1
1
1
1
1
1
1
1
1
1
1
1
1
1
1
1
1
1
1
1
1
1
1
1
1
1
1
1
1
1
1
1
1
1
1
1
1
1
1
1
1
1
1
1
1
1
1
1
1
1
1
1
1
1
1
1
1
0.999999
0.999994
0.999957
0.999715
0.998758
0.998256
0.998561
0.999149
0.999536
0.999773
0.999906
0.999959
0.999983
0.999994
0.999999
1
1
0.999997
0.999991
0.999986
0.999979
0.999972
0.999965
0.999957
0.999953
0.999951
0.999956
0.999963
0.999972
0.999979
0.999987
0.999992
0.999996
0.999998
0.999999
0.999999
1
1
1
1
1
1
1
1
1
1
1
1
1
1
1
1
1
1
1
1
1
1
1
1
1
1
1
1
1
1
1
1
1
1
1
1
1
1
1
1
1
1
1
1
1
1
1
1
1
1
1
1
1
1
1
1
1
1
1
1
1
1
1
1
1
1
1
1
1
1
1
1
1
1
1
1
1
1
1
1
1
1
1
1
1
1
1
1
1
1
1
1
1
1
1
1
1
1
1
1
1
1
1
1
1
1
1
1
1
1
1
1
1
1
1
1
1
1
1
1
1
1
1
1
1
1
1
1
1
1
1
1
1
1
1
1
1
1
1
1
1
1
1
1
0.999999
0.999995
0.999969
0.999878
0.999651
0.999491
0.999601
0.999772
0.999877
0.999938
0.999974
0.999988
0.999994
0.999998
1
1
1
0.999999
0.999998
0.999997
0.999995
0.999994
0.999993
0.999991
0.99999
0.99999
0.999991
0.999992
0.999995
0.999996
0.999998
0.999999
0.999999
1
0.999999
0.999994
1
1
1
1
1
1
1
1
1
1
1
1
1
1
1
1
1
1
1
1
1
1
1
1
1
1
1
1
1
1
1
1
1
1
1
1
1
1
1
1
1
1
1
1
1
1
1
1
1
1
1
1
1
1
1
1
1
1
1
1
1
1
1
1
1
1
1
1
1
1
1
1
1
1
1
1
1
1
1
1
1
1
1
1
1
1
1
1
1
1
1
1
1
1
1
1
1
1
1
1
1
1
1
1
1
1
1
1
1
1
1
1
1
1
1
1
1
1
1
1
1
1
1
1
1
1
1
1
1
1
1
1
1
1
1
1
1
1
1
1
1
1
1
0.999999
0.999998
0.999992
0.999963
0.999925
0.999922
0.999936
0.999959
0.999982
0.999993
0.999997
0.999999
0.999999
1
1
1
1
1
1
1
1
1
0.999999
0.999999
0.999999
0.999999
0.999999
0.999999
0.999999
0.999999
1
1
0.999999
0.999997
0.999989
0.999976
0.999963
0.987372
0.987249
0.987071
0.986964
0.986914
0.9869
0.98692
0.987212
0.988316
0.988913
0.989121
0.989307
0.989465
0.989508
0.989529
0.989632
0.989694
0.989898
0.990168
0.990367
0.990446
0.990425
0.990272
0.989798
0.989064
0.987691
0.987656
0.987483
0.987334
0.987228
0.98713
0.987094
0.987211
0.988165
0.988669
0.988514
0.988533
0.988593
0.988581
0.988666
0.988801
0.98885
0.988925
0.989042
0.989443
0.989982
0.991064
0.992019
0.992452
0.992013
0.98779
0.987739
0.987498
0.987368
0.987387
0.987433
0.987356
0.987385
0.988167
0.988286
0.988358
0.98858
0.98878
0.988939
0.989122
0.989224
0.989252
0.989162
0.988946
0.988733
0.988699
0.988845
0.989464
0.990972
0.992456
0.987749
0.987719
0.987667
0.987699
0.987983
0.988119
0.987904
0.987771
0.98813
0.988127
0.988421
0.988697
0.988821
0.988977
0.989385
0.989797
0.990212
0.990311
0.990062
0.989606
0.989284
0.988992
0.988966
0.989151
0.990767
0.98742
0.987388
0.987436
0.987807
0.988335
0.988428
0.988225
0.988017
0.988032
0.988079
0.988437
0.988607
0.988547
0.988534
0.989271
0.989893
0.990696
0.991365
0.990873
0.990221
0.989872
0.98958
0.989478
0.989482
0.990099
0.986941
0.986791
0.986842
0.987362
0.98823
0.988474
0.988364
0.98816
0.987922
0.988056
0.988375
0.988149
0.987682
0.987615
0.988391
0.989409
0.990635
0.991873
0.992579
0.991459
0.99042
0.989826
0.989638
0.989612
0.989953
0.987027
0.986724
0.986699
0.986959
0.987994
0.988478
0.988444
0.988232
0.987809
0.988029
0.988134
0.987036
0.986338
0.986006
0.98632
0.987373
0.989226
0.991437
0.993079
0.993473
0.99207
0.99044
0.989827
0.989679
0.989901
0.987464
0.986902
0.986778
0.986943
0.987936
0.988608
0.988581
0.988265
0.987725
0.987974
0.98744
0.985831
0.984657
0.983891
0.983607
0.984357
0.986455
0.989546
0.992665
0.994272
0.994177
0.991961
0.990412
0.989895
0.989962
0.988786
0.987639
0.987132
0.987185
0.988061
0.988814
0.988736
0.988246
0.98764
0.98785
0.986544
0.984568
0.983021
0.981977
0.981494
0.982039
0.984021
0.987185
0.991171
0.994203
0.99536
0.994174
0.991706
0.990477
0.99021
0.992103
0.98988
0.988191
0.987917
0.988578
0.989292
0.989047
0.988147
0.987566
0.987602
0.985743
0.983427
0.981549
0.98013
0.979485
0.980251
0.982594
0.985934
0.989546
0.99342
0.995689
0.995685
0.993859
0.991756
0.990741
0.994342
0.993191
0.990582
0.989631
0.990004
0.990321
0.989606
0.988057
0.987547
0.987281
0.985085
0.982309
0.979811
0.978219
0.977795
0.978423
0.980729
0.984914
0.988806
0.99237
0.995547
0.996497
0.995981
0.993952
0.991735
0.995656
0.994974
0.992905
0.991524
0.991594
0.991583
0.990191
0.98801
0.987533
0.986969
0.984323
0.981111
0.978467
0.97725
0.977158
0.977712
0.979211
0.98317
0.988161
0.991787
0.995047
0.996862
0.997114
0.996514
0.993442
0.996494
0.995996
0.994475
0.993039
0.992934
0.992754
0.990776
0.988024
0.987483
0.986678
0.983727
0.980188
0.977623
0.976802
0.976854
0.97736
0.978627
0.981807
0.987136
0.991476
0.994601
0.996853
0.997782
0.997779
0.995625
0.997052
0.996624
0.995469
0.994233
0.994059
0.993758
0.991388
0.988078
0.98745
0.986526
0.983381
0.979395
0.977137
0.976632
0.976716
0.977165
0.978278
0.981162
0.986199
0.991097
0.994419
0.996717
0.998103
0.998413
0.997172
0.997496
0.997105
0.996112
0.995112
0.994949
0.994651
0.99209
0.988208
0.987359
0.986348
0.983043
0.978941
0.976988
0.976593
0.976675
0.977092
0.978117
0.980609
0.985518
0.99068
0.994319
0.996631
0.998208
0.998772
0.998089
0.997905
0.997441
0.996507
0.995774
0.995664
0.995443
0.993036
0.988465
0.987319
0.986229
0.98297
0.978932
0.977013
0.976613
0.97668
0.977077
0.978069
0.980317
0.985021
0.990295
0.994256
0.996611
0.998243
0.998972
0.998635
0.998256
0.997631
0.996825
0.996299
0.99624
0.996102
0.994052
0.988845
0.987301
0.986139
0.983018
0.979032
0.977115
0.976692
0.97678
0.977172
0.978085
0.980212
0.984725
0.989973
0.994204
0.99666
0.998272
0.999093
0.998973
0.99846
0.997863
0.997079
0.996697
0.99667
0.996594
0.995035
0.989535
0.987345
0.986151
0.983161
0.979304
0.977331
0.976877
0.976983
0.977389
0.978263
0.980206
0.984536
0.989798
0.99414
0.99674
0.998334
0.999189
0.999203
0.998593
0.998121
0.997303
0.99696
0.996946
0.996911
0.995834
0.990514
0.987469
0.986209
0.983481
0.979821
0.977766
0.977205
0.977294
0.977656
0.978498
0.980341
0.984479
0.989698
0.994117
0.996803
0.9984
0.999269
0.99938
0.998683
0.998368
0.997529
0.997161
0.997137
0.997121
0.996431
0.991758
0.987726
0.98635
0.98382
0.98051
0.978464
0.977674
0.977715
0.978015
0.978814
0.980666
0.984514
0.989661
0.994157
0.996904
0.998481
0.999333
0.999523
0.998753
0.998558
0.997776
0.99733
0.997268
0.997256
0.996846
0.99328
0.988256
0.986557
0.984271
0.981357
0.979363
0.978281
0.978207
0.978452
0.979241
0.981088
0.984718
0.989707
0.994216
0.997013
0.998565
0.999384
0.999635
0.99881
0.998703
0.99804
0.99749
0.997368
0.997341
0.997098
0.994901
0.98906
0.986855
0.98475
0.982247
0.980424
0.979063
0.978741
0.978946
0.979754
0.981596
0.985017
0.989872
0.994317
0.997124
0.998647
0.999427
0.999716
0.998851
0.998811
0.998312
0.997656
0.997462
0.997403
0.99723
0.995964
0.990732
0.98741
0.985188
0.9831
0.98143
0.97984
0.979315
0.979495
0.980381
0.982237
0.985361
0.990155
0.994527
0.997275
0.998742
0.999474
0.999776
0.998882
0.998892
0.998562
0.997855
0.997548
0.997465
0.997301
0.996576
0.992681
0.988321
0.985753
0.983886
0.982435
0.980705
0.979981
0.980135
0.981122
0.982957
0.985753
0.990404
0.994747
0.997429
0.998835
0.999521
0.999817
0.9989
0.998961
0.998774
0.99807
0.997677
0.997495
0.997311
0.996856
0.994886
0.989839
0.986412
0.984595
0.983328
0.981436
0.98064
0.980815
0.981935
0.98378
0.986299
0.990779
0.995046
0.997631
0.998944
0.999572
0.999847
0.998903
0.999027
0.998931
0.998335
0.997847
0.99755
0.997292
0.996915
0.995866
0.992126
0.98764
0.985409
0.984074
0.982125
0.981451
0.98169
0.982952
0.984706
0.986806
0.991133
0.995326
0.997832
0.999056
0.999623
0.999871
0.998898
0.999088
0.999051
0.998607
0.998044
0.997706
0.997168
0.996838
0.996213
0.994389
0.989653
0.986622
0.985056
0.983048
0.982448
0.982732
0.984017
0.985662
0.987412
0.991533
0.995664
0.998055
0.999176
0.999676
0.999893
0.998877
0.999146
0.999152
0.998906
0.998277
0.997961
0.997305
0.996578
0.996146
0.995255
0.992507
0.988907
0.986773
0.984482
0.983853
0.984163
0.985388
0.986662
0.988132
0.991954
0.996042
0.998295
0.999305
0.999736
0.999914
0.998839
0.999194
0.999246
0.999133
0.998598
0.998234
0.997747
0.996605
0.99588
0.995287
0.993947
0.991755
0.989587
0.986812
0.98585
0.986074
0.986893
0.987642
0.988888
0.99255
0.996532
0.998577
0.999442
0.999796
0.999934
0.998791
0.999223
0.999327
0.999286
0.998937
0.998519
0.998149
0.997064
0.995417
0.994988
0.994019
0.993073
0.992016
0.989524
0.988018
0.988003
0.988161
0.988482
0.989487
0.99322
0.997062
0.998858
0.999569
0.999849
0.999951
0.998709
0.999218
0.999396
0.999399
0.999259
0.998909
0.9986
0.99787
0.995874
0.994304
0.993674
0.993052
0.992557
0.991317
0.989795
0.989058
0.988781
0.988874
0.990013
0.994243
0.99767
0.999137
0.999681
0.999891
0.999963
0.998619
0.999191
0.999448
0.999497
0.999459
0.999309
0.99907
0.998562
0.996899
0.99466
0.993215
0.992712
0.992398
0.991742
0.990648
0.989526
0.989019
0.989155
0.990902
0.995554
0.998306
0.999411
0.999786
0.999926
0.999971
0.998487
0.999126
0.999451
0.999577
0.99958
0.999538
0.999414
0.999118
0.998347
0.996067
0.993724
0.992517
0.992066
0.99164
0.990736
0.989592
0.989153
0.989464
0.992191
0.996604
0.998786
0.999608
0.99987
0.999959
0.99998
0.99834
0.999007
0.999417
0.999615
0.999668
0.999662
0.999616
0.999475
0.999121
0.998198
0.995437
0.993102
0.992116
0.991564
0.990594
0.989535
0.989287
0.989954
0.99389
0.997688
0.999236
0.999759
0.999918
0.999974
0.999984
0.998212
0.998913
0.999358
0.999606
0.999723
0.999742
0.999731
0.999676
0.999525
0.999136
0.997899
0.994781
0.99278
0.991693
0.990415
0.989521
0.989494
0.990864
0.995786
0.998581
0.999578
0.999882
0.999961
0.999987
0.999987
0.998059
0.998759
0.999262
0.99957
0.999732
0.999795
0.999799
0.999784
0.999727
0.999571
0.999106
0.997382
0.994387
0.99218
0.990451
0.989773
0.989982
0.992703
0.997462
0.999262
0.999801
0.999945
0.999982
0.999993
0.999988
0.997798
0.998525
0.999078
0.99947
0.999702
0.999813
0.999848
0.999848
0.999833
0.999778
0.999611
0.999068
0.997094
0.993419
0.991161
0.990664
0.991254
0.995261
0.998737
0.999676
0.999914
0.999975
0.999991
0.999996
0.999988
0.997498
0.998289
0.998914
0.999362
0.999648
0.999809
0.999879
0.999897
0.999896
0.999882
0.999825
0.999626
0.998819
0.995646
0.993283
0.992997
0.993964
0.997779
0.999482
0.999873
0.999966
0.999989
0.999995
0.999998
0.999986
0.997292
0.998155
0.99884
0.999322
0.99963
0.999806
0.999894
0.99993
0.999938
0.999936
0.99992
0.999843
0.999449
0.997603
0.996345
0.996305
0.997161
0.999158
0.999814
0.999955
0.999986
0.999994
0.999997
0.999998
0.999982
0.99723
0.998131
0.998835
0.999324
0.999632
0.99981
0.999904
0.999948
0.999964
0.999967
0.999964
0.999934
0.999727
0.998802
0.998422
0.99845
0.998913
0.999716
0.999942
0.999984
0.999993
0.999995
0.999997
0.999998
0.999977
0.997254
0.998167
0.998874
0.999358
0.999658
0.99983
0.999921
0.999963
0.99998
0.999985
0.999984
0.999973
0.999863
0.999508
0.999449
0.999472
0.999669
0.999923
0.999982
0.999991
0.999994
0.999995
0.999996
0.999998
0.999967
0.997469
0.998386
0.999064
0.9995
0.999752
0.999885
0.999949
0.999978
0.99999
0.999994
0.999994
0.99999
0.999937
0.999848
0.999847
0.999859
0.999927
0.999983
0.999991
0.999992
0.999992
0.999993
0.999995
0.999997
0.999951
0.998114
0.998883
0.999387
0.999687
0.99985
0.999932
0.99997
0.999987
0.999995
0.999997
0.999998
0.999996
0.999978
0.999963
0.999965
0.999971
0.999989
0.999995
0.999993
0.999989
0.99999
0.999992
0.999995
0.999996
0.999924
0.998749
0.999277
0.999613
0.999806
0.999908
0.999958
0.999982
0.999992
0.999997
0.999999
0.999999
0.999999
0.999994
0.999992
0.999993
0.999996
0.999998
0.999997
0.999989
0.999986
0.999988
0.999992
0.999995
0.999995
0.999882
0.999181
0.999532
0.99975
0.999874
0.99994
0.999972
0.999987
0.999995
0.999998
0.999999
1
0.999999
0.999999
0.999999
0.999999
0.999999
0.999999
0.999996
0.999985
0.999984
0.999987
0.999993
0.999995
0.999994
0.99982
0.999456
0.999686
0.99983
0.999913
0.999957
0.99998
0.999991
0.999996
0.999998
0.999999
1
1
1
1
1
1
0.999999
0.999994
0.999981
0.99998
0.999985
0.999993
0.999995
0.999993
0.99973
0.999633
0.999786
0.999882
0.999939
0.99997
0.999986
0.999993
0.999997
0.999999
1
1
1
1
1
1
1
0.999999
0.999991
0.999976
0.999974
0.999981
0.999992
0.999994
0.99999
0.999606
0.999759
0.999858
0.999921
0.999959
0.99998
0.999991
0.999996
0.999998
0.999999
1
1
1
1
1
1
1
0.999998
0.999987
0.999969
0.999964
0.99997
0.999989
0.999993
0.999984
0.999441
0.999854
0.999913
0.999952
0.999975
0.999988
0.999995
0.999998
0.999999
1
1
1
1
1
1
1
1
0.999997
0.999982
0.999959
0.999947
0.999952
0.999982
0.99999
0.999972
0.999231
0.99992
0.999952
0.999974
0.999987
0.999994
0.999997
0.999999
1
1
1
1
1
1
1
1
0.999999
0.999994
0.999973
0.999946
0.999916
0.999917
0.999967
0.999982
0.999947
0.99896
0.999962
0.999977
0.999988
0.999994
0.999997
0.999999
1
1
1
1
1
1
1
1
1
0.999998
0.999986
0.99996
0.999925
0.999866
0.999854
0.999938
0.999964
0.999896
0.998638
0.999984
0.999991
0.999995
0.999998
0.999999
1
1
1
1
1
1
1
1
1
0.999999
0.999994
0.999968
0.999941
0.999888
0.99978
0.999744
0.999877
0.999919
0.999788
0.998219
0.999994
0.999997
0.999998
0.999999
1
1
1
1
1
1
1
1
1
0.999999
0.999995
0.999978
0.999934
0.999906
0.999815
0.999617
0.999556
0.999746
0.999804
0.999544
0.997675
0.999999
0.999999
1
1
1
1
1
1
1
1
1
1
0.999999
0.999994
0.999974
0.999916
0.999885
0.99985
0.999659
0.999256
0.999177
0.999462
0.999517
0.998976
0.996996
0.999999
0.999999
0.999999
1
1
1
0.999999
0.999999
0.999999
0.999999
0.999999
0.999996
0.999988
0.999958
0.999855
0.999813
0.999803
0.999754
0.999322
0.998453
0.998204
0.99867
0.998762
0.997621
0.996089
0.999996
0.999996
0.999996
0.999996
0.999996
0.999996
0.999996
0.999995
0.999994
0.999991
0.999981
0.999954
0.999878
0.999719
0.99968
0.999687
0.999683
0.99953
0.998457
0.997017
0.99658
0.996454
0.996223
0.995362
0.995007
0.999975
0.999978
0.999979
0.999978
0.999977
0.999975
0.999972
0.999967
0.999953
0.999897
0.999731
0.999609
0.999575
0.99959
0.999648
0.999642
0.999496
0.998714
0.997207
0.996465
0.996249
0.996232
0.996174
0.996197
0.996223
)
;

boundaryField
{
    inlet
    {
        type            fixedValue;
        value           uniform 1;
    }
    outlet
    {
        type            inletOutlet;
        inletValue      uniform 0;
        value           nonuniform List<scalar> 
57
(
0.989064
0.992013
0.992456
0.990767
0.990099
0.989953
0.989901
0.989962
0.99021
0.990741
0.991735
0.993442
0.995625
0.997172
0.998089
0.998635
0.998973
0.999203
0.99938
0.999523
0.999635
0.999716
0.999776
0.999817
0.999847
0.999871
0.999893
0.999914
0.999934
0.999951
0.999963
0.999971
0.99998
0.999984
0.999987
0.999988
0.999988
0.999986
0.999982
0.999977
0.999967
0.999951
0.999924
0.999882
0.99982
0.99973
0.999606
0.999441
0.999231
0.99896
0.998638
0.998219
0.997675
0.996996
0.996089
0.995007
0.996223
)
;
    }
    upperWall
    {
        type            zeroGradient;
    }
    lowerWall
    {
        type            zeroGradient;
    }
    frontAndBack
    {
        type            empty;
    }
}


// ************************************************************************* //
